"{\"names\": [\"172.217.10.1\", \"104.88.86.240\", \"38.93.140.48\", \"192.168.10.15\", \"104.88.108.223\", \"195.142.105.15\", \"172.217.12.163\", \"206.217.206.48\", \"172.217.6.228\", \"178.255.83.1\", \"74.119.118.82\", \"192.168.10.9\", \"172.217.7.6\", \"35.186.227.40\", \"31.13.71.36\", \"206.126.112.142\", \"151.101.2.49\", \"192.168.10.25\", \"172.217.3.98\", \"192.168.10.16\", \"72.30.202.150\", \"172.217.12.132\", \"50.31.164.173\", \"162.208.20.178\", \"23.15.4.16\", \"216.58.217.99\", \"172.217.6.198\", \"172.217.12.174\", \"169.46.44.40\", \"192.168.10.17\", \"52.84.143.130\", \"104.19.195.102\", \"216.200.232.61\", \"104.97.73.166\", \"152.163.13.79\", \"192.229.163.25\", \"74.119.118.86\", \"54.225.188.92\", \"188.165.145.88\", \"192.168.10.14\", \"8.43.72.98\", \"199.96.57.6\", \"68.67.178.110\", \"104.88.70.158\", \"192.168.10.19\", \"69.172.216.56\", \"157.240.18.35\", \"172.217.11.34\", \"185.54.150.20\", \"69.169.85.7\", \"198.232.124.194\", \"74.119.118.72\", \"172.217.12.134\", \"192.168.10.5\", \"23.111.9.30\", \"192.168.10.8\", \"151.101.66.2\", \"68.67.178.199\", \"213.239.195.215\", \"138.108.7.20\", \"52.84.145.87\", \"192.168.10.50\", \"52.84.145.198\", \"52.40.24.51\", \"212.77.100.137\", \"185.54.150.115\", \"172.217.10.138\", \"152.163.66.165\", \"52.84.137.78\", \"192.168.10.51\", \"68.67.178.109\", \"129.146.14.96\", \"54.152.24.232\", \"172.217.10.33\", \"52.8.229.108\", \"192.168.10.12\", \"64.147.131.201\", \"172.217.12.206\", \"68.67.180.12\", \"172.217.10.134\", \"38.69.238.16\", \"172.217.10.142\", \"192.168.10.3\", \"172.217.6.202\"], \"funcEdges\": [[1.0, 0.0, 0.0, 0.0, 0.0, 0.0, 0.0, 0.0, 0.0, 0.0, 0.0, 0.0, 0.0, 0.0, 0.0, 0.0, 0.0, 0.0, 0.0, 0.0, 0.0, 0.0, 0.0, 0.0, 0.0, 0.0, 0.0, 0.0, 0.0, 0.0, 0.0, 0.0, 0.0, 0.0, 0.0, 0.0, 0.0, 0.0, 0.0, 0.0, 0.0, 0.0, 0.0, 0.0, 0.0, 0.0, 0.0, 0.0, 0.0, 0.0, 0.0, 0.0, 0.0, 0.0, 0.0, 0.0, 0.0, 0.0, 0.0, 0.0, 0.0, 0.0, 0.0, 0.0, 0.0, 0.0, 0.0, 0.0, 0.0, 0.0, 0.0, 0.0, 0.0, 0.0, 0.0, 0.0, 0.0, 0.0, 0.0, 0.0, 0.0, 0.0, 0.0, 0.0], [0.0, 1.0, 0.0, 3.4996773419148375e-22, 0.0, 0.0, 0.0, 0.0, 2.259966221912341e-22, 3.909582379671712e-22, 5.533117456210919e-23, 1.9961292785041494e-22, 0.0, 0.0, 1.445921377935654e-22, 0.0, 0.0, 1.4783565500065496e-22, 2.55685796144529e-22, 1.5612457977799505e-22, 8.531716582805556e-26, 6.298791595845059e-24, 0.0, 0.0, 1.209292997124375e-24, 1.0130852129388736e-24, 5.643495253494439e-23, 3.887874956999707e-22, 0.0, 2.0159478352554728e-22, 0.0, 0.0, 0.0, 0.0, 0.0, 0.0, 0.0, 0.0, 0.0, 1.9944235539338174e-22, 0.0, 1.4706115408007462e-23, 0.0, 0.0, 3.2405873848485195e-22, 2.0935747884031942e-22, 5.119029949683335e-25, 1.5638278843175288e-24, 0.0, 0.0, 1.3234889800848443e-23, 4.1359030627651384e-25, 0.0, 3.8446707982667436e-22, 0.0, 2.565014596206721e-22, 0.0, 0.0, 0.0, 0.0, 2.701560567836996e-24, 2.782900280532666e-22, 0.0, 0.0, 0.0, 0.0, 0.0, 0.0, 0.0, 2.528253832466334e-22, 0.0, 0.0, 0.0, 0.0, 0.0, 1.4429923288328204e-22, 0.0, 2.282471148389748e-22, 0.0, 0.0, 0.0, 4.867945408556747e-24, 4.562218456815685e-22, 0.0], [0.0, 0.0, 1.0, 1.5850028300243342e-11, 0.0, 4.408245003659225e-12, 2.99316101345811e-11, 0.0, 0.0, 1.688567068917787e-11, 0.0, 1.6066139491153943e-11, 0.0, 1.4551915228366852e-11, 0.0, 0.0, 0.0, 4.090405958860645e-11, 0.0, 3.154242201120583e-11, 0.0, 0.0, 0.0, 0.0, 0.0, 0.0, 0.0, 0.0, 0.0, 2.0749940489373974e-11, 0.0, 3.4032847445236136e-11, 1.164331514154605e-11, 0.0, 0.0, 0.0, 0.0, 0.0, 3.6379788070917113e-12, 2.4716897315064958e-11, 1.3160012871694042e-11, 7.410570503695549e-13, 0.0, 0.0, 1.7409857167843056e-11, 0.0, 2.9015278391549563e-11, 6.555801228509924e-12, 0.0, 0.0, 0.0, 7.275957614183424e-12, 0.0, 1.2146018668124935e-11, 0.0, 1.317967388659622e-11, 0.0, 5.685278725532874e-12, 0.0, 7.410570503695548e-13, 0.0, 3.0294293724439775e-11, 0.0, 0.0, 7.275957614183424e-12, 0.0, 0.0, 0.0, 0.0, 1.645416277446636e-11, 4.257414522271948e-12, 0.0, 0.0, 0.0, 0.0, 1.6263593242738536e-11, 0.0, 1.64324956389636e-11, 0.0, 7.410570503695549e-13, 1.0015403747120163e-11, 1.018953444258138e-12, 3.486598952010833e-11, 0.0], [0.0, 3.4996773419148375e-22, 1.5850028300243342e-11, 1.0, 0.001142904989534189, 1.1421559384539038e-11, 3.471981148338524e-08, 2.479066325771845e-17, 0.696075305164752, 0.5650543961145065, 0.0032725625033595274, 0.7357168704208943, 1.8937019832532434e-14, 4.070940321986503e-12, 0.0036769798654017723, 0.0, 4.686506856809099e-13, 0.7754827422965187, 0.20321063732164577, 0.7107510011346863, 0.0014488229734403058, 0.3098383659306434, 0.19289784185127096, 0.0, 3.053578420495451e-06, 2.8630729595120372e-24, 0.08641964730937962, 7.150513789687612e-08, 6.860702965354492e-12, 0.39460054323107935, 9.900174777684954e-07, 5.466860406372021e-10, 3.268486647826136e-11, 0.015593844401628709, 0.0, 0.0003623721371803108, 0.5362998412366848, 8.110713397388433e-13, 5.607321870728287e-12, 0.8679329167000398, 3.084467429215544e-11, 0.15289308165634163, 0.007131602068763005, 0.00022753823839921438, 0.2296686130611153, 0.23499790736932413, 0.022326319575438326, 2.0298780963327252e-07, 0.015880534812715914, 0.00026160524003945244, 0.002194097803748986, 0.0039037766194333534, 2.4413188107967914e-29, 0.4127517272399783, 5.5109961313505165e-21, 0.1990145358828595, 7.199056197135123e-05, 0.16086027906945716, 0.0032359057746331847, 0.03344324349042452, 3.96836286889226e-06, 0.7584212594474766, 2.1123098583835246e-05, 1.586845183891316e-14, 1.9641080684366793e-11, 0.02752730115060817, 0.0002621058380361036, 3.394639575051422e-05, 1.947224337511089e-07, 0.29216887543389175, 4.21338215897312e-08, 0.0002687009435837598, 1.465812045802222e-05, 4.714371490248282e-15, 0.0, 0.4701632975514005, 0.00023896187703072419, 0.1376773507215872, 0.008347023520366993, 6.269188264408475e-13, 1.1389579691874287e-11, 3.921132129480536e-12, 0.5182735699570328, 4.872569106059396e-06], [0.0, 0.0, 0.0, 0.001142904989534189, 1.0, 0.0, 0.0, 0.0, 0.0, 0.00753162240393425, 0.0, 0.0011223616175854395, 0.0, 0.0, 0.0, 0.0, 0.0, 0.0025411035441375743, 0.0, 0.004967797528049506, 0.0, 0.0, 0.006750529894825371, 0.0, 0.0, 0.0, 0.0, 0.0, 0.0, 0.003751747160570595, 0.0, 0.0, 0.0, 0.0, 0.0, 0.0, 0.0, 0.0, 0.0, 0.007261834727947433, 0.0, 0.002054214657771832, 0.0, 0.0, 0.0018266379265822474, 0.0, 0.0016433717262174657, 0.0, 0.0, 0.0, 0.00317065416648185, 0.0, 0.0, 0.0005692469828492283, 0.0, 0.0026774412961402287, 0.0, 0.0, 0.002962158316698442, 0.0, 0.0, 0.0009807193526303417, 0.0, 0.0, 0.0, 0.0, 0.0, 0.0, 0.0, 0.0020676277242527258, 0.0, 0.0, 0.0, 0.0, 0.0, 0.0026101319636724235, 0.0, 0.0, 0.0, 0.0, 0.0, 0.0, 0.002318397664640442, 0.0], [0.0, 0.0, 4.408245003659225e-12, 1.1421559384539038e-11, 0.0, 1.0, 2.275971435054613e-12, 0.0, 0.0, 1.403036955619742e-11, 2.882928700754377e-13, 3.991637533136122e-12, 1.6341892058967696e-14, 3.6379788070917117e-12, 2.688516297659152e-14, 0.0, 2.095138915059266e-13, 1.048721304587496e-11, 0.0, 7.709281755688044e-12, 1.436123831808548e-14, 5.349438001669673e-14, 0.0, 0.0, 7.984487157949766e-13, 0.0, 0.0, 0.0, 2.348305222286955e-12, 1.2591760221594319e-11, 6.24712364658914e-14, 3.670484017664869e-12, 4.367357527362626e-12, 3.0355486295092565e-13, 0.0, 0.0, 0.0, 7.092039210310995e-13, 5.072140225621565e-12, 7.515256767818747e-12, 1.3131115613234877e-11, 1.5277190939301e-12, 0.0, 0.0, 6.831167883401806e-12, 0.0, 2.328429672651802e-12, 9.441571567957082e-12, 0.0, 0.0, 7.360335164511203e-12, 6.3649312718055645e-12, 0.0, 1.71108358413674e-11, 0.0, 1.385322281020309e-11, 0.0, 0.0, 0.0, 2.327505142625804e-12, 0.0, 9.936893094443023e-12, 0.0, 1.0719315867055058e-14, 1.7698729476770613e-12, 0.0, 2.5148285122137146e-14, 0.0, 2.9776256613675464e-13, 9.020468307081088e-12, 6.605719744558902e-12, 0.0, 0.0, 0.0, 0.0, 9.264388623896513e-12, 0.0, 3.691507587578048e-12, 0.0, 6.995493256197049e-13, 7.61787541001608e-12, 6.846756736233994e-13, 7.515289247302512e-12, 0.0], [0.0, 0.0, 2.99316101345811e-11, 3.471981148338524e-08, 0.0, 2.275971435054613e-12, 1.0, 8.673617379884035e-19, 0.0, 1.4620672497744856e-08, 2.2814736868953104e-09, 4.294079827145637e-08, 2.189582647237124e-15, 0.0, 4.561403202210781e-16, 0.0, 1.197807239983465e-13, 4.0601485149626365e-08, 6.19951539434356e-16, 2.7843878355731254e-08, 1.5018808458149416e-08, 1.7575445494877521e-15, 1.3833124580711605e-14, 0.0, 1.4907715207042386e-08, 0.0, 7.34593280943907e-16, 2.4444075508623463e-08, 0.0, 2.2891892746238577e-08, 5.204170427930421e-18, 5.969175001245766e-09, 6.29029397771465e-11, 2.4525204293502597e-09, 0.0, 2.078394637531702e-09, 7.205350072204779e-10, 5.908249104674114e-13, 1.2438138972905682e-12, 5.965418686203521e-08, 1.167860872832636e-11, 1.6706143267713693e-08, 1.3480900102362609e-14, 0.0, 2.531827953488729e-08, 4.317840979235008e-15, 2.0485259807202213e-08, 5.2926257055319324e-08, 1.0795910284672111e-19, 6.045563005658481e-08, 9.677141319804353e-11, 6.974434301694679e-12, 0.0, 2.772093922016712e-08, 0.0, 5.029665037401056e-08, 0.0, 1.0653673133932793e-12, 0.0, 2.000824950912577e-12, 0.0, 1.9067004280018345e-08, 0.0, 0.0, 2.0075822747558658e-11, 1.6236251101196308e-19, 0.0, 2.063140482765486e-09, 1.3840136766109778e-13, 5.870652633152115e-08, 5.76843678507563e-09, 1.4901161193847656e-08, 0.0, 4.8742829546457875e-15, 0.0, 3.1409275206749094e-08, 2.433349433472042e-08, 4.3646586053098327e-10, 1.490116119384766e-08, 2.1365262133815114e-12, 1.9690428706206695e-12, 1.5116427760797322e-12, 5.397615491874119e-08, 0.0], [0.0, 0.0, 0.0, 2.479066325771845e-17, 0.0, 0.0, 8.673617379884035e-19, 1.0, 0.0, 1.6430620711767928e-17, 1.726594682821901e-17, 2.0463798459839805e-17, 0.0, 0.0, 0.0, 0.0, 0.0, 1.6369388217099813e-17, 5.334297828116926e-18, 1.2502280050686423e-17, 0.0, 0.0, 0.0, 0.0, 1.2891006550664717e-17, 0.0, 3.295974604355933e-17, 0.0, 0.0, 1.722341037492376e-17, 8.6736173798840345e-19, 0.0, 1.0637643940625564e-17, 0.0, 0.0, 0.0, 0.0, 0.0, 0.0, 4.3926207279294466e-17, 0.0, 5.941393610343512e-19, 0.0, 0.0, 1.6386138770439415e-17, 0.0, 3.295974604355933e-17, 0.0, 0.0, 0.0, 0.0, 0.0, 0.0, 1.8863623258168778e-17, 0.0, 8.659921423197774e-18, 0.0, 0.0, 0.0, 3.295974604355933e-17, 0.0, 2.5446624119163087e-17, 0.0, 0.0, 6.288434456288398e-18, 0.0, 0.0, 0.0, 0.0, 1.5809914016884323e-17, 0.0, 0.0, 0.0, 0.0, 0.0, 3.361475384476504e-17, 0.0, 0.0, 0.0, 0.0, 0.0, 1.301042606982605e-17, 1.1049833959138125e-17, 0.0], [0.0, 2.259966221912341e-22, 0.0, 0.696075305164752, 0.0, 0.0, 0.0, 0.0, 1.0, 0.465232026166266, 6.047560080423686e-23, 0.6085275985517413, 0.0, 0.0, 4.331518777716608e-22, 0.0, 0.0, 0.7104623423126994, 0.20321063732164396, 0.6531971591317407, 0.0, 0.3098383659306181, 0.11331544161216608, 0.0, 1.45227629792547e-23, 6.585053884102679e-24, 9.001067857151831e-23, 3.3869904521412224e-22, 0.0, 0.23400315329584723, 0.0, 0.0, 0.0, 0.0, 0.0, 0.0, 0.5, 0.0, 0.0, 0.5762297410010598, 0.0, 0.12499999999999997, 0.0, 5.711867460968299e-24, 0.110446388301718, 0.19185644172341262, 0.0, 0.0, 0.0, 0.0, 1.5900427949300315e-23, 0.0, 0.0, 0.28213735127056494, 0.0, 0.17420544099313362, 0.0, 0.12499999999999997, 0.0, 0.0, 9.187961088167473e-24, 0.5842900478147409, 0.0, 0.0, 0.0, 0.0, 0.0, 0.0, 0.0, 0.24232640593449822, 0.0, 0.0, 0.0, 0.0, 0.0, 0.47951850242979854, 0.0, 0.13802097873117106, 0.0, 0.0, 0.0, 0.0, 0.2264627782394968, 0.0], [0.0, 3.909582379671712e-22, 1.688567068917787e-11, 0.5650543961145065, 0.00753162240393425, 1.403036955619742e-11, 1.4620672497744856e-08, 1.6430620711767928e-17, 0.465232026166266, 1.0, 0.002434108902979807, 0.6213696310965079, 2.966527716977575e-14, 5.8918982553507945e-12, 0.003341288150962664, 0.0, 4.793457962430056e-13, 0.49710518385966296, 0.3903620563911249, 0.6205105334622504, 0.0019496299317088362, 0.4270166361213233, 0.13489882607499218, 0.0, 9.888371579956372e-06, 3.24023684267852e-24, 0.04551561218182719, 4.150915063679887e-08, 1.1656835997418993e-13, 0.44194352834244993, 8.135208051724429e-07, 6.4837446271843206e-09, 2.8885210021278543e-11, 0.008843036675420224, 0.0, 0.00014355595553623249, 0.3740266508402782, 4.1531720246540767e-13, 7.983309369009344e-12, 0.37828114917440087, 2.3017379637050658e-11, 0.4219750661806704, 0.03645833333334064, 0.0006635946147813591, 0.11924785581919657, 0.520974885975709, 0.009641513948153223, 9.753567488513965e-08, 0.051565399473581526, 0.0005037453359595026, 0.004901550162766049, 0.0034421317575106503, 1.2940690907028064e-29, 0.25806073090059084, 1.4241380146465056e-22, 0.2130073379384231, 2.166129628743678e-05, 0.22312840893497332, 0.005292873973789331, 0.03995534241502633, 5.611086523495891e-06, 0.2527162449087718, 1.3206051128421787e-05, 1.1199701803857294e-15, 3.159246795804953e-11, 0.05987733377052985, 0.0005066234492972269, 4.4167352667929e-05, 4.833040015864017e-07, 0.5390149324772924, 7.044301218544579e-10, 0.00016154339246494864, 8.137331520084668e-06, 7.969612847377918e-15, 0.0, 0.2580832036483096, 0.00029076052175646327, 0.2841347666602179, 0.010347877227377159, 1.129547676844343e-12, 1.3612886116550628e-11, 8.285331689478933e-12, 0.3668462357734579, 9.671933629840948e-07], [0.0, 5.533117456210919e-23, 0.0, 0.0032725625033595274, 0.0, 2.882928700754377e-13, 2.2814736868953104e-09, 1.726594682821901e-17, 6.047560080423686e-23, 0.002434108902979807, 1.0, 0.0019995658929620394, 1.519493726875079e-15, 0.0, 0.004385625677417612, 0.0, 1.1319887034438485e-13, 0.001774148307774455, 7.234145310638145e-18, 0.004545413661376576, 0.0008743014721885228, 1.6412877768340048e-23, 0.0, 0.0, 2.3006231904121156e-13, 2.118863320773619e-24, 1.606516545856603e-17, 9.31322574615746e-10, 0.0, 0.0015301727613714132, 0.0, 1.13686837721616e-13, 6.7687262052946415e-18, 9.313225746154783e-10, 0.0, 0.00012207124382257462, 0.0005080905346885227, 2.3665802467191186e-13, 0.0, 0.0034001665490881764, 2.117582368135751e-22, 9.313243509723314e-10, 0.0, 1.3234889800848443e-23, 0.001513256548870713, 1.385845849524285e-23, 4.777686699876135e-07, 2.6973080093959696e-13, 0.0, 0.00048828125, 1.6543612251060553e-23, 1.4186030471015808e-25, 0.0, 0.0039032944156709203, 0.0, 0.003484834606507249, 0.0, 0.00012207031249999999, 0.002661933840741914, 0.00012207031250001605, 5.725636933721967e-24, 0.004089366925449799, 0.0, 0.0, 1.1369377661551989e-13, 0.0, 0.00048828125, 1.2898611463487037e-09, 1.13686837721616e-13, 0.00012241484611845674, 2.0162876272687574e-25, 5.279268537248884e-05, 4.768371582031249e-07, 1.776356839447787e-15, 0.0, 0.002862611275611019, 1.1248928539649745e-06, 0.00038602022218852284, 0.0, 0.0, 2.1175823681357513e-22, 1.1371800466762954e-13, 0.003467893750875157, 0.0], [0.0, 1.9961292785041494e-22, 1.6066139491153943e-11, 0.7357168704208943, 0.0011223616175854395, 3.991637533136122e-12, 4.294079827145637e-08, 2.0463798459839805e-17, 0.6085275985517413, 0.6213696310965079, 0.0019995658929620394, 1.0, 1.7437725575376128e-14, 3.6379788070917117e-12, 0.002834135170141718, 0.0, 0.0, 0.7425186082156422, 0.205754878711174, 0.7151296744661795, 0.001551151237298716, 0.32123536427513416, 0.16637724861735737, 0.0, 6.471145840237683e-06, 5.131250126401909e-24, 0.012311117011952508, 5.259262246893059e-08, 0.0, 0.3063138241007456, 8.543849958400584e-07, 2.2217208874506026e-09, 4.906815927437661e-11, 0.006378882052359306, 0.0, 0.0001384003252189053, 0.5274177953993376, 0.0, 4.4074440710044385e-12, 0.8100250407360285, 1.8022412371205086e-11, 0.1851267975437901, 0.008421180623857225, 0.0009473597562746038, 0.16869549356358726, 0.277459078529901, 0.007726755239069927, 1.8127233749791298e-07, 0.014797037006187563, 0.00023288147610016797, 0.0014940578352872654, 0.009582618189751927, 2.51287253260256e-29, 0.4796913427326536, 8.538847084131518e-21, 0.28685925981932425, 5.0134257895638145e-05, 0.15646024124404437, 0.003924667278070967, 0.03300662540161188, 1.3161474100524386e-05, 0.6817182564785604, 1.6762818163222294e-05, 2.837434251326281e-14, 4.674070629330134e-11, 0.00842365443823993, 0.00018146839618349492, 8.670055833567509e-06, 3.4323797390797975e-08, 0.3796462137229789, 1.0186335974467572e-06, 0.00023556701612962645, 7.487820263448032e-06, 3.655656679621551e-15, 0.0, 0.3119586911387783, 0.0002578813837131668, 0.12989380524380376, 0.003583649302937324, 5.527279243601572e-13, 1.3629962289864512e-11, 1.827287946182558e-12, 0.40132746704100536, 4.8537859016523556e-06], [0.0, 0.0, 0.0, 1.8937019832532434e-14, 0.0, 1.6341892058967696e-14, 2.189582647237124e-15, 0.0, 0.0, 2.966527716977575e-14, 1.519493726875079e-15, 1.7437725575376128e-14, 1.0, 0.0, 7.814788573974986e-15, 0.0, 0.0, 1.9157370878403103e-14, 1.8656428960433296e-15, 2.7732047654662324e-14, 1.1022276775127666e-14, 1.0853743623049648e-16, 3.610098871544354e-15, 0.0, 7.22614617573981e-15, 0.0, 1.5574196070782517e-15, 5.924550009732052e-29, 0.0, 2.1244064402013735e-14, 8.187810745113664e-15, 5.136633173683503e-16, 0.0, 0.0, 0.0, 0.0, 0.0, 0.0, 0.0, 1.818954567261611e-14, 0.0, 1.5917565944073302e-14, 5.1485066279490085e-15, 0.0, 2.3095602810785572e-14, 9.21576949452676e-15, 2.6581823391176943e-14, 8.187810745113664e-15, 0.0, 0.0, 0.0, 0.0, 2.524354896707238e-29, 2.0036798865893625e-14, 0.0, 1.2670696361990139e-14, 0.0, 1.417024910269115e-29, 0.0, 1.8368605273452148e-15, 1.2621774483536186e-29, 2.627207697743741e-14, 0.0, 6.615244758754483e-15, 4.235407019825239e-14, 0.0, 0.0, 1.2621774483536187e-29, 0.0, 1.9337034165255877e-14, 0.0, 0.0, 2.524354896707238e-29, 8.633320604832698e-15, 0.0, 4.651316059794201e-14, 0.0, 1.2621774483536187e-29, 2.840955101215583e-29, 8.187810745113664e-15, 0.0, 1.2958641393176788e-14, 1.728311667435788e-14, 0.0], [0.0, 0.0, 1.4551915228366852e-11, 4.070940321986503e-12, 0.0, 3.6379788070917117e-12, 0.0, 0.0, 0.0, 5.8918982553507945e-12, 0.0, 3.6379788070917117e-12, 0.0, 1.0, 0.0, 0.0, 0.0, 1.1222871941277099e-11, 0.0, 1.2624188344281124e-11, 0.0, 0.0, 0.0, 0.0, 0.0, 0.0, 0.0, 0.0, 0.0, 1.2732925824820997e-11, 0.0, 4.929016988502431e-12, 4.3673575273626264e-12, 0.0, 0.0, 0.0, 0.0, 0.0, 3.6379788070917125e-12, 1.4361051570026723e-11, 5.2934980868925915e-12, 0.0, 0.0, 0.0, 1.451727166917373e-11, 0.0, 0.0, 4.758527002416948e-12, 0.0, 0.0, 0.0, 0.0, 0.0, 3.745893105998176e-12, 0.0, 3.5601267317470184e-12, 0.0, 0.0, 0.0, 0.0, 0.0, 4.66859645950169e-13, 0.0, 0.0, 0.0, 0.0, 0.0, 0.0, 0.0, 3.6379788070917117e-12, 4.257414522271948e-12, 0.0, 0.0, 0.0, 0.0, 1.1415461493783166e-11, 0.0, 3.6379788070917117e-12, 0.0, 0.0, 8.911191772433734e-12, 0.0, 5.588114270210723e-12, 0.0], [0.0, 1.445921377935654e-22, 0.0, 0.0036769798654017723, 0.0, 2.688516297659152e-14, 4.561403202210781e-16, 0.0, 4.331518777716608e-22, 0.003341288150962664, 0.004385625677417612, 0.002834135170141718, 7.814788573974986e-15, 0.0, 1.0, 0.0, 0.0, 0.0016565086333327572, 8.030269462061617e-16, 0.004878090621405455, 0.0009676569274158359, 1.995222295191604e-14, 3.815838273930824e-16, 0.0, 9.453436369536206e-16, 7.081681896455292e-26, 8.066869010451078e-16, 3.957730060668332e-21, 0.0, 0.002244793377603407, 1.6852000649168165e-14, 8.881784197025486e-16, 0.0, 0.0, 0.0, 0.0001498048991924487, 2.996097983848974e-05, 0.0, 1.6852000649168162e-14, 0.004688102215024362, 1.2384579084090446e-21, 6.682657726264525e-05, 7.451707308522818e-16, 0.0005626620700176091, 0.0013793315781509552, 5.377105079169826e-05, 3.3985988831679864e-14, 4.128795343454049e-14, 2.5694046679789225e-20, 0.0005462022546746301, 2.527800097375225e-14, 1.6852032448192304e-14, 0.0, 0.004163011155021997, 3.3881317890172014e-21, 0.0038246016804575787, 0.0, 0.00021663147645124294, 0.003150215090741913, 0.0001498048991928928, 0.0, 0.004066427248934023, 0.0, 0.0, 6.0614227595727846e-15, 2.7105054312137617e-20, 0.0004793756774214532, 0.0, 0.0, 0.0009292303842642296, 2.949610974209669e-20, 0.0002819609340922373, 0.0, 2.6645352591365387e-15, 0.0, 0.0037060456889682677, 6.682657725879429e-05, 4.2959942523510593e-05, 0.0, 5.617333549722721e-15, 1.238457605486457e-21, 2.4147519021342236e-14, 0.0041938129056183614, 0.0], [0.0, 0.0, 0.0, 0.0, 0.0, 0.0, 0.0, 0.0, 0.0, 0.0, 0.0, 0.0, 0.0, 0.0, 0.0, 1.0, 0.0, 0.0, 0.0, 0.0, 0.0, 0.0, 0.0, 0.0, 0.0, 0.0, 0.0, 0.0, 0.0, 0.0, 0.0, 0.0, 0.0, 0.0, 0.0, 0.0, 0.0, 0.0, 0.0, 0.0, 0.0, 0.0, 0.0, 0.0, 0.0, 0.0, 0.0, 0.0, 0.0, 0.0, 0.0, 0.0, 0.0, 0.0, 0.0, 0.0, 0.0, 0.0, 0.0, 0.0, 0.0, 0.0, 0.0, 0.0, 0.0, 0.0, 0.0, 0.0, 0.0, 0.0, 0.0, 0.0, 0.0, 0.0, 0.0, 0.0, 0.0, 0.0, 0.0, 0.0, 0.0, 0.0, 0.0, 0.0], [0.0, 0.0, 0.0, 4.686506856809099e-13, 0.0, 2.095138915059266e-13, 1.197807239983465e-13, 0.0, 0.0, 4.793457962430056e-13, 1.1319887034438485e-13, 0.0, 0.0, 0.0, 0.0, 0.0, 1.0, 4.886837912607368e-13, 0.0, 7.070739797832807e-14, 0.0, 0.0, 0.0, 0.0, 6.699888453669642e-13, 0.0, 0.0, 0.0, 0.0, 3.708974258271625e-13, 0.0, 0.0, 0.0, 5.569494857771083e-13, 0.0, 0.0, 0.0, 6.033619429252007e-13, 3.7129965718473893e-13, 3.7565871241644496e-13, 0.0, 0.0, 0.0, 0.0, 5.094189269686503e-13, 0.0, 1.3434900032236076e-13, 4.716801887800993e-13, 0.0, 0.0, 3.7129965718473883e-13, 0.0, 0.0, 1.6969426955058964e-13, 0.0, 1.5729761708732338e-13, 0.0, 0.0, 0.0, 5.569494857771084e-13, 0.0, 4.973406545867836e-13, 0.0, 0.0, 5.569494857771084e-13, 0.0, 0.0, 0.0, 0.0, 4.139719824250092e-13, 0.0, 0.0, 0.0, 0.0, 0.0, 6.316602645898687e-13, 0.0, 0.0, 0.0, 2.8654814641986575e-13, 5.569494857771084e-13, 3.712996571847389e-13, 7.565481947755721e-13, 0.0], [0.0, 1.4783565500065496e-22, 4.090405958860645e-11, 0.7754827422965187, 0.0025411035441375743, 1.048721304587496e-11, 4.0601485149626365e-08, 1.6369388217099813e-17, 0.7104623423126994, 0.49710518385966296, 0.001774148307774455, 0.7425186082156422, 1.9157370878403103e-14, 1.1222871941277099e-11, 0.0016565086333327572, 0.0, 4.886837912607368e-13, 1.0, 0.2032106373216459, 0.710876154766345, 0.0020144993350103774, 0.3098383659306428, 0.21654473819496378, 0.0, 1.4240324853307575e-05, 1.6865556707578494e-24, 0.04971694973371355, 8.297239230271309e-08, 9.026131801980866e-13, 0.24954794767939162, 7.087671702512326e-07, 2.329033638047617e-09, 3.062710056447335e-11, 0.006378881378157544, 0.0, 0.0003687535690564706, 0.5392412786098718, 9.557839525853704e-13, 3.5349869982590283e-12, 0.7760387256934593, 3.065726867475175e-11, 0.1456644224846109, 0.04392387584887873, 0.000290425742997742, 0.24335333196382145, 0.2561308046840377, 0.014252519321331546, 2.2400084425872832e-07, 0.06126690224625307, 0.00030175925660118666, 0.0014225615497967135, 0.006400714822631414, 2.7862267282097194e-29, 0.26015961042121794, 2.997316672099724e-21, 0.07993583976240737, 7.19918627821967e-05, 0.143275437068636, 0.008703690933368882, 0.01770428144045466, 2.728057435174774e-06, 0.7208298442086578, 3.4124397712878914e-05, 1.688555994738506e-14, 5.1227046920374943e-11, 0.07515148086158197, 0.00023773731337725217, 2.9835616005209456e-05, 5.949979611877711e-07, 0.23207869157346217, 2.6443467051030803e-06, 0.00028892822760378514, 9.993615159265325e-06, 1.2591702716344112e-14, 0.0, 0.5699595459532129, 0.00042829469477919345, 0.10002984558171661, 0.0050748991583866145, 1.5264214944013047e-12, 1.2301293714890271e-11, 2.2724128956920475e-12, 0.2949747204947858, 1.2350360532239863e-06], [0.0, 2.55685796144529e-22, 0.0, 0.20321063732164577, 0.0, 0.0, 6.19951539434356e-16, 5.334297828116926e-18, 0.20321063732164396, 0.3903620563911249, 7.234145310638145e-18, 0.205754878711174, 1.8656428960433296e-15, 0.0, 8.030269462061617e-16, 0.0, 0.0, 0.2032106373216459, 1.0, 0.3197441258868872, 8.073031362689164e-22, 0.4736030953656889, 4.647122189936542e-16, 0.0, 3.530137643414954e-16, 0.0, 7.749076272698041e-16, 1.518685480310623e-20, 0.0, 0.41948989994511476, 1.3010426069826053e-18, 4.46461019130388e-16, 3.479304120368635e-17, 7.888609052210117e-31, 0.0, 0.0, 0.203210637321644, 0.0, 0.0, 0.18774005283276646, 2.0564047944864784e-21, 0.21516420422291904, 8.28683182573743e-16, 2.04270771607625e-22, 1.9094379195156174e-15, 0.30960478956343923, 5.186486252846041e-16, 1.2328854414267247e-24, 0.0, 0.0, 0.0, 1.6527733936382722e-24, 8.354516068811217e-30, 0.17161237996465342, 3.3881317890172014e-21, 7.630012364638771e-16, 0.0, 0.3899851201540373, 0.0, 1.93608196914276e-15, 1.2621774483536192e-29, 0.044763577510476, 0.0, 1.9198453956563437e-29, 4.648115754966286e-16, 5.2747482039604945e-20, 0.0, 1.262177448353619e-29, 0.0, 0.2557465931935803, 3.558410466166806e-26, 0.0, 1.0825145735707953e-29, 0.0, 0.0, 0.14398859292141752, 1.1102223305922333e-18, 4.9171960804047835e-19, 2.057243349156112e-29, 0.0, 2.056404794880909e-21, 2.1945340063928904e-15, 0.21762598962270654, 0.0], [0.0, 1.5612457977799505e-22, 3.154242201120583e-11, 0.7107510011346863, 0.004967797528049506, 7.709281755688044e-12, 2.7843878355731254e-08, 1.2502280050686423e-17, 0.6531971591317407, 0.6205105334622504, 0.004545413661376576, 0.7151296744661795, 2.7732047654662324e-14, 1.2624188344281124e-11, 0.004878090621405455, 0.0, 7.070739797832807e-14, 0.710876154766345, 0.3197441258868872, 1.0, 0.00212137990763068, 0.361755881266346, 0.16070013610759287, 0.0, 7.433081305691353e-06, 1.0779649941236775e-24, 0.017714822759327835, 9.966616830847679e-08, 2.7332248061267162e-12, 0.33938785602644417, 5.626569069114298e-07, 1.76057328281706e-09, 5.1469553833291084e-11, 1.5218082701678261e-09, 0.0, 0.0005849938949988463, 0.46054405016571603, 9.408479600531224e-13, 2.7452845185715566e-12, 0.687305516410309, 3.0628441199649954e-11, 0.23971007190171395, 0.05916067369957171, 0.0006351160469992928, 0.20167389136922315, 0.3604722649184019, 0.03246544867252936, 1.3295443814784324e-07, 0.0698684354054457, 0.0002037515492101287, 0.005003844823767325, 1.1202129227334512e-05, 6.602047877390198e-30, 0.26700341402063965, 4.186844890782503e-21, 0.25540709042237586, 5.014125761523462e-05, 0.08435875314707382, 0.006920021890931934, 0.025219896790139418, 1.4141090760837117e-06, 0.5505137539695542, 1.597417372082975e-05, 1.0933972333457e-14, 4.806526203801227e-11, 0.06987660960252778, 0.00020639751191113407, 1.6512362030964476e-05, 8.856446373690115e-07, 0.4003398576732141, 1.790449826132719e-06, 0.0003426578609490668, 8.93345536201121e-06, 1.1400466634764034e-14, 0.0, 0.423724797689307, 0.00022832697035759, 0.15084733702923997, 8.76942509243933e-06, 1.7504489831040794e-12, 5.5009871381497766e-12, 4.388053356813147e-12, 0.5141534910256713, 3.7715350863258326e-06], [0.0, 8.531716582805556e-26, 0.0, 0.0014488229734403058, 0.0, 1.436123831808548e-14, 1.5018808458149416e-08, 0.0, 0.0, 0.0019496299317088362, 0.0008743014721885228, 0.001551151237298716, 1.1022276775127666e-14, 0.0, 0.0009676569274158359, 0.0, 0.0, 0.0020144993350103774, 8.073031362689164e-22, 0.00212137990763068, 1.0, 1.0646884449038485e-24, 0.0, 0.0, 2.3128387854115633e-08, 4.514703066307776e-27, 2.117582368135751e-22, 3.586290886484842e-08, 0.0, 0.0014321179164552033, 1.465737748075629e-15, 4.0389678347315804e-28, 0.0, 0.0, 0.0, 0.00013461097404632603, 0.0003662109375, 0.0, 0.0, 0.0010546380160192876, 6.352747104407253e-22, 3.4966709236115064e-11, 8.881784197001251e-16, 0.0002500720311189374, 0.0011063011623012667, 2.785897535208037e-25, 1.5029616729436888e-08, 4.025419033456332e-08, 0.0, 0.0004883289917979537, 1.2007323632235563e-11, 5.119029949683334e-25, 0.0, 0.0009231940743907364, 0.0, 0.0006621987640587677, 0.0, 0.00012207665218605518, 0.00048828124999999995, 0.000244140625, 1.262177448353619e-29, 0.0016886583675978113, 0.0, 2.009300577571584e-15, 8.794426488453782e-15, 0.0, 0.0005916776998286278, 5.048709793414476e-29, 0.0, 0.00024178963234163013, 0.0, 5.233848095113152e-05, 0.0, 0.0, 0.0, 0.001093651242544701, 3.059767224068608e-05, 0.00024414073215850185, 1.7641188906977818e-07, 2.784901721343697e-14, 6.352747104407253e-22, 8.794426674864753e-15, 0.0016729672880637751, 0.0], [0.0, 6.298791595845059e-24, 0.0, 0.3098383659306434, 0.0, 5.349438001669673e-14, 1.7575445494877521e-15, 0.0, 0.3098383659306181, 0.4270166361213233, 1.6412877768340048e-23, 0.32123536427513416, 1.0853743623049648e-16, 0.0, 1.995222295191604e-14, 0.0, 0.0, 0.3098383659306428, 0.4736030953656889, 0.361755881266346, 1.0646884449038485e-24, 1.0, 1.735611424861649e-16, 0.0, 1.564328632807776e-23, 2.5068377654030357e-24, 5.331247103946633e-16, 8.061481502275948e-24, 0.0, 0.33001620841093554, 5.640491846633858e-14, 0.0, 0.0, 0.0, 0.0, 0.0, 0.3098383659306181, 0.0, 5.640491846633858e-14, 0.29599797158930946, 0.0, 0.2554073016455102, 3.325710163954671e-16, 1.3234889800848443e-23, 1.6457040698463996e-14, 0.3231576712230031, 2.633228929543779e-14, 1.074580729648974e-14, 0.0, 0.0, 5.2765891471819e-14, 5.6404918467102354e-14, 5.522026336547082e-30, 0.2719195128445772, 0.0, 5.6546665830005054e-14, 0.0, 0.28192499963056245, 0.0, 5.331246983191825e-16, 2.284568937759615e-23, 0.11405078350011019, 0.0, 4.846157512883213e-31, 1.812731692705316e-14, 0.0, 1.6375621490259627e-14, 0.0, 0.0, 0.30357999142336145, 2.0162876272687578e-25, 0.0, 0.0, 1.51706782037732e-26, 0.0, 0.10009675306716707, 0.0, 2.740348419320498e-23, 0.0, 1.6375621490227327e-14, 4.846157512883212e-31, 5.16490287827364e-14, 0.15199316973901633, 0.0], [0.0, 0.0, 0.0, 0.19289784185127096, 0.006750529894825371, 0.0, 1.3833124580711605e-14, 0.0, 0.11331544161216608, 0.13489882607499218, 0.0, 0.16637724861735737, 3.610098871544354e-15, 0.0, 3.815838273930824e-16, 0.0, 0.0, 0.21654473819496378, 4.647122189936542e-16, 0.16070013610759287, 0.0, 1.735611424861649e-16, 1.0, 0.0, 3.5527136788005005e-15, 0.0, 0.01562500000000046, 2.9836130616170367e-30, 0.0, 0.09503393632656523, 0.0, 0.0, 0.0, 7.888609052210118e-31, 0.0, 0.0, 0.015625, 0.0, 0.0, 0.2748173502155708, 0.0, 9.248314919610633e-05, 0.01562500000001591, 0.0, 0.20883797875926174, 0.025515518153999245, 0.0037918091164538485, 0.0, 0.015624999999999997, 0.0, 0.005070146445195309, 0.0, 7.888609052210117e-31, 0.18205226807323716, 0.0, 0.12940484001920322, 0.0, 0.062248016713498174, 0.0014504600700200347, 0.06250000000000046, 0.0, 0.16912621245232892, 0.0, 6.310887241768095e-30, 6.106994825837164e-15, 0.015624999999999997, 0.0, 0.0, 0.0, 0.09076496513168048, 3.6571932833405446e-30, 0.0, 5.016475743330555e-30, 3.5527136788005005e-15, 0.0, 0.18189700937816922, 8.110803986868842e-19, 0.08712782537713837, 0.0, 0.0, 0.0, 1.2721628431183684e-14, 0.1969150142179473, 0.0], [0.0, 0.0, 0.0, 0.0, 0.0, 0.0, 0.0, 0.0, 0.0, 0.0, 0.0, 0.0, 0.0, 0.0, 0.0, 0.0, 0.0, 0.0, 0.0, 0.0, 0.0, 0.0, 0.0, 1.0, 0.0, 0.0, 0.0, 0.0, 0.0, 0.0, 0.0, 0.0, 0.0, 0.0, 0.0, 0.0, 0.0, 0.0, 0.0, 0.0, 0.0, 0.0, 0.0, 0.0, 0.0, 0.0, 0.0, 0.0, 0.0, 0.0, 0.0, 0.0, 0.0, 0.0, 0.0, 0.0, 0.0, 0.0, 0.0, 0.0, 0.0, 0.0, 0.0, 0.0, 0.0, 0.0, 0.0, 0.0, 0.0, 0.0, 0.0, 0.0, 0.0, 0.0, 0.0, 0.0, 0.0, 0.0, 0.0, 0.0, 0.0, 0.0, 0.0, 0.0], [0.0, 1.209292997124375e-24, 0.0, 3.053578420495451e-06, 0.0, 7.984487157949766e-13, 1.4907715207042386e-08, 1.2891006550664717e-17, 1.45227629792547e-23, 9.888371579956372e-06, 2.3006231904121156e-13, 6.471145840237683e-06, 7.22614617573981e-15, 0.0, 9.453436369536206e-16, 0.0, 6.699888453669642e-13, 1.4240324853307575e-05, 3.530137643414954e-16, 7.433081305691353e-06, 2.3128387854115633e-08, 1.564328632807776e-23, 3.5527136788005005e-15, 0.0, 1.0, 6.219768646322048e-24, 3.6417311454451437e-16, 5.96205271634647e-08, 0.0, 8.866695357190481e-06, 0.0, 1.7076267224832604e-13, 1.0405785504456098e-11, 4.547473508864641e-13, 0.0, 0.0, 2.359223927328457e-16, 6.061402472671639e-13, 2.2737367544323203e-13, 5.872852832159352e-06, 0.0, 1.526693129958848e-05, 3.5527136788005005e-15, 1.2206948936003897e-23, 6.844816860378317e-06, 7.868194142604534e-15, 6.622167341122206e-08, 2.36406885945406e-07, 0.0, 1.3395182221188563e-07, 4.2632564145954776e-13, 1.588238807406339e-11, 0.0, 1.3445447222696443e-05, 0.0, 1.5000451497131082e-07, 4.206259188018655e-06, 4.206368161283116e-06, 0.0, 4.806806729363519e-06, 3.239579728018622e-06, 2.3951861198721937e-06, 1.5207244756682825e-05, 0.0, 5.8399646003612e-11, 1.520724475668283e-05, 0.0, 1.2923626344068626e-05, 3.4085486295956763e-13, 1.9157002283350278e-07, 1.0405702531282911e-11, 5.960464477539063e-08, 4.206259188018654e-06, 2.0933298355761083e-14, 0.0, 1.544553558667138e-05, 2.8680819763685177e-06, 1.5238964520113404e-05, 1.250233478912013e-05, 7.798852727433257e-14, 9.094947017729281e-13, 4.033094148213235e-13, 1.2279855979177591e-05, 0.0], [0.0, 1.0130852129388736e-24, 0.0, 2.8630729595120372e-24, 0.0, 0.0, 0.0, 0.0, 6.585053884102679e-24, 3.24023684267852e-24, 2.118863320773619e-24, 5.131250126401909e-24, 0.0, 0.0, 7.081681896455292e-26, 0.0, 0.0, 1.6865556707578494e-24, 0.0, 1.0779649941236775e-24, 4.514703066307776e-27, 2.5068377654030357e-24, 0.0, 0.0, 6.219768646322048e-24, 1.0, 0.0, 6.821427089925638e-26, 0.0, 6.3624442674635764e-24, 0.0, 1.6155871338926322e-27, 0.0, 0.0, 0.0, 0.0, 0.0, 0.0, 0.0, 2.1507100386918673e-24, 0.0, 2.5833749027774827e-26, 0.0, 3.267751501061992e-27, 3.111341642692778e-24, 0.0, 5.0657067210408016e-26, 2.816560431484766e-26, 0.0, 0.0, 0.0, 0.0, 0.0, 2.12611843657967e-24, 0.0, 2.5012917489098667e-24, 0.0, 1.3092623287002477e-27, 0.0, 0.0, 3.0329955793611014e-24, 4.388802115139772e-24, 0.0, 0.0, 0.0, 0.0, 7.657922347221106e-26, 0.0, 0.0, 4.228480826677995e-24, 0.0, 0.0, 0.0, 6.009895191738381e-26, 0.0, 5.706441750298176e-24, 0.0, 3.731476887940082e-26, 0.0, 0.0, 0.0, 9.374547371488767e-26, 5.1176884169812414e-24, 0.0], [0.0, 5.643495253494439e-23, 0.0, 0.08641964730937962, 0.0, 0.0, 7.34593280943907e-16, 3.295974604355933e-17, 9.001067857151831e-23, 0.04551561218182719, 1.606516545856603e-17, 0.012311117011952508, 1.5574196070782517e-15, 0.0, 8.066869010451078e-16, 0.0, 0.0, 0.04971694973371355, 7.749076272698041e-16, 0.017714822759327835, 2.117582368135751e-22, 5.331247103946633e-16, 0.01562500000000046, 0.0, 3.6417311454451437e-16, 0.0, 1.0, 1.0168435516450871e-21, 0.0, 0.04079770656369224, 0.0, 7.239581714737144e-16, 6.938893903907227e-18, 0.003906250000000001, 0.0, 0.0, 0.03310110711286759, 0.0, 0.0, 0.08266295463363556, 2.1175823681357504e-22, 0.034966662810387746, 0.015625000000001096, 3.3087224502121114e-24, 0.0541806786958374, 0.0528033553710298, 0.008874403660111023, 0.0, 0.028405653660110386, 0.0, 1.654361225106055e-23, 0.0039062499999999996, 0.0, 0.057204832868431366, 0.0, 0.04140473531138028, 0.0, 0.02127778954795299, 0.0, 0.019531250000000715, 2.6278270052654014e-23, 0.04210010854545927, 0.0, 0.0, 4.579669976578771e-16, 0.024499403660110382, 0.0, 0.0, 0.0, 0.027516267484271797, 0.0, 0.0, 0.0, 0.0, 0.0, 0.05859375000000276, 0.0, 2.342190046007088e-22, 0.006891037940164033, 0.0, 2.1175823681357506e-22, 1.0599762163073072e-15, 0.04137279536782391, 0.0], [0.0, 3.887874956999707e-22, 0.0, 7.150513789687612e-08, 0.0, 0.0, 2.4444075508623463e-08, 0.0, 3.3869904521412224e-22, 4.150915063679887e-08, 9.31322574615746e-10, 5.259262246893059e-08, 5.924550009732052e-29, 0.0, 3.957730060668332e-21, 0.0, 0.0, 8.297239230271309e-08, 1.518685480310623e-20, 9.966616830847679e-08, 3.586290886484842e-08, 8.061481502275948e-24, 2.9836130616170367e-30, 0.0, 5.96205271634647e-08, 6.821427089925638e-26, 1.0168435516450871e-21, 1.0, 0.0, 9.328617010214099e-08, 0.0, 2.006685782022053e-09, 1.455191522836685e-11, 9.313225746154785e-10, 0.0, 1.3969838619232178e-09, 1.5015706099899463e-09, 0.0, 0.0, 3.604726605943695e-08, 2.1175823681357504e-22, 1.2633788666409646e-08, 0.0, 2.2502872101340875e-21, 9.00879578316128e-08, 1.786939224609323e-21, 2.072198897221761e-08, 2.84137908967048e-08, 0.0, 3.230458399609949e-08, 1.6854133638569862e-10, 1.4551915228368477e-11, 1.8198664437643442e-29, 8.989591843256654e-08, 3.3881317890172014e-21, 2.2683308571481788e-08, 0.0, 1.1890101633662074e-08, 0.0, 5.172715364996361e-26, 1.719000336752933e-23, 8.370741380796269e-08, 0.0, 5.314146617681242e-29, 1.4551915228366849e-11, 0.0, 1.0233995212596902e-25, 3.895940324124559e-09, 0.0, 4.553427047196871e-08, 2.3362887906488138e-09, 7.214418979650098e-08, 1.559334640612634e-29, 1.0240718783795543e-25, 0.0, 8.354969109777329e-08, 3.978059830028267e-08, 2.739228309835885e-10, 1.4901161193847655e-08, 0.0, 2.117582377544067e-22, 1.0506180419994663e-20, 6.553934809709983e-08, 0.0], [0.0, 0.0, 0.0, 6.860702965354492e-12, 0.0, 2.348305222286955e-12, 0.0, 0.0, 0.0, 1.1656835997418993e-13, 0.0, 0.0, 0.0, 0.0, 0.0, 0.0, 0.0, 9.026131801980866e-13, 0.0, 2.7332248061267162e-12, 0.0, 0.0, 0.0, 0.0, 0.0, 0.0, 0.0, 0.0, 1.0, 2.9703972574779114e-12, 0.0, 0.0, 1.8189894035458565e-12, 0.0, 0.0, 0.0, 0.0, 0.0, 0.0, 2.528688503722325e-12, 1.3763928897666445e-12, 0.0, 0.0, 0.0, 0.0, 0.0, 0.0, 2.066233116227758e-12, 0.0, 0.0, 2.728484105318785e-12, 9.315909114440436e-13, 0.0, 0.0, 0.0, 1.171793095850385e-12, 0.0, 0.0, 0.0, 0.0, 0.0, 1.609172135302984e-12, 0.0, 0.0, 0.0, 0.0, 0.0, 0.0, 0.0, 1.818989403545857e-12, 1.8189894035458563e-12, 0.0, 0.0, 0.0, 0.0, 2.0943069073398608e-12, 0.0, 0.0, 0.0, 0.0, 0.0, 1.8189894035458565e-12, 1.0121224494681295e-12, 0.0], [0.0, 2.0159478352554728e-22, 2.0749940489373974e-11, 0.39460054323107935, 0.003751747160570595, 1.2591760221594319e-11, 2.2891892746238577e-08, 1.722341037492376e-17, 0.23400315329584723, 0.44194352834244993, 0.0015301727613714132, 0.3063138241007456, 2.1244064402013735e-14, 1.2732925824820997e-11, 0.002244793377603407, 0.0, 3.708974258271625e-13, 0.24954794767939162, 0.41948989994511476, 0.33938785602644417, 0.0014321179164552033, 0.33001620841093554, 0.09503393632656523, 0.0, 8.866695357190481e-06, 6.3624442674635764e-24, 0.04079770656369224, 9.328617010214099e-08, 2.9703972574779114e-12, 1.0, 3.0969406187986186e-07, 2.1938067093262485e-09, 3.855075502787838e-11, 0.004180590536774798, 0.0, 9.19597143356842e-05, 0.0871432258313614, 6.07113510091244e-13, 6.6621880408602625e-12, 0.36563463796981366, 2.3417639150688263e-11, 0.05224339726659419, 0.004029655803970391, 4.9680939447452805e-05, 0.22561337625402594, 0.18150577708487353, 0.009261255497224844, 1.58848275918112e-07, 0.02720333354556026, 0.000353008568335841, 0.004851813132648222, 0.004031329243323562, 1.967654937634654e-29, 0.27757669735213836, 3.778625652558293e-21, 0.20330022999990732, 8.470456078855975e-05, 0.5115122781191519, 0.006586799257448785, 0.040032030162860006, 8.078810016083452e-06, 0.462252179406347, 2.045384903051592e-05, 2.6716460744237766e-14, 8.673813086566172e-11, 0.011423086910505848, 0.00030453880111656374, 1.7384944030224288e-05, 4.303071917442822e-07, 0.1799427689143468, 2.236091116325861e-06, 0.0004510896145762998, 1.5266300736077513e-05, 1.1766430079912637e-14, 0.0, 0.2938990681329869, 0.0003372746166743789, 0.17758839066072973, 0.0070458240059214465, 1.3576925007576985e-12, 1.4967619913425714e-11, 5.337924729212647e-12, 0.602177904895792, 2.883160302036826e-06], [0.0, 0.0, 0.0, 9.900174777684954e-07, 0.0, 6.24712364658914e-14, 5.204170427930421e-18, 8.6736173798840345e-19, 0.0, 8.135208051724429e-07, 0.0, 8.543849958400584e-07, 8.187810745113664e-15, 0.0, 1.6852000649168165e-14, 0.0, 0.0, 7.087671702512326e-07, 1.3010426069826053e-18, 5.626569069114298e-07, 1.465737748075629e-15, 5.640491846633858e-14, 0.0, 0.0, 0.0, 0.0, 0.0, 0.0, 0.0, 3.0969406187986186e-07, 1.0, 0.0, 3.469446951953614e-18, 0.0, 0.0, 0.0, 1.0810891992902424e-06, 0.0, 5.684341886080802e-14, 2.8472418480440195e-07, 0.0, 7.106723661661443e-15, 0.0, 0.0, 1.2907528568513804e-07, 0.0, 4.761293329372424e-07, 1.6634306774532423e-14, 0.0, 0.0, 9.536743661442415e-07, 5.684341886080802e-14, 0.0, 1.0433769884667482e-06, 0.0, 4.242976060242983e-07, 0.0, 0.0, 0.0, 0.0, 0.0, 6.112751050618858e-07, 0.0, 2.8374342513262747e-14, 2.1320185200623953e-14, 0.0, 1.4210854715202e-14, 0.0, 2.498157524355768e-07, 3.5079970906260674e-07, 0.0, 3.630576074728397e-07, 2.3841857910156247e-07, 0.0, 0.0, 4.7211010430234393e-07, 4.464862115704852e-07, 1.123176548804429e-06, 0.0, 2.1316282072803006e-14, 0.0, 5.996247481735163e-14, 6.2440743478178e-07, 1.2699224113921091e-06], [0.0, 0.0, 3.4032847445236136e-11, 5.466860406372021e-10, 0.0, 3.670484017664869e-12, 5.969175001245766e-09, 0.0, 0.0, 6.4837446271843206e-09, 1.13686837721616e-13, 2.2217208874506026e-09, 5.136633173683503e-16, 4.929016988502431e-12, 8.881784197025486e-16, 0.0, 0.0, 2.329033638047617e-09, 4.46461019130388e-16, 1.76057328281706e-09, 4.0389678347315804e-28, 0.0, 0.0, 0.0, 1.7076267224832604e-13, 1.6155871338926322e-27, 7.239581714737144e-16