"{\"names\": [\"172.217.10.1\", \"104.88.86.240\", \"38.93.140.48\", \"192.168.10.15\", \"104.88.108.223\", \"195.142.105.15\", \"172.217.12.163\", \"206.217.206.48\", \"172.217.6.228\", \"178.255.83.1\", \"74.119.118.82\", \"192.168.10.9\", \"172.217.7.6\", \"35.186.227.40\", \"31.13.71.36\", \"206.126.112.142\", \"151.101.2.49\", \"192.168.10.25\", \"172.217.3.98\", \"192.168.10.16\", \"72.30.202.150\", \"172.217.12.132\", \"50.31.164.173\", \"162.208.20.178\", \"23.15.4.16\", \"216.58.217.99\", \"172.217.6.198\", \"172.217.12.174\", \"169.46.44.40\", \"192.168.10.17\", \"52.84.143.130\", \"104.19.195.102\", \"216.200.232.61\", \"104.97.73.166\", \"152.163.13.79\", \"192.229.163.25\", \"74.119.118.86\", \"54.225.188.92\", \"188.165.145.88\", \"192.168.10.14\", \"8.43.72.98\", \"199.96.57.6\", \"68.67.178.110\", \"104.88.70.158\", \"192.168.10.19\", \"69.172.216.56\", \"157.240.18.35\", \"172.217.11.34\", \"185.54.150.20\", \"69.169.85.7\", \"198.232.124.194\", \"74.119.118.72\", \"172.217.12.134\", \"192.168.10.5\", \"23.111.9.30\", \"192.168.10.8\", \"151.101.66.2\", \"68.67.178.199\", \"213.239.195.215\", \"138.108.7.20\", \"52.84.145.87\", \"192.168.10.50\", \"52.84.145.198\", \"52.40.24.51\", \"212.77.100.137\", \"185.54.150.115\", \"172.217.10.138\", \"152.163.66.165\", \"52.84.137.78\", \"192.168.10.51\", \"68.67.178.109\", \"129.146.14.96\", \"54.152.24.232\", \"172.217.10.33\", \"52.8.229.108\", \"192.168.10.12\", \"64.147.131.201\", \"172.217.12.206\", \"68.67.180.12\", \"172.217.10.134\", \"38.69.238.16\", \"172.217.10.142\", \"192.168.10.3\", \"172.217.6.202\"], \"funcEdges\": [[1.0, 0.0, 0.0, 0.0, 0.0, 0.0, 0.0, 0.0, 0.0, 0.0, 0.0, 0.0, 0.0, 0.0, 0.0, 0.0, 0.0, 0.0, 0.0, 0.0, 0.0, 0.0, 0.0, 0.0, 0.0, 0.0, 0.0, 0.0, 0.0, 0.0, 0.0, 0.0, 0.0, 0.0, 0.0, 0.0, 0.0, 0.0, 0.0, 0.0, 0.0, 0.0, 0.0, 0.0, 0.0, 0.0, 0.0, 0.0, 0.0, 0.0, 0.0, 0.0, 0.0, 0.0, 0.0, 0.0, 0.0, 0.0, 0.0, 0.0, 0.0, 0.0, 0.0, 0.0, 0.0, 0.0, 0.0, 0.0, 0.0, 0.0, 0.0, 0.0, 0.0, 0.0, 0.0, 0.0, 0.0, 0.0, 0.0, 0.0, 0.0, 0.0, 0.0, 0.0], [0.0, 1.0, 0.0, 1.467871067390277e-15, 0.0, 0.0, 0.0, 0.0, 9.47898536443182e-16, 1.639797701338658e-15, 2.320757667905528e-16, 8.372373017347068e-16, 0.0, 0.0, 6.064633819161025e-16, 0.0, 0.0, 6.200676791118671e-16, 1.0724239575121826e-15, 6.548339494611637e-16, 3.5784612990127673e-19, 2.6419046785619316e-17, 0.0, 0.0, 5.072142455010754e-18, 4.2491873609703695e-18, 2.367053471571274e-16, 1.6306929483643698e-15, 0.0, 8.455498069203371e-16, 0.0, 0.0, 0.0, 0.0, 0.0, 0.0, 0.0, 0.0, 0.0, 8.365218689958826e-16, 0.0, 6.168191868026733e-17, 0.0, 0.0, 1.3592008630619685e-15, 8.781089109298671e-16, 2.147076779407661e-18, 6.5591695505045484e-18, 0.0, 0.0, 5.551115123125783e-17, 1.734723475976807e-18, 0.0, 1.6125718107853396e-15, 0.0, 1.0758450980928235e-15, 0.0, 0.0, 0.0, 0.0, 1.1331166295920983e-17, 1.1672329778239283e-15, 0.0, 0.0, 0.0, 0.0, 0.0, 0.0, 0.0, 1.0604265162528874e-15, 0.0, 0.0, 0.0, 0.0, 0.0, 6.052348496792814e-16, 0.0, 9.573377867575713e-16, 0.0, 0.0, 0.0, 2.04176428988912e-17, 1.9135331122295856e-15, 0.0], [0.0, 0.0, 1.0, 6.647983709982385e-05, 0.0, 1.84895196518279e-05, 0.00012554227211391406, 0.0, 0.0, 7.08236361143015e-05, 0.0, 6.738627313230495e-05, 0.0, 6.103515625e-05, 0.0, 0.0, 0.0, 0.0001715640607487304, 0.0, 0.00013229850681128867, 0.0, 0.0, 0.0, 0.0, 0.0, 0.0, 0.0, 0.0, 0.0, 8.703155839434322e-05, 0.0, 0.0001427441081709437, 4.883560327144716e-05, 0.0, 0.0, 0.0, 0.0, 0.0, 1.5258789062499993e-05, 0.00010367018127616621, 5.5197094627797806e-05, 3.1082185505932258e-06, 0.0, 0.0, 7.30222335585128e-05, 0.0, 0.0001216988982187899, 2.749702331594409e-05, 0.0, 0.0, 0.0, 3.0517578124999993e-05, 0.0, 5.0944094683791087e-05, 0.0, 5.5279558901246075e-05, 0.0, 2.3845787299617436e-05, 0.0, 3.1082185505932254e-06, 0.0, 0.00012706347734559265, 0.0, 0.0, 3.0517578124999993e-05, 0.0, 0.0, 0.0, 0.0, 6.901376074159535e-05, 1.785689076042332e-05, 0.0, 0.0, 0.0, 0.0, 6.821445419239121e-05, 0.0, 6.892288218848759e-05, 0.0, 3.1082185505932258e-06, 4.200764799816109e-05, 4.273800507065686e-06, 0.00014623855930814844, 0.0], [0.0, 1.467871067390277e-15, 6.647983709982385e-05, 1.0, 0.0, 4.7905492212809624e-05, 0.14562544418400863, 1.0397957806450153e-10, 2.2698595929371826e-15, 0.28928493802593325, 0.01144617720365044, 0.6674477107351543, 7.942761803167012e-08, 1.7074761276269277e-05, 1.2885162672816864e-07, 0.0, 1.965663445554183e-06, 0.5892729898650617, 7.588658854662381e-09, 0.5101124352391645, 0.4467902077780477, 1.0624596227575566e-07, 6.212369679871916e-08, 0.0, 0.49786659249828547, 1.2008598366373176e-17, 7.784634121001276e-09, 0.2999142859014191, 2.8775873890398208e-05, 0.45763319869401553, 1.4741311435137914e-07, 0.0022929674469887792, 0.00013709026620923755, 0.004039277828964992, 0.0, 0.0010948083315691834, 0.006449258143669303, 3.401879764551989e-06, 2.351881255168314e-05, 0.319373572307379, 0.00012937194076228473, 0.04155123740862239, 7.073611354078284e-08, 7.672272123025627e-15, 0.7073122113061656, 2.0701772977478376e-08, 0.1289447798209799, 0.3688601023866462, 4.535263716369957e-13, 0.378963809826105, 0.000721892104440667, 0.00010707327099348531, 1.0239633253400226e-22, 0.26686684208765715, 2.3114793117707997e-14, 0.40994615296790377, 0.0, 0.016490151922669564, 0.0, 9.891426247490555e-06, 1.4396466356078025e-16, 0.6697095802305535, 0.0, 6.655711102176082e-08, 8.238066327876238e-05, 5.11590769747272e-13, 1.842076350408366e-07, 0.002803948348639021, 8.529577190386581e-07, 0.5428203063194575, 0.0017585033731545054, 0.23560353091827946, 1.476473121915702e-22, 1.977350719903433e-08, 0.0, 0.7360973309502177, 0.5140228389476219, 0.005471407082281906, 0.3369158824272078, 2.6294881414161524e-06, 4.777135965994709e-05, 1.644642017520873e-05, 0.4352090275200903, 0.0], [0.0, 0.0, 0.0, 0.0, 1.0, 0.0, 0.0, 0.0, 0.0, 0.0, 0.0, 0.0, 0.0, 0.0, 0.0, 0.0, 0.0, 0.0, 0.0, 0.0, 0.0, 0.0, 0.0, 0.0, 0.0, 0.0, 0.0, 0.0, 0.0, 0.0, 0.0, 0.0, 0.0, 0.0, 0.0, 0.0, 0.0, 0.0, 0.0, 0.0, 0.0, 0.0, 0.0, 0.0, 0.0, 0.0, 0.0, 0.0, 0.0, 0.0, 0.0, 0.0, 0.0, 0.0, 0.0, 0.0, 0.0, 0.0, 0.0, 0.0, 0.0, 0.0, 0.0, 0.0, 0.0, 0.0, 0.0, 0.0, 0.0, 0.0, 0.0, 0.0, 0.0, 0.0, 0.0, 0.0, 0.0, 0.0, 0.0, 0.0, 0.0, 0.0, 0.0, 0.0], [0.0, 0.0, 1.84895196518279e-05, 4.7905492212809624e-05, 0.0, 1.0, 9.546116093935304e-06, 0.0, 0.0, 5.8847635151037065e-05, 1.2091879381288886e-06, 1.6742141271782968e-05, 6.854286323049644e-08, 1.5258789062499995e-05, 1.1276454661336972e-07, 0.0, 8.78764953198874e-07, 4.3986559627165526e-05, 0.0, 3.2335071305009384e-05, 6.02353993224992e-08, 2.2437169208155115e-07, 0.0, 0.0, 3.3489366424537335e-06, 0.0, 0.0, 0.0, 9.849505987059064e-06, 5.281367026447394e-05, 2.6202335699383414e-07, 1.539512579722783e-05, 1.831802514644717e-05, 1.2732013758945193e-06, 0.0, 0.0, 0.0, 2.9746168427964246e-06, 2.1274098036885433e-05, 3.152127152228924e-05, 5.50758907410535e-05, 6.407718306547394e-06, 0.0, 0.0, 2.865199477802373e-05, 0.0, 9.766141889722144e-06, 3.960082139376866e-05, 0.0, 0.0, 3.0871483221849995e-05, 2.6696456693059167e-05, 0.0, 7.176804721279065e-05, 0.0, 5.810462784572606e-05, 0.0, 0.0, 0.0, 9.76226412973598e-06, 0.0, 4.167835045359475e-05, 0.0, 4.49600694184525e-08, 7.423385183933689e-06, 0.0, 1.0547955288092032e-07, 0.0, 1.2489067221976546e-06, 3.7834586302263436e-05, 2.770639674748238e-05, 0.0, 0.0, 0.0, 0.0, 3.885766226276364e-05, 0.0, 1.5483305040608957e-05, 0.0, 2.9341225346440307e-06, 3.195168530373208e-05, 2.8717379165813186e-06, 3.1521407751117916e-05, 0.0], [0.0, 0.0, 0.00012554227211391406, 0.14562544418400863, 0.0, 9.546116093935304e-06, 1.0, 3.637978807091713e-12, 0.0, 0.06132354513998124, 0.009569194210839748, 0.18010676195316253, 9.183775255637257e-09, 0.0, 1.9131911696645486e-09, 0.0, 5.023967697891607e-07, 0.17029497156901846, 2.6002652216556772e-09, 0.11678569036295702, 0.06299344839124993, 7.371676134094677e-09, 5.802032976137701e-08, 0.0, 0.06252748952375871, 0.0, 3.0811075366361527e-09, 0.10252588368212143, 0.0, 0.09601555731311945, 2.1827872842550278e-11, 0.025036534584425122, 0.00026383405191904465, 0.010286616246905512, 0.0, 0.008717418941777768, 0.0030221428629248794, 2.4780992852731053e-06, 5.2169336046614196e-06, 0.25020779457218173, 4.898363530365417e-05, 0.07007064353234461, 5.65429932229399e-08, 0.0, 0.1061925611262959, 1.8110337690569312e-08, 0.08592140715038747, 0.22198881167215406, 4.5281329690641373e-13, 0.2535692909688539, 0.0004058887254622068, 2.92528976893352e-05, 0.0, 0.11627004625490384, 0.0, 0.21095944185031398, 0.0, 4.468474384034685e-06, 0.0, 8.392068094912425e-06, 0.0, 0.07997281231969806, 0.0, 0.0, 8.420410365337627e-05, 6.809977293875208e-13, 0.0, 0.00865343837942521, 5.804974099864131e-07, 0.2462330182184045, 0.024194577481389857, 0.0625, 0.0, 2.0444224493802645e-08, 0.0, 0.13174004863676855, 0.1020620726220952, 0.0018306705046885452, 0.06250000000000001, 8.961240442890927e-06, 8.258764388415756e-06, 6.340289342282325e-06, 0.22639240248029585, 0.0], [0.0, 0.0, 0.0, 1.0397957806450153e-10, 0.0, 0.0, 3.637978807091713e-12, 1.0, 0.0, 6.891501817385107e-11, 7.241862984538631e-11, 8.583139173529993e-11, 0.0, 0.0, 0.0, 0.0, 0.0, 6.865819047653462e-11, 2.2373666717662135e-11, 5.243836322571427e-11, 0.0, 0.0, 0.0, 0.0, 5.4068800339479227e-11, 0.0, 1.3824319466948507e-10, 0.0, 0.0, 7.224021902918423e-11, 3.6379788070917125e-12, 0.0, 4.4617512530741565e-11, 0.0, 0.0, 0.0, 0.0, 0.0, 0.0, 1.842398668963739e-10, 0.0, 2.4920010985438234e-12, 0.0, 0.0, 6.872844738940912e-11, 0.0, 1.3824319466948507e-10, 0.0, 0.0, 0.0, 0.0, 0.0, 0.0, 7.911977048623034e-11, 0.0, 3.6322343065004117e-11, 0.0, 0.0, 0.0, 1.3824319466948507e-10, 0.0, 1.0673087732950221e-10, 0.0, 0.0, 2.6375605793748253e-11, 0.0, 0.0, 0.0, 0.0, 6.631158560067398e-11, 0.0, 0.0, 0.0, 0.0, 0.0, 1.409904965101134e-10, 0.0, 0.0, 0.0, 0.0, 0.0, 5.456968210637568e-11, 4.6346362774148875e-11, 0.0], [0.0, 9.47898536443182e-16, 0.0, 2.2698595929371826e-15, 0.0, 0.0, 0.0, 0.0, 1.0, 1.2498062623809147e-15, 2.5365305435561387e-16, 1.7412867122142822e-15, 0.0, 0.0, 1.816770653545188e-15, 0.0, 0.0, 1.3134121784010998e-15, 1.0277938016661162e-15, 1.4542210311782908e-15, 0.0, 6.016457430721948e-17, 0.0, 0.0, 6.09128828549399e-17, 2.7619717846307402e-17, 3.7753214917523355e-16, 1.4206067601377738e-15, 0.0, 9.227510516998178e-16, 0.0, 0.0, 0.0, 0.0, 0.0, 0.0, 0.0, 0.0, 0.0, 1.7579997323408621e-15, 0.0, 5.551115123125783e-17, 0.0, 2.3957308539009182e-17, 1.5070763225199001e-15, 3.5470361619137197e-16, 0.0, 0.0, 0.0, 0.0, 6.669122854946211e-17, 0.0, 0.0, 4.3491539875748626e-16, 0.0, 1.9090498346834528e-15, 0.0, 0.0, 0.0, 0.0, 3.8537101943945184e-17, 1.1717213432276122e-15, 0.0, 0.0, 0.0, 0.0, 0.0, 0.0, 0.0, 1.5046920107703533e-15, 0.0, 0.0, 0.0, 0.0, 0.0, 2.3261511539659555e-15, 0.0, 6.739956993626105e-16, 0.0, 0.0, 0.0, 0.0, 1.0916934367466508e-15, 0.0], [0.0, 1.639797701338658e-15, 7.08236361143015e-05, 0.28928493802593325, 0.0, 5.8847635151037065e-05, 0.06132354513998124, 6.891501817385107e-11, 1.2498062623809147e-15, 1.0, 0.010267727923959406, 0.46779836722901064, 1.244251906942991e-07, 2.471241242001086e-05, 5.095341455287871e-08, 0.0, 2.0105219905652234e-06, 0.41625968895329246, 2.1341568245456663e-09, 0.2730367093472809, 0.23364094650748016, 6.919564914515854e-08, 1.7473083875942106e-08, 0.0, 0.009039529495464525, 1.3590538350193887e-17, 6.547797507070341e-09, 0.17410199655252806, 4.889231385131847e-07, 0.419581840945447, 6.097828484322309e-08, 0.027194796024777704, 0.00012115335193308868, 0.009317353323015788, 0.0, 0.011572524408588414, 0.006176303315636634, 1.7419666035694692e-06, 3.348442641967337e-05, 0.3678167980339873, 9.654188748120012e-05, 0.06564763392379729, 3.0639146251326727e-08, 1.3881698586082025e-17, 0.36750122460104867, 4.053429560620026e-08, 0.022743973436099463, 0.4090942713134408, 1.782348391192907e-13, 0.048235097798127985, 0.0018138276896716545, 0.00017754051742934003, 5.427719163411144e-23, 0.19103119332263882, 5.973267771383897e-16, 0.1289634941063455, 0.0, 0.05160790798938816, 0.0, 1.9525404782502456e-05, 1.0985710416997113e-16, 0.18801005344411276, 0.0, 4.6974954074725864e-09, 0.00013250841472631897, 2.6443815311584707e-13, 2.384185791018102e-07, 0.03326351988126494, 1.8169835605099124e-06, 0.25800745079331866, 0.00295459407781464, 0.052696440360309425, 4.410728593653545e-23, 3.342697904420859e-08, 0.0, 0.1774025389528696, 0.461543469964426, 0.0031677306366054586, 0.1613743060919757, 4.737666339178935e-06, 5.7096582690192765e-05, 3.4751199846508245e-05, 0.149465804946768, 0.0], [0.0, 2.320757667905528e-16, 0.0, 0.01144617720365044, 0.0, 1.2091879381288886e-06, 0.009569194210839748, 7.241862984538631e-11, 2.5365305435561387e-16, 0.010267727923959406, 1.0, 0.009568319382083142, 6.373218616607052e-09, 0.0, 7.45058531714906e-09, 0.0, 4.7479047468093477e-07, 0.002766229798931614, 3.0342204612990815e-11, 0.003907337184975525, 8.911241847390113e-16, 6.884059887525974e-17, 0.0, 0.0, 9.649513050038298e-07, 8.887156901774073e-18, 6.738218774352534e-11, 0.0039062500000011215, 0.0, 0.003906777624169123, 0.0, 4.768371582031249e-07, 2.8390095397772136e-11, 0.003906249999999999, 0.0, 0.00390625, 0.0, 9.926156995134986e-07, 0.0, 0.004100953849099411, 8.881784197001252e-16, 0.003906257450580653, 0.0, 5.551115123125783e-17, 0.008847298779138577, 5.812658790043106e-17, 0.003907043603727113, 1.1313329773041553e-06, 0.0, 0.0, 6.938893903907228e-17, 5.950052434870349e-19, 0.0, 0.013742026248969197, 0.0, 1.8767582183986802e-06, 0.0, 0.0, 0.0, 6.738123039300703e-11, 2.4015061893657782e-17, 0.006709303350507428, 0.0, 0.0, 4.768662620335815e-07, 0.0, 1.6010850603384143e-19, 0.005410069765574953, 4.768371582031249e-07, 0.011843761155944377, 8.456923260203858e-19, 0.0, 0.0, 7.45058059712321e-09, 0.0, 8.523112298845439e-07, 0.0, 1.219305504580128e-16, 0.0, 0.0, 8.881784197001254e-16, 4.769678818494573e-07, 0.012767914601662834, 0.0], [0.0, 8.372373017347068e-16, 6.738627313230495e-05, 0.6674477107351543, 0.0, 1.6742141271782968e-05, 0.18010676195316253, 8.583139173529993e-11, 1.7412867122142822e-15, 0.46779836722901064, 0.009568319382083142, 1.0, 7.31391221317024e-08, 1.5258789062499995e-05, 7.224322118901456e-08, 0.0, 0.0, 0.5604778336708335, 4.2124226759006535e-09, 0.3796870001457417, 0.32814697605723536, 1.0205012915112258e-07, 1.519292547778408e-08, 0.0, 0.23272658377163857, 2.1522022930168032e-17, 6.408470515170611e-09, 0.22058944679192544, 0.0, 0.41686815415493805, 2.058362797219701e-07, 0.009318572805117612, 0.00020580677671715492, 0.01054389911957652, 0.0, 0.01419137953849786, 0.004181550518537389, 0.0, 1.84861602967902e-05, 0.37874492744343996, 7.559147629819498e-05, 0.09614797009978633, 2.4233592671821647e-08, 1.323128759953548e-14, 0.6366615574465098, 4.5303936133480964e-08, 0.20178989764952335, 0.5416117701165336, 1.3135770354319116e-13, 0.36442316021639964, 0.00021785011236104292, 0.00014809828793070705, 1.0539751314985048e-22, 0.4002045429911384, 3.581452048036116e-14, 0.39224700103062826, 0.0, 0.00771069288346343, 0.0, 1.383496301720011e-05, 6.658656858238104e-17, 0.35379686186143333, 0.0, 1.1901061830074826e-07, 0.00019604473136881898, 1.8615419105904625e-13, 2.223732076601258e-07, 0.019363198228416575, 0.0, 0.3380859986457455, 0.029457899482511752, 0.1465025403150895, 1.1666537606412752e-22, 1.533293543396339e-08, 0.0, 0.44312861361602035, 0.6533499346837011, 0.0017796274753645596, 0.19500690434785922, 2.318308944055505e-06, 5.716820535222788e-05, 7.664201141825287e-06, 0.29780830642466327, 0.0], [0.0, 0.0, 0.0, 7.942761803167012e-08, 0.0, 6.854286323049644e-08, 9.183775255637257e-09, 0.0, 0.0, 1.244251906942991e-07, 6.373218616607052e-09, 7.31391221317024e-08, 1.0, 0.0, 3.277759897497758e-08, 0.0, 0.0, 8.035183730476965e-08, 7.825073461446122e-09, 1.163166384061408e-07, 4.623077956702507e-08, 4.552390029313163e-10, 1.514185213731397e-08, 0.0, 3.0308653809490186e-08, 0.0, 6.5322912876467396e-09, 2.4849363804019186e-22, 0.0, 8.910406429762382e-08, 3.434216735947322e-08, 2.154460106691341e-09, 0.0, 0.0, 0.0, 0.0, 0.0, 0.0, 0.0, 7.629248417283644e-08, 0.0, 6.676311050949043e-08, 2.1594401943633038e-08, 0.0, 9.686997925168917e-08, 3.865373885397157e-08, 1.1149224817690702e-07, 3.434216735947322e-08, 0.0, 0.0, 0.0, 0.0, 1.0587911840678754e-22, 8.40404256304131e-08, 0.0, 5.314475243388069e-08, 0.0, 5.943433249241391e-23, 0.0, 7.704351457286144e-09, 5.293955920339376e-23, 1.1019307755477364e-07, 0.0, 2.7746347552622963e-08, 1.776458460488108e-07, 0.0, 0.0, 5.2939559203393765e-23, 0.0, 8.110539974746939e-08, 0.0, 0.0, 1.0587911840678754e-22, 3.6210771146132204e-08, 0.0, 1.9509033554859056e-07, 0.0, 5.2939559203393765e-23, 1.1915829344848924e-22, 3.434216735947322e-08, 0.0, 5.4352481429966974e-08, 7.249064539972596e-08, 0.0], [0.0, 0.0, 6.103515625e-05, 1.7074761276269277e-05, 0.0, 1.5258789062499995e-05, 0.0, 0.0, 0.0, 2.471241242001086e-05, 0.0, 1.5258789062499995e-05, 0.0, 1.0, 0.0, 0.0, 0.0, 4.70721366747863e-05, 0.0, 5.2949683669171694e-05, 0.0, 0.0, 0.0, 0.0, 0.0, 0.0, 0.0, 0.0, 0.0, 5.340576171875001e-05, 0.0, 2.06737956709437e-05, 1.8318025146447173e-05, 0.0, 0.0, 0.0, 0.0, 0.0, 1.5258789062499998e-05, 6.0234616044369366e-05, 2.2202540199845944e-05, 0.0, 0.0, 0.0, 6.0889850631102054e-05, 0.0, 0.0, 1.9958708840345413e-05, 0.0, 0.0, 0.0, 0.0, 0.0, 1.5711414438060573e-05, 0.0, 1.4932253791473446e-05, 0.0, 0.0, 0.0, 0.0, 0.0, 1.958151280447378e-06, 0.0, 0.0, 0.0, 0.0, 0.0, 0.0, 0.0, 1.5258789062499995e-05, 1.785689076042332e-05, 0.0, 0.0, 0.0, 0.0, 4.787991580522071e-05, 0.0, 1.5258789062499995e-05, 0.0, 0.0, 3.73762472958859e-05, 0.0, 2.3438250036001918e-05, 0.0], [0.0, 6.064633819161025e-16, 0.0, 1.2885162672816864e-07, 0.0, 1.1276454661336972e-07, 1.9131911696645486e-09, 0.0, 1.816770653545188e-15, 5.095341455287871e-08, 7.45058531714906e-09, 7.224322118901456e-08, 3.277759897497758e-08, 0.0, 1.0, 0.0, 0.0, 1.753795371333661e-07, 3.368139132580289e-09, 7.905927537083135e-08, 2.9435417991923407e-15, 8.368568853611326e-08, 1.6004785735701151e-09, 0.0, 3.9650585978491186e-09, 2.970272670503002e-19, 3.3834900958011e-09, 1.6599923024381426e-14, 0.0, 6.238096960599064e-09, 7.068241373080863e-08, 3.7252902984720785e-09, 0.0, 0.0, 0.0, 0.0, 0.0, 0.0, 7.068241373080862e-08, 1.1235569476566392e-07, 5.194468959071689e-15, 1.6152206969254277e-08, 3.125472577096649e-09, 1.0164395367051603e-20, 3.054513884063154e-08, 4.450846553643263e-16, 1.4254756890067018e-07, 1.7317422824230692e-07, 1.0776864276522667e-13, 0.0, 1.0602362059621296e-07, 7.068254710558277e-08, 0.0, 4.478769076869434e-08, 1.4210854715202004e-14, 8.772398183641272e-08, 0.0, 3.3881317890172006e-21, 0.0, 1.8626451492309568e-09, 0.0, 2.229195485549839e-07, 0.0, 0.0, 2.542344972616717e-08, 1.1368683772161605e-13, 2.356080457714171e-08, 0.0, 0.0, 2.6215528373340486e-07, 1.237156510757151e-13, 0.0, 0.0, 1.117587089553742e-08, 0.0, 2.157093182734704e-07, 1.1368683772161603e-13, 2.3587807646519986e-15, 0.0, 2.3560804576936208e-08, 5.1944676885222685e-15, 1.0128203562129183e-07, 1.8982615850380595e-07, 0.0], [0.0, 0.0, 0.0, 0.0, 0.0, 0.0, 0.0, 0.0, 0.0, 0.0, 0.0, 0.0, 0.0, 0.0, 0.0, 1.0, 0.0, 0.0, 0.0, 0.0, 0.0, 0.0, 0.0, 0.0, 0.0, 0.0, 0.0, 0.0, 0.0, 0.0, 0.0, 0.0, 0.0, 0.0, 0.0, 0.0, 0.0, 0.0, 0.0, 0.0, 0.0, 0.0, 0.0, 0.0, 0.0, 0.0, 0.0, 0.0, 0.0, 0.0, 0.0, 0.0, 0.0, 0.0, 0.0, 0.0, 0.0, 0.0, 0.0, 0.0, 0.0, 0.0, 0.0, 0.0, 0.0, 0.0, 0.0, 0.0, 0.0, 0.0, 0.0, 0.0, 0.0, 0.0, 0.0, 0.0, 0.0, 0.0, 0.0, 0.0, 0.0, 0.0, 0.0, 0.0], [0.0, 0.0, 0.0, 1.965663445554183e-06, 0.0, 8.78764953198874e-07, 5.023967697891607e-07, 0.0, 0.0, 2.0105219905652234e-06, 4.7479047468093477e-07, 0.0, 0.0, 0.0, 0.0, 0.0, 1.0, 2.0496883804200735e-06, 0.0, 2.9656832217009334e-07, 0.0, 0.0, 0.0, 0.0, 2.8101368940780395e-06, 0.0, 0.0, 0.0, 0.0, 1.555656556736571e-06, 0.0, 0.0, 0.0, 2.3360154559928683e-06, 0.0, 0.0, 0.0, 2.530683410658941e-06, 1.5573436373285792e-06, 1.5756268401231448e-06, 0.0, 0.0, 0.0, 0.0, 2.136657843060318e-06, 0.0, 5.63500549448079e-07, 1.9783701025211257e-06, 0.0, 0.0, 1.5573436373285788e-06, 0.0, 0.0, 7.117493535531163e-07, 0.0, 6.597540245398288e-07, 0.0, 0.0, 0.0, 2.3360154559928687e-06, 0.0, 2.0859978968959648e-06, 0.0, 0.0, 2.3360154559928687e-06, 0.0, 0.0, 0.0, 0.0, 1.7363243417731457e-06, 0.0, 0.0, 0.0, 0.0, 0.0, 2.6493751744103446e-06, 0.0, 0.0, 0.0, 1.2018700367214286e-06, 2.3360154559928687e-06, 1.557343637328579e-06, 3.173193119539961e-06, 0.0], [0.0, 6.200676791118671e-16, 0.0001715640607487304, 0.5892729898650617, 0.0, 4.3986559627165526e-05, 0.17029497156901846, 6.865819047653462e-11, 1.3134121784010998e-15, 0.41625968895329246, 0.002766229798931614, 0.5604778336708335, 8.035183730476965e-08, 4.70721366747863e-05, 1.753795371333661e-07, 0.0, 2.0496883804200735e-06, 1.0, 8.122995179995111e-09, 0.4018560177325763, 0.20378218363489947, 1.037058902615841e-07, 4.3580120187840775e-08, 0.0, 0.41346536481421775, 7.073927196082331e-18, 4.770478972909458e-09, 0.3480114369248387, 3.7858340721575555e-06, 0.6239015156506071, 1.8067766100679613e-07, 0.009768675104197672, 0.00012845937040597283, 0.00771609197116827, 0.0, 0.0040132811824764554, 0.004978162586309598, 4.0088484554646295e-06, 1.4826810106745835e-05, 0.46095063076504716, 0.00012858590463158597, 0.045934749508606355, 4.760394826844485e-08, 1.9841208572773934e-14, 0.6055188658329962, 3.971460906948133e-08, 0.13639099149638, 0.33513029653652343, 3.268376865742756e-13, 0.2698828151422592, 0.0017025716910284935, 8.28853662321389e-05, 1.168628191103694e-22, 0.5321382115101533, 1.257165730705456e-14, 0.5844033477182429, 0.0, 0.008046880515515784, 0.0, 6.19529704073314e-06, 6.31622713075735e-17, 0.4536455630833008, 0.0, 7.082317162955694e-08, 0.0002148618078063163, 3.8470430825210033e-13, 6.449967029463568e-08, 0.01897014171583451, 2.7371553060297515e-07, 0.22545566564637798, 0.0009521233850996276, 0.22095895127758106, 1.418249907675804e-22, 5.2813429069972974e-08, 0.0, 0.4392305065902863, 0.5607742094725054, 0.005680694183256595, 0.2157126976691514, 6.40227577965337e-06, 5.1595365433539125e-05, 9.531190498052737e-06, 0.26921772299461605, 0.0], [0.0, 1.0724239575121826e-15, 0.0, 7.588658854662381e-09, 0.0, 0.0, 2.6002652216556772e-09, 2.2373666717662135e-11, 1.0277938016661162e-15, 2.1341568245456663e-09, 3.0342204612990815e-11, 4.2124226759006535e-09, 7.825073461446122e-09, 0.0, 3.368139132580289e-09, 0.0, 0.0, 8.122995179995111e-09, 1.0, 2.2157515438088174e-09, 3.3860747736652613e-15, 2.236087059787476e-09, 1.9491443189739598e-09, 0.0, 1.4806470438325915e-09, 0.0, 3.2501981606882485e-09, 6.369828584808767e-14, 0.0, 6.6407568296028e-09, 5.4569682106375694e-12, 1.872593238382663e-09, 1.4593259189278646e-10, 3.3087224502121103e-24, 0.0, 0.0, 8.768512691976089e-11, 0.0, 0.0, 7.596726115686703e-09, 8.625186855133814e-15, 8.08168026729103e-09, 3.4757491874017806e-09, 8.56773714436948e-16, 8.008763103576032e-09, 2.040278600089749e-10, 2.175370003625716e-09, 5.171096338517877e-18, 0.0, 0.0, 0.0, 6.9322340560305795e-18, 3.5041380165479163e-23, 1.0358192430212836e-08, 1.4210854715202004e-14, 3.2002591381053856e-09, 0.0, 8.760495428168315e-11, 0.0, 8.120516347503355e-09, 5.293955920339378e-23, 5.018865106549134e-09, 0.0, 8.052415222382985e-23, 1.9495610503518115e-09, 2.2123897490864318e-13, 0.0, 5.293955920339377e-23, 0.0, 4.26854640317605e-09, 1.49250552518853e-19, 0.0, 4.540395205986281e-23, 0.0, 0.0, 4.909623762439002e-09, 4.656609962092327e-12, 2.0624215188826105e-12, 8.628704008338878e-23, 0.0, 8.625186856788176e-15, 9.204542761149726e-09, 9.296706748646973e-09, 0.0], [0.0, 6.548339494611637e-16, 0.00013229850681128867, 0.5101124352391645, 0.0, 3.2335071305009384e-05, 0.11678569036295702, 5.243836322571427e-11, 1.4542210311782908e-15, 0.2730367093472809, 0.003907337184975525, 0.3796870001457417, 1.163166384061408e-07, 5.2949683669171694e-05, 7.905927537083135e-08, 0.0, 2.9656832217009334e-07, 0.4018560177325763, 2.2157515438088174e-09, 1.0, 0.6833012492672459, 2.6816643086456474e-08, 3.1699757670168515e-08, 0.0, 0.336885044530746, 4.521312886712917e-18, 6.494627045876649e-09, 0.4180302084009174, 1.146397573723651e-05, 0.5941542074769569, 8.711371070735628e-08, 0.007384379562412726, 0.00021587895552118813, 0.006382926514797994, 0.0, 0.0078125, 0.004963172549815061, 3.9462023622426515e-06, 1.1514557837382754e-05, 0.34535098547370774, 0.0001284649934374566, 0.05140064802075181, 4.6409394380586794e-08, 9.184630066871535e-15, 0.49883235122443487, 1.8852762619372997e-08, 0.08528731158128156, 0.2447369952826921, 2.5894409997755853e-13, 0.25654608902879905, 0.0002536191268395485, 0.00010671116099135576, 2.7690995820329217e-23, 0.635912465510414, 1.7560900272788614e-14, 0.17168763077764732, 0.0, 0.03419531135293299, 0.0, 1.573997376977603e-05, 7.399575951815681e-17, 0.4976031618237631, 0.0, 4.586040389410803e-08, 0.00020160032082708302, 3.888672255928431e-13, 1.964129699116141e-07, 0.015327197978077464, 5.069839621815215e-07, 0.47769648537710263, 0.006644498128494141, 0.2899504835329866, 2.648469519828786e-23, 4.7817022808057326e-08, 0.0, 0.5694374201194708, 0.3314956970085112, 0.004761518450998229, 0.5596367352699025, 7.341915171629373e-06, 2.307281235749016e-05, 1.840482974669481e-05, 0.30148585234451786, 0.0], [0.0, 3.5784612990127673e-19, 0.0, 0.4467902077780477, 0.0, 6.02353993224992e-08, 0.06299344839124993, 0.0, 0.0, 0.23364094650748016, 8.911241847390113e-16, 0.32814697605723536, 4.623077956702507e-08, 0.0, 2.9435417991923407e-15, 0.0, 0.0, 0.20378218363489947, 3.3860747736652613e-15, 0.6833012492672459, 1.0, 4.465627003213991e-18, 0.0, 0.0, 0.09700748969006862, 1.893603712982697e-20, 8.881784197001252e-16, 0.15041994210346918, 0.0, 0.45295408035869184, 6.147749699704603e-09, 1.6940658945086007e-21, 0.0, 0.0, 0.0, 0.0, 0.0, 0.0, 0.0, 0.41195667790234225, 2.6645352591003757e-15, 0.00014666100841587436, 3.7252902984619136e-09, 5.082197683525802e-21, 0.2796571565993675, 1.1684901175513211e-18, 0.06303878156674406, 0.16883831153702028, 0.0, 0.20024361412403477, 5.036236553998015e-05, 2.1470767794076608e-18, 0.0, 0.3720897186662473, 0.0, 0.19932413534336438, 0.0, 0.026590570579968224, 0.0, 4.336808689942019e-19, 5.293955920339377e-23, 0.2854792479681252, 0.0, 8.427617449710805e-09, 3.688649819822765e-08, 0.0, 0.0, 2.117582368135751e-22, 0.0, 0.46902410605507716, 0.0, 0.09492857868326733, 0.0, 0.0, 0.0, 0.4021728294964432, 0.3359390697985575, 0.00044945533290291425, 0.7399250919729269, 1.1680724429438754e-07, 2.6645352591003757e-15, 3.6886498980091934e-08, 0.20824484685142208, 0.0], [0.0, 2.6419046785619316e-17, 0.0, 1.0624596227575566e-07, 0.0, 2.2437169208155115e-07, 7.371676134094677e-09, 0.0, 6.016457430721948e-17, 6.919564914515854e-08, 6.884059887525974e-17, 1.0205012915112258e-07, 4.552390029313163e-10, 0.0, 8.368568853611326e-08, 0.0, 0.0, 1.037058902615841e-07, 2.236087059787476e-09, 2.6816643086456474e-08, 4.465627003213991e-18, 1.0, 7.279681941742914e-10, 0.0, 6.561269841900186e-17, 1.0514439666781014e-17, 2.2360871053071778e-09, 3.381230411092202e-17, 0.0, 1.9482264767823698e-07, 2.3657937514303777e-07, 0.0, 0.0, 0.0, 0.0, 0.0, 0.0, 0.0, 2.3657937514303777e-07, 2.0158965066516475e-07, 0.0, 2.843881454059606e-09, 1.3949039443515732e-09, 5.551115123125783e-17, 6.902583162973033e-08, 4.878392744376408e-18, 1.1044562632101191e-07, 4.50711825268961e-08, 0.0, 0.0, 2.2131618966381632e-07, 2.3657937514624127e-07, 2.3161057151484772e-23, 7.890269724677033e-08, 0.0, 2.3717390667745352e-07, 0.0, 0.0, 0.0, 2.2360870546589403e-09, 9.582176633920904e-17, 8.407026156634956e-09, 0.0, 2.032625784091611e-24, 7.603147789640677e-08, 0.0, 6.868433471908191e-08, 0.0, 0.0, 7.092042182669298e-08, 8.45692326020386e-19, 0.0, 0.0, 6.363043627279875e-20, 0.0, 1.1127349245441272e-07, 0.0, 1.1493854336549642e-16, 0.0, 6.868433471894644e-08, 2.0326257840916108e-24, 2.1663172801954642e-07, 2.0475739393691015e-08, 0.0], [0.0, 0.0, 0.0, 6.212369679871916e-08, 0.0, 0.0, 5.802032976137701e-08, 0.0, 0.0, 1.7473083875942106e-08, 0.0, 1.519292547778408e-08, 1.514185213731397e-08, 0.0, 1.6004785735701151e-09, 0.0, 0.0, 4.3580120187840775e-08, 1.9491443189739598e-09, 3.1699757670168515e-08, 0.0, 7.279681941742914e-10, 1.0, 0.0, 1.4901161193847655e-08, 0.0, 1.9484086982592703e-09, 1.2514180198792583e-23, 0.0, 3.979621106356974e-08, 0.0, 0.0, 0.0, 3.308722450212111e-24, 0.0, 0.0, 0.0, 0.0, 0.0, 6.43456416184545e-08, 0.0, 6.036386423140884e-08, 6.67438551427219e-08, 0.0, 1.74680370961386e-08, 3.275571309027129e-08, 1.4901161193847673e-08, 0.0, 0.0, 0.0, 0.0, 0.0, 3.3087224502121103e-24, 2.310892525538124e-08, 0.0, 4.068749843389015e-08, 0.0, 0.0, 0.0, 1.9484086982592736e-09, 0.0, 3.147802818164326e-08, 0.0, 2.6469779601696886e-23, 2.561459282598812e-08, 0.0, 0.0, 0.0, 0.0, 2.789796389456014e-08, 1.533938041708838e-23, 0.0, 2.104062427615432e-23, 1.4901161193847655e-08, 0.0, 1.1579819793166134e-08, 3.4019177605339933e-12, 2.27373675443232e-13, 0.0, 0.0, 0.0, 5.335837701542745e-08, 1.421614033021668e-08, 0.0], [0.0, 0.0, 0.0, 0.0, 0.0, 0.0, 0.0, 0.0, 0.0, 0.0, 0.0, 0.0, 0.0, 0.0, 0.0, 0.0, 0.0, 0.0, 0.0, 0.0, 0.0, 0.0, 0.0, 1.0, 0.0, 0.0, 0.0, 0.0, 0.0, 0.0, 0.0, 0.0, 0.0, 0.0, 0.0, 0.0, 0.0, 0.0, 0.0, 0.0, 0.0, 0.0, 0.0, 0.0, 0.0, 0.0, 0.0, 0.0, 0.0, 0.0, 0.0, 0.0, 0.0, 0.0, 0.0, 0.0, 0.0, 0.0, 0.0, 0.0, 0.0, 0.0, 0.0, 0.0, 0.0, 0.0, 0.0, 0.0, 0.0, 0.0, 0.0, 0.0, 0.0, 0.0, 0.0, 0.0, 0.0, 0.0, 0.0, 0.0, 0.0, 0.0, 0.0, 0.0], [0.0, 5.072142455010754e-18, 0.0, 0.49786659249828547, 0.0, 3.3489366424537335e-06, 0.06252748952375871, 5.4068800339479227e-11, 6.09128828549399e-17, 0.009039529495464525, 9.649513050038298e-07, 0.23272658377163857, 3.0308653809490186e-08, 0.0, 3.9650585978491186e-09, 0.0, 2.8101368940780395e-06, 0.41346536481421775, 1.4806470438325915e-09, 0.336885044530746, 0.09700748969006862, 6.561269841900186e-17, 1.4901161193847655e-08, 0.0, 1.0, 2.608760051234315e-17, 1.5274527510265148e-09, 0.25006661556382864, 0.0, 0.4078247847648043, 0.0, 7.162305592618429e-07, 4.364502776448223e-05, 1.9073486328125e-06, 0.0, 0.0, 9.895302355289457e-10, 2.5423364636736546e-06, 9.536743164062499e-07, 0.19093866770884435, 0.0, 0.00034350565533068785, 1.4901161193847655e-08, 5.119965475007689e-17, 0.5048437620119364, 3.3001598165102766e-08, 0.06294123181812059, 0.3900292183661254, 0.0, 0.5618346637106008, 1.788139343276347e-06, 6.661556382859637e-05, 0.0, 0.4556726873116226, 0.0, 0.37807615587358767, 0.0, 0.0004570669990231629, 0.0, 9.549032670194894e-07, 3.075957665791235e-17, 0.6973135733231213, 0.0, 0.0, 0.00024494586883153384, 0.0, 0.0, 0.0, 1.4296489151307664e-06, 0.4721049897866931, 4.364467974977004e-05, 0.25, 0.0, 8.780061702676213e-08, 0.0, 0.6825814416118382, 0.4010457727654601, 0.00028366523471845594, 0.19565591032282686, 3.271075919008422e-07, 3.8146972656249996e-06, 1.6916022918227364e-06, 0.6054131324890756, 0.0], [0.0, 4.2491873609703695e-18, 0.0, 1.2008598366373176e-17, 0.0, 0.0, 0.0, 0.0, 2.7619717846307402e-17, 1.3590538350193887e-17, 8.887156901774073e-18, 2.1522022930168032e-17, 0.0, 0.0, 2.970272670503002e-19, 0.0, 0.0, 7.073927196082331e-18, 0.0, 4.521312886712917e-18, 1.893603712982697e-20, 1.0514439666781014e-17, 0.0, 0.0, 2.608760051234315e-17, 1.0, 0.0, 2.8611138928983463e-19, 0.0, 2.6686025440799548e-17, 0.0, 6.776263578034403e-21, 0.0, 0.0, 0.0, 0.0, 0.0, 0.0, 0.0, 9.020731718125454e-18, 0.0, 1.0835459688219207e-19, 0.0, 1.3705943191910318e-20, 1.3049912697312889e-17, 0.0, 2.1247113962888318e-19, 1.181351068401828e-19, 0.0, 0.0, 0.0, 0.0, 0.0, 8.917587063019856e-18, 0.0, 1.049117798761965e-17, 0.0, 5.491444222316764e-21, 0.0, 0.0, 1.2721305490496585e-17, 1.8407970266739207e-17, 0.0, 0.0, 0.0, 0.0, 3.2119654332638876e-19, 0.0, 0.0, 1.7735534045258822e-17, 0.0, 0.0, 0.0, 2.5207327442289058e-19, 0.0, 2.393455145904264e-17, 0.0, 1.5650948436994637e-19, 0.0, 0.0, 0.0, 3.931970153842482e-19, 2.146514099809809e-17, 0.0], [0.0, 2.367053471571274e-16, 0.0, 7.784634121001276e-09, 0.0, 0.0, 3.0811075366361527e-09, 1.3824319466948507e-10, 3.7753214917523355e-16, 6.547797507070341e-09, 6.738218774352534e-11, 6.408470515170611e-09, 6.5322912876467396e-09, 0.0, 3.3834900958011e-09, 0.0, 0.0, 4.770478972909458e-09, 3.2501981606882485e-09, 6.494627045876649e-09, 8.881784197001252e-16, 2.2360871053071778e-09, 1.9484086982592703e-09, 0.0, 1.5274527510265148e-09, 0.0, 1.0, 4.2649509760391955e-15, 0.0, 5.087764236019148e-09, 0.0, 3.0365006544448863e-09, 2.9103830456733697e-11, 0.0, 0.0, 0.0, 2.91038304567337e-10, 0.0, 0.0, 8.378753835149124e-09, 8.88178419700125e-16, 5.814089344269352e-09, 4.617212997414358e-09, 1.387778780781446e-17, 3.740822115522603e-09, 5.820797532739118e-11, 2.667004352565441e-09, 0.0, 0.0, 0.0, 6.938893903907227e-17, 0.0, 0.0, 6.971122193207099e-09, 0.0, 3.422461501434435e-09, 0.0, 5.8207660913467394e-11, 0.0, 3.0088061059677074e-09, 1.1021905319492694e-16, 1.059177766758564e-08, 0.0, 0.0, 1.9208528101444244e-09, 0.0, 0.0, 0.0, 0.0, 1.3010441413936935e-08, 0.0, 0.0, 0.0, 0.0, 0.0, 1.1578990532020326e-08, 0.0, 9.823857078727712e-16, 0.0, 0.0, 8.881784197001251e-16, 4.445862483962604e-09, 4.758821865159714e-09, 0.0], [0.0, 1.6306929483643698e-15, 0.0, 0.2999142859014191, 0.0, 0.0, 0.10252588368212143, 0.0, 1.4206067601377738e-15, 0.17410199655252806, 0.0039062500000011215, 0.22058944679192544, 2.4849363804019186e-22, 0.0, 1.6599923024381426e-14, 0.0, 0.0, 0.3480114369248387, 6.369828584808767e-14, 0.4180302084009174, 0.15041994210346918, 3.381230411092202e-17, 1.2514180198792583e-23, 0.0, 0.25006661556382864, 2.8611138928983463e-19, 4.2649509760391955e-15, 1.0, 0.0, 0.39127055640409036, 0.0, 0.008416650202278225, 6.103515624999999e-05, 0.00390625, 0.0, 0.005859375, 0.006298043615763272, 0.0, 0.0, 0.15119319222216063, 8.88178419700125e-16, 0.05298995033867664, 0.0, 9.438388646614244e-15, 0.3778562818849649, 7.494966337535782e-15, 0.0869143212341282, 0.11917607681321253, 0.0, 0.13549524587317607, 0.0007069136013678813, 6.103515625000682e-05, 7.633073104546564e-23, 0.37705081026538756, 1.4210854715202004e-14, 0.09514069187460035, 0.0, 0.04987070084247537, 0.0, 2.16959407462657e-19, 7.210009988444174e-17, 0.35109434056439315, 0.0, 2.2289146415126902e-22, 6.1035156249999986e-05, 0.0, 4.2924487056176035e-19, 0.016340758085236936, 0.0, 0.19098457277766026, 0.009799105419773482, 0.30259466384022327, 6.540323520460134e-23, 4.295268775774878e-19, 0.0, 0.3504328035701549, 0.1668519225732688, 0.0011489156256857891, 0.06249999999999999, 0.0, 8.881784236462591e-16, 4.4066114560305296e-14, 0.2748919498810582, 0.0], [0.0, 0.0, 0.0, 2.8775873890398208e-05, 0.0, 9.849505987059064e-06, 0.0, 0.0, 0.0, 4.889231385131847e-07, 0.0, 0.0, 0.0, 0.0, 0.0, 0.0, 0.0, 3.7858340721575555e-06, 0.0, 1.146397573723651e-05, 0.0, 0.0, 0.0, 0.0, 0.0, 0.0, 0.0, 0.0, 1.0, 1.2458749098628634e-05, 0.0, 0.0, 7.62939453125e-06, 0.0, 0.0, 0.0, 0.0, 0.0, 0.0, 1.0606088305916563e-05, 5.773010203119796e-06, 0.0, 0.0, 0.0, 0.0, 0.0, 0.0, 8.66640982432655e-06, 0.0, 0.0, 1.1444091796875002e-05, 3.907375486233398e-06, 0.0, 0.0, 0.0, 4.914856469097653e-06, 0.0, 0.0, 0.0, 0.0, 0.0, 6.749357123789847e-06, 0.0, 0.0, 0.0, 0.0, 0.0, 0.0, 0.0, 7.629394531250002e-06, 7.629394531249999e-06, 0.0, 0.0, 0.0, 0.0, 8.784159838683207e-06, 0.0, 0.0, 0.0, 0.0, 0.0, 7.62939453125e-06, 4.245149238293973e-06, 0.0], [0.0, 8.455498069203371e-16, 8.703155839434322e-05, 0.45763319869401553, 0.0, 5.281367026447394e-05, 0.09601555731311945, 7.224021902918423e-11, 9.227510516998178e-16, 0.419581840945447, 0.003906777624169123, 0.41686815415493805, 8.910406429762382e-08, 5.340576171875001e-05, 6.238096960599064e-09, 0.0, 1.555656556736571e-06, 0.6239015156506071, 6.6407568296028e-09, 0.5941542074769569, 0.45295408035869184, 1.9482264767823698e-07, 3.979621106356974e-08, 0.0, 0.4078247847648043, 2.6686025440799548e-17, 5.087764236019148e-09, 0.39127055640409036, 1.2458749098628634e-05, 1.0, 3.014093675018751e-07, 0.009201492256153921, 0.0001616935860164504, 0.0048838643746525415, 0.0, 0.006032543179499288, 0.006603316391979038, 2.546418623829745e-06, 2.7943241948532362e-05, 0.7396323223224144, 9.822069756028839e-05, 0.03100897083189111, 4.3950026119104805e-08, 1.7291552468766592e-15, 0.4357043418461234, 3.4833108483938852e-09, 0.15326182748379444, 0.14158084776257562, 1.0776864276522667e-13, 0.33534622084543486, 0.0016153007154373162, 0.00012385872685355965, 8.25294297554078e-23, 0.5966946956028085, 1.584870468902786e-14, 0.2621150430886389, 0.0, 0.08869803051771277, 0.0, 1.2499269137433448e-05, 6.55819456511597e-17, 0.6389232249774218, 0.0, 1.1205695816539944e-07, 0.0003638060892423684, 2.352231794759175e-13, 5.342935325405637e-19, 0.006344730395164724, 4.0755574726666276e-07, 0.4362358876073829, 0.0021216753192917813, 0.31117329255382775, 8.027966835821418e-23, 4.9351984749897895e-08, 0.0, 0.6317434728086906, 0.3040742226764348, 0.005047167987699254, 0.32105093856861716, 5.694575086698018e-06, 6.277874807336112e-05, 2.2388879043435522e-05, 0.27501282869655624, 0.0], [0.0, 0.0, 0.0, 1.4741311435137914e-07, 0.0, 2.6202335699383414e-07, 2.1827872842550278e-11, 3.6379788070917125e-12, 0.0, 6.097828484322309e-08, 0.0, 2.058362797219701e-07, 3.434216735947322e-08, 0.0, 7.068241373080863e-08, 0.0, 0.0, 1.8067766100679613e-07, 5.4569682106375694e-12, 8.711371070735628e-08, 6.147749699704603e-09, 2.3657937514303777e-07, 0.0, 0.0, 0.0, 0.0, 0.0, 0.0, 0.0, 3.014093675018751e-07, 1.0, 0.0, 1.4551915228366852e-11, 0.0, 0.0, 0.0, 0.0, 0.0, 2.384185791015625e-07, 2.3556781631416712e-07, 0.0, 2.9807759481001235e-08, 0.0, 0.0, 1.0000316279157072e-07, 0.0, 1.4151231508025405e-07, 6.976933944164844e-08, 0.0, 0.0, 2.086162567138672e-07, 2.384185791015625e-07, 0.0, 9.709904618731981e-08, 0.0, 2.6201248040004916e-07, 0.0, 0.0, 0.0, 0.0, 0.0, 3.815440206701243e-08, 0.0, 1.1901061830074799e-07, 8.942333806771785e-08, 0.0, 5.960464477539061e-08, 0.0, 0.0, 9.689644395277865e-08, 0.0, 0.0, 0.0, 0.0, 0.0, 1.2635825854536614e-07, 3.144119326123647e-12, 7.275957614183424e-12, 0.0, 8.940696716308594e-08, 0.0, 2.515008479763172e-07, 1.0406055482364178e-07, 0.0], [0.0, 0.0, 0.0001427441081709437, 0.0022929674469887792, 0.0, 1.539512579722783e-05, 0.025036534584425122, 0.0, 0.0, 0.027194796024777704, 4.768371582031249e-07, 0.009318572805117612, 2.154460106691341e-09, 2.06737956709437e-05, 3.7252902984720785e-09, 0.0, 0.0, 0.009768675104197672, 1.872593238382663e-09, 0.007384379562412726, 1.6940658945086007e-21, 0.0, 0.0, 0.0, 7.162305592618429e-07, 6.776263578034403e-21, 3.0365006544448863e-09, 0.008416650202278225, 0.0, 0.009201492256153921, 0.0, 1.0, 7.700380498728024e-05, 0.0009768009185791016, 0.0, 0.0, 0.003906250058207661, 1.2980359147484215e-06, 3.101069350641555e-05, 0.006831784723182311, 4.4870299186126986e-05, 0.012033658868953747, 1.2358441999126913e-09, 6.776263578034403e-21, 0.03186968766103367, 2.2216766132761903e-10, 0.007930544449008845, 2.523050700351841e-05, 0.0, 0.0009765625, 2.384185791015625e-07, 3.0517578124999993e-05, 0.0, 0.03203725616732351, 0.0, 0.01885858311102282, 0.0, 2.384584550727835e-05, 0.0, 5.238689482212067e-10, 0.0, 0.009569879074344555, 0.0, 0.0, 3.242498496547341e-05, 0.0, 0.0, 0.012018543114085, 2.158639645628581e-06, 0.026103839076843056, 0.011157734079425186, 0.0, 0.0, 0.0, 0.0, 0.02567710742301767, 0.0, 0.001051307595880773, 0.0, 0.0, 3.7511296622497678e-06, 7.16245267540219e-07, 0.01271825424889407, 0.0], [0.0, 0.0, 4.883560327144716e-05, 0.00013709026620923755, 0.0, 1.831802514644717e-05, 0.00026383405191904465, 4.4617512530741565e-11, 0.0, 0.00012115335193308868, 2.8390095397772136e-11, 0.00020580677671715492, 0.0, 1.8318025146447173e-05, 0.0, 0.0, 0.0, 0.00012845937040597283, 1.4593259189278646e-10, 0.00021587895552118813, 0.0, 0.0, 0.0, 0.0, 4.364502776448223e-05, 0.0, 2.9103830456733697e-11, 6.103515624999999e-05, 7.62939453125e-06, 0.0001616935860164504, 1.4551915228366852e-11, 7.700380498728024e-05, 1.0, 0.0, 0.0, 0.0, 0.0, 0.0, 1.831802514644717e-05, 0.0001584367534043152, 9.047524155488467e-05, 6.103562734838062e-05, 0.0, 0.0, 0.00019123127839617735, 1.164153218269348e-10, 4.01033345389809e-05, 0.00015647699052329632, 0.0, 0.0, 2.6702880859374997e-05, 0.000102298016