"{\"names\": [\"172.217.10.1\", \"104.88.86.240\", \"38.93.140.48\", \"192.168.10.15\", \"104.88.108.223\", \"195.142.105.15\", \"172.217.12.163\", \"206.217.206.48\", \"172.217.6.228\", \"178.255.83.1\", \"74.119.118.82\", \"192.168.10.9\", \"172.217.7.6\", \"35.186.227.40\", \"31.13.71.36\", \"206.126.112.142\", \"151.101.2.49\", \"192.168.10.25\", \"172.217.3.98\", \"192.168.10.16\", \"72.30.202.150\", \"172.217.12.132\", \"50.31.164.173\", \"162.208.20.178\", \"23.15.4.16\", \"216.58.217.99\", \"172.217.6.198\", \"172.217.12.174\", \"169.46.44.40\", \"192.168.10.17\", \"52.84.143.130\", \"104.19.195.102\", \"216.200.232.61\", \"104.97.73.166\", \"152.163.13.79\", \"192.229.163.25\", \"74.119.118.86\", \"54.225.188.92\", \"188.165.145.88\", \"192.168.10.14\", \"8.43.72.98\", \"199.96.57.6\", \"68.67.178.110\", \"104.88.70.158\", \"192.168.10.19\", \"69.172.216.56\", \"157.240.18.35\", \"172.217.11.34\", \"185.54.150.20\", \"69.169.85.7\", \"198.232.124.194\", \"74.119.118.72\", \"172.217.12.134\", \"192.168.10.5\", \"23.111.9.30\", \"192.168.10.8\", \"151.101.66.2\", \"68.67.178.199\", \"213.239.195.215\", \"138.108.7.20\", \"52.84.145.87\", \"192.168.10.50\", \"52.84.145.198\", \"52.40.24.51\", \"212.77.100.137\", \"185.54.150.115\", \"172.217.10.138\", \"152.163.66.165\", \"52.84.137.78\", \"192.168.10.51\", \"68.67.178.109\", \"129.146.14.96\", \"54.152.24.232\", \"172.217.10.33\", \"52.8.229.108\", \"192.168.10.12\", \"64.147.131.201\", \"172.217.12.206\", \"68.67.180.12\", \"172.217.10.134\", \"38.69.238.16\", \"172.217.10.142\", \"192.168.10.3\", \"172.217.6.202\"], \"funcEdges\": [[1.0, 0.0, 0.0, 0.0, 0.0, 0.0, 0.0, 0.0, 0.0, 0.0, 0.0, 0.0, 0.0, 0.0, 0.0, 0.0, 0.0, 0.0, 0.0, 0.0, 0.0, 0.0, 0.0, 0.0, 0.0, 0.0, 0.0, 0.0, 0.0, 0.0, 0.0, 0.0, 0.0, 0.0, 0.0, 0.0, 0.0, 0.0, 0.0, 0.0, 0.0, 0.0, 0.0, 0.0, 0.0, 0.0, 0.0, 0.0, 0.0, 0.0, 0.0, 0.0, 0.0, 0.0, 0.0, 0.0, 0.0, 0.0, 0.0, 0.0, 0.0, 0.0, 0.0, 0.0, 0.0, 0.0, 0.0, 0.0, 0.0, 0.0, 0.0, 0.0, 0.0, 0.0, 0.0, 0.0, 0.0, 0.0, 0.0, 0.0, 0.0, 0.0, 0.0, 0.0], [0.0, 1.0, 0.0, 0.0, 0.0, 0.0, 0.0, 0.0, 0.0, 0.0, 0.0, 0.0, 0.0, 0.0, 0.0, 0.0, 0.0, 0.0, 0.0, 0.0, 0.0, 0.0, 0.0, 0.0, 0.0, 0.0, 0.0, 0.0, 0.0, 0.0, 0.0, 0.0, 0.0, 0.0, 0.0, 0.0, 0.0, 0.0, 0.0, 0.0, 0.0, 0.0, 0.0, 0.0, 0.0, 0.0, 0.0, 0.0, 0.0, 0.0, 0.0, 0.0, 0.0, 0.0, 0.0, 0.0, 0.0, 0.0, 0.0, 0.0, 0.0, 0.0, 0.0, 0.0, 0.0, 0.0, 0.0, 0.0, 0.0, 0.0, 0.0, 0.0, 0.0, 0.0, 0.0, 0.0, 0.0, 0.0, 0.0, 0.0, 0.0, 0.0, 0.0, 0.0], [0.0, 0.0, 1.0, 0.0, 0.0, 0.0, 0.0, 0.0, 0.0, 0.0, 0.0, 0.0, 0.0, 0.0, 0.0, 0.0, 0.0, 0.0, 0.0, 0.0, 0.0, 0.0, 0.0, 0.0, 0.0, 0.0, 0.0, 0.0, 0.0, 0.0, 0.0, 0.0, 0.0, 0.0, 0.0, 0.0, 0.0, 0.0, 0.0, 0.0, 0.0, 0.0, 0.0, 0.0, 0.0, 0.0, 0.0, 0.0, 0.0, 0.0, 0.0, 0.0, 0.0, 0.0, 0.0, 0.0, 0.0, 0.0, 0.0, 0.0, 0.0, 0.0, 0.0, 0.0, 0.0, 0.0, 0.0, 0.0, 0.0, 0.0, 0.0, 0.0, 0.0, 0.0, 0.0, 0.0, 0.0, 0.0, 0.0, 0.0, 0.0, 0.0, 0.0, 0.0], [0.0, 0.0, 0.0, 1.0, 0.0, 0.0, 0.0, 0.0, 0.0, 0.3394340150709899, 0.0, 0.5745789161546915, 0.003827679804588453, 0.0, 0.4684308112782448, 0.0, 0.0, 0.5200271071753744, 0.008442529849229927, 0.5871838806150493, 0.34868998773582904, 0.00019552192142906422, 0.0006246839134169289, 0.0, 0.02396365918275631, 0.2405465256885225, 0.0, 0.004459760952155209, 0.0, 0.5883601126449413, 0.0, 0.16654364254767764, 0.0, 0.005207283173111652, 0.0, 0.0, 0.0, 0.0, 0.0, 0.6003929201567392, 0.14209839537661373, 0.16158242285680188, 0.0, 0.36291059151992044, 0.5068444693555519, 0.0004583037306023544, 0.005052692494641364, 0.41534751707816125, 0.0, 0.0, 0.0, 0.0, 0.0037777578806823973, 0.6872832891436977, 0.0, 0.2652959367565602, 0.0, 0.20276216993551358, 0.0, 0.005826212911662162, 0.01704645898333292, 0.8066602209153898, 0.0, 0.007006529808626682, 0.0, 0.0, 0.0, 0.0011553840432355403, 0.0, 0.4906301821954794, 0.0003623350184371813, 0.0, 0.005447224362337983, 0.0, 0.0, 0.2916938904750052, 0.0, 0.105483315351704, 0.0011358857812299658, 0.0, 1.65199572286306e-05, 0.3690424814692943, 0.6051050258555483, 0.0], [0.0, 0.0, 0.0, 0.0, 1.0, 0.0, 0.0, 0.0, 0.0, 0.0, 0.0, 0.0, 0.0, 0.0, 0.0, 0.0, 0.0, 0.0, 0.0, 0.0, 0.0, 0.0, 0.0, 0.0, 0.0, 0.0, 0.0, 0.0, 0.0, 0.0, 0.0, 0.0, 0.0, 0.0, 0.0, 0.0, 0.0, 0.0, 0.0, 0.0, 0.0, 0.0, 0.0, 0.0, 0.0, 0.0, 0.0, 0.0, 0.0, 0.0, 0.0, 0.0, 0.0, 0.0, 0.0, 0.0, 0.0, 0.0, 0.0, 0.0, 0.0, 0.0, 0.0, 0.0, 0.0, 0.0, 0.0, 0.0, 0.0, 0.0, 0.0, 0.0, 0.0, 0.0, 0.0, 0.0, 0.0, 0.0, 0.0, 0.0, 0.0, 0.0, 0.0, 0.0], [0.0, 0.0, 0.0, 0.0, 0.0, 1.0, 0.0, 0.0, 0.0, 0.0, 0.0, 0.0, 0.0, 0.0, 0.0, 0.0, 0.0, 0.0, 0.0, 0.0, 0.0, 0.0, 0.0, 0.0, 0.0, 0.0, 0.0, 0.0, 0.0, 0.0, 0.0, 0.0, 0.0, 0.0, 0.0, 0.0, 0.0, 0.0, 0.0, 0.0, 0.0, 0.0, 0.0, 0.0, 0.0, 0.0, 0.0, 0.0, 0.0, 0.0, 0.0, 0.0, 0.0, 0.0, 0.0, 0.0, 0.0, 0.0, 0.0, 0.0, 0.0, 0.0, 0.0, 0.0, 0.0, 0.0, 0.0, 0.0, 0.0, 0.0, 0.0, 0.0, 0.0, 0.0, 0.0, 0.0, 0.0, 0.0, 0.0, 0.0, 0.0, 0.0, 0.0, 0.0], [0.0, 0.0, 0.0, 0.0, 0.0, 0.0, 1.0, 0.0, 0.0, 0.0, 0.0, 0.0, 0.0, 0.0, 0.0, 0.0, 0.0, 0.0, 0.0, 0.0, 0.0, 0.0, 0.0, 0.0, 0.0, 0.0, 0.0, 0.0, 0.0, 0.0, 0.0, 0.0, 0.0, 0.0, 0.0, 0.0, 0.0, 0.0, 0.0, 0.0, 0.0, 0.0, 0.0, 0.0, 0.0, 0.0, 0.0, 0.0, 0.0, 0.0, 0.0, 0.0, 0.0, 0.0, 0.0, 0.0, 0.0, 0.0, 0.0, 0.0, 0.0, 0.0, 0.0, 0.0, 0.0, 0.0, 0.0, 0.0, 0.0, 0.0, 0.0, 0.0, 0.0, 0.0, 0.0, 0.0, 0.0, 0.0, 0.0, 0.0, 0.0, 0.0, 0.0, 0.0], [0.0, 0.0, 0.0, 0.0, 0.0, 0.0, 0.0, 1.0, 0.0, 0.0, 0.0, 0.0, 0.0, 0.0, 0.0, 0.0, 0.0, 0.0, 0.0, 0.0, 0.0, 0.0, 0.0, 0.0, 0.0, 0.0, 0.0, 0.0, 0.0, 0.0, 0.0, 0.0, 0.0, 0.0, 0.0, 0.0, 0.0, 0.0, 0.0, 0.0, 0.0, 0.0, 0.0, 0.0, 0.0, 0.0, 0.0, 0.0, 0.0, 0.0, 0.0, 0.0, 0.0, 0.0, 0.0, 0.0, 0.0, 0.0, 0.0, 0.0, 0.0, 0.0, 0.0, 0.0, 0.0, 0.0, 0.0, 0.0, 0.0, 0.0, 0.0, 0.0, 0.0, 0.0, 0.0, 0.0, 0.0, 0.0, 0.0, 0.0, 0.0, 0.0, 0.0, 0.0], [0.0, 0.0, 0.0, 0.0, 0.0, 0.0, 0.0, 0.0, 1.0, 0.0, 0.0, 0.0, 0.0, 0.0, 0.0, 0.0, 0.0, 0.0, 0.0, 0.0, 0.0, 0.0, 0.0, 0.0, 0.0, 0.0, 0.0, 0.0, 0.0, 0.0, 0.0, 0.0, 0.0, 0.0, 0.0, 0.0, 0.0, 0.0, 0.0, 0.0, 0.0, 0.0, 0.0, 0.0, 0.0, 0.0, 0.0, 0.0, 0.0, 0.0, 0.0, 0.0, 0.0, 0.0, 0.0, 0.0, 0.0, 0.0, 0.0, 0.0, 0.0, 0.0, 0.0, 0.0, 0.0, 0.0, 0.0, 0.0, 0.0, 0.0, 0.0, 0.0, 0.0, 0.0, 0.0, 0.0, 0.0, 0.0, 0.0, 0.0, 0.0, 0.0, 0.0, 0.0], [0.0, 0.0, 0.0, 0.3394340150709899, 0.0, 0.0, 0.0, 0.0, 0.0, 1.0, 0.0, 0.5973333238054331, 0.0040879282662353335, 0.0, 0.272373940282129, 0.0, 0.0, 0.26699787509301415, 0.006268197887309233, 0.4638590718117285, 0.2960382711744637, 0.0003066237612976233, 0.0014405452959552656, 0.0, 0.024116988535665296, 0.22188078398988026, 0.0, 0.021772520232818927, 0.0, 0.3751290192834781, 0.0, 0.14353893486280234, 0.0, 0.0024662987882833162, 0.0, 0.0, 0.0, 0.0, 0.0, 0.41546042369392083, 0.05645203205698707, 0.02145087101483601, 0.0, 0.14428225166162362, 0.4487827497594814, 0.0002831311678239128, 0.0020357011402226386, 0.23719763938171598, 0.0, 0.0, 0.0, 0.0, 0.0020024749262282857, 0.44603924008605744, 0.0, 0.2147371378022347, 0.0, 0.5033664760403439, 0.0, 0.002849213654849133, 0.010677530447464313, 0.2450260548808697, 0.0, 0.006956090802826439, 0.0, 0.0, 0.0, 0.0017829510335454627, 0.0, 0.7087498031639439, 0.000604574378064314, 0.0, 0.0016272716309143958, 0.0, 0.0, 0.5948881890764699, 0.0, 0.04226894223504477, 0.0035979797931868967, 0.0, 6.103515624999999e-05, 0.2360691092100075, 0.27443154600448777, 0.0], [0.0, 0.0, 0.0, 0.0, 0.0, 0.0, 0.0, 0.0, 0.0, 0.0, 1.0, 0.0, 0.0, 0.0, 0.0, 0.0, 0.0, 0.0, 0.0, 0.0, 0.0, 0.0, 0.0, 0.0, 0.0, 0.0, 0.0, 0.0, 0.0, 0.0, 0.0, 0.0, 0.0, 0.0, 0.0, 0.0, 0.0, 0.0, 0.0, 0.0, 0.0, 0.0, 0.0, 0.0, 0.0, 0.0, 0.0, 0.0, 0.0, 0.0, 0.0, 0.0, 0.0, 0.0, 0.0, 0.0, 0.0, 0.0, 0.0, 0.0, 0.0, 0.0, 0.0, 0.0, 0.0, 0.0, 0.0, 0.0, 0.0, 0.0, 0.0, 0.0, 0.0, 0.0, 0.0, 0.0, 0.0, 0.0, 0.0, 0.0, 0.0, 0.0, 0.0, 0.0], [0.0, 0.0, 0.0, 0.5745789161546915, 0.0, 0.0, 0.0, 0.0, 0.0, 0.5973333238054331, 0.0, 1.0, 0.0056647967736956255, 0.0, 0.405717759830409, 0.0, 0.0, 0.4081910189653818, 0.007468048528345652, 0.3497643485602068, 0.25320284526683545, 0.0008018445343584825, 0.00154292917619819, 0.0, 0.013218089893378826, 0.38841580846541424, 0.0, 0.017094175781842035, 0.0, 0.43055683395725786, 0.0, 0.17961513159861878, 0.0, 0.005820977780495577, 0.0, 0.0, 0.0, 0.0, 0.0, 0.433104189280034, 0.015624999999999998, 0.10603042862598923, 0.0, 0.2938930458366844, 0.42896009068451546, 0.0012660738823285318, 0.004605610817918725, 0.20844697490581704, 0.0, 0.0, 0.0, 0.0, 0.0038884819021614576, 0.5195277072794229, 0.0, 0.1736637957870012, 0.0, 0.47285907754773454, 0.0, 0.010043349777765751, 0.016925302468053953, 0.46104922218212463, 0.0, 0.010278393959745282, 0.0, 0.0, 0.0, 0.0066454848147840554, 0.0, 0.5793823510465386, 0.0011542484660912627, 0.0, 0.004304192669036081, 0.0, 0.0, 0.3671461233784782, 0.0, 0.15791648144323206, 0.007453311305248986, 0.0, 9.85472023122255e-05, 0.23585772559513382, 0.34498516578611577, 0.0], [0.0, 0.0, 0.0, 0.003827679804588453, 0.0, 0.0, 0.0, 0.0, 0.0, 0.0040879282662353335, 0.0, 0.0056647967736956255, 1.0, 0.0, 0.0, 0.0, 0.0, 0.005527506379219826, 0.0029296875, 0.003964766788178054, 0.0019531250000000004, 0.0, 0.0, 0.0, 0.0, 0.0, 0.0, 0.009167797089744871, 0.0, 0.0026001144670347353, 0.0, 0.0, 0.0, 0.0, 0.0, 0.0, 0.0, 0.0, 0.0, 0.0026430558925247785, 0.0, 0.0, 0.0, 0.0, 0.005731761534380908, 0.0, 0.00390625, 0.0, 0.0, 0.0, 0.0, 0.0, 0.00390625, 0.005978008920007988, 0.0, 0.00317496378136556, 0.0, 0.0021927398413586385, 0.0, 0.0009765624999999998, 0.0019531249999999996, 0.006871918749187021, 0.0, 0.001953125, 0.0, 0.0, 0.0, 0.0019531249999999998, 0.0, 0.003653228474938648, 0.0, 0.0, 0.00390625, 0.0, 0.0, 0.003329206520826352, 0.0, 0.0019531249999999998, 0.004396165087008525, 0.0, 0.0, 0.0, 0.007369702139112274, 0.0], [0.0, 0.0, 0.0, 0.0, 0.0, 0.0, 0.0, 0.0, 0.0, 0.0, 0.0, 0.0, 0.0, 1.0, 0.0, 0.0, 0.0, 0.0, 0.0, 0.0, 0.0, 0.0, 0.0, 0.0, 0.0, 0.0, 0.0, 0.0, 0.0, 0.0, 0.0, 0.0, 0.0, 0.0, 0.0, 0.0, 0.0, 0.0, 0.0, 0.0, 0.0, 0.0, 0.0, 0.0, 0.0, 0.0, 0.0, 0.0, 0.0, 0.0, 0.0, 0.0, 0.0, 0.0, 0.0, 0.0, 0.0, 0.0, 0.0, 0.0, 0.0, 0.0, 0.0, 0.0, 0.0, 0.0, 0.0, 0.0, 0.0, 0.0, 0.0, 0.0, 0.0, 0.0, 0.0, 0.0, 0.0, 0.0, 0.0, 0.0, 0.0, 0.0, 0.0, 0.0], [0.0, 0.0, 0.0, 0.4684308112782448, 0.0, 0.0, 0.0, 0.0, 0.0, 0.272373940282129, 0.0, 0.405717759830409, 0.0, 0.0, 1.0, 0.0, 0.0, 0.35642167741725184, 0.0, 0.2585592469827397, 0.5625, 0.0, 0.0, 0.0, 0.0, 0.602135544284827, 0.0, 0.0, 0.0, 0.19750274161340414, 0.0, 0.375, 0.0, 0.0, 0.0, 0.0, 0.0, 0.0, 0.0, 0.24694795028647187, 0.046874999999999986, 0.25, 0.0, 0.37499999999999994, 0.11238116794440843, 0.0, 0.0, 0.127279590934051, 0.0, 0.0, 0.0, 0.0, 0.0, 0.2235908038420698, 0.0, 0.516599495862343, 0.0, 0.12499999999999997, 0.0, 0.0, 0.0, 0.36477265802558645, 0.0, 0.0, 0.0, 0.0, 0.0, 0.0, 0.0, 0.2145638743097092, 0.0, 0.0, 0.0, 0.0, 0.0, 0.3098505579100758, 0.0, 0.09375, 0.0, 0.0, 0.0, 0.27274672901248614, 0.3632276342568257, 0.0], [0.0, 0.0, 0.0, 0.0, 0.0, 0.0, 0.0, 0.0, 0.0, 0.0, 0.0, 0.0, 0.0, 0.0, 0.0, 1.0, 0.0, 0.0, 0.0, 0.0, 0.0, 0.0, 0.0, 0.0, 0.0, 0.0, 0.0, 0.0, 0.0, 0.0, 0.0, 0.0, 0.0, 0.0, 0.0, 0.0, 0.0, 0.0, 0.0, 0.0, 0.0, 0.0, 0.0, 0.0, 0.0, 0.0, 0.0, 0.0, 0.0, 0.0, 0.0, 0.0, 0.0, 0.0, 0.0, 0.0, 0.0, 0.0, 0.0, 0.0, 0.0, 0.0, 0.0, 0.0, 0.0, 0.0, 0.0, 0.0, 0.0, 0.0, 0.0, 0.0, 0.0, 0.0, 0.0, 0.0, 0.0, 0.0, 0.0, 0.0, 0.0, 0.0, 0.0, 0.0], [0.0, 0.0, 0.0, 0.0, 0.0, 0.0, 0.0, 0.0, 0.0, 0.0, 0.0, 0.0, 0.0, 0.0, 0.0, 0.0, 1.0, 0.0, 0.0, 0.0, 0.0, 0.0, 0.0, 0.0, 0.0, 0.0, 0.0, 0.0, 0.0, 0.0, 0.0, 0.0, 0.0, 0.0, 0.0, 0.0, 0.0, 0.0, 0.0, 0.0, 0.0, 0.0, 0.0, 0.0, 0.0, 0.0, 0.0, 0.0, 0.0, 0.0, 0.0, 0.0, 0.0, 0.0, 0.0, 0.0, 0.0, 0.0, 0.0, 0.0, 0.0, 0.0, 0.0, 0.0, 0.0, 0.0, 0.0, 0.0, 0.0, 0.0, 0.0, 0.0, 0.0, 0.0, 0.0, 0.0, 0.0, 0.0, 0.0, 0.0, 0.0, 0.0, 0.0, 0.0], [0.0, 0.0, 0.0, 0.5200271071753744, 0.0, 0.0, 0.0, 0.0, 0.0, 0.26699787509301415, 0.0, 0.4081910189653818, 0.005527506379219826, 0.0, 0.35642167741725184, 0.0, 0.0, 1.0, 0.007419692316896628, 0.7296222442579341, 0.24225198764118022, 0.0007178126289361204, 0.001385690281132192, 0.0, 0.012033446979340666, 0.32943703025055837, 0.0, 0.018820832370251048, 0.0, 0.7006229569038169, 0.0, 0.20647010174964406, 0.0, 0.007492872147519175, 0.0, 0.0, 0.0, 0.0, 0.0, 0.6366865200879255, 0.06480339607640487, 0.1379985307392311, 0.0, 0.272754533327233, 0.6818416810692447, 0.0006233372267563744, 0.005382607446679885, 0.6363749706724854, 0.0, 0.0, 0.0, 0.0, 0.004311477031722396, 0.6925584378170948, 0.0, 0.6262790441117905, 0.0, 0.12401450830703052, 0.0, 0.00901799694373991, 0.0038666266344614024, 0.5115426414629547, 0.0, 0.012257984745499297, 0.0, 0.0, 0.0, 0.005429249601612463, 0.0, 0.1854369195254737, 0.0007975600858773639, 0.0, 0.005232418615891551, 0.0, 0.0, 0.2905079948383128, 0.0, 0.10979517991120999, 0.0059353440112837365, 0.0, 4.4252113731721546e-05, 0.6814686604816795, 0.7588119645492237, 0.0], [0.0, 0.0, 0.0, 0.008442529849229927, 0.0, 0.0, 0.0, 0.0, 0.0, 0.006268197887309233, 0.0, 0.007468048528345652, 0.0029296875, 0.0, 0.0, 0.0, 0.0, 0.007419692316896628, 1.0, 0.00627318688497505, 0.001953125, 0.0005506870593428862, 0.0007615002621504891, 0.0, 0.0, 0.0, 0.0, 0.00584407199269933, 0.0, 0.0021674601005896546, 0.0, 0.0, 0.0, 0.00012207031249999999, 0.0, 0.0, 0.0, 0.0, 0.0, 0.009275491989959585, 0.0, 0.0010287523182051514, 0.0, 0.0, 0.0054671389064852045, 0.0011658428042433796, 0.0026584572972127474, 0.0, 0.0, 0.0, 0.0, 0.0, 0.0012927987438043124, 0.0039783984922532704, 0.0, 0.011747027400096205, 0.0, 0.0021927398413586394, 0.0, 0.004028320312499999, 0.0019531250000000004, 0.010784317528525898, 0.0, 0.002970816855650838, 0.0, 0.0, 0.0, 0.001953125, 0.0, 0.006941693404619182, 0.00039587745657515837, 0.0, 0.0016751101671665337, 0.0, 0.0, 0.009975986006860227, 0.0, 0.002053154839409722, 0.003183429890592381, 0.0, 6.103515625e-05, 0.0, 0.004575503106834831, 0.0], [0.0, 0.0, 0.0, 0.5871838806150493, 0.0, 0.0, 0.0, 0.0, 0.0, 0.4638590718117285, 0.0, 0.3497643485602068, 0.003964766788178054, 0.0, 0.2585592469827397, 0.0, 0.0, 0.7296222442579341, 0.00627318688497505, 1.0, 0.3488181795682795, 0.000970223955995118, 0.0006474085538795731, 0.0, 0.02631739172885616, 0.24942782290734133, 0.0, 0.02271973677734287, 0.0, 0.6902052787976544, 0.0, 0.12899316328644583, 0.0, 0.0017239581763842584, 0.0, 0.0, 0.0, 0.0, 0.0, 0.7117086591829593, 0.09740549867440401, 0.04961173323816778, 0.0, 0.17182929057908466, 0.7145398215319203, 0.0008352517490871946, 0.0014053586187328625, 0.6095034581903119, 0.0, 0.0, 0.0, 0.0, 0.001021617426087548, 0.6443151345112418, 0.0, 0.5576869066127259, 0.0, 0.1274718978424163, 0.0, 0.005256316306751871, 0.00779200073924089, 0.6526372809467894, 0.0, 0.006245310902269579, 0.0, 0.0, 0.0, 0.0013790493176271494, 0.0, 0.32808772614679926, 0.0009500228874196877, 0.0, 0.0009771127883860407, 0.0, 0.0, 0.26102757294211987, 0.0, 0.07019513589289272, 0.0042546406650838045, 0.0, 0.00014950498918354357, 0.6662976883023402, 0.640021546210988, 0.0], [0.0, 0.0, 0.0, 0.34868998773582904, 0.0, 0.0, 0.0, 0.0, 0.0, 0.2960382711744637, 0.0, 0.25320284526683545, 0.0019531250000000004, 0.0, 0.5625, 0.0, 0.0, 0.24225198764118022, 0.001953125, 0.3488181795682795, 1.0, 0.0, 0.0, 0.0, 0.0, 0.4146355442848271, 0.0, 0.002390850281840333, 0.0, 0.19210331554339805, 0.0, 0.0625, 0.0, 0.0, 0.0, 0.0, 0.0, 0.0, 0.0, 0.21082449497853048, 0.0, 0.0625, 0.0, 0.1875, 0.14810841882219986, 0.0, 0.0, 0.07160625415911394, 0.0, 0.0, 0.0, 0.0, 0.0, 0.06596642981669124, 0.0, 0.5922771631944559, 0.0, 0.12719273984135862, 0.0, 0.0, 0.001953125, 0.2977138914948269, 0.0, 0.0019531250000000004, 0.0, 0.0, 0.0, 0.0078125, 0.0, 0.2143840277907428, 0.0, 0.0, 0.0, 0.0, 0.0, 0.18118880098157056, 0.0, 0.0019531249999999998, 0.005154124584768616, 0.0, 0.0, 0.23506534040925092, 0.14744531601417935, 0.0], [0.0, 0.0, 0.0, 0.00019552192142906422, 0.0, 0.0, 0.0, 0.0, 0.0, 0.0003066237612976233, 0.0, 0.0008018445343584825, 0.0, 0.0, 0.0, 0.0, 0.0, 0.0007178126289361204, 0.0005506870593428862, 0.000970223955995118, 0.0, 1.0, 0.0, 0.0, 0.0, 0.0, 0.0, 0.0010845068902997825, 0.0, 0.0009988999002079886, 0.0, 0.0, 0.0, 0.0, 0.0, 0.0, 0.0, 0.0, 0.0, 0.0006240564495271538, 0.0, 0.0010941174997533241, 0.0, 0.0, 0.0006835698353955317, 0.00036621093749999995, 0.0005471322369389619, 0.0, 0.0, 0.0, 0.0, 0.0, 0.0008544921874999999, 7.499065527352232e-05, 0.0, 8.247800377753984e-05, 0.0, 0.0, 0.0, 0.0, 0.0, 0.0009082062562843055, 0.0, 7.499065527352232e-05, 0.0, 0.0, 0.0, 0.0, 0.0, 0.0010149950442410812, 0.0, 0.0, 0.0, 0.0, 0.0, 0.0005515501151719617, 0.0, 0.00012122531534158476, 0.0, 0.0, 7.49906552735223e-05, 0.0, 0.0004438382217276241, 0.0], [0.0, 0.0, 0.0, 0.0006246839134169289, 0.0, 0.0, 0.0, 0.0, 0.0, 0.0014405452959552656, 0.0, 0.00154292917619819, 0.0, 0.0, 0.0, 0.0, 0.0, 0.001385690281132192, 0.0007615002621504891, 0.0006474085538795731, 0.0, 0.0, 1.0, 0.0, 0.0, 0.0, 0.0, 0.000461691758838821, 0.0, 0.00017174387343178336, 0.0, 0.0, 0.0, 0.0001220703125, 0.0, 0.0, 0.0, 0.0, 0.0, 0.00027295751678464226, 0.0, 0.0006103515625, 0.0, 0.0, 5.7500146873451594e-05, 0.00019105057769519798, 0.0006374853807719102, 0.0, 0.0, 0.0, 0.0, 0.0, 0.00012207031249999999, 0.0019531249999999993, 0.0, 0.0, 0.0, 0.0, 0.0, 0.0001220703125, 0.0, 0.0013362203551515281, 0.0, 0.0009765625, 0.0, 0.0, 0.0, 0.0, 0.0, 0.00038073112630762065, 0.0005659232496066028, 0.0, 0.0007762620223465981, 0.0, 0.0, 0.0024016256925324295, 0.0, 0.0, 0.0, 0.0, 0.0, 0.0, 0.0014208970886804679, 0.0], [0.0, 0.0, 0.0, 0.0, 0.0, 0.0, 0.0, 0.0, 0.0, 0.0, 0.0, 0.0, 0.0, 0.0, 0.0, 0.0, 0.0, 0.0, 0.0, 0.0, 0.0, 0.0, 0.0, 1.0, 0.0, 0.0, 0.0, 0.0, 0.0, 0.0, 0.0, 0.0, 0.0, 0.0, 0.0, 0.0, 0.0, 0.0, 0.0, 0.0, 0.0, 0.0, 0.0, 0.0, 0.0, 0.0, 0.0, 0.0, 0.0, 0.0, 0.0, 0.0, 0.0, 0.0, 0.0, 0.0, 0.0, 0.0, 0.0, 0.0, 0.0, 0.0, 0.0, 0.0, 0.0, 0.0, 0.0, 0.0, 0.0, 0.0, 0.0, 0.0, 0.0, 0.0, 0.0, 0.0, 0.0, 0.0, 0.0, 0.0, 0.0, 0.0, 0.0, 0.0], [0.0, 0.0, 0.0, 0.02396365918275631, 0.0, 0.0, 0.0, 0.0, 0.0, 0.024116988535665296, 0.0, 0.013218089893378826, 0.0, 0.0, 0.0, 0.0, 0.0, 0.012033446979340666, 0.0, 0.02631739172885616, 0.0, 0.0, 0.0, 0.0, 1.0, 0.0, 0.0, 0.007932866275353183, 0.0, 0.016077992357110202, 0.0, 0.0, 0.0, 0.0, 0.0, 0.0, 0.0, 0.0, 0.0, 0.012757759076995718, 0.0, 0.0, 0.0, 0.0, 0.018919515198233573, 0.0, 0.0, 0.0, 0.0, 0.0, 0.0, 0.0, 0.0, 0.00143960827364566, 0.0, 0.010174669630139379, 0.0, 0.0, 0.0, 0.0, 0.0, 0.014410445747389446, 0.0, 0.0, 0.0, 0.0, 0.0, 0.0, 0.0, 0.0006413546252100005, 0.0, 0.0, 0.0, 0.0, 0.0, 0.0143971676394422, 0.0, 0.01711176739232136, 0.0, 0.0, 0.0, 0.0, 0.010159738778847056, 0.0], [0.0, 0.0, 0.0, 0.2405465256885225, 0.0, 0.0, 0.0, 0.0, 0.0, 0.22188078398988026, 0.0, 0.38841580846541424, 0.0, 0.0, 0.602135544284827, 0.0, 0.0, 0.32943703025055837, 0.0, 0.24942782290734133, 0.4146355442848271, 0.0, 0.0, 0.0, 0.0, 1.0, 0.0, 0.0, 0.0, 0.22871036937556707, 0.0, 0.25, 0.0, 0.0, 0.0, 0.0, 0.0, 0.0, 0.0, 0.23255552713456348, 0.0, 0.25, 0.0, 0.5056600526999429, 0.18068389349058586, 0.0, 0.0, 0.3412648311957227, 0.0, 0.0, 0.0, 0.0, 0.0, 0.22236173242072202, 0.0, 0.4158837206834166, 0.0, 0.20259853232825664, 0.0, 0.0, 0.0, 0.1389252119194922, 0.0, 0.0, 0.0, 0.0, 0.0, 0.0, 0.0, 0.22403585547107027, 0.0, 0.0, 0.0, 0.0, 0.0, 0.3323890236762941, 0.0, 0.0, 0.0, 0.0, 0.0, 0.31313933012797895, 0.3863647983241014, 0.0], [0.0, 0.0, 0.0, 0.0, 0.0, 0.0, 0.0, 0.0, 0.0, 0.0, 0.0, 0.0, 0.0, 0.0, 0.0, 0.0, 0.0, 0.0, 0.0, 0.0, 0.0, 0.0, 0.0, 0.0, 0.0, 0.0, 1.0, 0.0, 0.0, 0.0, 0.0, 0.0, 0.0, 0.0, 0.0, 0.0, 0.0, 0.0, 0.0, 0.0, 0.0, 0.0, 0.0, 0.0, 0.0, 0.0, 0.0, 0.0, 0.0, 0.0, 0.0, 0.0, 0.0, 0.0, 0.0, 0.0, 0.0, 0.0, 0.0, 0.0, 0.0, 0.0, 0.0, 0.0, 0.0, 0.0, 0.0, 0.0, 0.0, 0.0, 0.0, 0.0, 0.0, 0.0, 0.0, 0.0, 0.0, 0.0, 0.0, 0.0, 0.0, 0.0, 0.0, 0.0], [0.0, 0.0, 0.0, 0.004459760952155209, 0.0, 0.0, 0.0, 0.0, 0.0, 0.021772520232818927, 0.0, 0.017094175781842035, 0.009167797089744871, 0.0, 0.0, 0.0, 0.0, 0.018820832370251048, 0.00584407199269933, 0.02271973677734287, 0.002390850281840333, 0.0010845068902997825, 0.000461691758838821, 0.0, 0.007932866275353183, 0.0, 0.0, 1.0, 0.0, 0.028135368704418406, 0.0, 0.0, 0.0, 0.006018480776257669, 0.0, 0.0, 0.0, 0.0, 0.0, 0.02679250057846126, 0.0, 0.00201920515450369, 0.0, 0.0, 0.01573486369659622, 0.0005070170507767823, 0.002209766342850553, 0.0, 0.0, 0.0, 0.0, 0.0, 0.002816106921109722, 0.04180251843982816, 0.0, 0.013832981987478404, 0.0, 0.002187098618116291, 0.0, 0.004389327694606452, 0.002093387790272634, 0.023344353997086214, 0.0, 0.008223243590825734, 0.0, 0.0, 0.0, 0.002390850281840334, 0.0, 0.03628110512000325, 0.0004152677379896901, 0.0, 0.0024129534828238233, 0.0, 0.0, 0.01687480583212829, 0.0, 0.014798179548098513, 0.0040068503960296355, 0.0, 0.0001455866485245395, 0.0, 0.012550152502965576, 0.0], [0.0, 0.0, 0.0, 0.0, 0.0, 0.0, 0.0, 0.0, 0.0, 0.0, 0.0, 0.0, 0.0, 0.0, 0.0, 0.0, 0.0, 0.0, 0.0, 0.0, 0.0, 0.0, 0.0, 0.0, 0.0, 0.0, 0.0, 0.0, 1.0, 0.0, 0.0, 0.0, 0.0, 0.0, 0.0, 0.0, 0.0, 0.0, 0.0, 0.0, 0.0, 0.0, 0.0, 0.0, 0.0, 0.0, 0.0, 0.0, 0.0, 0.0, 0.0, 0.0, 0.0, 0.0, 0.0, 0.0, 0.0, 0.0, 0.0, 0.0, 0.0, 0.0, 0.0, 0.0, 0.0, 0.0, 0.0, 0.0, 0.0, 0.0, 0.0, 0.0, 0.0, 0.0, 0.0, 0.0, 0.0, 0.0, 0.0, 0.0, 0.0, 0.0, 0.0, 0.0], [0.0, 0.0, 0.0, 0.5883601126449413, 0.0, 0.0, 0.0, 0.0, 0.0, 0.3751290192834781, 0.0, 0.43055683395725786, 0.0026001144670347353, 0.0, 0.19750274161340414, 0.0, 0.0, 0.7006229569038169, 0.0021674601005896546, 0.6902052787976544, 0.19210331554339805, 0.0009988999002079886, 0.00017174387343178336, 0.0, 0.016077992357110202, 0.22871036937556707, 0.0, 0.028135368704418406, 0.0, 1.0, 0.0, 0.04339647615885771, 0.0, 0.0016260451674444975, 0.0, 0.0, 0.0, 0.0, 0.0, 0.7691126985596652, 0.05901792973069756, 0.0351709153565001, 0.0, 0.16005552086911606, 0.7796563587883936, 0.000988247944435734, 0.0036661436686453775, 0.7677463395663036, 0.0, 0.0, 0.0, 0.0, 0.003044798538494395, 0.690134443532763, 0.0, 0.5128911742506099, 0.0, 0.13485381692745563, 0.0, 0.006202532146650751, 0.011309841711939418, 0.6506781047443257, 0.0, 0.010947629889808562, 0.0, 0.0, 0.0, 0.003059843852956414, 0.0, 0.28065742117115233, 0.0009612370170446877, 0.0, 0.0029617969930525114, 0.0, 0.0, 0.2868698057421955, 0.0, 0.11198110210503556, 0.002288539436322269, 0.0, 8.927607932661071e-05, 0.8237893670159266, 0.5792571180688934, 0.0], [0.0, 0.0, 0.0, 0.0, 0.0, 0.0, 0.0, 0.0, 0.0, 0.0, 0.0, 0.0, 0.0, 0.0, 0.0, 0.0, 0.0, 0.0, 0.0, 0.0, 0.0, 0.0, 0.0, 0.0, 0.0, 0.0, 0.0, 0.0, 0.0, 0.0, 1.0, 0.0, 0.0, 0.0, 0.0, 0.0, 0.0, 0.0, 0.0, 0.0, 0.0, 0.0, 0.0, 0.0, 0.0, 0.0, 0.0, 0.0, 0.0, 0.0, 0.0, 0.0, 0.0, 0.0, 0.0, 0.0, 0.0, 0.0, 0.0, 0.0, 0.0, 0.0, 0.0, 0.0, 0.0, 0.0, 0.0, 0.0, 0.0, 0.0, 0.0, 0.0, 0.0, 0.0, 0.0, 0.0, 0.0, 0.0, 0.0, 0.0, 0.0, 0.0, 0.0, 0.0], [0.0, 0.0, 0.0, 0.16654364254767764, 0.0, 0.0, 0.0, 0.0, 0.0, 0.14353893486280234, 0.0, 0.17961513159861878, 0.0, 0.0, 0.375, 0.0, 0.0, 0.20647010174964406, 0.0, 0.12899316328644583, 0.0625, 0.0, 0.0, 0.0, 0.0, 0.25, 0.0, 0.0, 0.0, 0.04339647615885771, 0.0, 1.0, 0.0, 0.0, 0.0, 0.0, 0.0, 0.0, 0.0, 0.1930477066619021, 0.03125000000000001, 0.25, 0.0, 0.25, 0.05989724889859453, 0.0, 0.0, 0.1058526053684313, 0.0, 0.0, 0.0, 0.0, 0.0, 0.17500541148919163, 0.0, 0.09732181769365263, 0.0, 0.0, 0.0, 0.0, 0.0, 0.13354982832927043, 0.0, 0.0, 0.0, 0.0, 0.0, 0.0, 0.0, 0.054625312161275, 0.0, 0.0, 0.0, 0.0, 0.0, 0.19513232025177424, 0.0, 0.03125, 0.0, 0.0, 0.0, 0.0979617413745368, 0.3170379776008968, 0.0], [0.0, 0.0, 0.0, 0.0, 0.0, 0.0, 0.0, 0.0, 0.0, 0.0, 0.0, 0.0, 0.0, 0.0, 0.0, 0.0, 0.0, 0.0, 0.0, 0.0, 0.0, 0.0, 0.0, 0.0, 0.0, 0.0, 0.0, 0.0, 0.0, 0.0, 0.0, 0.0, 1.0, 0.0, 0.0, 0.0, 0.0, 0.0, 0.0, 0.0, 0.0, 0.0, 0.0, 0.0, 0.0, 0.0, 0.0, 0.0, 0.0, 0.0, 0.0, 0.0, 0.0, 0.0, 0.0, 0.0, 0.0, 0.0, 0.0, 0.0, 0.0, 0.0, 0.0, 0.0, 0.0, 0.0, 0.0, 0.0, 0.0, 0.0, 0.0, 0.0, 0.0, 0.0, 0.0, 0.0, 0.0, 0.0, 0.0, 0.0, 0.0, 0.0, 0.0, 0.0], [0.0, 0.0, 0.0, 0.005207283173111652, 0.0, 0.0, 0.0, 0.0, 0.0, 0.0024662987882833162, 0.0, 0.005820977780495577, 0.0, 0.0, 0.0, 0.0, 0.0, 0.007492872147519175, 0.00012207031249999999, 0.0017239581763842584, 0.0, 0.0, 0.0001220703125, 0.0, 0.0, 0.0, 0.0, 0.006018480776257669, 0.0, 0.0016260451674444975, 0.0, 0.0, 0.0, 1.0, 0.0, 0.0, 0.0, 0.0, 0.0, 0.003953744047254764, 0.0, 0.00012207031249999999, 0.0, 0.0, 0.010111976419232666, 0.00012052855237146715, 0.0004797936754233982, 0.0, 0.0, 0.0, 0.0, 0.0, 0.0001220703125, 0.007243904894183096, 0.0, 0.0, 0.0, 0.0, 0.0, 0.015290183317380744, 0.0041266601093814, 0.0037171397424627744, 0.0, 0.015731610726247035, 0.0, 0.0, 0.0, 0.0, 0.0, 0.007832807983592913, 0.0, 0.0, 0.0, 0.0, 0.0, 0.003990523612287794, 0.0, 0.0054440796174882325, 0.0, 0.0, 0.0, 0.0, 0.0002958822936828334, 0.0], [0.0, 0.0, 0.0, 0.0, 0.0, 0.0, 0.0, 0.0, 0.0, 0.0, 0.0, 0.0, 0.0, 0.0, 0.0, 0.0, 0.0, 0.0, 0.0, 0.0, 0.0, 0.0, 0.0, 0.0, 0.0, 0.0, 0.0, 0.0, 0.0, 0.0, 0.0, 0.0, 0.0, 0.0, 1.0, 0.0, 0.0, 0.0, 0.0, 0.0, 0.0, 0.0, 0.0, 0.0, 0.0, 0.0, 0.0, 0.0, 0.0, 0.0, 0.0, 0.0, 0.0, 0.0, 0.0, 0.0, 0.0, 0.0, 0.0, 0.0, 0.0, 0.0, 0.0, 0.0, 0.0, 0.0, 0.0, 0.0, 0.0, 0.0, 0.0, 0.0, 0.0, 0.0, 0.0, 0.0, 0.0, 0.0, 0.0, 0.0, 0.0, 0.0, 0.0, 0.0], [0.0, 0.0, 0.0, 0.0, 0.0, 0.0, 0.0, 0.0, 0.0, 0.0, 0.0, 0.0, 0.0, 0.0, 0.0, 0.0, 0.0, 0.0, 0.0, 0.0, 0.0, 0.0, 0.0, 0.0, 0.0, 0.0, 0.0, 0.0, 0.0, 0.0, 0.0, 0.0, 0.0, 0.0, 0.0, 1.0, 0.0, 0.0, 0.0, 0.0, 0.0, 0.0, 0.0, 0.0, 0.0, 0.0, 0.0, 0.0, 0.0, 0.0, 0.0, 0.0, 0.0, 0.0, 0.0, 0.0, 0.0, 0.0, 0.0, 0.0, 0.0, 0.0, 0.0, 0.0, 0.0, 0.0, 0.0, 0.0, 0.0, 0.0, 0.0, 0.0, 0.0, 0.0, 0.0, 0.0, 0.0, 0.0, 0.0, 0.0, 0.0, 0.0, 0.0, 0.0], [0.0, 0.0, 0.0, 0.0, 0.0, 0.0, 0.0, 0.0, 0.0, 0.0, 0.0, 0.0, 0.0, 0.0, 0.0, 0.0, 0.0, 0.0, 0.0, 0.0, 0.0, 0.0, 0.0, 0.0, 0.0, 0.0, 0.0, 0.0, 0.0, 0.0, 0.0, 0.0, 0.0, 0.0, 0.0, 0.0, 1.0, 0.0, 0.0, 0.0, 0.0, 0.0, 0.0, 0.0, 0.0, 0.0, 0.0, 0.0, 0.0, 0.0, 0.0, 0.0, 0.0, 0.0, 0.0, 0.0, 0.0, 0.0, 0.0, 0.0, 0.0, 0.0, 0.0, 0.0, 0.0, 0.0, 0.0, 0.0, 0.0, 0.0, 0.0, 0.0, 0.0, 0.0, 0.0, 0.0, 0.0, 0.0, 0.0, 0.0, 0.0, 0.0, 0.0, 0.0], [0.0, 0.0, 0.0, 0.0, 0.0, 0.0, 0.0, 0.0, 0.0, 0.0, 0.0, 0.0, 0.0, 0.0, 0.0, 0.0, 0.0, 0.0, 0.0, 0.0, 0.0, 0.0, 0.0, 0.0, 0.0, 0.0, 0.0, 0.0, 0.0, 0.0, 0.0, 0.0, 0.0, 0.0, 0.0, 0.0, 0.0, 1.0, 0.0, 0.0, 0.0, 0.0, 0.0, 0.0, 0.0, 0.0, 0.0, 0.0, 0.0, 0.0, 0.0, 0.0, 0.0, 0.0, 0.0, 0.0, 0.0, 0.0, 0.0, 0.0, 0.0, 0.0, 0.0, 0.0, 0.0, 0.0, 0.0, 0.0, 0.0, 0.0, 0.0, 0.0, 0.0, 0.0, 0.0, 0.0, 0.0, 0.0, 0.0, 0.0, 0.0, 0.0, 0.0, 0.0], [0.0, 0.0, 0.0, 0.0, 0.0, 0.0, 0.0, 0.0, 0.0, 0.0, 0.0, 0.0, 0.0, 0.0, 0.0, 0.0, 0.0, 0.0, 0.0, 0.0, 0.0, 0.0, 0.0, 0.0, 0.0, 0.0, 0.0, 0.0, 0.0, 0.0, 0.0, 0.0, 0.0, 0.0, 0.0, 0.0, 0.0, 0.0, 1.0, 0.0, 0.0, 0.0, 0.0, 0.0, 0.0, 0.0, 0.0, 0.0, 0.0, 0.0, 0.0, 0.0, 0.0, 0.0, 0.0, 0.0, 0.0, 0.0, 0.0, 0.0, 0.0, 0.0, 0.0, 0.0, 0.0, 0.0, 0.0, 0.0, 0.0, 0.0, 0.0, 0.0, 0.0, 0.0, 0.0, 0.0, 0.0, 0.0, 0.0, 0.0, 0.0, 0.0, 0.0, 0.0], [0.0, 0.0, 0.0, 0.6003929201567392, 0.0, 0.0, 0.0, 0.0, 0.0, 0.41546042369392083, 0.0, 0.433104189280034, 0.0026430558925247785, 0.0, 0.24694795028647187, 0.0, 0.0, 0.6366865200879255, 0.009275491989959585, 0.7117086591829593, 0.21082449497853048, 0.0006240564495271538, 0.00027295751678464226, 0.0, 0.012757759076995718, 0.23255552713456348, 0.0, 0.02679250057846126, 0.0, 0.7691126985596652, 0.0, 0.1930477066619021, 0.0, 0.003953744047254764, 0.0, 0.0, 0.0, 0.0, 0.0, 1.0, 0.06209056057772869, 0.14556488903943496, 0.0, 0.31636343764607344, 0.8057371936637525, 0.0004748082893516174, 0.0008719072913211561, 0.6817884417735085, 0.0, 0.0, 0.0, 0.0, 0.0012723387589728486, 0.6970012420546601, 0.0, 0.5102686584403625, 0.0, 0.17375486154762834, 0.0, 0.007181777484002087, 0.0036149231911020577, 0.6090479676035618, 0.0, 0.007141780104004947, 0.0, 0.0, 0.0, 0.0017813414094027438, 0.0, 0.22479063492709522, 0.0, 0.0, 0.0006333373793524522, 0.0, 0.0, 0.2881704234654142, 0.0, 0.16499763536081585, 0.0030806920590278897, 0.0, 6.103515624999999e-05, 0.6069230848368129, 0.709623746346394, 0.0], [0.0, 0.0, 0.0, 0.14209839537661373, 0.0, 0.0, 0.0, 0.0, 0.0, 0.05645203205698707, 0.0, 0.015624999999999998, 0.0, 0.0, 0.046874999999999986, 0.0, 0.0, 0.06480339607640487, 0.0, 0.09740549867440401, 0.0, 0.0, 0.0, 0.0, 0.0, 0.0, 0.0, 0.0, 0.0, 0.05901792973069756, 0.0, 0.03125000000000001, 0.0, 0.0, 0.0, 0.0, 0.0, 0.0, 0.0, 0.06209056057772869, 1.0, 0.0, 0.0, 0.0, 0.041716308615152776, 0.0, 0.0, 0.06360453821957301, 0.0, 0.0, 0.0, 0.0, 0.0, 0.0987372594323665, 0.0, 0.09517745455683119, 0.0, 0.0, 0.0, 0.0, 0.0, 0.09343384159569496, 0.0, 0.0, 0.0, 0.0, 0.0, 0.0, 0.0, 0.15978861607502706, 0.0, 0.0, 0.0, 0.0, 0.0, 0.13143761951908814, 0.0, 0.046875, 0.0, 0.0, 0.0, 0.049960530941497446, 0.12036618700179486, 0.0], [0.0, 0.0, 0.0, 0.16158242285680188, 0.0, 0.0, 0.0, 0.0, 0.0, 0.02145087101483601, 0.0, 0.10603042862598923, 0.0, 0.0, 0.25, 0.0, 0.0, 0.1379985307392311, 0.0010287523182051514, 0.04961173323816778, 0.0625, 0.0010941174997533241, 0.0006103515625, 0.0, 0.0, 0.25, 0.0, 0.00201920515450369, 0.0, 0.0351709153565001, 0.0, 0.25, 0.0, 0.00012207031249999999, 0.0, 0.0, 0.0, 0.0, 0.0, 0.14556488903943496, 0.0, 1.0, 0.0, 0.25, 0.0443100523712379, 0.0007006104616408755, 0.0008852173577336415, 0.06382112040009814, 0.0, 0.0, 0.0, 0.0, 0.0010986328124999998, 0.07686070424653521, 0.0, 0.05714459107170197, 0.0, 0.0, 0.0, 0.00012207031249999999, 0.0, 0.10429048325163702, 0.0, 0.0021362304687500004, 0.0, 0.0, 0.0, 0.0, 0.0, 0.023345588520251908, 0.0005659232496066029, 0.0, 0.0007762620223465981, 0.0, 0.0, 0.17423480588363258, 0.0, 0.00010002983940972223, 0.0, 0.0, 6.1035156249999986e-05, 0.09042052915695227, 0.22085228884904332, 0.0], [0.0, 0.0, 0.0, 0.0, 0.0, 0.0, 0.0, 0.0, 0.0, 0.0, 0.0, 0.0, 0.0, 0.0, 0.0, 0.0, 0.0, 0.0, 0.0, 0.0, 0.0, 0.0, 0.0, 0.0, 0.0, 0.0, 0.0, 0.0, 0.0, 0.0, 0.0, 0.0, 0.0, 0.0, 0.0, 0.0, 0.0, 0.0, 0.0, 0.0, 0.0, 0.0, 1.0, 0.0, 0.0, 0.0, 0.0, 0.0, 0.0, 0.0, 0.0, 0.0, 0.0, 0.0, 0.0, 0.0, 0.0, 0.0, 0.0, 0.0, 0.0, 0.0, 0.0, 0.0, 0.0, 0.0, 0.0, 0.0, 0.0, 0.0, 0.0, 0.0, 0.0, 0.0, 0.0, 0.0, 0.0, 0.0, 0.0, 0.0, 0.0, 0.0, 0.0, 0.0], [0.0, 0.0, 0.0, 0.36291059151992044, 0.0, 0.0, 0.0, 0.0, 0.0, 0.14428225166162362, 0.0, 0.2938930458366844, 0.0, 0.0, 0.37499999999999994, 0.0, 0.0, 0.272754533327233, 0.0, 0.17182929057908466, 0.1875, 0.0, 0.0, 0.0, 0.0, 0.5056600526999429, 0.0, 0.0, 0.0, 0.16005552086911606, 0.0, 0.25, 0.0, 0.0, 0.0, 0.0, 0.0, 0.0, 0.0, 0.31636343764607344, 0.0, 0.25, 0.0, 1.0, 0.19745611186858333, 0.0, 0.0, 0.42635295976642823, 0.0, 0.0, 0.0, 0.0, 0.0, 0.26195601907518107, 0.0, 0.07343319493826761, 0.0, 0.12499999999999997, 0.0, 0.0, 0.0, 0.40163776028267917, 0.0, 0.0, 0.0, 0.0, 0.0, 0.0, 0.0, 0.1464373231428136, 0.0, 0.0, 0.0, 0.0, 0.0, 0.2715157266658416, 0.0, 0.0, 0.0, 0.0, 0.0, 0.18259569676701512, 0.44063010967896854, 0.0], [0.0, 0.0, 0.0, 0.5068444693555519, 0.0, 0.0, 0.0, 0.0, 0.0, 0.4487827497594814, 0.0, 0.42896009068451546, 0.005731761534380908, 0.0, 0.11238116794440843, 0.0, 0.0, 0.6818416810692447, 0.0054671389064852045, 0.7145398215319203, 0.14810841882219986, 0.0006835698353955317, 5.7500146873451594e-05, 0.0, 0.018919515198233573, 0.18068389349058586, 0.0, 0.01573486369659622, 0.0, 0.7796563587883936, 0.0, 0.05989724889859453, 0.0, 0.010111976419232666, 0.0, 0.0, 0.0, 0.0, 0.0, 0.8057371936637525, 0.041716308615152776, 0.0443100523712379, 0.0, 0.19745611186858333, 1.0, 0.0005922640965460181, 0.0059395073258368646, 0.6783686430756385, 0.0, 0.0, 0.0, 0.0, 0.004209837834112874, 0.7838321508940596, 0.0, 0.44761002820761886, 0.0, 0.1553592414296174, 0.0, 0.013641075490120492, 0.014859027202621725, 0.6206347191713717, 0.0, 0.013063641885061473, 0.0, 0.0, 0.0, 0.0018550722545751682, 0.0, 0.3326638967855233, 0.0005081199528589771, 0.0, 0.0042935872741065835, 0.0, 0.0, 0.3197518028221188, 0.0, 0.1395270663906672, 0.003023612141784672, 0.0, 0.00024009157767597135, 0.7315013465880003, 0.6034432284054353, 0.0], [0.0, 0.0, 0.0, 0.0004583037306023544, 0.0, 0.0, 0.0, 0.0, 0.0, 0.0002831311678239128, 0.0, 0.0012660738823285318, 0.0, 0.0, 0.0, 0.0, 0.0, 0.0006233372267563744, 0.0011658428042433796, 0.0008352517490871946, 0.0, 0.00036621093749999995, 0.00019105057769519798, 0.0, 0.0, 0.0, 0.0, 0.0005070170507767823, 0.0, 0.000988247944435734, 0.0, 0.0, 0.0, 0.00012052855237146715, 0.0, 0.0, 0.0, 0.0, 0.0, 0.0004748082893516174, 0.0, 0.0007006104616408755, 0.0, 0.0, 0.0005922640965460181, 1.0, 0.0009850541759409066, 0.0, 0.0, 0.0, 0.0, 0.0, 0.00043519120269519795, 0.0, 0.0, 0.0, 0.0, 0.0, 0.0, 4.6159871120987434e-05, 0.0, 0.0011246655743029645, 0.0, 0.00019105057769519798, 0.0, 0.0, 0.0, 0.0, 0.0, 0.0003758938656899876, 0.0, 0.0, 0.0, 0.0, 0.0, 0.0007190465344528121, 0.0, 0.0, 0.0, 0.0, 0.0, 0.0, 0.00036175890364479896, 0.0], [0.0, 0.0, 0.0, 0.005052692494641364, 0.0, 0.0, 0.0, 0.0, 0.0, 0.0020357011402226386, 0.0, 0.004605610817918725, 0.00390625, 0.0, 0.0, 0.0, 0.0, 0.005382607446679885, 0.0026584572972127474, 0.0014053586187328625, 0.0, 0.0005471322369389619, 0.0006374853807719102, 0.0, 0.0, 0.0, 0.0, 0.002209766342850553, 0.0, 0.0036661436686453775, 0.0, 0.0, 0.0, 0.0004797936754233982, 0.0, 0.0, 0.0, 0.0, 0.0, 0.0008719072913211561, 0.0, 0.0008852173577336415, 0.0, 0.0, 0.0059395073258368646, 0.0009850541759409066, 1.0, 0.0, 0.0, 0.0, 0.0, 0.0, 0.004420208955397885, 0.0038120302766623346, 0.0, 0.0011831690094050444, 0.0, 0.0, 0.0, 0.0011257666307719104, 0.0, 0.005761428917226233, 0.0, 0.0006374853807719103, 0.0, 0.0, 0.0, 0.0, 0.0, 0.0010006457203706354, 0.0005301053224163115, 0.0, 0.005423489407313806, 0.0, 0.0, 0.003171384740543096, 0.0, 0.0, 0.0, 0.0, 0.0, 0.0, 0.0048761136241233325, 0.0], [0.0, 0.0, 0.0, 0.41534751707816125, 0.0, 0.0, 0.0, 0.0, 0.0, 0.23719763938171598, 0.0, 0.20844697490581704, 0.0, 0.0, 0.127279590934051, 0.0, 0.0, 0.6363749706724854, 0.0, 0.6095034581903119, 0.07160625415911394, 0.0, 0.0, 0.0, 0.0, 0.3412648311957227, 0.0, 0.0, 0.0, 0.7677463395663036, 0.0, 0.1058526053684313, 0.0, 0.0, 0.0, 0.0, 0.0, 0.0, 0.0, 0.6817884417735085, 0.06360453821957301, 0.06382112040009814, 0.0, 0.42635295976642823, 0.6783686430756385, 0.0, 0.0, 1.0, 0.0, 0.0, 0.0, 0.0, 0.0, 0.5845629877885321, 0.0, 0.39003724626952996, 0.0, 0.034942827890730596, 0.0, 0.0, 0.0, 0.661648094876937, 0.0, 0.0, 0.0, 0.0, 0.0, 0.0, 0.0, 0.15645784831883036, 0.0, 0.0, 0.0, 0.0, 0.0, 0.25222236942023213, 0.0, 0.050354910074928864, 0.0, 0.0, 0.0, 0.7448415021092372, 0.5662954840299753, 0.0], [0.0, 0.0, 0.0, 0.0, 0.0, 0.0, 0.0, 0.0, 0.0, 0.0, 0.0, 0.0, 0.0, 0.0, 0.0, 0.0, 0.0, 0.0, 0.0, 0.0, 0.0, 0.0, 0.0, 0.0, 0.0, 0.0, 0.0, 0.0, 0.0, 0.0, 0.0, 0.0, 0.0, 0.0, 0.0, 0.0, 0.0, 0.0, 0.0, 0.0, 0.0, 0.0, 0.0, 0.0, 0.0, 0.0, 0.0, 0.0, 1.0, 0.0, 0.0, 0.0, 0.0, 0.0, 0.0, 0.0, 0.0, 0.0, 0.0, 0.0, 0.0, 0.0, 0.0, 0.0, 0.0, 0.0, 0.0, 0.0, 0.0, 0.0, 0.0, 0.0, 0.0, 0.0, 0.0, 0.0, 0.0, 0.0, 0.0, 0.0, 0.0, 0.0, 0.0, 0.0], [0.0, 0.0, 0.0, 0.0, 0.0, 0.0, 0.0, 0.0, 0.0, 0.0, 0.0, 0.0, 0.0, 0.0, 0.0, 0.0, 0.0, 0.0, 0.0, 0.0, 0.0, 0.0, 0.0, 0.0, 0.0, 0.0, 0.0, 0.0, 0.0, 0.0, 0.0, 0.0, 0.0, 0.0, 0.0, 0.0, 0.0, 0.0, 0.0, 0.0, 0.0, 0.0, 0.0, 0.0, 0.0, 0.0, 0.0, 0.0, 0.0, 1.0, 0.0, 0.0, 0.0, 0.0, 0.0, 0.0, 0.0, 0.0, 0.0, 0.0, 0.0, 0.0, 0.0, 0.0, 0.0, 0.0, 0.0, 0.0, 0.0, 0.0, 0.0, 0.0, 0.0, 0.0, 0.0, 0.0, 0.0, 0.0, 0.0, 0.0, 0.0, 0.0, 0.0, 0.0], [0.0, 0.0, 0.0, 0.0, 0.0, 0.0, 0.0, 0.0, 0.0, 0.0, 0.0, 0.0, 0.0, 0.0, 0.0, 0.0, 0.0, 0.0, 0.0, 0.0, 0.0, 0.0, 0.0, 0.0, 0.0, 0.0, 0.0, 0.0, 0.0, 0.0, 0.0, 0.0, 0.0, 0.0, 0.0, 0.0, 0.0, 0.0, 0.0, 0.0, 0.0, 0.0, 0.0, 0.0, 0.0, 0.0, 0.0, 0.0, 0.0, 0.0, 1.0, 0.0, 0.0, 0.0, 0.0, 0.0, 0.0, 0.0, 0.0, 0.0, 0.0, 0.0, 0.0, 0.0, 0.0, 0.0, 0.0, 0.0, 0.0, 0.0, 0.0, 0.0, 0.0, 0.0, 0.0, 0.0, 0.0, 0.0, 0.0, 0.0, 0.0, 0.0, 0.0, 0.0], [0.0, 0.0, 0.0, 0.0, 0.0, 0.0, 0.0, 0.0, 0.0, 0.0, 0.0, 0.0, 0.0, 0.0, 0.0, 0.0, 0.0, 0.0, 0.0, 0.0, 0.0, 0.0, 0.0, 0.0, 0.0, 0.0, 0.0, 0.0, 0.0, 0.0, 0.0, 0.0, 0.0, 0.0, 0.0, 0.0, 0.0, 0.0, 0.0, 0.0, 0.0, 0.0, 0.0, 0.0, 0.0, 0.0, 0.0, 0.0, 0.0, 0.0, 0.0, 1.0, 0.0, 0.0, 0.0, 0.0, 0.0, 0.0, 0.0, 0.0, 0.0, 0.0, 0.0, 0.0, 0.0, 0.0, 0.0, 0.0, 0.0, 0.0, 0.0, 0.0, 0.0, 0.0, 0.0, 0.0, 0.0, 0.0, 0.0, 0.0, 0.0, 0.0, 0.0, 0.0], [0.0, 0.0, 0.0, 0.0037777578806823973, 0.0, 0.0, 0.0, 0.0, 0.0, 0.0020024749262282857, 0.0, 0.0038884819021614576, 0.00390625, 0.0, 0.0, 0.0, 0.0, 0.004311477031722396, 0.0012927987438043124, 0.001021617426087548, 0.0, 0.0008544921874999999, 0.00012207031249999999, 0.0, 0.0, 0.0, 0.0, 0.002816106921109722, 0.0, 0.003044798538494395, 0.0, 0.0, 0.0, 0.0001220703125, 0.0, 0.0, 0.0, 0.0, 0.0, 0.0012723387589728486, 0.0, 0.0010986328124999998, 0.0, 0.0, 0.004209837834112874, 0.00043519120269519795, 0.004420208955397885, 0.0, 0.0, 0.0, 0.0, 0.0, 1.0, 0.0033237490266623346, 0.0, 0.0011831690094050444, 0.0, 0.0, 0.0, 0.0010986328125, 0.0, 0.004628848450239241, 0.0, 0.00012207031249999999, 0.0, 0.0, 0.0, 0.0, 0.0, 0.001474380488602794, 0.0, 0.0, 0.00390625, 0.0, 0.0, 0.0026067417517711294, 0.0, 0.0, 0.0, 0.0, 0.0, 0.0, 0.004107227404260497, 0.0], [0.0, 0.0, 0.0, 0.6872832891436977, 0.0, 0.0, 0.0, 0.0, 0.0, 0.44603924008605744, 0.0, 0.5195277072794229, 0.005978008920007988, 0.0, 0.2235908038420698, 0.0, 0.0, 0.6925584378170948, 0.0039783984922532704, 0.6443151345112418, 0.06596642981669124, 7.499065527352232e-05, 0.0019531249999999993, 0.0, 0.00143960827364566, 0.22236173242072202, 0.0, 0.04180251843982816, 0.0, 0.690134443532763, 0.0, 0.17500541148919163, 0.0, 0.007243904894183096, 0.0, 0.0, 0.0, 0.0, 0.0, 0.6970012420546601, 0.0987372594323665, 0.07686070424653521, 0.0, 0.26195601907518107, 0.7838321508940596, 0.0, 0.0038120302766623346, 0.5845629877885321, 0.0, 0.0, 0.0, 0.0, 0.0033237490266623346, 1.0, 0.0, 0.5001712507645795, 0.0, 0.1924298691063861, 0.0, 0.01156817461296478, 0.0034324416671984094, 0.6443432058255433, 0.0, 0.011354425501898026, 0.0, 0.0, 0.0, 0.006727175936582948, 0.0, 0.41478586600134015, 0.0005659232496066029, 0.0, 0.004100011049008933, 0.0, 0.0, 0.311340856897365, 0.0, 0.1030601600726086, 0.0036833260420861677, 0.0, 0.000244140625, 0.5658727058805532, 0.6314461170716498, 0.0], [0.0, 0.0, 0.0, 0.0, 0.0, 0.0, 0.0, 0.0, 0.0, 0.0, 0.0, 0.0, 0.0, 0.0, 0.0, 0.0, 0.0, 0.0, 0.0, 0.0, 0.0, 0.0, 0.0, 0.0, 0.0, 0.0, 0.0, 0.0, 0.0, 0.0, 0.0, 0.0, 0.0, 0.0, 0.0, 0.0, 0.0, 0.0, 0.0, 0.0, 0.0, 0.0, 0.0, 0.0, 0.0, 0.0, 0.0, 0.0, 0.0, 0.0, 0.0, 0.0, 0.0, 0.0, 1.0, 0.0, 0.0, 0.0, 0.0, 0.0, 0.0, 0.0, 0.0, 0.0, 0.0, 0.0, 0.0, 0.0, 0.0, 0.0, 0.0, 0.0, 0.0, 0.0, 0.0, 0.0, 0.0, 0.0, 0.0, 0.0, 0.0, 0.0, 0.0, 0.0], [0.0, 0.0, 0.0, 0.2652959367565602, 0.0, 0.0, 0.0, 0.0, 0.0, 0.2147371378022347, 0.0, 0.1736637957870012, 0.00317496378136556, 0.0, 0.516599495862343, 0.0, 0.0, 0.6262790441117905, 0.011747027400096205, 0.5576869066127259, 0.5922771631944559, 8.247800377753984e-05, 0.0, 0.0, 0.010174669630139379, 0.4158837206834166, 0.0, 0.013832981987478404, 0.0, 0.5128911742506099, 0.0, 0.09732181769365263, 0.0, 0.0, 0.0, 0.0, 0.0, 0.0, 0.0, 0.5102686584403625, 0.09517745455683119, 0.05714459107170197, 0.0, 0.07343319493826761, 0.44761002820761886, 0.0, 0.0011831690094050444, 0.39003724626952996, 0.0, 0.0, 0.0, 0.0, 0.0011831690094050444, 0.5001712507645795, 0.0, 1.0, 0.0, 0.08880960930032473, 0.0, 0.0038452992805663934, 0.0019917947719605153, 0.21931212183058962, 0.0, 0.002081952770207681, 0.0, 0.0, 0.0, 0.0018361858054011006, 0.0, 0.3269864483783129, 0.0, 0.0, 0.0011831690094050444, 0.0, 0.0, 0.20045608905899742, 0.0, 0.12670574786290517, 0.0031136047953285065, 0.0, 0.00021752405926300195, 0.48434429332851625, 0.5142282875662678, 0.0], [0.0, 0.0, 0.0, 0.0, 0.0, 0.0, 0.0, 0.0, 0.0, 0.0, 0.0, 0.0, 0.0, 0.0, 0.0, 0.0, 0.0, 0.0, 0.0, 0.0, 0.0, 0.0, 0.0, 0.0, 0.0, 0.0, 0.0, 0.0, 0.0, 0.0, 0.0, 0.0, 0.0, 0.0, 0.0, 0.0, 0.0, 0.0, 0.0, 0.0, 0.0, 0.0, 0.0, 0.0, 0.0, 0.0, 0.0, 0.0, 0.0, 0.0, 0.0, 0.0, 0.0, 0.0, 0.0, 0.0, 1.0, 0.0, 0.0, 0.0, 0.0, 0.0, 0.0, 0.0, 0.0, 0.0, 0.0, 0.0, 0.0, 0.0, 0.0, 0.0, 0.0, 0.0, 0.0, 0.0, 0.0, 0.0, 0.0, 0.0, 0.0, 0.0, 0.0, 0.0], [0.0, 0.0, 0.0, 0.20276216993551358, 0.0, 0.0, 0.0, 0.0, 0.0, 0.5033664760403439, 0.0, 0.47285907754773454, 0.0021927398413586385, 0.0, 0.12499999999999997, 0.0, 0.0, 0.12401450830703052, 0.0021927398413586394, 0.1274718978424163, 0.12719273984135862, 0.0, 0.0, 0.0, 0.0, 0.20259853232825664, 0.0, 0.002187098618116291, 0.0, 0.13485381692745563, 0.0, 0.0, 0.0, 0.0, 0.0, 0.0, 0.0, 0.0, 0.0, 0.17375486154762834, 0.0, 0.0, 0.0, 0.12499999999999997, 0.15535