"{\"names\": [\"172.217.10.1\", \"104.88.86.240\", \"38.93.140.48\", \"192.168.10.15\", \"104.88.108.223\", \"195.142.105.15\", \"172.217.12.163\", \"206.217.206.48\", \"172.217.6.228\", \"178.255.83.1\", \"74.119.118.82\", \"192.168.10.9\", \"172.217.7.6\", \"35.186.227.40\", \"31.13.71.36\", \"206.126.112.142\", \"151.101.2.49\", \"192.168.10.25\", \"172.217.3.98\", \"192.168.10.16\", \"72.30.202.150\", \"172.217.12.132\", \"50.31.164.173\", \"162.208.20.178\", \"23.15.4.16\", \"216.58.217.99\", \"172.217.6.198\", \"172.217.12.174\", \"169.46.44.40\", \"192.168.10.17\", \"52.84.143.130\", \"104.19.195.102\", \"216.200.232.61\", \"104.97.73.166\", \"152.163.13.79\", \"192.229.163.25\", \"74.119.118.86\", \"54.225.188.92\", \"188.165.145.88\", \"192.168.10.14\", \"8.43.72.98\", \"199.96.57.6\", \"68.67.178.110\", \"104.88.70.158\", \"192.168.10.19\", \"69.172.216.56\", \"157.240.18.35\", \"172.217.11.34\", \"185.54.150.20\", \"69.169.85.7\", \"198.232.124.194\", \"74.119.118.72\", \"172.217.12.134\", \"192.168.10.5\", \"23.111.9.30\", \"192.168.10.8\", \"151.101.66.2\", \"68.67.178.199\", \"213.239.195.215\", \"138.108.7.20\", \"52.84.145.87\", \"192.168.10.50\", \"52.84.145.198\", \"52.40.24.51\", \"212.77.100.137\", \"185.54.150.115\", \"172.217.10.138\", \"152.163.66.165\", \"52.84.137.78\", \"192.168.10.51\", \"68.67.178.109\", \"129.146.14.96\", \"54.152.24.232\", \"172.217.10.33\", \"52.8.229.108\", \"192.168.10.12\", \"64.147.131.201\", \"172.217.12.206\", \"68.67.180.12\", \"172.217.10.134\", \"38.69.238.16\", \"172.217.10.142\", \"192.168.10.3\", \"172.217.6.202\"], \"funcEdges\": [[1.0, 0.0, 0.0, 0.0, 0.0, 0.0, 0.0, 0.0, 0.0, 0.0, 0.0, 0.0, 0.0, 0.0, 0.0, 0.0, 0.0, 0.0, 0.0, 0.0, 0.0, 0.0, 0.0, 0.0, 0.0, 0.0, 0.0, 0.0, 0.0, 0.0, 0.0, 0.0, 0.0, 0.0, 0.0, 0.0, 0.0, 0.0, 0.0, 0.0, 0.0, 0.0, 0.0, 0.0, 0.0, 0.0, 0.0, 0.0, 0.0, 0.0, 0.0, 0.0, 0.0, 0.0, 0.0, 0.0, 0.0, 0.0, 0.0, 0.0, 0.0, 0.0, 0.0, 0.0, 0.0, 0.0, 0.0, 0.0, 0.0, 0.0, 0.0, 0.0, 0.0, 0.0, 0.0, 0.0, 0.0, 0.0, 0.0, 0.0, 0.0, 0.0, 0.0, 0.0], [0.0, 1.0, 0.0, 1.4334678392483175e-18, 0.0, 0.0, 0.0, 0.0, 9.256821644952948e-19, 1.6013649427135333e-18, 2.2663649100639924e-19, 8.176145524752996e-19, 0.0, 0.0, 5.922493964024438e-19, 0.0, 0.0, 6.055348428826827e-19, 1.0472890210079909e-18, 6.394862787706677e-19, 3.4945911123171555e-22, 2.5799850376581363e-20, 0.0, 0.0, 4.95326411622144e-21, 4.1495970321976264e-21, 2.311575655831322e-19, 1.59247358238708e-18, 0.0, 8.257322333206417e-19, 0.0, 0.0, 0.0, 0.0, 0.0, 0.0, 0.0, 0.0, 0.0, 8.169158876912916e-19, 0.0, 6.023624871119857e-20, 0.0, 0.0, 1.3273445928339536e-18, 8.575282333299484e-19, 2.096754667390294e-21, 6.405439014164598e-21, 0.0, 0.0, 5.421010862427522e-20, 1.6940658945086007e-21, 0.0, 1.5747771589700582e-18, 0.0, 1.050629978606273e-18, 0.0, 0.0, 0.0, 0.0, 1.1065592085860335e-20, 1.13987595490618e-18, 0.0, 0.0, 0.0, 0.0, 0.0, 0.0, 0.0, 1.0355727697782104e-18, 0.0, 0.0, 0.0, 0.0, 0.0, 5.910496578899232e-19, 0.0, 9.349001823804408e-19, 0.0, 0.0, 0.0, 1.9939104393448437e-20, 1.8686846799117047e-18, 0.0], [0.0, 0.0, 1.0, 6.492171591779673e-08, 0.0, 1.8056171534988185e-08, 1.225998751112442e-07, 0.0, 0.0, 6.916370714287256e-08, 0.0, 6.580690735576655e-08, 0.0, 5.960464477539063e-08, 0.0, 0.0, 0.0, 1.6754302807493203e-07, 0.0, 1.291977605578991e-07, 0.0, 0.0, 0.0, 0.0, 0.0, 0.0, 0.0, 0.0, 0.0, 8.49917562444758e-08, 0.0, 1.3939854313568721e-07, 4.769101881977262e-08, 0.0, 0.0, 0.0, 0.0, 0.0, 1.490116119384765e-08, 1.0124041140250607e-07, 5.3903412722458795e-08, 3.035369678313697e-09, 0.0, 0.0, 7.131077495948516e-08, 0.0, 1.1884658029178701e-07, 2.685256183197665e-08, 0.0, 0.0, 0.0, 2.9802322387695306e-08, 0.0, 4.975009246463973e-08, 0.0, 5.398394423949812e-08, 0.0, 2.3286901659782653e-08, 0.0, 3.0353696783136966e-09, 0.0, 1.2408542709530532e-07, 0.0, 0.0, 2.9802322387695306e-08, 0.0, 0.0, 0.0, 0.0, 6.739625072421421e-08, 1.74383698832259e-08, 0.0, 0.0, 0.0, 0.0, 6.661567792225704e-08, 0.0, 6.730750213719491e-08, 0.0, 3.035369678313697e-09, 4.102309374820419e-08, 4.173633307681334e-09, 1.428110930743637e-07, 0.0], [0.0, 1.4334678392483175e-18, 6.492171591779673e-08, 1.0, 0.0, 4.67827072390719e-08, 0.00014221234783594593, 1.0154255670361477e-13, 2.2166597587277174e-18, 0.33457392651310275, 0.004091393165202716, 0.5619686947022849, 7.756603323405285e-11, 1.6674571558856716e-08, 1.258316667267272e-10, 0.0, 1.919593208549007e-09, 0.4135162400401404, 7.410799662756231e-12, 0.35864150818532037, 0.16370505283531353, 1.0375582253491763e-10, 6.066767265499918e-11, 0.0, 0.012507457210349368, 1.1727146842161305e-20, 7.602181758790309e-12, 0.0002928850448256046, 2.8101439346092e-08, 0.7818706216024904, 0.004055111588939757, 2.2392260224499797e-06, 1.3387721309495854e-07, 3.944607254848625e-06, 0.0, 0.15477106598073545, 0.004149555292860492, 3.322148207570302e-09, 2.2967590382503065e-08, 0.16550425715234457, 1.2633978590066868e-07, 0.11400150319083219, 0.21783725441400156, 7.492453245142214e-18, 0.7892960550888966, 2.0216575173318727e-11, 0.007232997530086788, 0.0008314380682578843, 0.01786652193612175, 0.00037008184553330567, 0.0030950038965947405, 0.02177335208303278, 9.999641849023658e-26, 0.3769902972986151, 2.2573040154011715e-17, 0.7002424680453687, 0.29487334183465463, 0.09476509305486377, 0.0, 0.4184228049733182, 0.016254414310982696, 0.5258247829390301, 0.08652021179938917, 6.49971787321883e-11, 8.044986648316639e-08, 0.02869200255682798, 0.25242053123981645, 0.13904443699410624, 0.000797583088644542, 0.581163322734725, 0.000172580133231539, 0.0037983603992371227, 0.06003966139605901, 1.9310065624056963e-11, 0.0, 0.6036326117524712, 0.3954545149845129, 0.07550473437205928, 0.08959767261714086, 2.5678595131017114e-09, 4.665171841791708e-08, 1.6060957202352277e-08, 0.6162391856235121, 0.019958043058419285], [0.0, 0.0, 0.0, 0.0, 1.0, 0.0, 0.0, 0.0, 0.0, 0.0, 0.0, 0.0, 0.0, 0.0, 0.0, 0.0, 0.0, 0.0, 0.0, 0.0, 0.0, 0.0, 0.0, 0.0, 0.0, 0.0, 0.0, 0.0, 0.0, 0.0, 0.0, 0.0, 0.0, 0.0, 0.0, 0.0, 0.0, 0.0, 0.0, 0.0, 0.0, 0.0, 0.0, 0.0, 0.0, 0.0, 0.0, 0.0, 0.0, 0.0, 0.0, 0.0, 0.0, 0.0, 0.0, 0.0, 0.0, 0.0, 0.0, 0.0, 0.0, 0.0, 0.0, 0.0, 0.0, 0.0, 0.0, 0.0, 0.0, 0.0, 0.0, 0.0, 0.0, 0.0, 0.0, 0.0, 0.0, 0.0, 0.0, 0.0, 0.0, 0.0, 0.0, 0.0], [0.0, 0.0, 1.8056171534988185e-08, 4.67827072390719e-08, 0.0, 1.0, 9.322378997983695e-09, 0.0, 0.0, 5.7468393702184634e-08, 1.1808475958289928e-09, 1.6349747335725555e-08, 6.693638987353168e-11, 1.4901161193847651e-08, 1.1012162755211887e-10, 0.0, 8.581688996082754e-10, 4.2955624635903834e-08, 0.0, 3.1577218071298226e-08, 5.882363215087813e-11, 2.191129805483898e-10, 0.0, 0.0, 3.270445939896224e-09, 0.0, 0.0, 0.0, 9.618658190487367e-09, 5.157584986765033e-08, 2.5588218456429116e-10, 1.5034302536355302e-08, 1.7888696432077314e-08, 1.2433607186469915e-09, 0.0, 0.0, 0.0, 2.9048992605433834e-09, 2.077548636414593e-08, 3.078249172098559e-08, 5.3785049551810056e-08, 6.2575374087376894e-09, 0.0, 0.0, 2.7980463650413798e-08, 0.0, 9.537247939181781e-09, 3.867267714235221e-08, 0.0, 0.0, 3.0147932833837886e-08, 2.6070758489315592e-08, 0.0, 7.008598360624087e-08, 0.0, 5.674280063059186e-08, 0.0, 0.0, 0.0, 9.533461064195293e-09, 0.0, 4.070151411483862e-08, 0.0, 4.390631779145752e-11, 7.249399593685243e-09, 0.0, 1.0300737586027375e-10, 0.0, 1.219635470896147e-09, 3.694783818580414e-08, 2.705702807371326e-08, 0.0, 0.0, 0.0, 0.0, 3.794693580348012e-08, 0.0, 1.5120415078719684e-08, 0.0, 2.8653540377383112e-09, 3.120281767942586e-08, 2.804431559161444e-09, 3.078262475695109e-08, 0.0], [0.0, 0.0, 1.225998751112442e-07, 0.00014221234783594593, 0.0, 9.322378997983695e-09, 1.0, 3.552713678800501e-15, 0.0, 5.988627455076293e-05, 9.344916221523191e-06, 0.00017588550971988528, 8.96853052308326e-12, 0.0, 1.8683507516255358e-12, 0.0, 4.906218454972272e-10, 0.0001663036831728696, 2.5393215055231223e-12, 0.00011404852574507522, 6.151703944458001e-05, 7.198902474701833e-12, 5.6660478282594733e-11, 0.0, 6.106200148804561e-05, 0.0, 3.008894078746243e-12, 0.0001001229332833217, 0.0, 9.376519268859321e-05, 2.1316282072803006e-14, 2.4449740805102658e-05, 2.5765044132719204e-07, 1.0045523678618664e-05, 0.0, 8.513104435329852e-06, 2.9513113895750775e-06, 2.420018833274517e-09, 5.0946617233021675e-09, 0.0002443435493868962, 4.7835581351224774e-08, 6.842836282455529e-05, 5.5217766819277245e-11, 0.0, 0.00010370367297489834, 1.7685876650946594e-11, 8.390762417030027e-05, 0.00021678594889858795, 4.4220048526016966e-16, 0.0002476262607117714, 3.963757084591863e-07, 2.8567282899741406e-08, 0.0, 0.00011354496704580453, 0.0, 0.00020601507993194725, 0.0, 4.363744515658872e-09, 0.0, 8.195378998937915e-09, 0.0, 7.809844953095514e-05, 0.0, 0.0, 8.223056997400026e-08, 6.650368451050008e-16, 0.0, 8.450623417407431e-06, 5.668920019398565e-10, 0.00024046193185391063, 2.3627517071669782e-05, 6.103515625e-05, 0.0, 1.9965062982229146e-11, 0.0, 0.0001286523912468443, 9.966999279501484e-05, 1.7877641647349075e-06, 6.103515625000001e-05, 8.75121137001067e-09, 8.065199598062262e-09, 6.191688810822583e-09, 0.00022108633054716392, 0.0], [0.0, 0.0, 0.0, 1.0154255670361477e-13, 0.0, 0.0, 3.552713678800501e-15, 1.0, 0.0, 6.729982243540143e-14, 7.072131820838507e-14, 8.381971849150384e-14, 0.0, 0.0, 0.0, 0.0, 0.0, 6.704901413724084e-14, 2.1849283903966928e-14, 5.120933908761159e-14, 0.0, 0.0, 0.0, 0.0, 5.280156283152268e-14, 0.0, 1.35003119794419e-13, 0.0, 0.0, 7.054708889568772e-14, 3.5527136788005005e-15, 0.0, 4.357178958080231e-14, 0.0, 0.0, 0.0, 0.0, 0.0, 0.0, 1.7992174501599013e-13, 0.0, 2.4335948227967025e-15, 0.0, 0.0, 6.711762440371985e-14, 0.0, 1.35003119794419e-13, 0.0, 0.0, 0.0, 0.0, 0.0, 0.0, 7.726540086545931e-14, 0.0, 3.547103814941808e-14, 0.0, 0.0, 0.0, 1.35003119794419e-13, 0.0, 1.04229372392092e-13, 0.0, 0.0, 2.5757427532957278e-14, 0.0, 0.0, 0.0, 0.0, 6.475740781315819e-14, 0.0, 0.0, 0.0, 0.0, 0.0, 1.376860317481576e-13, 0.0, 0.0, 0.0, 0.0, 0.0, 5.32907051820075e-14, 4.526011989662976e-14, 0.0], [0.0, 9.256821644952948e-19, 0.0, 2.2166597587277174e-18, 0.0, 0.0, 0.0, 0.0, 1.0, 1.220513928106362e-18, 2.4770806089415417e-19, 1.70047530489676e-18, 0.0, 0.0, 1.7741900913527225e-18, 0.0, 0.0, 1.282629080469824e-18, 1.0037048844395666e-18, 1.4201377257600496e-18, 0.0, 5.875446709689403e-20, 0.0, 0.0, 5.948523716302725e-20, 2.6972380709284573e-20, 3.68683739428939e-19, 1.3873112891970447e-18, 0.0, 9.011240739256033e-19, 0.0, 0.0, 0.0, 0.0, 0.0, 0.0, 0.0, 0.0, 0.0, 1.7167966136141232e-18, 0.0, 5.421010862427522e-20, 0.0, 2.3395809120126154e-20, 1.47175422121084e-18, 3.463902501868867e-19, 0.0, 0.0, 0.0, 0.0, 6.512815288033409e-20, 0.0, 0.0, 4.2472206909910767e-19, 0.0, 1.8643064791830593e-18, 0.0, 0.0, 0.0, 0.0, 3.763388861713397e-20, 1.144259124245715e-18, 0.0, 0.0, 0.0, 0.0, 0.0, 0.0, 0.0, 1.4694257917679231e-18, 0.0, 0.0, 0.0, 0.0, 0.0, 2.2716319862948785e-18, 0.0, 6.581989251587994e-19, 0.0, 0.0, 0.0, 0.0, 1.0661068718229012e-18, 0.0], [0.0, 1.6013649427135333e-18, 6.916370714287256e-08, 0.33457392651310275, 0.0, 5.7468393702184634e-08, 5.988627455076293e-05, 6.729982243540143e-14, 1.220513928106362e-18, 1.0, 0.004251289625636802, 0.20142363127094665, 1.2150897528740146e-10, 2.4133215253916854e-08, 4.975919389929562e-11, 0.0, 1.963400381411351e-09, 0.6171143440445606, 2.0841375239703773e-12, 0.5491947606516807, 0.0838487564396299, 6.757387611831889e-11, 1.7063558472599713e-11, 0.0, 0.0405027699915013, 1.3272010107611217e-20, 6.39433350299838e-12, 0.00017002148100832818, 4.77464002454282e-10, 0.2744787696104005, 0.003332181217986326, 2.6557417992946977e-05, 1.1831382024715691e-07, 9.098977854507606e-06, 0.0, 0.4739262076730883, 0.0033046025943510634, 1.7011392612983098e-09, 3.2699635175462274e-08, 0.49020124930029685, 9.42791869933595e-08, 0.06398028165406967, 2.9921041261061256e-11, 1.3556346275470727e-20, 0.21761796408679002, 3.958427305292994e-11, 0.0013694820446140954, 0.000399506124329532, 0.05871321674482746, 4.710458769348436e-05, 0.0028120611142475817, 0.05406732473659547, 5.300506995518695e-26, 0.6564293374173908, 5.833269307992087e-19, 0.26715374462060437, 0.08872466959334105, 0.10329348173585652, 0.0, 0.16476585838419883, 0.02298301040023917, 0.5981680043255824, 0.05409198542201564, 4.587397858859948e-12, 1.2940274875617087e-07, 0.10518730887057984, 0.17088810938910057, 0.18090947652783718, 0.001979613190497901, 0.29016792662758345, 2.8853457791158596e-06, 0.002050346493200973, 0.0333305099062668, 3.264353422285995e-11, 0.0, 0.571800414861539, 0.6108821759765057, 0.10914530142317064, 0.10666484885778205, 4.626627284354429e-09, 5.575838153339137e-08, 3.393671860010571e-08, 0.5066419051614026, 0.003961624014782852], [0.0, 2.2663649100639924e-19, 0.0, 0.004091393165202716, 0.0, 1.1808475958289928e-09, 9.344916221523191e-06, 7.072131820838507e-14, 2.4770806089415417e-19, 0.004251289625636802, 1.0, 0.002083593375550403, 6.223846305280324e-12, 0.0, 7.27596222377838e-12, 0.0, 4.6366257293060036e-10, 0.0024356744388780577, 2.963105919237384e-14, 0.0029723368157015513, 8.702384616591907e-19, 6.722714733912084e-20, 0.0, 0.0, 9.423352587928025e-10, 8.678864161888743e-21, 6.580291771828646e-14, 3.814697265626095e-06, 0.0, 0.004316750771726416, 0.0, 4.6566128730773915e-10, 2.7724702536886852e-14, 3.814697265624999e-06, 0.0, 3.814697265625e-06, 0.0, 9.69351269056151e-10, 0.0, 0.003161129287432664, 8.673617379884035e-19, 3.814704541582669e-06, 0.0, 5.421010862427522e-20, 0.0019326597680520317, 5.676424599651471e-20, 0.001956940472269265, 1.1048173606485892e-09, 0.0, 0.0, 6.776263578034403e-20, 5.810598080928075e-22, 0.0, 0.0062888490489475014, 0.0, 0.0007973617750839302, 0.0, 0.0, 0.0, 6.580198280567093e-14, 2.3452208880525178e-20, 0.004550678058564225, 0.0, 0.0, 4.656897090171695e-10, 0.0, 1.5635596292367328e-22, 5.28327125544429e-06, 4.6566128730773915e-10, 0.0014112097011988183, 8.25871412129283e-22, 0.0019531249999999996, 0.0019531249999999996, 7.275957614378135e-12, 0.0, 0.00241675225579168, 0.0046075611298405355, 1.1907280318165313e-19, 0.0, 0.0, 8.673617379884037e-19, 4.657889471186106e-10, 0.002971110801925661, 0.0], [0.0, 8.176145524752996e-19, 6.580690735576655e-08, 0.5619686947022849, 0.0, 1.6349747335725555e-08, 0.00017588550971988528, 8.381971849150384e-14, 1.70047530489676e-18, 0.20142363127094665, 0.002083593375550403, 1.0, 7.142492395674062e-11, 1.4901161193847651e-08, 7.055002069239703e-11, 0.0, 0.0, 0.1665639421827999, 4.113694019434232e-12, 0.42694545306578624, 0.13005527934797698, 9.965832924914315e-11, 1.4836841286898515e-11, 0.0, 0.02650581336161355, 2.101760051774222e-20, 6.2582719874713e-12, 0.00021541938163273968, 0.0, 0.6013007940110875, 0.003499560942960879, 9.100168754997668e-06, 2.009831803878466e-07, 1.0296776483961445e-05, 0.0, 0.044802341139633814, 0.004295507842839235, 0.0, 1.805289091483418e-08, 0.4320391751086426, 7.381980107245603e-08, 0.0808888435525842, 0.07035918936188734, 1.2921179296421367e-17, 0.6243093072001753, 4.4242125130352503e-11, 0.008248107602024282, 0.0007424914943914516, 0.057976341699730136, 0.0003558819923988278, 0.003409867279187733, 0.05856822069304151, 1.0292725893540085e-25, 0.3536435403888249, 3.4975117656602696e-17, 0.5494259009026686, 0.20534992034053384, 0.06745278905051472, 0.0, 0.31230799539721377, 0.053909397915747885, 0.18494847679608487, 0.06866050319655852, 1.1622130693432447e-10, 1.9144993297736228e-07, 0.08049193307345498, 0.1605015562109414, 0.03551254869429252, 0.0001405902741127085, 0.4116907959089391, 0.004172323215141918, 0.0025418265250808296, 0.03067011179908314, 1.4973569759729872e-11, 0.0, 0.32485663540002896, 0.25989134493655125, 0.15505532962818538, 0.12314510811633196, 2.263973578179204e-09, 5.582832553928504e-08, 7.484571427563757e-09, 0.6668122680724436, 0.01988110705316805], [0.0, 0.0, 0.0, 7.756603323405285e-11, 0.0, 6.693638987353168e-11, 8.96853052308326e-12, 0.0, 0.0, 1.2150897528740146e-10, 6.223846305280324e-12, 7.142492395674062e-11, 1.0, 0.0, 3.200937399900154e-11, 0.0, 0.0, 7.846859111793911e-11, 7.641673302193478e-12, 1.1359046719349688e-10, 4.514724567092292e-11, 4.4456933880011357e-13, 1.4786964977845674e-11, 0.0, 2.959829473583026e-11, 0.0, 6.379190710592519e-12, 2.4266956839862487e-25, 0.0, 8.701568779064826e-11, 3.3537272811985567e-11, 2.103964947940763e-12, 0.0, 0.0, 0.0, 0.0, 0.0, 0.0, 0.0, 7.450437907503558e-11, 0.0, 6.519835010692424e-11, 2.108828314807914e-11, 0.0, 9.45995891129777e-11, 3.774779184958161e-11, 1.0887914861026076e-10, 3.3537272811985567e-11, 0.0, 0.0, 0.0, 0.0, 1.0339757656912846e-25, 8.207072815470029e-11, 0.0, 5.189917229871161e-11, 0.0, 5.804134032462296e-26, 0.0, 7.523780720006e-12, 5.169878828456422e-26, 1.0761042729958363e-10, 0.0, 2.7096042531858362e-11, 1.734822715320418e-10, 0.0, 0.0, 5.1698788284564224e-26, 0.0, 7.920449194088807e-11, 0.0, 0.0, 1.0339757656912846e-25, 3.536208119739473e-11, 0.0, 1.9051790580917046e-10, 0.0, 5.1698788284564224e-26, 1.1636552094579027e-25, 3.3537272811985567e-11, 0.0, 5.307859514645212e-11, 7.079164589816988e-11, 0.0], [0.0, 0.0, 5.960464477539063e-08, 1.6674571558856716e-08, 0.0, 1.4901161193847651e-08, 0.0, 0.0, 0.0, 2.4133215253916854e-08, 0.0, 1.4901161193847651e-08, 0.0, 1.0, 0.0, 0.0, 0.0, 4.5968883471471e-08, 0.0, 5.170867545817548e-08, 0.0, 0.0, 0.0, 0.0, 0.0, 0.0, 0.0, 0.0, 0.0, 5.2154064178466803e-08, 0.0, 2.0189253584905957e-08, 1.7888696432077318e-08, 0.0, 0.0, 0.0, 0.0, 0.0, 1.4901161193847655e-08, 5.882286723082946e-08, 2.1682168163912055e-08, 0.0, 0.0, 0.0, 5.94627447569356e-08, 0.0, 0.0, 1.9490926601899818e-08, 0.0, 0.0, 0.0, 0.0, 0.0, 1.534317816216853e-08, 0.0, 1.4582279093235788e-08, 0.0, 0.0, 0.0, 0.0, 0.0, 1.9122571098118924e-09, 0.0, 0.0, 0.0, 0.0, 0.0, 0.0, 0.0, 1.4901161193847651e-08, 1.74383698832259e-08, 0.0, 0.0, 0.0, 0.0, 4.675773027853585e-08, 0.0, 1.4901161193847651e-08, 0.0, 0.0, 3.6500241499888574e-08, 0.0, 2.2888916050783123e-08, 0.0], [0.0, 5.922493964024438e-19, 0.0, 1.258316667267272e-10, 0.0, 1.1012162755211887e-10, 1.8683507516255358e-12, 0.0, 1.7741900913527225e-18, 4.975919389929562e-11, 7.27596222377838e-12, 7.055002069239703e-11, 3.200937399900154e-11, 0.0, 1.0, 0.0, 0.0, 1.7126907923180282e-10, 3.2891983716604384e-12, 7.72063236043275e-11, 2.8745525382737702e-18, 8.17243052110481e-11, 1.5629673570020655e-12, 0.0, 3.87212753696203e-12, 2.900656904788088e-22, 3.3041895466807617e-12, 1.6210862328497486e-17, 0.0, 6.091891563085024e-12, 6.90257946589928e-11, 3.637978807101639e-12, 0.0, 0.0, 0.0, 0.0, 0.0, 0.0, 6.902579465899279e-11, 1.0972235816959368e-10, 5.072723592843447e-18, 1.577363961841238e-11, 3.052219313570946e-12, 9.92616735063633e-24, 2.982923714905424e-11, 4.346529837542249e-19, 1.3920661025456072e-10, 1.6911545726787785e-10, 1.0524281520041667e-16, 0.0, 1.0353869198848922e-10, 6.902592490779568e-11, 0.0, 4.373797926630307e-11, 1.3877787807814457e-17, 8.56679510121218e-11, 0.0, 3.30872245021211e-24, 0.0, 1.8189894035458563e-12, 0.0, 2.1769487163572646e-10, 0.0, 0.0, 2.4827587623210126e-11, 1.1102230246251568e-16, 2.300859821986495e-11, 0.0, 0.0, 2.560110192709032e-10, 1.2081606550362803e-16, 0.0, 0.0, 1.0913936421423262e-11, 0.0, 2.1065363112643593e-10, 1.1102230246251565e-16, 2.3034968404804674e-18, 0.0, 2.3008598219664266e-11, 5.072722352072528e-18, 9.89082379114178e-11, 1.85377107913873e-10, 0.0], [0.0, 0.0, 0.0, 0.0, 0.0, 0.0, 0.0, 0.0, 0.0, 0.0, 0.0, 0.0, 0.0, 0.0, 0.0, 1.0, 0.0, 0.0, 0.0, 0.0, 0.0, 0.0, 0.0, 0.0, 0.0, 0.0, 0.0, 0.0, 0.0, 0.0, 0.0, 0.0, 0.0, 0.0, 0.0, 0.0, 0.0, 0.0, 0.0, 0.0, 0.0, 0.0, 0.0, 0.0, 0.0, 0.0, 0.0, 0.0, 0.0, 0.0, 0.0, 0.0, 0.0, 0.0, 0.0, 0.0, 0.0, 0.0, 0.0, 0.0, 0.0, 0.0, 0.0, 0.0, 0.0, 0.0, 0.0, 0.0, 0.0, 0.0, 0.0, 0.0, 0.0, 0.0, 0.0, 0.0, 0.0, 0.0, 0.0, 0.0, 0.0, 0.0, 0.0, 0.0], [0.0, 0.0, 0.0, 1.919593208549007e-09, 0.0, 8.581688996082754e-10, 4.906218454972272e-10, 0.0, 0.0, 1.963400381411351e-09, 4.6366257293060036e-10, 0.0, 0.0, 0.0, 0.0, 0.0, 1.0, 2.001648809003978e-09, 0.0, 2.896175021192318e-10, 0.0, 0.0, 0.0, 0.0, 2.7442743106230854e-09, 0.0, 0.0, 0.0, 0.0, 1.5191958561880575e-09, 0.0, 0.0, 0.0, 2.2812650937430355e-09, 0.0, 0.0, 0.0, 2.4713705182216222e-09, 1.5208433958286907e-09, 1.5386980860577586e-09, 0.0, 0.0, 0.0, 0.0, 2.0865799248635917e-09, 0.0, 5.502935053203897e-10, 1.932002053243287e-09, 0.0, 0.0, 1.5208433958286902e-09, 0.0, 0.0, 6.950677280792151e-10, 0.0, 6.442910395896766e-10, 0.0, 0.0, 0.0, 2.281265093743036e-09, 0.0, 2.0371073211874656e-09, 0.0, 0.0, 2.281265093743036e-09, 0.0, 0.0, 0.0, 0.0, 1.6956292400128376e-09, 0.0, 0.0, 0.0, 0.0, 0.0, 2.587280443760102e-09, 0.0, 0.0, 0.0, 1.17370120773577e-09, 2.281265093743036e-09, 1.5208433958286904e-09, 3.0988214058007433e-09, 0.0], [0.0, 6.055348428826827e-19, 1.6754302807493203e-07, 0.4135162400401404, 0.0, 4.2955624635903834e-08, 0.0001663036831728696, 6.704901413724084e-14, 1.282629080469824e-18, 0.6171143440445606, 0.0024356744388780577, 0.1665639421827999, 7.846859111793911e-11, 4.5968883471471e-08, 1.7126907923180282e-10, 0.0, 2.001648809003978e-09, 1.0, 7.932612480463976e-12, 0.7007219703490185, 0.11051506663487874, 1.0127528345857823e-10, 4.255871112093826e-11, 0.0, 0.058328370599147826, 6.908132027424151e-21, 4.658670871981893e-12, 0.0003398549188719128, 3.697103586091363e-09, 0.4569724890878757, 0.002903110329349049, 9.53972178144304e-06, 1.2544860391208284e-07, 7.535246065594014e-06, 0.0, 0.49597663735439695, 0.0028888808270875733, 3.914891069789677e-09, 1.447930674486898e-08, 0.6885481310422037, 1.2557217249178317e-07, 0.07515600287857505, 0.24996876891517478, 1.9376180246849545e-17, 0.3762587131665973, 3.878379791941536e-11, 0.019399417056717556, 0.0009175074580837512, 0.09516900802959553, 0.0002635574366623625, 0.0021297945518855437, 0.0894373238110368, 1.141238467874701e-25, 0.6622299612228041, 1.227700908892047e-17, 0.45112347710599815, 0.2948786699558777, 0.012989141063230297, 0.0, 0.45885153189110683, 0.011174123254475874, 0.8105956462736181, 0.13977353303195203, 6.91632535444892e-11, 2.0982598418585577e-07, 0.1582389009476362, 0.16427102005209743, 0.12220668315733793, 0.0024371116490251106, 0.44937100392042706, 0.010831244104102217, 0.0055769196113906435, 0.04093384769235077, 5.157561432614548e-11, 0.0, 0.8191599684822121, 0.8243139598650222, 0.07233669782325226, 0.16652016740540204, 6.252222441067744e-09, 5.038609905619055e-08, 9.307803220754626e-09, 0.6881751650379198, 0.005058707674005448], [0.0, 1.0472890210079909e-18, 0.0, 7.410799662756231e-12, 0.0, 0.0, 2.5393215055231223e-12, 2.1849283903966928e-14, 1.0037048844395666e-18, 2.0841375239703773e-12, 2.963105919237384e-14, 4.113694019434232e-12, 7.641673302193478e-12, 0.0, 3.2891983716604384e-12, 0.0, 0.0, 7.932612480463976e-12, 1.0, 2.1638198670007982e-12, 3.3067136461574817e-18, 2.183678769323707e-12, 1.9034612489980076e-12, 0.0, 1.4459443787427652e-12, 0.0, 3.1740216412971176e-12, 6.220535727352311e-17, 0.0, 6.485114091408984e-12, 5.329070518200751e-15, 1.8287043343580693e-12, 1.4251229677029928e-13, 3.231174267785264e-27, 0.0, 0.0, 8.5630006757579e-14, 0.0, 0.0, 7.418677847350296e-12, 8.423034038216616e-18, 7.892265886026397e-12, 3.3942863158220514e-12, 8.36693080504832e-19, 7.821057718335969e-12, 1.9924595704001456e-13, 2.1243847691657382e-12, 5.0498987680838646e-21, 0.0, 0.0, 0.0, 6.769759820342363e-21, 3.4220097817850745e-26, 1.0115422295129722e-11, 1.3877787807814457e-17, 3.1252530645560406e-12, 0.0, 8.55517131657062e-14, 0.0, 7.930191745608745e-12, 5.169878828456424e-26, 4.901235455614389e-12, 0.0, 7.863686740608384e-26, 1.903868213234191e-12, 2.1605368643422186e-16, 0.0, 5.169878828456423e-26, 0.0, 4.168502346851612e-12, 1.4575249269419239e-22, 0.0, 4.4339796933459774e-26, 0.0, 0.0, 4.794554455506838e-12, 4.547470666105788e-15, 2.0140835145337993e-15, 8.426468758143435e-26, 0.0, 8.423034039832203e-18, 8.988811290185279e-12, 9.07881518422556e-12, 0.0], [0.0, 6.394862787706677e-19, 1.291977605578991e-07, 0.35864150818532037, 0.0, 3.1577218071298226e-08, 0.00011404852574507522, 5.120933908761159e-14, 1.4201377257600496e-18, 0.5491947606516807, 0.0029723368157015513, 0.42694545306578624, 1.1359046719349688e-10, 5.170867545817548e-08, 7.72063236043275e-11, 0.0, 2.896175021192318e-10, 0.7007219703490185, 2.1638198670007982e-12, 1.0, 0.0006672863762375448, 2.618812801411765e-11, 3.095679459977394e-11, 0.0, 0.03044590102811178, 4.415344615930583e-21, 6.342409224488915e-12, 0.0004082326253915209, 1.119528880589503e-08, 0.5932053166732589, 0.0023046426907092164, 7.2113081664186774e-06, 2.1081929250116028e-07, 6.233326674607416e-06, 0.0, 0.4689179288691601, 0.0022758793435375796, 3.853713244377589e-09, 1.1244685388069096e-08, 0.6425000730558605, 1.254540951537662e-07, 0.09041627349673091, 0.09509004567755355, 8.969365299679233e-18, 0.423419424059883, 1.8410900995481443e-11, 0.008374147917371861, 0.0005445813786535659, 0.05044419645512419, 0.0002505332900671866, 0.0017829989202729545, 0.04588392131516216, 2.704198810579025e-26, 0.7409287938046969, 1.714931667264513e-17, 0.4733963616668402, 0.205378591192001, 0.04097202306949917, 0.0, 0.14427385934242395, 0.005792190775638883, 0.615265119241664, 0.06543021556051866, 4.478555067783987e-11, 1.9687531330769826e-07, 0.08392570770336621, 0.2610883965133853, 0.0676346348788305, 0.003627600434663471, 0.1379152082959899, 0.007333682487839617, 0.006660470310981881, 0.036591433162797914, 4.669631133599348e-11, 0.0, 0.7137256386745516, 0.6852272705846887, 0.13143096501096538, 0.0359195651786315, 7.169839034794309e-09, 2.2532043317861485e-08, 1.797346654950665e-08, 0.6506842119335454, 0.01544820771359061], [0.0, 3.4945911123171555e-22, 0.0, 0.16370505283531353, 0.0, 5.882363215087813e-11, 6.151703944458001e-05, 0.0, 0.0, 0.0838487564396299, 8.702384616591907e-19, 0.13005527934797698, 4.514724567092292e-11, 0.0, 2.8745525382737702e-18, 0.0, 0.0, 0.11051506663487874, 3.3067136461574817e-18, 0.0006672863762375448, 1.0, 4.3609638703261634e-21, 0.0, 0.0, 9.473387665045763e-05, 1.8492223759596652e-23, 8.673617379884035e-19, 0.00014689447471041912, 0.0, 0.20118110510584183, 6.003661816117777e-12, 1.6543612251060553e-24, 0.0, 0.0, 0.0, 0.05136654969375141, 0.0, 0.0, 0.0, 0.06180350044300585, 2.6020852139652106e-18, 1.432236410311273e-07, 3.6379788070917125e-12, 4.963083675318166e-24, 0.21369309610292217, 1.141103630421212e-21, 6.156131012377349e-05, 0.00016488116361037137, 0.0, 0.0001955504044180027, 4.9181997597636867e-08, 2.0967546673902937e-21, 0.0, 0.1329279677263886, 0.0, 0.19217409088591403, 0.0, 2.596735408200022e-05, 0.0, 0.49999999999999994, 5.169878828456423e-26, 0.11103099676902808, 0.0, 8.230095165733208e-12, 3.602197089670669e-11, 0.0, 0.4235118584980593, 2.0679515313825692e-25, 0.0, 0.3066442492014667, 0.0, 9.270369012037825e-05, 0.0, 0.0, 0.0, 0.0037560770546490167, 0.1253280654978502, 4.389212235380022e-07, 0.0007225830976298114, 1.1406957450623783e-10, 2.6020852139652106e-18, 3.602197166024603e-11, 0.17092265921049787, 0.0], [0.0, 2.5799850376581363e-20, 0.0, 1.0375582253491763e-10, 0.0, 2.191129805483898e-10, 7.198902474701833e-12, 0.0, 5.875446709689403e-20, 6.757387611831889e-11, 6.722714733912084e-20, 9.965832924914315e-11, 4.4456933880011357e-13, 0.0, 8.17243052110481e-11, 0.0, 0.0, 1.0127528345857823e-10, 2.183678769323707e-12, 2.618812801411765e-11, 4.3609638703261634e-21, 1.0, 7.109064396233314e-13, 0.0, 6.40749007998065e-20, 1.0268007487090834e-20, 2.1836788137765408e-12, 3.3019828233322285e-20, 0.0, 1.902564918732783e-10, 2.3103454603812282e-10, 0.0, 0.0, 0.0, 0.0, 0.0, 0.0, 0.0, 2.3103454603812282e-10, 1.9686489322769995e-10, 0.0, 2.777227982480084e-12, 1.3622108831558332e-12, 5.421010862427522e-20, 6.740803870090853e-11, 4.764055414430086e-21, 1.0785705695411319e-10, 4.4014826686421975e-11, 0.0, 0.0, 2.1612909146857063e-10, 2.3103454604125124e-10, 2.2618219874496848e-26, 7.705341528004915e-11, 0.0, 2.316151432397007e-10, 0.0, 0.0, 0.0, 2.1836787643153714e-12, 9.357594369063383e-20, 8.209986481088824e-12, 0.0, 1.984986117276964e-27, 7.424949013320974e-11, 0.0, 6.707454562410343e-11, 0.0, 0.0, 6.925822444012986e-11, 8.258714121292832e-22, 0.0, 0.0, 6.213909792265503e-23, 0.0, 1.0866551997501242e-10, 0.0, 1.122446712553676e-19, 0.0, 6.707454562397113e-11, 1.9849861172769637e-27, 2.115544218940883e-10, 1.999583925165138e-11, 0.0], [0.0, 0.0, 0.0, 6.066767265499918e-11, 0.0, 0.0, 5.6660478282594733e-11, 0.0, 0.0, 1.7063558472599713e-11, 0.0, 1.4836841286898515e-11, 1.4786964977845674e-11, 0.0, 1.5629673570020655e-12, 0.0, 0.0, 4.255871112093826e-11, 1.9034612489980076e-12, 3.095679459977394e-11, 0.0, 7.109064396233314e-13, 1.0, 0.0, 1.455191522836685e-11, 0.0, 1.9027428693938186e-12, 1.2220879100383382e-26, 0.0, 3.8863487366767326e-11, 0.0, 0.0, 0.0, 3.2311742677852644e-27, 0.0, 0.0, 0.0, 0.0, 0.0, 6.283754064302197e-11, 0.0, 5.89490861634852e-11, 6.517954603781435e-11, 0.0, 1.705862997669785e-11, 3.1988001064718056e-11, 1.4551915228366868e-11, 0.0, 0.0, 0.0, 0.0, 0.0, 3.231174267785264e-27, 2.256730981970824e-11, 0.0, 3.973388518934585e-11, 0.0, 0.0, 0.0, 1.902742869393822e-12, 0.0, 3.0740261896135995e-11, 0.0, 2.5849394142282115e-26, 2.5014250806629023e-11, 0.0, 0.0, 0.0, 0.0, 2.7244105365781386e-11, 1.497986368856287e-26, 0.0, 2.0547484644681954e-26, 1.455191522836685e-11, 0.0, 1.1308417766763803e-11, 3.3221853130214778e-15, 2.2204460492503126e-16, 0.0, 0.0, 0.0, 5.210779005412837e-11, 1.3882949541227226e-11, 0.0], [0.0, 0.0, 0.0, 0.0, 0.0, 0.0, 0.0, 0.0, 0.0, 0.0, 0.0, 0.0, 0.0, 0.0, 0.0, 0.0, 0.0, 0.0, 0.0, 0.0, 0.0, 0.0, 0.0, 1.0, 0.0, 0.0, 0.0, 0.0, 0.0, 0.0, 0.0, 0.0, 0.0, 0.0, 0.0, 0.0, 0.0, 0.0, 0.0, 0.0, 0.0, 0.0, 0.0, 0.0, 0.0, 0.0, 0.0, 0.0, 0.0, 0.0, 0.0, 0.0, 0.0, 0.0, 0.0, 0.0, 0.0, 0.0, 0.0, 0.0, 0.0, 0.0, 0.0, 0.0, 0.0, 0.0, 0.0, 0.0, 0.0, 0.0, 0.0, 0.0, 0.0, 0.0, 0.0, 0.0, 0.0, 0.0, 0.0, 0.0, 0.0, 0.0, 0.0, 0.0], [0.0, 4.95326411622144e-21, 0.0, 0.012507457210349368, 0.0, 3.270445939896224e-09, 6.106200148804561e-05, 5.280156283152268e-14, 5.948523716302725e-20, 0.0405027699915013, 9.423352587928025e-10, 0.02650581336161355, 2.959829473583026e-11, 0.0, 3.87212753696203e-12, 0.0, 2.7442743106230854e-09, 0.058328370599147826, 1.4459443787427652e-12, 0.03044590102811178, 9.473387665045763e-05, 6.40749007998065e-20, 1.455191522836685e-11, 0.0, 1.0, 2.5476172375335107e-20, 1.4916530771743308e-12, 0.0002442056792615514, 0.0, 0.03631798418305221, 0.0, 6.994439055291434e-10, 4.2622097426252176e-08, 1.862645149230957e-09, 0.0, 0.0, 9.66338120633736e-13, 2.4827504528063034e-09, 9.313225746154784e-10, 0.024055205200524704, 0.0, 0.06253335060311442, 1.455191522836685e-11, 4.999966284187196e-20, 0.028036369860109586, 3.222812320810817e-11, 0.00027124397429236554, 0.0009683226048323829, 0.0, 0.0005486666637798836, 1.7462298274183076e-09, 6.505426155136364e-08, 0.0, 0.05507255182416463, 0.0, 0.0006144184933224891, 0.01722883763412441, 0.017229283988615642, 0.0, 0.019688680363472974, 0.013269318565964276, 0.009810682346996506, 0.06228887452337285, 0.0, 2.3920495003079476e-07, 0.062288874523372874, 0.0, 0.05293517350530509, 1.396141518682389e-09, 0.0007846708135260274, 4.2621757568134804e-08, 0.000244140625, 0.017228837634124406, 8.57427900651974e-11, 0.0, 0.06326491376300597, 0.011747663775205449, 0.062418798674384504, 0.05120956329623605, 3.1944100771566623e-10, 3.7252902984619136e-09, 1.651955363108141e-09, 0.05029829009071141, 0.0], [0.0, 4.1495970321976264e-21, 0.0, 1.1727146842161305e-20, 0.0, 0.0, 0.0, 0.0, 2.6972380709284573e-20, 1.3272010107611217e-20, 8.678864161888743e-21, 2.101760051774222e-20, 0.0, 0.0, 2.900656904788088e-22, 0.0, 0.0, 6.908132027424151e-21, 0.0, 4.415344615930583e-21, 1.8492223759596652e-23, 1.0268007487090834e-20, 0.0, 0.0, 2.5476172375335107e-20, 1.0, 0.0, 2.7940565360335414e-22, 0.0, 2.606057171953081e-20, 0.0, 6.617444900424222e-24, 0.0, 0.0, 0.0, 0.0, 0.0, 0.0, 0.0, 8.809308318481888e-21, 0.0, 1.0581503601776569e-22, 0.0, 1.338471014834992e-23, 1.2744055368469618e-20, 0.0, 2.0749134729383123e-22, 1.1536631527361601e-22, 0.0, 0.0, 0.0, 0.0, 0.0, 8.708581116230328e-21, 0.0, 1.0245291003534814e-20, 0.0, 5.362738498356215e-24, 0.0, 0.0, 1.2423149893063071e-20, 1.7976533463612507e-20, 0.0, 0.0, 0.0, 0.0, 3.136684993421765e-22, 0.0, 0.0, 1.7319857466073068e-20, 0.0, 0.0, 0.0, 2.461653070536041e-22, 0.0, 2.337358540922133e-20, 0.0, 1.5284129333002575e-22, 0.0, 0.0, 0.0, 3.839814603361799e-22, 2.0962051755955165e-20, 0.0], [0.0, 2.311575655831322e-19, 0.0, 7.602181758790309e-12, 0.0, 0.0, 3.008894078746243e-12, 1.35003119794419e-13, 3.68683739428939e-19, 6.39433350299838e-12, 6.580291771828646e-14, 6.2582719874713e-12, 6.379190710592519e-12, 0.0, 3.3041895466807617e-12, 0.0, 0.0, 4.658670871981893e-12, 3.1740216412971176e-12, 6.342409224488915e-12, 8.673617379884035e-19, 2.1836788137765408e-12, 1.9027428693938186e-12, 0.0, 1.4916530771743308e-12, 0.0, 1.0, 4.164991187538277e-18, 0.0, 4.968519761737449e-12, 0.0, 2.9653326703563342e-12, 2.8421709430404e-14, 0.0, 0.0, 0.0, 2.8421709430404e-13, 0.0, 0.0, 8.182376792137816e-12, 8.673617379884034e-19, 5.677821625263039e-12, 4.508997067787459e-12, 1.3552527156068808e-20, 3.653146597190042e-12, 5.684372590565545e-14, 2.6044964380521883e-12, 0.0, 0.0, 0.0, 6.776263578034402e-20, 0.0, 0.0, 6.807736516803807e-12, 0.0, 3.3422475599945653e-12, 0.0, 5.6843418860808e-14, 0.0, 2.9382872128590893e-12, 1.0763579413567084e-19, 1.0343532878501602e-11, 0.0, 0.0, 1.8758328224066645e-12, 0.0, 0.0, 0.0, 0.0, 1.2705509193297788e-11, 0.0, 0.0, 0.0, 0.0, 0.0, 1.13076079414261e-11, 0.0, 9.593610428445032e-19, 0.0, 0.0, 8.6736173798840345e-19, 4.34166258199473e-12, 4.6472869776950336e-12, 0.0], [0.0, 1.59247358238708e-18, 0.0, 0.0002928850448256046, 0.0, 0.0, 0.0001001229332833217, 0.0, 1.3873112891970447e-18, 0.00017002148100832818, 3.814697265626095e-06, 0.00021541938163273968, 2.4266956839862487e-25, 0.0, 1.6210862328497486e-17, 0.0, 0.0, 0.0003398549188719128, 6.220535727352311e-17, 0.0004082326253915209, 0.00014689447471041912, 3.3019828233322285e-20, 1.2220879100383382e-26, 0.0, 0.0002442056792615514, 2.7940565360335414e-22, 4.164991187538277e-18, 1.0, 0.0, 0.0003821001527383695, 0.0, 8.219384963162329e-06, 5.960464477539062e-08, 3.814697265625e-06, 0.0, 5.7220458984375e-06, 6.15043321851882e-06, 0.0, 0.0, 0.00014764960177945374, 8.673617379884034e-19, 5.174799837761391e-05, 0.0, 9.217176412709223e-18, 0.00036900027527828603, 7.319303063999787e-18, 8.487726683020333e-05, 0.00011638288751290286, 0.0, 0.0001323195760480235, 6.903453138358215e-07, 5.960464477539728e-08, 7.454172953658754e-26, 0.00036821368189979254, 1.3877787807814457e-17, 9.29108319087894e-05, 0.0, 4.8701856291479855e-05, 0.0, 2.1187442135025096e-22, 7.041025379340013e-20, 0.0003428655669574152, 0.0, 2.1766744546022366e-25, 5.960464477539061e-08, 0.0, 4.191844439079691e-22, 1.5957771567614195e-05, 0.0, 0.00018650837185318385, 9.569438886497541e-06, 0.00029550260140646803, 6.387034687949349e-26, 4.1945984138426545e-22, 0.0, 0.0003422195347364794, 0.00016294133063795782, 1.1219879157087784e-06, 6.103515624999999e-05, 0.0, 8.6736174184205e-19, 4.303331500029814e-17, 0.0002684491698057209, 0.0], [0.0, 0.0, 0.0, 2.8101439346092e-08, 0.0, 9.618658190487367e-09, 0.0, 0.0, 0.0, 4.77464002454282e-10, 0.0, 0.0, 0.0, 0.0, 0.0, 0.0, 0.0, 3.697103586091363e-09, 0.0, 1.119528880589503e-08, 0.0, 0.0, 0.0, 0.0, 0.0, 0.0, 0.0, 0.0, 1.0, 1.2166747166629525e-08, 0.0, 0.0, 7.450580596923828e-09, 0.0, 0.0, 0.0, 0.0, 0.0, 0.0, 1.0357508111246643e-08, 5.637705276484176e-09, 0.0, 0.0, 0.0, 0.0, 0.0, 0.0, 8.463290844068897e-09, 0.0, 0.0, 1.1175870895385744e-08, 3.8157963732748024e-09, 0.0, 0.0, 0.0, 4.799664520603177e-09, 0.0, 0.0, 0.0, 0.0, 0.0, 6.591169066201022e-09, 0.0, 0.0, 0.0, 0.0, 0.0, 0.0, 0.0, 7.45058059692383e-09, 7.450580596923827e-09, 0.0, 0.0, 0.0, 0.0, 8.57828109246407e-09, 0.0, 0.0, 0.0, 0.0, 0.0, 7.450580596923828e-09, 4.145653553021458e-09, 0.0], [0.0, 8.257322333206417e-19, 8.49917562444758e-08, 0.7818706216024904, 0.0, 5.157584986765033e-08, 9.376519268859321e-05, 7.054708889568772e-14, 9.011240739256033e-19, 0.2744787696104005, 0.004316750771726416, 0.6013007940110875, 8.701568779064826e-11, 5.2154064178466803e-08, 6.091891563085024e-12, 0.0, 1.5191958561880575e-09, 0.4569724890878757, 6.485114091408984e-12, 0.5932053166732589, 0.20118110510584183, 1.902564918732783e-10, 3.8863487366767326e-11, 0.0, 0.03631798418305221, 2.606057171953081e-20, 4.968519761737449e-12, 0.0003821001527383695, 1.2166747166629525e-08, 1.0, 0.0012685068774599142, 8.985832281400314e-06, 1.5790389259418984e-07, 4.769398803371623e-06, 0.0, 0.23716482188006072, 0.0017852254038789516, 2.4867369373337356e-09, 2.7288322215363635e-08, 0.21935503578344104, 9.591864996121913e-08, 0.06507623994150591, 0.18350631864126477, 1.6886281707779875e-18, 0.6338923166219437, 3.4016707503846535e-12, 0.011967973750118061, 0.0006506425381605867, 0.031186607803275455, 0.00032748654379437, 0.000659424629461102, 0.03399586579053549, 8.059514624551542e-26, 0.5174418120760685, 1.547725067287877e-17, 0.5942520508500737, 0.34694988098994073, 0.07857049776312937, 0.0, 0.455689974379791, 0.03309080582587782, 0.5969364516471074, 0.0837789656289932, 1.0943062320839789e-10, 3.552793840257504e-07, 0.06301614856807042, 0.3356446168334796, 0.07120873074779868, 0.00176253825738458, 0.7135529784650361, 0.009159029212470726, 0.00513742223582333, 0.06253076781497349, 4.819529760732216e-11, 0.0, 0.7161789628846802, 0.4931021313293247, 0.17120513921067038, 0.08978465123090038, 5.561108483103533e-09, 6.130737116539172e-08, 2.1864139690855002e-08, 0.6090213511824132, 0.01180942459714284], [0.0, 0.0, 0.0, 0.004055111588939757, 0.0, 2.5588218456429116e-10, 2.1316282072803006e-14, 3.5527136788005005e-15, 0.0, 0.003332181217986326, 0.0, 0.003499560942960879, 3.3537272811985567e-11, 0.0, 6.90257946589928e-11, 0.0, 0.0, 0.002903110329349049, 5.329070518200751e-15, 0.0023046426907092164, 6.003661816117777e-12, 2.3103454603812282e-10, 0.0, 0.0, 0.0, 0.0, 0.0, 0.0, 0.0, 0.0012685068774599142, 1.0, 0.0, 1.4210854715202004e-14, 0.0, 0.0, 0.0, 0.004428141360292833, 0.0, 2.3283064365386963e-10, 0.0011662302609588304, 0.0, 2.910914011816527e-11, 0.0, 0.0, 0.0005286923701663254, 0.0, 0.001950225747710945, 6.81341205484848e-11, 0.0, 0.0, 0.003906250203726813, 2.3283064365386963e-10, 0.0, 0.0042736721447598006, 0.0, 0.0017379229942755259, 0.0, 0.0, 0.0, 0.0, 0.0, 0.0025037828303334842, 0.0, 1.1622130693432421e-10, 8.732747858175571e-11, 0.0, 5.8207660913467394e-11, 0.0, 0.0010232453219761225, 0.0014368756083204372, 0.0, 0.0014870839602087514, 0.0009765624999999999, 0.0, 0.0, 0.0019337629872224007, 0.0018288075225927074, 0.004600531143902941, 0.0, 8.731149137020111e-11, 0.0, 2.456062968518723e-10, 0.002557572852866171, 0.005201602197062079], [0.0, 0.0, 1.3939854313568721e-07, 2.2392260224499797e-06, 0.0, 1.5034302536355302e-08, 2.4449740805102658e-05, 0.0, 0.0, 2.6557417992946977e-05, 4.6566128730773915e-10, 9.100168754997668e-06, 2.103964947940763e-12, 2.0189253584905957e-08, 3.637978807101639e-12, 0.0, 0.0, 9.53972178144304e-06, 1.8287043343580693e-12, 7.2113081664186774e-06, 1.6543612251060553e-24, 0.0, 0.0, 0.0, 6.994439055291434e-10, 6.617444900424222e-24, 2.9653326703563342e-12, 8.219384963162329e-06, 0.0, 8.985832281400314e-06, 0.0, 1.0, 7.519902830789086e-08, 9.539071470499039e-07, 0.0, 0.0, 3.814697322468419e-06, 1.2676131979965054e-09, 3.028388037735894e-08, 6.671664768732726e-06, 4.3818651548952135e-08, 1.1751619989212643e-05, 1.2068791014772376e-12, 6.617444900424222e-24, 3.1122741856478196e-05, 2.1696060676525296e-13, 7.7446723134852e-06, 2.4639166995623447e-08, 0.0, 9.5367431640625e-07, 2.3283064365386963e-10, 2.9802322387695306e-08, 0.0, 3.1286382975901865e-05, 0.0, 1.8416585069358224e-05, 0.0, 2.3286958503201514e-08, 0.0, 5.115907697472721e-13, 0.0, 9.345585033539604e-06, 0.0, 0.0, 3.1665024380345124e-08, 0.0, 0.0, 1.1736858509848633e-05, 2.1080465289341613e-09, 2.5492030348479547e-05, 1.0896224686938658e-05, 0.0, 0.0, 0.0, 0.0, 2.5075300217790694e-05, 0.0, 1.0266675741023173e-06, 0.0, 0.0, 3.663212560790789e-09, 6.994582690822451e-10, 1.2420170164935616e-05, 0.0], [0.0, 0.0, 4.7691018