"{\"names\": [\"172.217.10.1\", \"104.88.86.240\", \"38.93.140.48\", \"192.168.10.15\", \"104.88.108.223\", \"195.142.105.15\", \"172.217.12.163\", \"206.217.206.48\", \"172.217.6.228\", \"178.255.83.1\", \"74.119.118.82\", \"192.168.10.9\", \"172.217.7.6\", \"35.186.227.40\", \"31.13.71.36\", \"206.126.112.142\", \"151.101.2.49\", \"192.168.10.25\", \"172.217.3.98\", \"192.168.10.16\", \"72.30.202.150\", \"172.217.12.132\", \"50.31.164.173\", \"162.208.20.178\", \"23.15.4.16\", \"216.58.217.99\", \"172.217.6.198\", \"172.217.12.174\", \"169.46.44.40\", \"192.168.10.17\", \"52.84.143.130\", \"104.19.195.102\", \"216.200.232.61\", \"104.97.73.166\", \"152.163.13.79\", \"192.229.163.25\", \"74.119.118.86\", \"54.225.188.92\", \"188.165.145.88\", \"192.168.10.14\", \"8.43.72.98\", \"199.96.57.6\", \"68.67.178.110\", \"104.88.70.158\", \"192.168.10.19\", \"69.172.216.56\", \"157.240.18.35\", \"172.217.11.34\", \"185.54.150.20\", \"69.169.85.7\", \"198.232.124.194\", \"74.119.118.72\", \"172.217.12.134\", \"192.168.10.5\", \"23.111.9.30\", \"192.168.10.8\", \"151.101.66.2\", \"68.67.178.199\", \"213.239.195.215\", \"138.108.7.20\", \"52.84.145.87\", \"192.168.10.50\", \"52.84.145.198\", \"52.40.24.51\", \"212.77.100.137\", \"185.54.150.115\", \"172.217.10.138\", \"152.163.66.165\", \"52.84.137.78\", \"192.168.10.51\", \"68.67.178.109\", \"129.146.14.96\", \"54.152.24.232\", \"172.217.10.33\", \"52.8.229.108\", \"192.168.10.12\", \"64.147.131.201\", \"172.217.12.206\", \"68.67.180.12\", \"172.217.10.134\", \"38.69.238.16\", \"172.217.10.142\", \"192.168.10.3\", \"172.217.6.202\"], \"funcEdges\": [[1.0, 0.0, 0.0, 0.0, 0.0, 0.0, 0.0, 0.0, 0.0, 0.0, 0.0, 0.0, 0.0, 0.0, 0.0, 0.0, 0.0, 0.0, 0.0, 0.0, 0.0, 0.0, 0.0, 0.0, 0.0, 0.0, 0.0, 0.0, 0.0, 0.0, 0.0, 0.0, 0.0, 0.0, 0.0, 0.0, 0.0, 0.0, 0.0, 0.0, 0.0, 0.0, 0.0, 0.0, 0.0, 0.0, 0.0, 0.0, 0.0, 0.0, 0.0, 0.0, 0.0, 0.0, 0.0, 0.0, 0.0, 0.0, 0.0, 0.0, 0.0, 0.0, 0.0, 0.0, 0.0, 0.0, 0.0, 0.0, 0.0, 0.0, 0.0, 0.0, 0.0, 0.0, 0.0, 0.0, 0.0, 0.0, 0.0, 0.0, 0.0, 0.0, 0.0, 0.0], [0.0, 1.0, 0.0, 0.0032278826133431563, 0.0, 0.0, 0.0, 0.0, 0.002084450925542262, 0.003605953279644422, 0.0005103400082224882, 0.001841104296930227, 0.0, 0.0, 0.0013336270804742236, 0.0, 0.0, 0.001363543246383151, 0.0023582852223803996, 0.0014399950833900621, 7.869119615621894e-07, 5.809609827109319e-05, 0.0, 0.0, 1.1153759214041263e-05, 9.344061823971473e-06, 0.0005205205631120326, 0.003585931716117906, 0.0, 0.0018593836891453246, 0.0, 0.0, 0.0, 0.0, 0.0, 0.0, 0.0, 0.0, 0.0, 0.0018395310436997694, 0.0, 0.0001356399736249752, 0.0, 0.0, 0.002988914306839618, 0.0019309819160422176, 4.721471769373138e-06, 1.442376637866806e-05, 0.0, 0.0, 0.0001220703125, 3.814697265625e-06, 0.0, 0.003546082913164561, 0.0, 0.0023658083900777414, 0.0, 0.0, 0.0, 0.0, 2.4917498197257257e-05, 0.00256677246288203, 0.0, 0.0, 0.0, 0.0, 0.0, 0.0, 0.0, 0.0023319025700440903, 0.0, 0.0, 0.0, 0.0, 0.0, 0.0013309255095152587, 0.0, 0.002105208056498581, 0.0, 0.0, 0.0, 4.48988715582179e-05, 0.004207903814061654, 0.0], [0.0, 0.0, 1.0, 0.0, 0.0, 0.0, 0.0, 0.0, 0.0, 0.0, 0.0, 0.0, 0.0, 0.0, 0.0, 0.0, 0.0, 0.0, 0.0, 0.0, 0.0, 0.0, 0.0, 0.0, 0.0, 0.0, 0.0, 0.0, 0.0, 0.0, 0.0, 0.0, 0.0, 0.0, 0.0, 0.0, 0.0, 0.0, 0.0, 0.0, 0.0, 0.0, 0.0, 0.0, 0.0, 0.0, 0.0, 0.0, 0.0, 0.0, 0.0, 0.0, 0.0, 0.0, 0.0, 0.0, 0.0, 0.0, 0.0, 0.0, 0.0, 0.0, 0.0, 0.0, 0.0, 0.0, 0.0, 0.0, 0.0, 0.0, 0.0, 0.0, 0.0, 0.0, 0.0, 0.0, 0.0, 0.0, 0.0, 0.0, 0.0, 0.0, 0.0, 0.0], [0.0, 0.0032278826133431563, 0.0, 1.0, 0.0, 0.0, 0.12499999999999997, 0.0, 0.004991474031706661, 0.18142295621765336, 0.015247714778828107, 0.21591419983253687, 2.2814749506643133e-10, 0.0, 0.07488288643777416, 0.0, 0.0, 0.5555906079089594, 0.2574174751606889, 0.5647518119762749, 0.007498763758557332, 0.00016705472594855914, 3.723406275611692e-11, 0.0, 3.0321709536981557e-05, 2.640718707423837e-05, 0.009258253224529375, 0.08404664089982927, 0.0, 0.646200708938798, 0.0, 9.926774653653958e-09, 0.0, 3.1037826377818893e-10, 0.0, 0.0, 0.1608390664546808, 0.0, 0.0, 0.6296898620708884, 0.0049630504776850114, 0.12503209976191215, 0.0, 0.01687150482145667, 0.6659772684866837, 0.06137997124933318, 8.596106226938709e-06, 1.2006147002308302e-05, 0.0, 0.0, 7.629151424913131e-05, 1.0912361294593205e-05, 2.2517191652550681e-10, 0.1168666566403278, 0.0508299676131132, 0.45573829144979927, 0.0, 1.2085567112893675e-08, 0.0, 4.003616656137291e-06, 0.00031658164314787537, 0.45154063495372276, 0.0, 4.1762172035137905e-10, 0.0, 0.12499999999999999, 9.446355185048382e-07, 6.886625547620895e-11, 0.0, 0.4192753491192081, 7.213439197146575e-07, 0.0, 3.246798731290092e-10, 9.483534716704141e-07, 0.0, 0.30624854868514095, 0.16025502820404658, 0.005910647980181385, 6.770406849562918e-11, 0.0, 0.0049630420089452985, 0.31761903253683077, 0.2768487293855271, 0.0], [0.0, 0.0, 0.0, 0.0, 1.0, 0.0, 0.0, 0.0, 0.0, 0.0, 0.0, 0.0, 0.0, 0.0, 0.0, 0.0, 0.0, 0.0, 0.0, 0.0, 0.0, 0.0, 0.0, 0.0, 0.0, 0.0, 0.0, 0.0, 0.0, 0.0, 0.0, 0.0, 0.0, 0.0, 0.0, 0.0, 0.0, 0.0, 0.0, 0.0, 0.0, 0.0, 0.0, 0.0, 0.0, 0.0, 0.0, 0.0, 0.0, 0.0, 0.0, 0.0, 0.0, 0.0, 0.0, 0.0, 0.0, 0.0, 0.0, 0.0, 0.0, 0.0, 0.0, 0.0, 0.0, 0.0, 0.0, 0.0, 0.0, 0.0, 0.0, 0.0, 0.0, 0.0, 0.0, 0.0, 0.0, 0.0, 0.0, 0.0, 0.0, 0.0, 0.0, 0.0], [0.0, 0.0, 0.0, 0.0, 0.0, 1.0, 0.0, 0.0, 0.0, 0.0, 0.0, 0.0, 0.0, 0.0, 0.0, 0.0, 0.0, 0.0, 0.0, 0.0, 0.0, 0.0, 0.0, 0.0, 0.0, 0.0, 0.0, 0.0, 0.0, 0.0, 0.0, 0.0, 0.0, 0.0, 0.0, 0.0, 0.0, 0.0, 0.0, 0.0, 0.0, 0.0, 0.0, 0.0, 0.0, 0.0, 0.0, 0.0, 0.0, 0.0, 0.0, 0.0, 0.0, 0.0, 0.0, 0.0, 0.0, 0.0, 0.0, 0.0, 0.0, 0.0, 0.0, 0.0, 0.0, 0.0, 0.0, 0.0, 0.0, 0.0, 0.0, 0.0, 0.0, 0.0, 0.0, 0.0, 0.0, 0.0, 0.0, 0.0, 0.0, 0.0, 0.0, 0.0], [0.0, 0.0, 0.0, 0.12499999999999997, 0.0, 0.0, 1.0, 0.0, 0.0, 0.1773937187967248, 0.0, 0.125, 0.0, 0.0, 0.0, 0.0, 0.0, 0.14945199735626263, 0.48650965085859177, 0.27179473906731433, 0.0, 0.0, 0.0, 0.0, 0.0, 0.0, 0.0, 0.0, 0.0, 0.2672612419124244, 0.0, 0.0, 0.0, 0.0, 0.0, 0.0, 0.193006879745617, 0.0, 0.0, 0.12033703057157452, 0.0, 0.125, 0.0, 0.0, 0.12499999999999997, 0.0, 0.0, 0.0, 0.0, 0.0, 0.0, 0.0, 0.0, 0.0, 0.0, 0.3951033426537249, 0.0, 0.0, 0.0, 0.0, 0.0, 0.06234418205668642, 0.0, 0.0, 0.0, 0.4999999999999999, 0.0, 0.0, 0.0, 0.4658657497172421, 0.0, 0.0, 0.0, 0.0, 0.0, 0.24839918272429432, 0.2403825423060699, 0.0, 0.0, 0.0, 0.0, 0.3566252238938188, 0.3203233598049354, 0.0], [0.0, 0.0, 0.0, 0.0, 0.0, 0.0, 0.0, 1.0, 0.0, 0.0, 0.0, 0.0, 0.0, 0.0, 0.0, 0.0, 0.0, 0.0, 0.0, 0.0, 0.0, 0.0, 0.0, 0.0, 0.0, 0.0, 0.0, 0.0, 0.0, 0.0, 0.0, 0.0, 0.0, 0.0, 0.0, 0.0, 0.0, 0.0, 0.0, 0.0, 0.0, 0.0, 0.0, 0.0, 0.0, 0.0, 0.0, 0.0, 0.0, 0.0, 0.0, 0.0, 0.0, 0.0, 0.0, 0.0, 0.0, 0.0, 0.0, 0.0, 0.0, 0.0, 0.0, 0.0, 0.0, 0.0, 0.0, 0.0, 0.0, 0.0, 0.0, 0.0, 0.0, 0.0, 0.0, 0.0, 0.0, 0.0, 0.0, 0.0, 0.0, 0.0, 0.0, 0.0], [0.0, 0.002084450925542262, 0.0, 0.004991474031706661, 0.0, 0.0, 0.0, 0.0, 1.0, 0.002748353035910156, 0.0005577889653697904, 0.0038291299747428894, 0.0, 0.0, 0.003995120917150274, 0.0, 0.0, 0.0028882239244292307, 0.0022601424717759895, 0.0031978658662738715, 0.0, 0.000132303298061962, 0.0, 0.0, 0.00013394884596072755, 6.073640185581458e-05, 0.0008302019757548654, 0.0031239473025373465, 0.0, 0.0020291510217729652, 0.0, 0.0, 0.0, 0.0, 0.0, 0.0, 0.0, 0.0, 0.0, 0.0038658822946717472, 0.0, 0.0001220703125, 0.0, 5.26826786177157e-05, 0.0033140958811130466, 0.0007800015008332179, 0.0, 0.0, 0.0, 0.0, 0.00014665556252160065, 0.0, 0.0, 0.0009563890760653837, 0.0, 0.004198044982476614, 0.0, 0.0, 0.0, 0.0, 8.474398337631365e-05, 0.002576642482784146, 0.0, 0.0, 0.0, 0.0, 0.0, 0.0, 0.0, 0.0033088527241273073, 0.0, 0.0, 0.0, 0.0, 0.0, 0.005115260483500257, 0.0, 0.0014821322170404149, 0.0, 0.0, 0.0, 0.0, 0.0024006592553393715, 0.0], [0.0, 0.003605953279644422, 0.0, 0.18142295621765336, 0.0, 0.0, 0.1773937187967248, 0.0, 0.002748353035910156, 1.0, 0.01910761783508717, 0.5560093932676142, 2.436595121762355e-10, 0.0, 0.16015003396392902, 0.0, 0.0, 0.2616784197762089, 0.4694019207531584, 0.6266715887972056, 0.009802685071162304, 0.000157276902387672, 8.586319064827356e-11, 0.0, 8.63340703191718e-05, 2.9885909887547667e-05, 0.0037253972251405703, 0.19369470970137534, 0.0, 0.30764311543727574, 0.0, 8.555587223935267e-09, 0.0, 1.470028631856034e-10, 0.0, 0.0, 0.4527051966688716, 0.0, 0.0, 0.37177756661032624, 0.012975675098856002, 0.10399793339452547, 0.0, 3.052617801735769e-05, 0.26687389814346224, 0.0006219021916116114, 4.16292094606853e-06, 2.429314756502053e-05, 0.0, 0.0, 0.0005179343578394387, 3.814697265625e-06, 1.1935680664946351e-10, 0.18236312854441233, 0.0013135354740912457, 0.1570931303625022, 0.0, 3.0002979996224874e-08, 0.0, 1.943261969701254e-06, 0.00024157832685736512, 0.6121486345896348, 0.0, 4.146153213278317e-10, 0.0, 0.1773937187967248, 5.447468536999521e-07, 1.0627216300639288e-10, 0.0, 0.3764582077436036, 3.28217875198814e-07, 0.0, 9.699294751372312e-11, 3.0318149307317794e-07, 0.0, 0.35081031572718113, 0.4406376488393426, 0.009853730786090704, 2.144563074819384e-10, 0.0, 0.012975671737690663, 0.3700546420878525, 0.7694201468164166, 0.0], [0.0, 0.0005103400082224882, 0.0, 0.015247714778828107, 0.0, 0.0, 0.0, 0.0, 0.0005577889653697904, 0.01910761783508717, 1.0, 0.02127740946019031, 0.0, 0.0, 0.010379885055660634, 0.0, 0.0, 0.015207765696340962, 0.005982116859734988, 0.015078614046725884, 0.0019596028058259025, 0.00015138207785282302, 0.0, 0.0, 0.00013747320037416733, 1.954306470274065e-05, 0.0021057128906249996, 0.002465312203708437, 0.0, 0.0055440409553132435, 0.0, 0.0, 0.0, 0.0, 0.0, 0.0, 0.0, 0.0, 0.0, 0.011708755624764998, 0.001953125, 0.00012344235726839586, 0.0, 0.0001220703125, 0.010017556676460444, 0.0001278217185589354, 4.3365258175258735e-06, 2.5771558276815282e-06, 0.0, 0.0, 0.000152587890625, 1.30843036760337e-06, 0.0, 0.005588884077968894, 0.0, 0.03417468186074819, 0.0, 0.0, 0.0, 4.7683715820312495e-07, 5.2809679587674115e-05, 0.021280195102141117, 0.0, 0.0, 0.0, 0.0, 3.5208232818010503e-07, 0.0, 0.0, 0.017831092396055914, 1.8596970919606922e-06, 0.0, 0.0, 4.3844598638579276e-07, 0.0, 0.014959033494868084, 0.0, 0.0002681281160194267, 0.0, 0.0, 0.0019531250000000004, 6.1691729071851955e-06, 0.012856423225284512, 0.0], [0.0, 0.001841104296930227, 0.0, 0.21591419983253687, 0.0, 0.0, 0.125, 0.0, 0.0038291299747428894, 0.5560093932676142, 0.02127740946019031, 1.0, 3.3764819942090663e-10, 0.0, 0.0444889404915409, 0.0, 0.0, 0.33064683958143026, 0.3798536695771555, 0.4611563651952683, 0.016702652745712053, 0.00025344607706972777, 9.19657454608792e-11, 0.0, 6.747718302803963e-05, 4.73274289299629e-05, 0.00891549492036476, 0.28521917984923, 0.0, 0.3880438501122028, 0.0, 1.0705896115220712e-08, 0.0, 3.469573128518806e-10, 0.0, 0.0, 0.4503493860731064, 0.0, 0.0, 0.15869220851813173, 0.005827959278099532, 0.12516012746366195, 0.0, 0.02909590913227532, 0.41064149727384275, 0.0033373565783141367, 6.537892805784559e-06, 1.5351371248147115e-05, 0.0, 0.0, 0.0002464721276373451, 1.5030498208523547e-05, 2.3177158249386892e-10, 0.24966021217279089, 0.07875696342275758, 0.5297515926165263, 0.0, 2.8184597346051606e-08, 0.0, 3.0823720859112505e-06, 0.00014642541282006407, 0.7065620225513131, 0.0, 6.126400208321382e-10, 0.0, 0.12499999999999999, 6.922288375260357e-07, 3.961017617454562e-10, 0.0, 0.47201573646828754, 1.8591478447455457e-06, 0.0, 2.5654987508273607e-10, 4.718281131985297e-07, 0.0, 0.5402615592072781, 0.40508909907134005, 0.027263833756849605, 4.4425197274976883e-10, 0.0, 0.005827958352650828, 0.3737400708088954, 0.7342091132132575, 0.0], [0.0, 0.0, 0.0, 2.2814749506643133e-10, 0.0, 0.0, 0.0, 0.0, 0.0, 2.436595121762355e-10, 0.0, 3.3764819942090663e-10, 1.0, 0.0, 0.0, 0.0, 0.0, 3.2946505422710337e-10, 1.7462298274040222e-10, 2.363185160266193e-10, 1.1641532182693484e-10, 0.0, 0.0, 0.0, 0.0, 0.0, 0.0, 5.46443288907103e-10, 0.0, 1.549788991829595e-10, 0.0, 0.0, 0.0, 0.0, 0.0, 0.0, 0.0, 0.0, 0.0, 1.5753840759544245e-10, 0.0, 0.0, 0.0, 0.0, 3.416396101940219e-10, 0.0, 2.3283064365386963e-10, 0.0, 0.0, 0.0, 0.0, 0.0, 2.3283064365386963e-10, 3.563170981411927e-10, 0.0, 1.892425883630252e-10, 0.0, 1.3069747932902804e-10, 0.0, 5.8207660913467394e-11, 1.1641532182693479e-10, 4.0959827597063904e-10, 0.0, 1.1641532182693481e-10, 0.0, 0.0, 0.0, 1.164153218269348e-10, 0.0, 2.1774938553206015e-10, 0.0, 0.0, 2.3283064365386963e-10, 0.0, 0.0, 1.9843617205776882e-10, 0.0, 1.164153218269348e-10, 2.6203185838511735e-10, 0.0, 0.0, 0.0, 4.3926847810222354e-10, 0.0], [0.0, 0.0, 0.0, 0.0, 0.0, 0.0, 0.0, 0.0, 0.0, 0.0, 0.0, 0.0, 0.0, 1.0, 0.0, 0.0, 0.0, 0.0, 0.0, 0.0, 0.0, 0.0, 0.0, 0.0, 0.0, 0.0, 0.0, 0.0, 0.0, 0.0, 0.0, 0.0, 0.0, 0.0, 0.0, 0.0, 0.0, 0.0, 0.0, 0.0, 0.0, 0.0, 0.0, 0.0, 0.0, 0.0, 0.0, 0.0, 0.0, 0.0, 0.0, 0.0, 0.0, 0.0, 0.0, 0.0, 0.0, 0.0, 0.0, 0.0, 0.0, 0.0, 0.0, 0.0, 0.0, 0.0, 0.0, 0.0, 0.0, 0.0, 0.0, 0.0, 0.0, 0.0, 0.0, 0.0, 0.0, 0.0, 0.0, 0.0, 0.0, 0.0, 0.0, 0.0], [0.0, 0.0013336270804742236, 0.0, 0.07488288643777416, 0.0, 0.0, 0.0, 0.0, 0.003995120917150274, 0.16015003396392902, 0.010379885055660634, 0.0444889404915409, 0.0, 0.0, 1.0, 0.0, 0.0, 0.1238156969095427, 0.13135352128078145, 0.15535865697343215, 0.0064729168701133325, 2.9509198558582115e-07, 0.0, 0.0, 0.0, 6.531698677766644e-07, 0.0034101165184858393, 0.036503616770987846, 0.0, 0.06627084475276812, 0.0, 2.2351741790771484e-08, 0.0, 0.0, 0.0, 0.0, 0.0, 0.0, 0.0, 0.17396455420133022, 0.011422758041241635, 1.4901161193847656e-08, 0.0, 2.235174179077148e-08, 0.06652553861252727, 0.0009787515078355008, 6.224423750568022e-08, 1.4510940969690168e-07, 0.0, 0.0, 0.0, 0.0, 0.0, 0.0738666335493671, 0.03125, 0.06955537765689081, 0.0, 7.4505805969238265e-09, 0.0, 0.0, 0.0, 0.13413231506777826, 0.0, 0.0, 0.0, 0.0, 4.5189360695250344e-07, 0.0, 0.0, 0.08433437978486744, 0.0, 0.0, 0.0, 3.335428396676228e-07, 0.0, 0.07094929915443654, 0.0, 0.005187013756218474, 0.0, 0.0, 0.011422755247273911, 0.0045830171209500295, 0.16644715858508038, 0.0], [0.0, 0.0, 0.0, 0.0, 0.0, 0.0, 0.0, 0.0, 0.0, 0.0, 0.0, 0.0, 0.0, 0.0, 0.0, 1.0, 0.0, 0.0, 0.0, 0.0, 0.0, 0.0, 0.0, 0.0, 0.0, 0.0, 0.0, 0.0, 0.0, 0.0, 0.0, 0.0, 0.0, 0.0, 0.0, 0.0, 0.0, 0.0, 0.0, 0.0, 0.0, 0.0, 0.0, 0.0, 0.0, 0.0, 0.0, 0.0, 0.0, 0.0, 0.0, 0.0, 0.0, 0.0, 0.0, 0.0, 0.0, 0.0, 0.0, 0.0, 0.0, 0.0, 0.0, 0.0, 0.0, 0.0, 0.0, 0.0, 0.0, 0.0, 0.0, 0.0, 0.0, 0.0, 0.0, 0.0, 0.0, 0.0, 0.0, 0.0, 0.0, 0.0, 0.0, 0.0], [0.0, 0.0, 0.0, 0.0, 0.0, 0.0, 0.0, 0.0, 0.0, 0.0, 0.0, 0.0, 0.0, 0.0, 0.0, 0.0, 1.0, 0.0, 0.0, 0.0, 0.0, 0.0, 0.0, 0.0, 0.0, 0.0, 0.0, 0.0, 0.0, 0.0, 0.0, 0.0, 0.0, 0.0, 0.0, 0.0, 0.0, 0.0, 0.0, 0.0, 0.0, 0.0, 0.0, 0.0, 0.0, 0.0, 0.0, 0.0, 0.0, 0.0, 0.0, 0.0, 0.0, 0.0, 0.0, 0.0, 0.0, 0.0, 0.0, 0.0, 0.0, 0.0, 0.0, 0.0, 0.0, 0.0, 0.0, 0.0, 0.0, 0.0, 0.0, 0.0, 0.0, 0.0, 0.0, 0.0, 0.0, 0.0, 0.0, 0.0, 0.0, 0.0, 0.0, 0.0], [0.0, 0.001363543246383151, 0.0, 0.5555906079089594, 0.0, 0.0, 0.14945199735626263, 0.0, 0.0028882239244292307, 0.2616784197762089, 0.015207765696340962, 0.33064683958143026, 3.2946505422710337e-10, 0.0, 0.1238156969095427, 0.0, 0.0, 1.0, 0.5220051414701908, 0.31000904741095026, 0.002426064827703908, 0.00019403376954466782, 8.259357697559547e-11, 0.0, 4.8341474579844624e-05, 1.5555730412266798e-05, 0.009867714939726624, 0.20988555384421564, 0.0, 0.6298802254312008, 0.0, 1.2306577071526292e-08, 0.0, 4.4660998270029873e-10, 0.0, 0.0, 0.0641005859588499, 0.0, 0.0, 0.5349923156589769, 0.014370270896660046, 0.06425213564530594, 0.0, 0.04363127906978759, 0.6607230446657264, 0.00966868146244551, 7.0362187692210945e-06, 1.556041520445086e-05, 0.0, 0.0, 0.00022151912992226058, 5.977840778223845e-07, 2.56984056933069e-10, 0.3111338507413708, 0.02764536677904321, 0.5286335610111355, 0.0, 7.391840714635284e-09, 0.0, 1.5196711407571362e-06, 0.00013889530347883895, 0.6880371802049728, 0.0, 7.306328264176427e-10, 0.0, 0.14945199735626263, 5.846547721736059e-07, 3.236084939010419e-10, 0.0, 0.3437891540855616, 3.243606946415283e-07, 0.0, 3.11876452916357e-10, 4.7506044214730034e-07, 0.0, 0.2268700609195355, 0.11050147350735269, 0.06522477897623932, 3.537740714123092e-10, 0.0, 0.014370267036714275, 0.31361178598456374, 0.18935299927711363, 0.0], [0.0, 0.0023582852223803996, 0.0, 0.2574174751606889, 0.0, 0.0, 0.48650965085859177, 0.0, 0.0022601424717759895, 0.4694019207531584, 0.005982116859734988, 0.3798536695771555, 1.7462298274040222e-10, 0.0, 0.13135352128078145, 0.0, 0.0, 0.5220051414701908, 1.0, 0.5053045721854809, 0.0074460571723278845, 1.2705542036711222e-05, 4.538895262184674e-11, 0.0, 0.0, 0.0, 0.0037395625991311237, 0.14007401191874363, 0.0, 0.47738992063663005, 0.0, 0.0, 0.0, 7.275957614183425e-12, 0.0, 0.0, 0.1763014957226095, 0.0, 0.0, 0.3092705157070085, 0.018966986477920677, 0.009947668004261528, 0.0, 0.001884065322792517, 0.33942573120615316, 0.016677173383383717, 7.495416748680078e-06, 1.137136110510061e-05, 0.0, 0.0, 0.0, 1.524414390214081e-05, 7.705680989052727e-11, 0.2316508248077011, 0.03125, 0.5585960525224012, 0.0, 1.306974793290281e-10, 0.0, 2.299804630027354e-06, 1.1641532182693484e-10, 0.45008128718317486, 0.0, 1.7707448337381114e-10, 0.0, 0.48650965085859177, 0.0, 1.1641532182693481e-10, 0.0, 0.5833837202742503, 3.282054358929429e-07, 0.0, 9.984434647360645e-11, 0.0, 0.0, 0.2794404904782226, 0.30549793104934336, 0.03531288277373856, 1.897472077961195e-10, 0.0, 0.018966986481558656, 0.6684220026711183, 0.5489355082001934, 0.0], [0.0, 0.0014399950833900621, 0.0, 0.5647518119762749, 0.0, 0.0, 0.27179473906731433, 0.0, 0.0031978658662738715, 0.6266715887972056, 0.015078614046725884, 0.4611563651952683, 2.363185160266193e-10, 0.0, 0.15535865697343215, 0.0, 0.0, 0.31000904741095026, 0.5053045721854809, 1.0, 0.00810203243273885, 0.00034610554621209485, 3.8588556878541297e-11, 0.0, 5.855457213141117e-05, 9.94247218350865e-06, 0.004689908366863586, 0.10133798859875488, 0.0, 0.30801395767071477, 0.0, 7.688591676142563e-09, 0.0, 1.0275591471101394e-10, 0.0, 0.0, 0.21313747505217917, 0.0, 0.0, 0.6323422026392784, 0.00977088975233737, 0.27181794886187466, 0.0, 0.020197215110692626, 0.4058540492001753, 0.012651382923669508, 1.5024932484585216e-05, 2.7251821698791346e-05, 0.0, 0.0, 2.5973588341718636e-05, 6.506193591409861e-06, 6.089314377829718e-11, 0.11939200335498781, 0.03861682808829162, 0.2866752377139275, 0.0, 7.597917189742106e-09, 0.0, 3.7724723252963817e-06, 0.00016271839599266009, 0.5675781414977346, 0.0, 3.7224953784165257e-10, 0.0, 0.2717947390673144, 2.2292354184888096e-07, 8.219774470491108e-11, 0.0, 0.6055668591403501, 8.30435570111042e-07, 0.0, 5.824046065724139e-11, 2.7928097867492766e-07, 0.0, 0.234543092420626, 0.48258896006394586, 0.02526083732454657, 2.535963454892519e-10, 0.0, 0.009770883955428415, 0.5328145176944368, 0.5325551460880285, 0.0], [0.0, 7.869119615621894e-07, 0.0, 0.007498763758557332, 0.0, 0.0, 0.0, 0.0, 0.0, 0.009802685071162304, 0.0019596028058259025, 0.016702652745712053, 1.1641532182693484e-10, 0.0, 0.0064729168701133325, 0.0, 0.0, 0.002426064827703908, 0.0074460571723278845, 0.00810203243273885, 1.0, 9.820017630688553e-06, 0.0, 0.0, 0.0, 4.164078601648566e-08, 0.001953125, 0.0019553320278606697, 0.0, 0.019452726517120038, 0.0, 3.725290298461914e-09, 0.0, 0.0, 0.0, 0.0, 0.0, 0.0, 0.0, 0.013135484581304185, 0.005859375, 5.678871376077851e-06, 0.0, 1.1175870895385742e-08, 0.015268843042462284, 2.5695369423780453e-06, 1.8261848612034572e-05, 7.641117094572459e-06, 0.0, 0.0, 0.0, 4.7214717693731375e-06, 0.0, 0.008825459245809016, 0.0, 0.010831616356210274, 0.0, 7.581278076252855e-09, 0.0, 9.536743164062502e-07, 1.1641532182693481e-10, 0.005568632315528469, 0.0, 1.1641532182693484e-10, 0.0, 0.0, 0.0, 4.656612873077393e-10, 0.0, 0.003737786585233587, 0.0, 0.0, 0.0, 0.0, 0.0, 0.01323757779500444, 0.0, 0.003923732550076885, 3.0720976500324105e-10, 0.0, 0.005859375, 0.0017193377625930287, 0.007504191226854908, 0.0], [0.0, 5.809609827109319e-05, 0.0, 0.00016705472594855914, 0.0, 0.0, 0.0, 0.0, 0.000132303298061962, 0.000157276902387672, 0.00015138207785282302, 0.00025344607706972777, 0.0, 0.0, 2.9509198558582115e-07, 0.0, 0.0, 0.00019403376954466782, 1.2705542036711222e-05, 0.00034610554621209485, 9.820017630688553e-06, 1.0, 0.0, 0.0, 0.00014428384968290502, 2.3121497346349872e-05, 0.00011280442478764923, 7.435404306371401e-05, 0.0, 0.0002297230752024456, 0.0, 0.0, 0.0, 0.0, 0.0, 0.0, 0.0, 0.0, 0.0, 8.594443299622076e-05, 0.0, 2.363197364524624e-05, 0.0, 0.0001220703125, 0.0002397474183950415, 1.0727699094599865e-05, 1.172739887512368e-05, 1.5741746854091386e-05, 0.0, 0.0, 3.051757812500001e-05, 7.044614879075912e-06, 5.0931703299283975e-11, 0.0001526367488660416, 0.0, 0.0002886829434115131, 0.0, 0.0, 0.0, 1.4277733859370834e-06, 0.0002107142925679905, 0.00013626635279533576, 0.0, 4.4697913690520714e-12, 0.0, 0.0, 2.978959545608424e-07, 0.0, 0.0, 0.00011816859958526983, 1.8596970919606926e-06, 0.0, 0.0, 1.3992480912480398e-07, 0.0, 0.00013046820775637622, 0.0, 0.00025275252981999866, 0.0, 0.0, 4.469791369052071e-12, 3.995421869877991e-05, 0.00024001309290586217, 0.0], [0.0, 0.0, 0.0, 3.723406275611692e-11, 0.0, 0.0, 0.0, 0.0, 0.0, 8.586319064827356e-11, 0.0, 9.19657454608792e-11, 0.0, 0.0, 0.0, 0.0, 0.0, 8.259357697559547e-11, 4.538895262184674e-11, 3.8588556878541297e-11, 0.0, 0.0, 1.0, 0.0, 0.0, 0.0, 0.0, 2.751897328131324e-11, 0.0, 1.0236732568251095e-11, 0.0, 0.0, 0.0, 7.275957614183426e-12, 0.0, 0.0, 0.0, 0.0, 0.0, 1.6269535826721326e-11, 0.0, 3.637978807091713e-11, 0.0, 0.0, 3.42727582892487e-12, 1.1387501817655443e-11, 3.799708967041434e-11, 0.0, 0.0, 0.0, 0.0, 0.0, 7.275957614183425e-12, 1.1641532182693478e-10, 0.0, 0.0, 0.0, 0.0, 0.0, 7.275957614183426e-12, 0.0, 7.964493961045314e-11, 0.0, 5.820766091346741e-11, 0.0, 0.0, 0.0, 0.0, 0.0, 2.269334353850011e-11, 3.3731654262936284e-11, 0.0, 4.626882209459532e-11, 0.0, 0.0, 1.4314804628684697e-10, 0.0, 0.0, 0.0, 0.0, 0.0, 0.0, 8.4692066233186e-11, 0.0], [0.0, 0.0, 0.0, 0.0, 0.0, 0.0, 0.0, 0.0, 0.0, 0.0, 0.0, 0.0, 0.0, 0.0, 0.0, 0.0, 0.0, 0.0, 0.0, 0.0, 0.0, 0.0, 0.0, 1.0, 0.0, 0.0, 0.0, 0.0, 0.0, 0.0, 0.0, 0.0, 0.0, 0.0, 0.0, 0.0, 0.0, 0.0, 0.0, 0.0, 0.0, 0.0, 0.0, 0.0, 0.0, 0.0, 0.0, 0.0, 0.0, 0.0, 0.0, 0.0, 0.0, 0.0, 0.0, 0.0, 0.0, 0.0, 0.0, 0.0, 0.0, 0.0, 0.0, 0.0, 0.0, 0.0, 0.0, 0.0, 0.0, 0.0, 0.0, 0.0, 0.0, 0.0, 0.0, 0.0, 0.0, 0.0, 0.0, 0.0, 0.0, 0.0, 0.0, 0.0], [0.0, 1.1153759214041263e-05, 0.0, 3.0321709536981557e-05, 0.0, 0.0, 0.0, 0.0, 0.00013394884596072755, 8.63340703191718e-05, 0.00013747320037416733, 6.747718302803963e-05, 0.0, 0.0, 0.0, 0.0, 0.0, 4.8341474579844624e-05, 0.0, 5.855457213141117e-05, 0.0, 0.00014428384968290502, 0.0, 0.0, 1.0, 5.7367240208192856e-05, 4.8252527773565355e-05, 4.8253000609241756e-05, 0.0, 0.00016798246092433037, 0.0, 0.0, 0.0, 0.0, 0.0, 0.0, 0.0, 0.0, 0.0, 4.229397280663285e-05, 0.0, 0.0, 0.0, 0.0001125892314716525, 0.0001360146640232712, 0.0, 0.0, 0.0, 0.0, 0.0, 3.2168351849043574e-05, 0.0, 0.0, 3.1944160569220535e-05, 0.0, 9.960415371364015e-05, 0.0, 0.0, 0.0, 0.0, 6.764102440168373e-05, 9.474407176645745e-05, 0.0, 0.0, 0.0, 0.0, 0.0, 0.0, 0.0, 5.6825068436482676e-05, 0.0, 0.0, 0.0, 0.0, 0.0, 9.169432675468439e-05, 0.0, 7.242094150308107e-05, 0.0, 0.0, 0.0, 0.0, 7.692180165276253e-05, 0.0], [0.0, 9.344061823971473e-06, 0.0, 2.640718707423837e-05, 0.0, 0.0, 0.0, 0.0, 6.073640185581458e-05, 2.9885909887547667e-05, 1.954306470274065e-05, 4.73274289299629e-05, 0.0, 0.0, 6.531698677766644e-07, 0.0, 0.0, 1.5555730412266798e-05, 0.0, 9.94247218350865e-06, 4.164078601648566e-08, 2.3121497346349872e-05, 0.0, 0.0, 5.7367240208192856e-05, 1.0, 0.0, 6.291655987266378e-07, 0.0, 5.868319054257052e-05, 0.0, 1.4901161193847656e-08, 0.0, 0.0, 0.0, 0.0, 0.0, 0.0, 0.0, 1.9836798830253422e-05, 0.0, 2.382742783899026e-07, 0.0, 3.01396878182854e-08, 2.869706150431437e-05, 0.0, 4.6722897717755026e-07, 2.597818472386821e-07, 0.0, 0.0, 0.0, 0.0, 0.0, 1.960998133499032e-05, 0.0, 2.307034437291084e-05, 0.0, 1.2075813551441231e-08, 0.0, 0.0, 2.7974446614583332e-05, 4.047955470406927e-05, 0.0, 0.0, 0.0, 0.0, 7.063186683776444e-07, 0.0, 0.0, 3.9000851815158386e-05, 0.0, 0.0, 0.0, 5.543149925590775e-07, 0.0, 5.263263526964082e-05, 0.0, 3.4416799584396433e-07, 0.0, 0.0, 0.0, 8.646493808435993e-07, 4.7202344238520365e-05, 0.0], [0.0, 0.0005205205631120326, 0.0, 0.009258253224529375, 0.0, 0.0, 0.0, 0.0, 0.0008302019757548654, 0.0037253972251405703, 0.0021057128906249996, 0.00891549492036476, 0.0, 0.0, 0.0034101165184858393, 0.0, 0.0, 0.009867714939726624, 0.0037395625991311237, 0.004689908366863586, 0.001953125, 0.00011280442478764923, 0.0, 0.0, 4.8252527773565355e-05, 0.0, 1.0, 0.009378726380099392, 0.0, 0.006081213792816025, 0.0, 0.0, 0.0, 0.0, 0.0, 0.0, 0.0, 0.0, 0.0, 0.003015292712468857, 0.0019531249999999996, 0.00012207031249999999, 0.0, 3.051757812500001e-05, 0.0025307702976616496, 0.0006914035302654104, 0.0, 0.0, 0.0, 0.0, 0.00015258789062499997, 0.0, 0.0, 0.009782003743680498, 0.0, 0.0068899083504615904, 0.0, 0.0, 0.0, 0.0, 0.0002423742611805673, 0.002393719964533254, 0.0, 0.0, 0.0, 0.0, 0.0, 0.0, 0.0, 0.008992589523608353, 0.0, 0.0, 0.0, 0.0, 0.0, 0.003203489578550986, 0.0, 0.0021602890175341375, 0.0, 0.0, 0.0019531249999999998, 0.0, 0.0028405201091557795, 0.0], [0.0, 0.003585931716117906, 0.0, 0.08404664089982927, 0.0, 0.0, 0.0, 0.0, 0.0031239473025373465, 0.19369470970137534, 0.002465312203708437, 0.28521917984923, 5.46443288907103e-10, 0.0, 0.036503616770987846, 0.0, 0.0, 0.20988555384421564, 0.14007401191874363, 0.10133798859875488, 0.0019553320278606697, 7.435404306371401e-05, 2.751897328131324e-11, 0.0, 4.8253000609241756e-05, 6.291655987266378e-07, 0.009378726380099392, 1.0, 0.0, 0.20873232200183944, 0.0, 0.0, 0.0, 3.587294087563556e-10, 0.0, 0.0, 0.0, 0.0, 0.0, 0.1653248663185683, 0.0019531249999999996, 0.00016546386225831756, 0.0, 0.02075523612884269, 0.42188763081802716, 0.016481605275820585, 4.114365700038489e-06, 1.0353584635667793e-05, 0.0, 0.0, 0.00018094956839944445, 1.5031751629867152e-05, 1.6785305268226397e-10, 0.21474743028937532, 0.03125, 0.12984800890203818, 0.0, 1.3036123622156924e-10, 0.0, 4.770987825211648e-07, 0.00015854979637350944, 0.1835621734245059, 0.0, 4.901435131326755e-10, 0.0, 0.0, 9.439194526917191e-07, 1.4250578176023567e-10, 0.0, 0.19085527858617812, 1.8597218438467016e-06, 0.0, 1.438232352032556e-10, 9.445395926775326e-07, 0.0, 0.07592255827176704, 0.0, 0.06646020741124169, 2.3882689452347967e-10, 0.0, 0.00195312500867764, 0.09690241069992994, 0.25389675841496, 0.0], [0.0, 0.0, 0.0, 0.0, 0.0, 0.0, 0.0, 0.0, 0.0, 0.0, 0.0, 0.0, 0.0, 0.0, 0.0, 0.0, 0.0, 0.0, 0.0, 0.0, 0.0, 0.0, 0.0, 0.0, 0.0, 0.0, 0.0, 0.0, 1.0, 0.0, 0.0, 0.0, 0.0, 0.0, 0.0, 0.0, 0.0, 0.0, 0.0, 0.0, 0.0, 0.0, 0.0, 0.0, 0.0, 0.0, 0.0, 0.0, 0.0, 0.0, 0.0, 0.0, 0.0, 0.0, 0.0, 0.0, 0.0, 0.0, 0.0, 0.0, 0.0, 0.0, 0.0, 0.0, 0.0, 0.0, 0.0, 0.0, 0.0, 0.0, 0.0, 0.0, 0.0, 0.0, 0.0, 0.0, 0.0, 0.0, 0.0, 0.0, 0.0, 0.0, 0.0, 0.0], [0.0, 0.0018593836891453246, 0.0, 0.646200708938798, 0.0, 0.0, 0.2672612419124244, 0.0, 0.0020291510217729652, 0.30764311543727574, 0.0055440409553132435, 0.3880438501122028, 1.549788991829595e-10, 0.0, 0.06627084475276812, 0.0, 0.0, 0.6298802254312008, 0.47738992063663005, 0.30801395767071477, 0.019452726517120038, 0.0002297230752024456, 1.0236732568251095e-11, 0.0, 0.00016798246092433037, 5.868319054257052e-05, 0.006081213792816025, 0.20873232200183944, 0.0, 1.0, 0.0, 2.586631545952422e-09, 0.0, 9.691984459426984e-11, 0.0, 0.0, 0.22352745297330734, 0.0, 0.0, 0.19197443141396991, 0.0073018569276567915, 0.06730382629137066, 0.0, 0.0038024526003415334, 0.5931394915732113, 0.0041681075628456745, 1.1247820278246079e-05, 1.1572306304276307e-05, 0.0, 0.0, 0.0005158316529979985, 3.917521375623441e-07, 1.8148413529958695e-10, 0.2596734889419793, 0.03485167018154829, 0.7301909848804371, 0.0, 8.037913854566552e-09, 0.0, 2.4159721264417943e-06, 0.00014421622363124754, 0.39997191879181254, 0.0, 6.525295907144882e-10, 0.0, 0.2672612419124244, 1.1749239033477288e-06, 1.8238090592362963e-10, 0.0, 0.40824425820828647, 9.126430110816444e-08, 0.0, 1.7653685766771503e-10, 9.209069078158877e-07, 0.0, 0.5329618071709747, 0.002379442103362457, 0.06785618387894773, 1.3640758015646155e-10, 0.0, 0.007301853415235324, 0.27890931642389616, 0.22143655729874462, 0.0], [0.0, 0.0, 0.0, 0.0, 0.0, 0.0, 0.0, 0.0, 0.0, 0.0, 0.0, 0.0, 0.0, 0.0, 0.0, 0.0, 0.0, 0.0, 0.0, 0.0, 0.0, 0.0, 0.0, 0.0, 0.0, 0.0, 0.0, 0.0, 0.0, 0.0, 1.0, 0.0, 0.0, 0.0, 0.0, 0.0, 0.0, 0.0, 0.0, 0.0, 0.0, 0.0, 0.0, 0.0, 0.0, 0.0, 0.0, 0.0, 0.0, 0.0, 0.0, 0.0, 0.0, 0.0, 0.0, 0.0, 0.0, 0.0, 0.0, 0.0, 0.0, 0.0, 0.0, 0.0, 0.0, 0.0, 0.0, 0.0, 0.0, 0.0, 0.0, 0.0, 0.0, 0.0, 0.0, 0.0, 0.0, 0.0, 0.0, 0.0, 0.0, 0.0, 0.0, 0.0], [0.0, 0.0, 0.0, 9.926774653653958e-09, 0.0, 0.0, 0.0, 0.0, 0.0, 8.555587223935267e-09, 0.0, 1.0705896115220712e-08, 0.0, 0.0, 2.2351741790771484e-08, 0.0, 0.0, 1.2306577071526292e-08, 0.0, 7.688591676142563e-09, 3.725290298461914e-09, 0.0, 0.0, 0.0, 0.0, 1.4901161193847656e-08, 0.0, 0.0, 0.0, 2.586631545952422e-09, 0.0, 1.0, 0.0, 0.0, 0.0, 0.0, 0.0, 0.0, 0.0, 1.1506539980286485e-08, 1.8626451492309574e-09, 1.4901161193847656e-08, 0.0, 1.4901161193847656e-08, 3.5701542436238845e-09, 0.0, 0.0, 6.309306941534954e-09, 0.0, 0.0, 0.0, 0.0, 0.0, 1.0431135385584332e-08, 0.0, 5.800832372525491e-09, 0.0, 0.0, 0.0, 0.0, 0.0, 7.960190077380563e-09, 0.0, 0.0, 0.0, 0.0, 0.0, 0.0, 0.0, 3.255922327117622e-09, 0.0, 0.0, 0.0, 0.0, 0.0, 1.1630792632804766e-08, 0.0, 1.862645149230957e-09, 0.0, 0.0, 0.0, 5.838974796207952e-09, 1.8896936035209704e-08, 0.0], [0.0, 0.0, 0.0, 0.0, 0.0, 0.0, 0.0, 0.0, 0.0, 0.0, 0.0, 0.0, 0.0, 0.0, 0.0, 0.0, 0.0, 0.0, 0.0, 0.0, 0.0, 0.0, 0.0, 0.0, 0.0, 0.0, 0.0, 0.0, 0.0, 0.0, 0.0, 0.0, 1.0, 0.0, 0.0, 0.0, 0.0, 0.0, 0.0, 0.0, 0.0, 0.0, 0.0, 0.0, 0.0, 0.0, 0.0, 0.0, 0.0, 0.0, 0.0, 0.0, 0.0, 0.0, 0.0, 0.0, 0.0, 0.0, 0.0, 0.0, 0.0, 0.0, 0.0, 0.0, 0.0, 0.0, 0.0, 0.0, 0.0, 0.0, 0.0, 0.0, 0.0, 0.0, 0.0, 0.0, 0.0, 0.0, 0.0, 0.0, 0.0, 0.0, 0.0, 0.0], [0.0, 0.0, 0.0, 3.1037826377818893e-10, 0.0, 0.0, 0.0, 0.0, 0.0, 1.470028631856034e-10, 0.0, 3.469573128518806e-10, 0.0, 0.0, 0.0, 0.0, 0.0, 4.4660998270029873e-10, 7.275957614183425e-12, 1.0275591471101394e-10, 0.0, 0.0, 7.275957614183426e-12, 0.0, 0.0, 0.0, 0.0, 3.587294087563556e-10, 0.0, 9.691984459426984e-11, 0.0, 0.0, 0.0, 1.0, 0.0, 0.0, 0.0, 0.0, 0.0, 2.3566150946943544e-10, 0.0, 7.275957614183425e-12, 0.0, 0.0, 6.027207624454895e-10, 7.184061549393365e-12, 2.8597931589090717e-11, 0.0, 0.0, 0.0, 0.0, 0.0, 7.275957614183426e-12, 4.3177037800449707e-10, 0.0, 0.0, 0.0, 0.0, 0.0, 9.11365945183083e-10, 2.4596810992845295e-10, 2.2155879392998066e-10, 0.0, 9.376770690826794e-10, 0.0, 0.0, 0.0, 0.0, 0.0, 4.668717374558993e-10, 0.0, 0.0, 0.0, 0.0, 0.0, 2.378537423782226e-10, 0.0, 3.2449243172933057e-10, 0.0, 0.0, 0.0, 0.0, 1.763595901029309e-11, 0.0], [0.0, 0.0, 0.0, 0.0, 0.0, 0.0, 0.0, 0.0, 0.0, 0.0, 0.0, 0.0, 0.0, 0.0, 0.0, 0.0, 0.0, 0.0, 0.0, 0.0, 0.0, 0.0, 0.0, 0.0, 0.0, 0.0, 0.0, 0.0, 0.0, 0.0, 0.0, 0.0, 0.0, 0.0, 1.0, 0.0, 0.0, 0.0, 0.0, 0.0, 0.0, 0.0, 0.0, 0.0, 0.0, 0.0, 0.0, 0.0, 0.0, 0.0, 0.0, 0.0, 0.0, 0.0, 0.0, 0.0, 0.0, 0.0, 0.0, 0.0, 0.0, 0.0, 0.0, 0.0, 0.0, 0.0, 0.0, 0.0, 0.0, 0.0, 0.0, 0.0, 0.0, 0.0, 0.0, 0.0, 0.0, 0.0, 0.0, 0.0, 0.0, 0.0, 0.0, 0.0], [0.0, 0.0, 0.0, 0.0, 0.0, 0.0, 0.0, 0.0, 0.0, 0.0, 0.0, 0.0, 0.0, 0.0, 0.0, 0.0, 0.0, 0.0, 0.0, 0.0, 0.0, 0.0, 0.0, 0.0, 0.0, 0.0, 0.0, 0.0, 0.0, 0.0, 0.0, 0.0, 0.0, 0.0, 0.0, 1.0, 0.0, 0.0, 0.0, 0.0, 0.0, 0.0, 0.0, 0.0, 0.0, 0.0, 0.0, 0.0, 0.0, 0.0, 0.0, 0.0, 0.0, 0.0, 0.0, 0.0, 0.0, 0.0, 0.0, 0.0, 0.0, 0.0, 0.0, 0.0, 0.0, 0.0, 0.0, 0.0, 0.0, 0.0, 0.0, 0.0, 0.0, 0.0, 0.0, 0.0, 0.0, 0.0, 0.0, 0.0, 0.0, 0.0, 0.0, 0.0], [0.0, 0.0, 0.0, 0.1608390664546808, 0.0, 0.0, 0.193006879745617, 0.0, 0.0, 0.4527051966688716, 0.0, 0.4503493860731064, 0.0, 0.0, 0.0, 0.0, 0.0, 0.0641005859588499, 0.1763014957226095, 0.21313747505217917, 0.0, 0.0, 0.0, 0.0, 0.0, 0.0, 0.0, 0.0, 0.0, 0.22352745297330734, 0.0, 0.0, 0.0, 0.0, 0.0, 0.0, 1.0, 0.0, 0.0, 0.03406461635642637, 0.0, 0.09650343987280852, 0.0, 0.0, 0.1608390664546808, 0.0, 0.0, 0.0, 0.0, 0.0, 0.0, 0.0, 0.0, 0.0, 0.0, 0.10475800216769292, 0.0, 0.0, 0.0, 0.0, 0.0, 0.2922981281915968, 0.0, 0.0, 0.0, 0.193006879745617, 0.0, 0.0, 0.0, 0.30346411972481147, 0.0, 0.0, 0.0, 0.0, 0.0, 0.27269171774539763, 0.31388549963982354, 0.0, 0.0, 0.0, 0.0, 0.10273301746616126, 0.46072039765694855, 0.0], [0.0, 0.0, 0.0, 0.0, 0.0, 0.0, 0.0, 0.0, 0.0, 0.0, 0.0, 0.0, 0.0, 0.0, 0.0, 0.0, 0.0, 0.0, 0.0, 0.0, 0.0, 0.0, 0.0, 0.0, 0.0, 0.0, 0.0, 0.0, 0.0, 0.0, 0.0, 0.0, 0.0, 0.0, 0.0, 0.0, 0.0, 1.0, 0.0, 0.0, 0.0, 0.0, 0.0, 0.0, 0.0, 0.0, 0.0, 0.0, 0.0, 0.0, 0.0, 0.0, 0.0, 0.0, 0.0, 0.0, 0.0, 0.0, 0.0, 0.0, 0.0, 0.0, 0.0, 0.0, 0.0, 0.0, 0.0, 0.0, 0.0, 0.0, 0.0, 0.0, 0.0, 0.0, 0.0, 0.0, 0.0, 0.0, 0.0, 0.0, 0.0, 0.0, 0.0, 0.0], [0.0, 0.0, 0.0, 0.0, 0.0, 0.0, 0.0, 0.0, 0.0, 0.0, 0.0, 0.0, 0.0, 0.0, 0.0, 0.0, 0.0, 0.0, 0.0, 0.0, 0.0, 0.0, 0.0, 0.0, 0.0, 0.0, 0.0, 0.0, 0.0, 0.0, 0.0, 0.0, 0.0, 0.0, 0.0, 0.0, 0.0, 0.0, 1.0, 0.0, 0.0, 0.0, 0.0, 0.0, 0.0, 0.0, 0.0, 0.0, 0.0, 0.0, 0.0, 0.0, 0.0, 0.0, 0.0, 0.0, 0.0, 0.0, 0.0, 0.0, 0.0, 0.0, 0.0, 0.0, 0.0, 0.0, 0.0, 0.0, 0.0, 0.0, 0.0, 0.0, 0.0, 0.0, 0.0, 0.0, 0.0, 0.0, 0.0, 0.0, 0.0, 0.0, 0.0, 0.0], [0.0, 0.0018395310436997694, 0.0, 0.6296898620708884, 0.0, 0.0, 0.12033703057157452, 0.0, 0.0038658822946717472, 0.37177756661032624, 0.011708755624764998, 0.15869220851813173, 1.5753840759544245e-10, 0.0, 0.17396455420133022, 0.0, 0.0, 0.5349923156589769, 0.3092705157070085, 0.6323422026392784, 0.013135484581304185, 8.594443299622076e-05, 1.6269535826721326e-11, 0.0, 4.229397280663285e-05, 1.9836798830253422e-05, 0.003015292712468857, 0.1653248663185683, 0.0, 0.19197443141396991, 0.0, 1.1506539980286485e-08, 0.0, 2.3566150946943544e-10, 0.0, 0.0, 0.03406461635642637, 0.0, 0.0, 1.0, 0.0128933522695436, 0.3013120427978231, 0.0, 0.05241343438845209, 0.5541985510966339, 0.004535927904017198, 8.578122037541766e-06, 3.0473513375482402e-05, 0.0, 0.0, 0.0004912769863846962, 7.850582205620216e-06, 7.583729976253799e-11, 0.1514007871292412, 0.039646108689325464, 0.15881532667740603, 0.0, 1.0356596800543567e-08, 0.0, 4.772652254989146e-07, 6.777790999542882e-05, 0.3288392767300824, 0.0, 4.256832661631672e-10, 0.0, 0.12033703057157451, 6.246194285160636e-07, 1.0617622193114422e-10, 0.0, 0.3305635440583179, 6.016667062225769e-07, 0.0, 3.774984951927973e-11, 5.333039591132123e-07, 0.0, 0.2794815870265143, 0.2524141728985046, 0.04180649890124517, 1.836235558407241e-10, 0.0, 0.012893348572295772, 0.2694475853630066, 0.21827293666252573, 0.0], [0.0, 0.0, 0.0, 0.0049630504776850114, 0.0, 0.0, 0.0, 0.0, 0.0, 0.012975675098856002, 0.001953125, 0.005827959278099532, 0.0, 0.0, 0.011422758041241635, 0.0, 0.0, 0.014370270896660046, 0.018966986477920677, 0.00977088975233737, 0.005859375, 0.0, 0.0, 0.0, 0.0, 0.0, 0.0019531249999999996, 0.0019531249999999996, 0.0, 0.0073018569276567915, 0.0, 1.8626451492309574e-09, 0.0, 0.0, 0.0, 0.0, 0.0, 0.0, 0.0, 0.0128933522695436, 1.0, 0.0, 0.0, 0.0, 0.008619468246605621, 0.0, 0.0, 3.791125906680406e-09, 0.0, 0.0, 0.0, 0.0, 0.0, 0.01244571071665193, 0.0, 0.0026148706488724185, 0.0, 0.0, 0.0, 0.0, 0.0, 0.0023174143430622325, 0.0, 0.0, 0.0, 0.0, 0.0, 0.0, 0.0, 0.008080372851954237, 0.0, 0.0, 0.0, 0.0, 0.0, 0.005826023982666321, 0.0, 0.015625002793967724, 0.0, 0.0, 0.0234375, 0.00458272532229699, 0.014983392107217344, 0.0], [0.0, 0.0001356399736249752, 0.0, 0.12503209976191215, 0.0, 0.0, 0.125, 0.0, 0.0001220703125, 0.10399793339452547, 0.00012344235726839586, 0.12516012746366195, 0.0, 0.0, 1.4901161193847656e-08, 0.0, 0.0, 0.06425213564530594, 0.009947668004261528, 0.27181794886187466, 5.678871376077851e-06, 2.363197364524624e-05, 3.637978807091713e-11, 0.0, 0.0, 2.382742783899026e-07, 0.00012207031249999999, 0.00016546386225831756, 0.0, 0.06730382629137066, 0.0, 1.4901161193847656e-08, 0.0, 7.275957614183425e-12, 0.0, 0.0, 0.09650343987280852, 0.0, 0.0, 0.3013120427978231, 0.0, 1.0, 0.0, 1.4901161193847656e-08, 0.12502043496606394, 0.00012734032415436788, 5.675198848845546e-06, 2.381856658099088e-05, 0.0, 0.0, 0.00048828125, 1.5258789062500003e-05, 6.548361852765082e-11, 0.0005097916188718368, 0.0, 0.08432429878444754, 0.0, 0.0, 0.0, 9.53681592363864e-07, 0.0, 0.26703259891927683, 0.0, 1.2732925824820998e-10, 0.0, 0.12499999999999999, 0.0, 0.0, 0.0, 0.16503929937130402, 3.373165426293629e-11, 0.0, 4.626882209459532e-11, 0.0, 0.0, 0.18286218507994406, 0.24038254230606992, 0.00017962966486208466, 0.0, 0.0, 3.637978807091712e-12, 0.25018146885872283, 0.0091972754882414, 0.0], [0.0, 0.0, 0.0, 0.0, 0.0, 0.0, 0.0, 0.0, 0.0, 0.0, 0.0, 0.0, 0.0, 0.0, 0.0, 0.0, 0.0, 0.0, 0.0, 0.0, 0.0, 0.0, 0.0, 0.0, 0.0, 0.0, 0.0, 0.0, 0.0, 0.0, 0.0, 0.0, 0.0, 0.0, 0.0, 0.0, 0.0, 0.0, 0.0, 0.0, 0.0, 0.0, 1.0, 0.0, 0.0, 0.0, 0.0, 0.0, 0.0, 0.0, 0.0, 0.0, 0.0, 0.0, 0.0, 0.0, 0.0, 0.0, 0.0, 0.0, 0.0, 0.0, 0.0, 0.0, 0.0, 0.0, 0.0, 0.0, 0.0, 0.0, 0.0, 0.0, 0.0, 0.0, 0.0, 0.0, 0.0, 0.0, 0.0, 0.0, 0.0, 0.0, 0.0, 0.0], [0.0, 0.0, 0.0, 0.01687150482145667, 0.0, 0.0, 0.0, 0.0, 5.26826786177157e-05, 3.052617801735769e-05, 0.0001220703125, 0.02909590913227532, 0.0, 0.0, 2.235174179077148e-08, 0.0, 0.0, 0.04363127906978759, 0.001884065322792517, 0.020197215110692626, 1.1175870895385742e-08, 0.0001220703125, 0.0, 0.0, 0.0001125892314716525, 3.01396878182854e-08, 3.051757812500001e-05, 0.02075523612884269, 0.0, 0.0038024526003415334, 0.0, 1.4901161193847656e-08, 0.0, 0.0, 0.0, 0.0, 0.0, 0.0, 0.0, 0.05241343438845209, 0.0, 1.4901161193847656e-08, 0.0, 1.0, 0.03163641328898882, 0.017584609679396828, 0.0, 2.5412616715814366e-08, 0.0, 0.0, 3.0517578124999993e-05, 0.0, 0.0, 0.006965494768514656, 0.0, 0.04805416429873622, 0.0, 7.4505805969238265e-09, 0.0, 0.0, 3.061819615512817e-05, 0.034011213329883015, 0.0, 0.0, 0.0, 0.0, 0.0, 0.0, 0.0, 0.020733893301588927, 0.0, 0.0, 0.0, 0.0, 0.0, 0.011762806883154365, 0.0, 0.022533686613954898, 0.0, 0.0, 0.0, 1.0883551643312879e-08, 0.02519487014823036, 0.0], [0.0, 0.002988914306839618, 0.0, 0.6659772684866837, 0.0, 0.0, 0.12499999999999997, 0.0, 0.0033140958811130466, 0.26687389814346224, 0.010017556676460444, 0.41064149727384275, 3.416396101940219e-10, 0.0, 0.06652553861252727, 0.0, 0.0, 0.6607230446657264, 0.33942573120615316, 0.4058540492001753, 0.015268843042462284, 0.0002397474183950415, 3.42727582892487e-12, 0.0, 0.0001360146640232712, 2.869706150431437e-05, 0.0025307702976616496, 0.42188763081802716, 0.0, 0.5931394915732113, 0.0, 3.5701542436238845e-09, 0.0, 6.027207624454895e-10, 0.0, 0.0, 0.1608390664546808, 0.0, 0.0, 0.5541985510966339, 0.008619468246605621, 0.12502043496606394, 0.0, 0.03163641328898882, 1.0, 0.017670478301813525, 2.255989226792943e-06, 2.1135384738675658e-05, 0.0, 0.0, 6.823937919616058e-05, 1.231188248382383e-05, 2.509258886642977e-10, 0.2015886049345309, 0.05073280688021975, 0.4409913391040443, 0.0, 9.260132397986496e-09, 0.0, 2.155015460636004e-06, 0.00020253631699253933, 0.41772139954302157, 0.0, 7.786537340320035e-10, 0.0, 0.12499999999999999, 5.323352007659199e-07, 1.105709227666359e-10, 0.0, 0.3373735604066386, 3.548739507842157e-07, 0.0, 2.5591774428526065e-10, 2.861571353340078e-07, 0.0, 0.30104993719728707, 0.16025502820404658, 0.06591761329292428, 1.802213276496334e-10, 0.0, 0.008619465774430438, 0.3060657858090371, 0.36004618450861037, 0.0], [0.0, 0.0019309819160422176, 0.0, 0.06137997124933318, 0.0, 0.0, 0.0, 0.0, 0.0007800015008332179, 0.0006219021916116114, 0.0001278217185589354, 0.0033373565783141367, 0.0, 0.0, 0.0009787515078355008, 0.0, 0.0, 0.00966868146244551, 0.016677173383383717, 0.012651382923669508, 2.5695369423780453e-06, 1.0727699094599865e-05, 1.1387501817655443e-11, 0.0, 0.0, 0.0, 0.0006914035302654104, 0.016481605275820585, 0.0, 0.0041681075628456745, 0.0, 0.0, 0.0, 7.184061549393365e-12, 0.0, 0.0, 0.0, 0.0, 0.0, 0.004535927904017198, 0.0, 0.00012734032415436788, 0.0, 0.017584609679396828, 0.017670478301813525, 1.0, 1.2848271849932642e-06, 8.499664250150231e-06, 0.0, 0.0, 0.00012207031249999999, 5.269969894730197e-06, 2.5939417046022293e-11, 0.007716658514758484, 0.0, 0.01602601873974893, 0.0, 0.0, 0.0, 2.7513427