"{\"names\": [\"172.217.10.1\", \"104.88.86.240\", \"38.93.140.48\", \"192.168.10.15\", \"104.88.108.223\", \"195.142.105.15\", \"172.217.12.163\", \"206.217.206.48\", \"172.217.6.228\", \"178.255.83.1\", \"74.119.118.82\", \"192.168.10.9\", \"172.217.7.6\", \"35.186.227.40\", \"31.13.71.36\", \"206.126.112.142\", \"151.101.2.49\", \"192.168.10.25\", \"172.217.3.98\", \"192.168.10.16\", \"72.30.202.150\", \"172.217.12.132\", \"50.31.164.173\", \"162.208.20.178\", \"23.15.4.16\", \"216.58.217.99\", \"172.217.6.198\", \"172.217.12.174\", \"169.46.44.40\", \"192.168.10.17\", \"52.84.143.130\", \"104.19.195.102\", \"216.200.232.61\", \"104.97.73.166\", \"152.163.13.79\", \"192.229.163.25\", \"74.119.118.86\", \"54.225.188.92\", \"188.165.145.88\", \"192.168.10.14\", \"8.43.72.98\", \"199.96.57.6\", \"68.67.178.110\", \"104.88.70.158\", \"192.168.10.19\", \"69.172.216.56\", \"157.240.18.35\", \"172.217.11.34\", \"185.54.150.20\", \"69.169.85.7\", \"198.232.124.194\", \"74.119.118.72\", \"172.217.12.134\", \"192.168.10.5\", \"23.111.9.30\", \"192.168.10.8\", \"151.101.66.2\", \"68.67.178.199\", \"213.239.195.215\", \"138.108.7.20\", \"52.84.145.87\", \"192.168.10.50\", \"52.84.145.198\", \"52.40.24.51\", \"212.77.100.137\", \"185.54.150.115\", \"172.217.10.138\", \"152.163.66.165\", \"52.84.137.78\", \"192.168.10.51\", \"68.67.178.109\", \"129.146.14.96\", \"54.152.24.232\", \"172.217.10.33\", \"52.8.229.108\", \"192.168.10.12\", \"64.147.131.201\", \"172.217.12.206\", \"68.67.180.12\", \"172.217.10.134\", \"38.69.238.16\", \"172.217.10.142\", \"192.168.10.3\", \"172.217.6.202\"], \"funcEdges\": [[1.0, 0.0, 0.0, 0.0, 0.0, 0.0, 0.0, 0.0, 0.0, 0.0, 0.0, 0.0, 0.0, 0.0, 0.0, 0.0, 0.0, 0.0, 0.0, 0.0, 0.0, 0.0, 0.0, 0.0, 0.0, 0.0, 0.0, 0.0, 0.0, 0.0, 0.0, 0.0, 0.0, 0.0, 0.0, 0.0, 0.0, 0.0, 0.0, 0.0, 0.0, 0.0, 0.0, 0.0, 0.0, 0.0, 0.0, 0.0, 0.0, 0.0, 0.0, 0.0, 0.0, 0.0, 0.0, 0.0, 0.0, 0.0, 0.0, 0.0, 0.0, 0.0, 0.0, 0.0, 0.0, 0.0, 0.0, 0.0, 0.0, 0.0, 0.0, 0.0, 0.0, 0.0, 0.0, 0.0, 0.0, 0.0, 0.0, 0.0, 0.0, 0.0, 0.0, 0.0], [0.0, 1.0, 0.0, 9.394374831297773e-14, 0.0, 0.0, 0.0, 0.0, 6.066550633236364e-14, 1.0494705288567412e-13, 1.485284907459538e-14, 5.3583187311021233e-14, 0.0, 0.0, 3.881365644263056e-14, 0.0, 0.0, 3.9684331463159496e-14, 6.863513328077969e-14, 4.190937276551448e-14, 2.290215231368171e-17, 1.6908189942796362e-15, 0.0, 0.0, 3.246171171206883e-16, 2.7194799110210365e-16, 1.5149142218056152e-14, 1.0436434869531967e-13, 0.0, 5.411518764290157e-14, 0.0, 0.0, 0.0, 0.0, 0.0, 0.0, 0.0, 0.0, 0.0, 5.353739961573649e-14, 0.0, 3.947642795537109e-15, 0.0, 0.0, 8.698885523596598e-14, 5.6198970299511495e-14, 1.3741291388209031e-16, 4.197868512322911e-16, 0.0, 0.0, 3.552713678800501e-15, 1.1102230246251565e-16, 0.0, 1.0320459589026173e-13, 0.0, 6.88540862779407e-14, 0.0, 0.0, 0.0, 0.0, 7.251946429389429e-16, 7.470291058073141e-14, 0.0, 0.0, 0.0, 0.0, 0.0, 0.0, 0.0, 6.78672970401848e-14, 0.0, 0.0, 0.0, 0.0, 0.0, 3.873503037947401e-14, 0.0, 6.126961835248457e-14, 0.0, 0.0, 0.0, 1.3067291455290367e-15, 1.2246611918269348e-13, 0.0], [0.0, 0.0, 1.0, 0.0042547095743887264, 0.0, 0.0011833292577169857, 0.0080347054152905, 0.0, 0.0, 0.004532712711315296, 0.0, 0.004312721480467517, 0.0, 0.00390625, 0.0, 0.0, 0.0, 0.010980099887918746, 0.0, 0.008467104435922475, 0.0, 0.0, 0.0, 0.0, 0.0, 0.0, 0.0, 0.0, 0.0, 0.005570019737237966, 0.0, 0.009135622922940397, 0.0031254786093726184, 0.0, 0.0, 0.0, 0.0, 0.0, 0.0009765624999999996, 0.006634891601674638, 0.0035326140561790596, 0.00019892598723796645, 0.0, 0.0, 0.004673422947744819, 0.0, 0.007788729486002554, 0.0017598094922204217, 0.0, 0.0, 0.0, 0.0019531249999999996, 0.0, 0.0032604220597626295, 0.0, 0.003537891769679749, 0.0, 0.001526130387175516, 0.0, 0.00019892598723796642, 0.0, 0.00813206255011793, 0.0, 0.0, 0.0019531249999999996, 0.0, 0.0, 0.0, 0.0, 0.004416880687462103, 0.0011428410086670926, 0.0, 0.0, 0.0, 0.0, 0.0043657250683130375, 0.0, 0.0044110644600632055, 0.0, 0.00019892598723796645, 0.0026884894718823098, 0.0002735232324522039, 0.0093592677957215, 0.0], [0.0, 9.394374831297773e-14, 0.0042547095743887264, 1.0, 0.0, 0.003065951501619816, 0.3556526011404969, 6.654692996128098e-09, 1.4527101394797969e-13, 0.5532191860996919, 0.0001457281395846627, 0.16562227471856983, 5.0833675540268875e-06, 0.0010927847216812337, 8.246504110602793e-06, 0.0, 0.00012580246051546772, 0.5234796553777938, 4.856741666983924e-07, 0.43818195606072197, 0.05397825262695281, 6.799741585648362e-06, 3.975916595118026e-06, 0.0, 0.013322132765166552, 7.685502954478833e-16, 4.982165837440817e-07, 0.5406981194346753, 0.0018416559289854853, 0.7776153490800941, 9.434439318488265e-06, 0.07993460612917577, 0.008773777037391203, 0.07541137783024861, 0.0, 0.04972302175114874, 0.4127525211948354, 0.0002177203049313273, 0.0015052040033077209, 0.3449692998325192, 0.008279804208786223, 0.2361319900405701, 4.527111266610102e-06, 4.910254158736401e-13, 0.5055273709866198, 1.324913470558616e-06, 0.08066680374736777, 0.03752269101038771, 2.9025687784767725e-11, 0.5385890312017843, 0.046201094684202686, 0.00685268934358306, 6.553365282176144e-21, 0.4354498964169682, 1.4793467595333118e-12, 0.4611741941442269, 0.0, 0.010517913052873763, 0.0, 0.0006330512798393955, 9.213738467889936e-15, 0.8240044161833848, 0.0, 4.259655105392692e-06, 0.005272362449840792, 3.274180926382541e-11, 1.1789288642613542e-05, 0.07530456630681112, 5.458929401847412e-05, 0.42585493482848275, 0.005925533620032366, 0.0, 9.449427980260492e-21, 1.2655044607381971e-06, 0.0, 0.6091965190095965, 4.148393289451528e-10, 0.350170053266042, 1.9704477307278773e-21, 0.00016828724105063376, 0.0030573670182366137, 0.0010525708912133588, 0.6390158003081808, 0.0], [0.0, 0.0, 0.0, 0.0, 1.0, 0.0, 0.0, 0.0, 0.0, 0.0, 0.0, 0.0, 0.0, 0.0, 0.0, 0.0, 0.0, 0.0, 0.0, 0.0, 0.0, 0.0, 0.0, 0.0, 0.0, 0.0, 0.0, 0.0, 0.0, 0.0, 0.0, 0.0, 0.0, 0.0, 0.0, 0.0, 0.0, 0.0, 0.0, 0.0, 0.0, 0.0, 0.0, 0.0, 0.0, 0.0, 0.0, 0.0, 0.0, 0.0, 0.0, 0.0, 0.0, 0.0, 0.0, 0.0, 0.0, 0.0, 0.0, 0.0, 0.0, 0.0, 0.0, 0.0, 0.0, 0.0, 0.0, 0.0, 0.0, 0.0, 0.0, 0.0, 0.0, 0.0, 0.0, 0.0, 0.0, 0.0, 0.0, 0.0, 0.0, 0.0, 0.0, 0.0], [0.0, 0.0, 0.0011833292577169857, 0.003065951501619816, 0.0, 1.0, 0.0006109514300118594, 0.0, 0.0, 0.003766248649666372, 7.738802804024887e-05, 0.00107149704139411, 4.3867432467517725e-06, 0.0009765624999999997, 7.216930983255662e-06, 0.0, 5.6240957004727936e-05, 0.0028151398161385937, 0.0, 0.0020694445635206006, 3.855065556639949e-06, 1.4359788293219274e-05, 0.0, 0.0, 0.00021433194511703894, 0.0, 0.0, 0.0, 0.0006303683831717801, 0.003380074896926332, 1.6769494847605385e-05, 0.000985288051022581, 0.0011723536093726189, 8.148488805724923e-05, 0.0, 0.0, 0.0, 0.00019037547793897117, 0.0013615422743606677, 0.0020173613774265116, 0.003524857007427424, 0.0004100939716190332, 0.0, 0.0, 0.0018337276657935187, 0.0, 0.0006250330809422172, 0.0025344525692011944, 0.0, 0.0, 0.0019757749261983997, 0.0017085732283557867, 0.0, 0.004593155021618602, 0.0, 0.003718696182126468, 0.0, 0.0, 0.0, 0.0006247849043031028, 0.0, 0.002667414429030064, 0.0, 2.87744444278096e-06, 0.0004750966517717561, 0.0, 6.7506913843789e-06, 0.0, 7.993003022064989e-05, 0.00242141352334486, 0.0017732093918388723, 0.0, 0.0, 0.0, 0.0, 0.002486890384816873, 0.0, 0.0009909315225989732, 0.0, 0.00018778384221721796, 0.0020449078594388533, 0.0001837912266612044, 0.0020173700960715467, 0.0], [0.0, 0.0, 0.0080347054152905, 0.3556526011404969, 0.0, 0.0006109514300118594, 1.0, 2.3283064365386963e-10, 0.0, 0.3762220332967059, 5.599379794928737e-05, 0.25444203545951904, 5.877616163607845e-07, 0.0, 1.224442348585311e-07, 0.0, 3.215339326650628e-05, 0.5660021240612126, 1.6641697418596334e-07, 0.0997604539178558, 0.031580697039994464, 4.717872725820593e-07, 3.7133011047281284e-06, 0.0, 0.0017593295205576406, 0.0, 1.9719088234471377e-07, 0.1906023184865954, 0.0, 0.44339931950340505, 1.3969838619232178e-09, 0.07024991836012698, 0.016885379322818857, 0.25009514933808974, 0.0, 0.14966652180991413, 0.19341714322719228, 0.00015859835425747874, 0.00033388375069833085, 0.2913174967698578, 0.0031349526594338668, 0.4877196461971145, 3.6187515662681535e-06, 0.0, 0.3855119026593624, 1.159061612196436e-06, 0.016132060220996204, 0.024732508653065845, 2.898005100201048e-11, 0.22843462200664394, 0.025976878429581234, 0.0018721854521174528, 0.0, 0.48190852477394824, 0.0, 0.2889304217110217, 0.0, 0.00028598236057821984, 0.0, 0.0005370923580743952, 0.0, 0.1803813816446448, 0.0, 0.0, 0.005389062633816081, 4.358385468080133e-11, 0.0, 0.25, 3.715183423913044e-05, 0.2945766837869585, 0.014555494433699455, 0.0, 0.0, 1.3084303676033693e-06, 0.0, 0.5000060105198078, 3.9228494085294863e-10, 0.1171629123000669, 0.0, 0.0005735193883450193, 0.0005285609208586084, 0.0004057785179060688, 0.5256630326094587, 0.0], [0.0, 0.0, 0.0, 6.654692996128098e-09, 0.0, 0.0, 2.3283064365386963e-10, 1.0, 0.0, 4.4105611631264684e-09, 4.634792310104724e-09, 5.493209071059196e-09, 0.0, 0.0, 0.0, 0.0, 0.0, 4.394124190498215e-09, 1.4319146699303766e-09, 3.356055246445713e-09, 0.0, 0.0, 0.0, 0.0, 3.4604032217266705e-09, 0.0, 8.847564458847044e-09, 0.0, 0.0, 4.623374017867791e-09, 2.328306436538696e-10, 0.0, 2.85552080196746e-09, 0.0, 0.0, 0.0, 0.0, 0.0, 0.0, 1.179135148136793e-08, 0.0, 1.594880703068047e-10, 0.0, 0.0, 4.398620632922184e-09, 0.0, 8.847564458847044e-09, 0.0, 0.0, 0.0, 0.0, 0.0, 0.0, 5.063665311118742e-09, 0.0, 2.3246299561602635e-09, 0.0, 0.0, 0.0, 8.847564458847044e-09, 0.0, 6.830776149088142e-09, 0.0, 0.0, 1.6880387707998882e-09, 0.0, 0.0, 0.0, 0.0, 4.243941478443135e-09, 0.0, 0.0, 0.0, 0.0, 0.0, 9.023391776647257e-09, 0.0, 0.0, 0.0, 0.0, 0.0, 3.4924596548080436e-09, 2.966167217545528e-09, 0.0], [0.0, 6.066550633236364e-14, 0.0, 1.4527101394797969e-13, 0.0, 0.0, 0.0, 0.0, 1.0, 7.998760079237854e-14, 1.6233795478759288e-14, 1.1144234958171406e-13, 0.0, 0.0, 1.1627332182689202e-13, 0.0, 0.0, 8.405837941767039e-14, 6.577880330663144e-14, 9.307014599541061e-14, 0.0, 3.850532755662047e-15, 0.0, 0.0, 3.898424502716154e-15, 1.7676619421636737e-15, 2.4162057547214947e-14, 9.091883264881752e-14, 0.0, 5.905606730878834e-14, 0.0, 0.0, 0.0, 0.0, 0.0, 0.0, 0.0, 0.0, 0.0, 1.1251198286981518e-13, 0.0, 3.552713678800501e-15, 0.0, 1.5332677464965876e-15, 9.645288464127361e-14, 2.2701031436247806e-14, 0.0, 0.0, 0.0, 0.0, 4.268238627165575e-15, 0.0, 0.0, 2.783458552047912e-14, 0.0, 1.2217918941974098e-13, 0.0, 0.0, 0.0, 0.0, 2.4663745244124918e-15, 7.499016596656718e-14, 0.0, 0.0, 0.0, 0.0, 0.0, 0.0, 0.0, 9.630028868930261e-14, 0.0, 0.0, 0.0, 0.0, 0.0, 1.4887367385382115e-13, 0.0, 4.3135724759207074e-14, 0.0, 0.0, 0.0, 0.0, 6.986837995178565e-14, 0.0], [0.0, 1.0494705288567412e-13, 0.004532712711315296, 0.5532191860996919, 0.0, 0.003766248649666372, 0.3762220332967059, 4.4105611631264684e-09, 7.998760079237854e-14, 1.0, 4.271926826169005e-05, 0.49686632398489705, 7.963212204435142e-06, 0.001581594394880695, 3.2610185313842376e-06, 0.0, 0.0001286734073961743, 0.5431917467214159, 1.3658603677092264e-07, 0.34125118090971296, 0.05054775065258328, 4.428521545290147e-06, 1.1182773680602948e-06, 0.0, 0.028438556371706405, 8.697944544124087e-16, 4.1905904045250184e-07, 0.3108042757931549, 3.129108086484382e-05, 0.7286846409932171, 3.902610229966278e-06, 0.10224672177851714, 0.0077538145237176755, 0.08523915988901251, 0.0, 0.19306500559537498, 0.3952834122007446, 0.00011148586262844603, 0.0021430032908590956, 0.2876700890377458, 0.006178680798796808, 0.3184652617657963, 1.9609053600849105e-06, 8.884287095092496e-16, 0.47984019475689876, 2.5941949187968167e-06, 0.16282945963706644, 0.05853162726491736, 1.1407029703634604e-11, 0.2852234648149762, 0.11608497213898589, 0.011362593115477762, 3.473740264583132e-21, 0.44875110580198435, 3.822891373685694e-14, 0.43994540928437054, 0.0, 0.022549362094657077, 0.0, 0.0012496259060801572, 7.0308546668781526e-15, 0.3019773126804806, 0.0, 3.0063970607824553e-07, 0.008480538542484414, 1.6924041799414212e-11, 1.5258789062515853e-05, 0.08498751295626063, 0.00011628694787263439, 0.44562199972054406, 0.0029577026748440734, 0.0, 2.8228662999382686e-21, 2.13932665882935e-06, 0.0, 0.5399948232181915, 3.480523202553684e-10, 0.20273476074274935, 6.241500013331487e-21, 0.00030321064570745185, 0.003654181292172337, 0.0022240767901765277, 0.2631995582720253, 0.0], [0.0, 1.485284907459538e-14, 0.0, 0.0001457281395846627, 0.0, 7.738802804024887e-05, 5.599379794928737e-05, 4.634792310104724e-09, 1.6233795478759288e-14, 4.271926826169005e-05, 1.0, 4.757526495372332e-09, 4.078859914628513e-07, 0.0, 4.768374602975399e-07, 0.0, 3.0386590379579825e-05, 8.912505009975884e-05, 1.941901095231412e-09, 6.957983843359666e-05, 5.703194782329672e-14, 4.405798328016623e-15, 0.0, 0.0, 6.175688352024511e-05, 5.687780417135407e-16, 4.3124600155856215e-09, 7.17500283996469e-14, 0.0, 3.3767946823801664e-05, 0.0, 3.0517578124999993e-05, 1.8169661054574167e-09, 0.0, 0.0, 0.0, 0.0, 6.352740476886391e-05, 0.0, 3.55223089297284e-05, 5.684341886080802e-14, 4.768371617957705e-07, 0.0, 3.552713678800501e-15, 4.177997829034634e-05, 3.720101625627588e-15, 5.079063853526108e-05, 7.240531054746594e-05, 0.0, 0.0, 4.440892098500626e-15, 3.8080335583170233e-17, 0.0, 6.868009150215396e-05, 0.0, 0.00012011252597751553, 0.0, 0.0, 0.0, 4.31239874515245e-09, 1.536963961194098e-15, 6.002018951572881e-05, 0.0, 0.0, 3.051944077014922e-05, 0.0, 1.0246944386165852e-17, 0.0, 3.0517578124999993e-05, 6.398502057315005e-05, 5.412430886530469e-17, 0.0, 0.0, 4.768371582158854e-07, 0.0, 5.4547918712610807e-05, 0.0, 7.80355522931282e-15, 0.0, 0.0, 5.684341886080803e-14, 3.0525944438365265e-05, 7.383096361957314e-05, 0.0], [0.0, 5.3583187311021233e-14, 0.004312721480467517, 0.16562227471856983, 0.0, 0.00107149704139411, 0.25444203545951904, 5.493209071059196e-09, 1.1144234958171406e-13, 0.49686632398489705, 4.757526495372332e-09, 1.0, 4.680903816428953e-06, 0.0009765624999999997, 4.623566156096932e-06, 0.0, 0.0, 0.2425929229531152, 2.695950512576418e-07, 0.35454072966011496, 0.08350411626994864, 6.531208265671845e-06, 9.72347230578181e-07, 0.0, 0.013754133194502596, 1.377409467530754e-15, 4.101421129709191e-07, 0.27138533638325024, 0.0, 0.2793741771479131, 1.3173521902206086e-05, 0.06197190658766593, 0.013171633709897915, 0.062437107957103014, 0.0, 0.5, 0.2676192331863929, 0.0, 0.0011831142589945728, 0.6096320078784424, 0.004837854483084479, 0.19666025684600452, 1.5509499309965854e-06, 8.468024063702707e-13, 0.6958278720518541, 2.8994519125427817e-06, 0.148625706419707, 0.05328463284967608, 8.406893026764235e-12, 0.19767269942548055, 0.013942407191106747, 0.009478290427565251, 6.7454408415904304e-21, 0.6293056181034916, 2.2921293107431143e-12, 0.5931900470305167, 0.0, 0.01024800027568623, 0.0, 0.000885437633100807, 4.2615403892723864e-15, 0.09762612511162809, 0.0, 7.616679571247888e-06, 0.012546862807604415, 1.191386822777896e-11, 1.4231885290248051e-05, 0.062437107957103, 0.0, 0.4554977308225873, 0.010944235773775493, 0.0, 7.466584068104161e-21, 9.81307867773657e-07, 0.0, 0.32541859933427575, 2.64609474349332e-10, 0.11389615842333181, 1.2929434094978753e-20, 0.00014837177241955232, 0.0036587651425425845, 0.0004905088730768184, 0.33814708039817015, 0.0], [0.0, 0.0, 0.0, 5.0833675540268875e-06, 0.0, 4.3867432467517725e-06, 5.877616163607845e-07, 0.0, 0.0, 7.963212204435142e-06, 4.078859914628513e-07, 4.680903816428953e-06, 1.0, 0.0, 2.097766334398565e-06, 0.0, 0.0, 5.1425175875052575e-06, 5.008047015325518e-07, 7.444264857993011e-06, 2.9587698922896044e-06, 2.9135296187604243e-08, 9.69078536788094e-07, 0.0, 1.939753843807372e-06, 0.0, 4.1806664240939133e-07, 1.590359283457228e-20, 0.0, 5.702660115047924e-06, 2.197898711006286e-06, 1.3788544682824583e-07, 0.0, 0.0, 0.0, 0.0, 0.0, 0.0, 0.0, 4.882718987061532e-06, 0.0, 4.272839072607387e-06, 1.3820417243925144e-06, 0.0, 6.199678672108107e-06, 2.4738392866541804e-06, 7.135503883322049e-06, 2.197898711006286e-06, 0.0, 0.0, 0.0, 0.0, 6.776263578034403e-21, 5.378587240346438e-06, 0.0, 3.401264155768364e-06, 0.0, 3.80379727951449e-21, 0.0, 4.930784932663132e-07, 3.3881317890172006e-21, 7.052356963505513e-06, 0.0, 1.7757662433678696e-06, 1.1369334147123891e-05, 0.0, 0.0, 3.388131789017201e-21, 0.0, 5.190745583838041e-06, 0.0, 0.0, 6.776263578034403e-21, 2.317489353352461e-06, 0.0, 1.2485781475109796e-05, 0.0, 3.388131789017201e-21, 7.626130780703311e-21, 2.197898711006286e-06, 0.0, 3.4785588115178863e-06, 4.639401305582461e-06, 0.0], [0.0, 0.0, 0.00390625, 0.0010927847216812337, 0.0, 0.0009765624999999997, 0.0, 0.0, 0.0, 0.001581594394880695, 0.0, 0.0009765624999999997, 0.0, 1.0, 0.0, 0.0, 0.0, 0.0030126167471863233, 0.0, 0.0033887797548269884, 0.0, 0.0, 0.0, 0.0, 0.0, 0.0, 0.0, 0.0, 0.0, 0.0034179687500000004, 0.0, 0.0013231229229403968, 0.001172353609372619, 0.0, 0.0, 0.0, 0.0, 0.0, 0.0009765624999999999, 0.0038550154268396394, 0.0014209625727901404, 0.0, 0.0, 0.0, 0.0038969504403905315, 0.0, 0.0, 0.0012773573657821064, 0.0, 0.0, 0.0, 0.0, 0.0, 0.0010055305240358767, 0.0, 0.0009556642426543006, 0.0, 0.0, 0.0, 0.0, 0.0, 0.00012532168194863218, 0.0, 0.0, 0.0, 0.0, 0.0, 0.0, 0.0, 0.0009765624999999997, 0.0011428410086670926, 0.0, 0.0, 0.0, 0.0, 0.0030643146115341253, 0.0, 0.0009765624999999997, 0.0, 0.0, 0.0023920798269366976, 0.0, 0.0015000480023041227, 0.0], [0.0, 3.881365644263056e-14, 0.0, 8.246504110602793e-06, 0.0, 7.216930983255662e-06, 1.224442348585311e-07, 0.0, 1.1627332182689202e-13, 3.2610185313842376e-06, 4.768374602975399e-07, 4.623566156096932e-06, 2.097766334398565e-06, 0.0, 1.0, 0.0, 0.0, 1.122429037653543e-05, 2.155609044851385e-07, 5.059793623733207e-06, 1.883866751483098e-13, 5.3558840663112484e-06, 1.0243062870848737e-07, 0.0, 2.537637502623436e-07, 1.9009745091219212e-17, 2.165433661312704e-07, 1.0623950735604113e-12, 0.0, 3.992382054783401e-07, 4.523674478771752e-06, 2.38418579102213e-07, 0.0, 0.0, 0.0, 0.0, 0.0, 0.0, 4.5236744787717516e-06, 7.190764465002491e-06, 3.324460133805881e-13, 1.0337412460322737e-06, 2.0003024493418553e-07, 6.505213034913026e-19, 1.9548888858004185e-06, 2.8485417943316884e-14, 9.123044409642891e-06, 1.1083150607507643e-05, 6.897193136974507e-12, 0.0, 6.7855117181576295e-06, 4.5236830147572974e-06, 0.0, 2.866412209196438e-06, 9.094947017729282e-13, 5.614334837530414e-06, 0.0, 2.1684043449710084e-19, 0.0, 1.1920928955078124e-07, 0.0, 1.4266851107518969e-05, 0.0, 0.0, 1.6271007824746988e-06, 7.275957614183428e-12, 1.5078914929370694e-06, 0.0, 0.0, 1.677793815893791e-05, 7.917801668845767e-12, 0.0, 0.0, 7.152557373143949e-07, 0.0, 1.3805396369502105e-05, 7.275957614183426e-12, 1.5096196893772791e-13, 0.0, 1.5078914929239173e-06, 3.324459320654252e-13, 6.482050279762677e-06, 1.214887414424358e-05, 0.0], [0.0, 0.0, 0.0, 0.0, 0.0, 0.0, 0.0, 0.0, 0.0, 0.0, 0.0, 0.0, 0.0, 0.0, 0.0, 1.0, 0.0, 0.0, 0.0, 0.0, 0.0, 0.0, 0.0, 0.0, 0.0, 0.0, 0.0, 0.0, 0.0, 0.0, 0.0, 0.0, 0.0, 0.0, 0.0, 0.0, 0.0, 0.0, 0.0, 0.0, 0.0, 0.0, 0.0, 0.0, 0.0, 0.0, 0.0, 0.0, 0.0, 0.0, 0.0, 0.0, 0.0, 0.0, 0.0, 0.0, 0.0, 0.0, 0.0, 0.0, 0.0, 0.0, 0.0, 0.0, 0.0, 0.0, 0.0, 0.0, 0.0, 0.0, 0.0, 0.0, 0.0, 0.0, 0.0, 0.0, 0.0, 0.0, 0.0, 0.0, 0.0, 0.0, 0.0, 0.0], [0.0, 0.0, 0.0, 0.00012580246051546772, 0.0, 5.6240957004727936e-05, 3.215339326650628e-05, 0.0, 0.0, 0.0001286734073961743, 3.0386590379579825e-05, 0.0, 0.0, 0.0, 0.0, 0.0, 1.0, 0.0001311800563468847, 0.0, 1.8980372618885974e-05, 0.0, 0.0, 0.0, 0.0, 0.00017984876122099453, 0.0, 0.0, 0.0, 0.0, 9.956201963114054e-05, 0.0, 0.0, 0.0, 0.00014950498918354357, 0.0, 0.0, 0.0, 0.00016196373828217223, 9.966999278902907e-05, 0.00010084011776788127, 0.0, 0.0, 0.0, 0.0, 0.00013674610195586035, 0.0, 3.606403516467706e-05, 0.00012661568656135205, 0.0, 0.0, 9.966999278902904e-05, 0.0, 0.0, 4.5551958627399444e-05, 0.0, 4.2224257570549044e-05, 0.0, 0.0, 0.0, 0.0001495049891835436, 0.0, 0.00013350386540134175, 0.0, 0.0, 0.0001495049891835436, 0.0, 0.0, 0.0, 0.0, 0.00011112475787348133, 0.0, 0.0, 0.0, 0.0, 0.0, 0.00016956001116226206, 0.0, 0.0, 0.0, 7.691968235017143e-05, 0.0001495049891835436, 9.966999278902906e-05, 0.00020308435965055751, 0.0], [0.0, 3.9684331463159496e-14, 0.010980099887918746, 0.5234796553777938, 0.0, 0.0028151398161385937, 0.5660021240612126, 4.394124190498215e-09, 8.405837941767039e-14, 0.5431917467214159, 8.912505009975884e-05, 0.2425929229531152, 5.1425175875052575e-06, 0.0030126167471863233, 1.122429037653543e-05, 0.0, 0.0001311800563468847, 1.0, 5.198716915196871e-07, 0.42222861723848315, 0.03820375598130586, 6.637176976741383e-06, 2.7891276920218096e-06, 0.0, 0.032633643837555834, 4.527313405492692e-16, 3.053106542662053e-07, 0.32323877645940974, 0.00024229338061808355, 0.7660148605131742, 1.1563370304434952e-05, 0.07102428450498499, 0.008221399705982261, 0.06251527983105576, 0.0, 0.046722366956684004, 0.31860240552381425, 0.0002565663011497363, 0.0009489158468317335, 0.3187093061118729, 0.008229497896421502, 0.517316636349151, 3.0466526891804703e-06, 1.2698373486575318e-12, 0.2856004832033677, 2.5417349804468052e-06, 0.08739272121838688, 0.04302293253465336, 2.091761194075364e-11, 0.2750114109965304, 0.10896458822582358, 0.0053046634388568895, 7.479220423063641e-21, 0.25949990552316715, 8.045860676514919e-13, 0.41274229340593827, 0.0, 0.011730293763414423, 0.0, 0.00039649901060692097, 4.042385363684704e-15, 0.35868996191554287, 0.0, 4.532682984291644e-06, 0.013751155699604244, 2.462107572813442e-11, 4.127978898856684e-06, 0.06250000000000001, 1.751779395859041e-05, 0.6410525989624539, 0.006111964240880612, 0.0, 9.076799409125146e-21, 3.3800594604782703e-06, 0.0, 0.7836518034842581, 2.6064578840251053e-10, 0.36356442772842207, 1.0296180594372249e-20, 0.00040974564989781567, 0.003302103387746504, 0.0006099961918753752, 0.5100638150805514, 0.0], [0.0, 6.863513328077969e-14, 0.0, 4.856741666983924e-07, 0.0, 0.0, 1.6641697418596334e-07, 1.4319146699303766e-09, 6.577880330663144e-14, 1.3658603677092264e-07, 1.941901095231412e-09, 2.695950512576418e-07, 5.008047015325518e-07, 0.0, 2.155609044851385e-07, 0.0, 0.0, 5.198716915196871e-07, 1.0, 1.4180809880376431e-07, 2.1670878551457672e-13, 1.4310957182639845e-07, 1.2474523641433342e-07, 0.0, 9.476141080528586e-08, 0.0, 2.080126822840479e-07, 4.076690294277611e-12, 0.0, 4.250084370945792e-07, 3.4924596548080444e-10, 1.1984596725649043e-07, 9.339685881138334e-09, 2.1175823681357506e-22, 0.0, 0.0, 5.611848122864697e-09, 0.0, 0.0, 4.86190471403949e-07, 5.520119587285641e-13, 5.172275371066259e-07, 2.2244794799371396e-07, 5.483351772396467e-14, 5.125608386288661e-07, 1.3057783040574394e-08, 1.3922368023204582e-07, 3.3095016566514415e-16, 0.0, 0.0, 0.0, 4.436629795859571e-16, 2.2426483305906664e-21, 6.629243155336215e-07, 9.094947017729282e-13, 2.0481658483874468e-07, 0.0, 5.606717074027722e-09, 0.0, 5.197130462402147e-07, 3.388131789017202e-21, 3.212073668191446e-07, 0.0, 5.1535457423251104e-21, 1.2477190722251593e-07, 1.4159294394153164e-11, 0.0, 3.3881317890172014e-21, 0.0, 2.731869698032672e-07, 9.552035361206592e-18, 0.0, 2.9058529318312198e-21, 0.0, 0.0, 3.1421592079609613e-07, 2.980230375739089e-10, 1.3199497720848707e-10, 5.522370565336882e-21, 0.0, 5.520119588344432e-13, 5.890907367135824e-07, 5.949892319134063e-07, 0.0], [0.0, 4.190937276551448e-14, 0.008467104435922475, 0.43818195606072197, 0.0, 0.0020694445635206006, 0.0997604539178558, 3.356055246445713e-09, 9.307014599541061e-14, 0.34125118090971296, 6.957983843359666e-05, 0.35454072966011496, 7.444264857993011e-06, 0.0033887797548269884, 5.059793623733207e-06, 0.0, 1.8980372618885974e-05, 0.42222861723848315, 1.4180809880376431e-07, 1.0, 0.01715671187460291, 1.7162651575332143e-06, 2.028784490890785e-06, 0.0, 0.03465791447289343, 2.893640247496267e-16, 4.1565613093610555e-07, 0.2521229825042618, 0.0007336944471831367, 0.4031479140247738, 5.575277485270802e-06, 0.14015340646746408, 0.01381625315335604, 0.033507296947071684, 0.0, 0.125, 0.3176430431881639, 0.0002525569511835297, 0.0007369317015924963, 0.21376288377724717, 0.008221759579997222, 0.2704069008002737, 2.970201240357555e-06, 5.878163242797782e-13, 0.37970055622424426, 1.2065768076398718e-06, 0.12368278109591838, 0.04680908721174688, 1.6572422398563746e-11, 0.15840765523905304, 0.016231624117731103, 0.006829514303446769, 1.77222373250107e-21, 0.264683206716562, 1.1238976174584713e-12, 0.3781695826549133, 0.0, 0.025634223504182797, 0.0, 0.0010073583212656658, 4.735728609162036e-15, 0.6422920538472182, 0.0, 2.935065849222914e-06, 0.012902420532933313, 2.4887502437941957e-11, 1.2570430074343302e-05, 0.03340765523905305, 3.244697357961738e-05, 0.5775622225264169, 0.008991544132230696, 0.0, 1.695020492690423e-21, 3.060289459715669e-06, 0.0, 0.522718013990231, 1.0122019635346753e-10, 0.3047371808638867, 7.380625043566452e-21, 0.00046988257098427985, 0.0014766599908793703, 0.0011779091037884678, 0.41700873295725777, 0.0], [0.0, 2.290215231368171e-17, 0.0, 0.05397825262695281, 0.0, 3.855065556639949e-06, 0.031580697039994464, 0.0, 0.0, 0.05054775065258328, 5.703194782329672e-14, 0.08350411626994864, 2.9587698922896044e-06, 0.0, 1.883866751483098e-13, 0.0, 0.0, 0.03820375598130586, 2.1670878551457672e-13, 0.01715671187460291, 1.0, 2.8580012820569545e-16, 0.0, 0.0, 0.011041980614085, 1.2119063763089262e-18, 5.684341886080802e-14, 0.024081960735936787, 0.0, 0.015365165624796675, 3.934559807810946e-07, 1.0842021724855044e-19, 0.0, 0.0, 0.0, 0.0, 0.0, 0.0, 0.0, 0.04147709669472599, 1.7053025658242404e-13, 0.009386304538615959, 2.3841857910156247e-07, 3.2526065174565133e-19, 0.05512383089025019, 7.478336752328455e-17, 0.03448202027161927, 0.047085749626191435, 0.0, 0.0, 0.0032231913945587297, 1.374129138820903e-16, 0.0, 0.049578205536327434, 0.0, 0.04075701238009742, 0.0, 0.00870916267864522, 0.0, 2.775557561562892e-17, 3.3881317890172014e-21, 0.018184283118278317, 0.0, 5.393675167814915e-07, 2.3607358846865696e-06, 0.0, 0.0, 1.3552527156068805e-20, 0.0, 0.0329230436849611, 0.0, 0.0, 0.0, 0.0, 0.0, 0.028540018385678052, 0.0, 0.02876514130578651, 8.940980915307331e-21, 7.4756636348408025e-06, 1.7053025658242404e-13, 2.3607359347258838e-06, 0.03151157238067647, 0.0], [0.0, 1.6908189942796362e-15, 0.0, 6.799741585648362e-06, 0.0, 1.4359788293219274e-05, 4.717872725820593e-07, 0.0, 3.850532755662047e-15, 4.428521545290147e-06, 4.405798328016623e-15, 6.531208265671845e-06, 2.9135296187604243e-08, 0.0, 5.3558840663112484e-06, 0.0, 0.0, 6.637176976741383e-06, 1.4310957182639845e-07, 1.7162651575332143e-06, 2.8580012820569545e-16, 1.0, 4.658996442715465e-08, 0.0, 4.199212698816119e-15, 6.729241386739849e-16, 1.4310957473965938e-07, 2.1639874630990093e-15, 0.0, 1.2468649451407166e-05, 1.5141080009154417e-05, 0.0, 0.0, 0.0, 0.0, 0.0, 0.0, 0.0, 1.5141080009154417e-05, 1.2901737642570544e-05, 0.0, 1.8200841305981478e-07, 8.927385243850069e-08, 3.552713678800501e-15, 4.417653224302741e-06, 3.122171356400901e-16, 7.068520084544762e-06, 2.8845556817213506e-06, 0.0, 0.0, 1.4164236138484245e-05, 1.5141080009359441e-05, 1.4823076576950254e-21, 5.049772623793301e-06, 0.0, 1.5179130027357025e-05, 0.0, 0.0, 0.0, 1.4310957149817218e-07, 6.1325930457093784e-15, 5.380496740246372e-07, 0.0, 1.3008805018186311e-22, 4.8660145853700335e-06, 0.0, 4.395797422021242e-06, 0.0, 0.0, 4.538906996908351e-06, 5.4124308865304704e-17, 0.0, 0.0, 4.07234792145912e-18, 0.0, 7.121503517082414e-06, 0.0, 7.35606677539177e-15, 0.0, 4.395797422012572e-06, 1.300880501818631e-22, 1.3864430593250971e-05, 1.310447321196225e-06, 0.0], [0.0, 0.0, 0.0, 3.975916595118026e-06, 0.0, 0.0, 3.7133011047281284e-06, 0.0, 0.0, 1.1182773680602948e-06, 0.0, 9.72347230578181e-07, 9.69078536788094e-07, 0.0, 1.0243062870848737e-07, 0.0, 0.0, 2.7891276920218096e-06, 1.2474523641433342e-07, 2.028784490890785e-06, 0.0, 4.658996442715465e-08, 1.0, 0.0, 9.536743164062499e-07, 0.0, 1.246981566885933e-07, 8.009075327227253e-22, 0.0, 2.5469575080684635e-06, 0.0, 0.0, 0.0, 2.117582368135751e-22, 0.0, 0.0, 0.0, 0.0, 0.0, 4.118121063581088e-06, 0.0, 3.863287310810166e-06, 4.271606729134201e-06, 0.0, 1.1179543741528704e-06, 2.0963656377773625e-06, 9.53674316406251e-07, 0.0, 0.0, 0.0, 0.0, 0.0, 2.1175823681357506e-22, 1.4789712163443993e-06, 0.0, 2.6039998997689697e-06, 0.0, 0.0, 0.0, 1.246981566885935e-07, 0.0, 2.0145938036251686e-06, 0.0, 1.6940658945086007e-21, 1.6393339408632397e-06, 0.0, 0.0, 0.0, 0.0, 1.7854696892518489e-06, 9.817203466936563e-22, 0.0, 1.3465999536738766e-21, 9.536743164062499e-07, 0.0, 7.411084667626326e-07, 2.1772273667417557e-10, 1.4551915228366849e-11, 0.0, 0.0, 0.0, 3.414936128987357e-06, 9.098329811338675e-07, 0.0], [0.0, 0.0, 0.0, 0.0, 0.0, 0.0, 0.0, 0.0, 0.0, 0.0, 0.0, 0.0, 0.0, 0.0, 0.0, 0.0, 0.0, 0.0, 0.0, 0.0, 0.0, 0.0, 0.0, 1.0, 0.0, 0.0, 0.0, 0.0, 0.0, 0.0, 0.0, 0.0, 0.0, 0.0, 0.0, 0.0, 0.0, 0.0, 0.0, 0.0, 0.0, 0.0, 0.0, 0.0, 0.0, 0.0, 0.0, 0.0, 0.0, 0.0, 0.0, 0.0, 0.0, 0.0, 0.0, 0.0, 0.0, 0.0, 0.0, 0.0, 0.0, 0.0, 0.0, 0.0, 0.0, 0.0, 0.0, 0.0, 0.0, 0.0, 0.0, 0.0, 0.0, 0.0, 0.0, 0.0, 0.0, 0.0, 0.0, 0.0, 0.0, 0.0, 0.0, 0.0], [0.0, 3.246171171206883e-16, 0.0, 0.013322132765166552, 0.0, 0.00021433194511703894, 0.0017593295205576406, 3.4604032217266705e-09, 3.898424502716154e-15, 0.028438556371706405, 6.175688352024511e-05, 0.013754133194502596, 1.939753843807372e-06, 0.0, 2.537637502623436e-07, 0.0, 0.00017984876122099453, 0.032633643837555834, 9.476141080528586e-08, 0.03465791447289343, 0.011041980614085, 4.199212698816119e-15, 9.536743164062499e-07, 0.0, 1.0, 1.6696064327899616e-15, 9.775697606569695e-08, 0.004263396085031572, 0.0, 0.026410948503824347, 0.0, 4.5838755792757945e-05, 0.0027932817769268626, 0.0001220703125, 0.0, 0.0, 6.332993507385253e-08, 0.0001627095336751139, 6.103515624999999e-05, 0.025489730769487698, 0.0, 0.021984361941164023, 9.536743164062499e-07, 3.276777904004921e-15, 0.01539910753153724, 2.112102282566577e-06, 0.028238836359717065, 0.024221609795818284, 0.0, 0.0, 0.00011444091796968621, 0.004263396085030168, 0.0, 0.014802633133488771, 0.0, 0.021483135529427277, 0.0, 0.029252287937482427, 0.0, 6.111380908924732e-05, 1.9686129061063906e-15, 0.02199037586241355, 0.0, 0.0, 0.015676535605218166, 0.0, 0.0, 0.0, 9.149753056836905e-05, 0.03194349113360385, 0.0027932595039852825, 0.0, 0.0, 5.6192394897127764e-06, 0.0, 0.0021118861612194556, 0.0, 0.01815457502198118, 0.0, 2.0934885881653902e-05, 0.00024414062499999997, 0.00010826254667665513, 0.02215252736384112, 0.0], [0.0, 2.7194799110210365e-16, 0.0, 7.685502954478833e-16, 0.0, 0.0, 0.0, 0.0, 1.7676619421636737e-15, 8.697944544124087e-16, 5.687780417135407e-16, 1.377409467530754e-15, 0.0, 0.0, 1.9009745091219212e-17, 0.0, 0.0, 4.527313405492692e-16, 0.0, 2.893640247496267e-16, 1.2119063763089262e-18, 6.729241386739849e-16, 0.0, 0.0, 1.6696064327899616e-15, 1.0, 0.0, 1.8311128914549417e-17, 0.0, 1.7079056282111711e-15, 0.0, 4.336808689942018e-19, 0.0, 0.0, 0.0, 0.0, 0.0, 0.0, 0.0, 5.77326829960029e-16, 0.0, 6.934694200460292e-18, 0.0, 8.771803642822603e-19, 8.351944126280249e-16, 0.0, 1.3598152936248524e-17, 7.560646837771699e-18, 0.0, 0.0, 0.0, 0.0, 0.0, 5.707255720332708e-16, 0.0, 6.714353912076576e-16, 0.0, 3.514524302282729e-19, 0.0, 0.0, 8.141635513917814e-16, 1.1781100970713092e-15, 0.0, 0.0, 0.0, 0.0, 2.055657877288888e-17, 0.0, 0.0, 1.1350741788965646e-15, 0.0, 0.0, 0.0, 1.6132689563064997e-17, 0.0, 1.531811293378729e-15, 0.0, 1.0016606999676568e-17, 0.0, 0.0, 0.0, 2.5164608984591885e-17, 1.3737690238782777e-15, 0.0], [0.0, 1.5149142218056152e-14, 0.0, 4.982165837440817e-07, 0.0, 0.0, 1.9719088234471377e-07, 8.847564458847044e-09, 2.4162057547214947e-14, 4.1905904045250184e-07, 4.3124600155856215e-09, 4.101421129709191e-07, 4.1806664240939133e-07, 0.0, 2.165433661312704e-07, 0.0, 0.0, 3.053106542662053e-07, 2.080126822840479e-07, 4.1565613093610555e-07, 5.684341886080802e-14, 1.4310957473965938e-07, 1.246981566885933e-07, 0.0, 9.775697606569695e-08, 0.0, 1.0, 2.729568624665085e-13, 0.0, 3.2561691110522547e-07, 0.0, 1.9433604188447272e-07, 1.8626451492309566e-09, 0.0, 0.0, 0.0, 1.8626451492309567e-08, 0.0, 0.0, 5.362402454495439e-07, 5.6843418860808e-14, 3.721017180332385e-07, 2.955016318345189e-07, 8.881784197001254e-16, 2.394126153934466e-07, 3.725310420953036e-09, 1.7068827856418821e-07, 0.0, 0.0, 0.0, 4.440892098500625e-15, 0.0, 0.0, 4.461518203652543e-07, 0.0, 2.1903753609180383e-07, 0.0, 3.7252902984619132e-09, 0.0, 1.9256359078193328e-07, 7.054019404475324e-15, 6.77873770725481e-07, 0.0, 0.0, 1.2293457984924316e-07, 0.0, 0.0, 0.0, 0.0, 8.326682504919638e-07, 0.0, 0.0, 0.0, 0.0, 0.0, 7.410553940493009e-07, 0.0, 6.287268530385736e-14, 0.0, 0.0, 5.684341886080801e-14, 2.8453519897360665e-07, 3.045645993702217e-07, 0.0], [0.0, 1.0436434869531967e-13, 0.0, 0.5406981194346753, 0.0, 0.0, 0.1906023184865954, 0.0, 9.091883264881752e-14, 0.3108042757931549, 7.17500283996469e-14, 0.27138533638325024, 1.590359283457228e-20, 0.0, 1.0623950735604113e-12, 0.0, 0.0, 0.32323877645940974, 4.076690294277611e-12, 0.2521229825042618, 0.024081960735936787, 2.1639874630990093e-15, 8.009075327227253e-22, 0.0, 0.004263396085031572, 1.8311128914549417e-17, 2.729568624665085e-13, 1.0, 0.0, 0.36760572828579274, 0.0, 0.0, 0.0039062499999999996, 1.0440399892289296e-20, 0.0, 0.12499999999999999, 0.4030747914088494, 0.0, 0.0, 0.31539087074760275, 5.6843418860808e-14, 0.16758454673470954, 0.0, 6.040568733833116e-13, 0.13991492300565564, 4.7967784560229e-13, 0.18228200866951866, 0.030718022769131152, 0.0, 0.4999999999999999, 0.0452424704875444, 0.003906250000000436, 4.885166786909801e-21, 0.10351907951520539, 9.094947017729282e-13, 0.18023813167047595, 0.0, 3.794011317122764e-21, 0.0, 1.3885402077610047e-17, 4.614406392604271e-15, 0.48065063072043707, 0.0, 1.4265053705681218e-20, 0.003906249999999999, 0.0, 2.7471671715952663e-17, 4.147464111454193e-21, 0.0, 0.20109740736785292, 0.003906250000000054, 0.0, 4.1858070530944856e-21, 2.748972016495922e-17, 0.0, 0.20541966032307646, 0.0, 0.0735306000438905, 6.950777446719575e-21, 0.0, 5.684341911336058e-14, 2.820231331859539e-12, 0.5286300938407873, 0.0], [0.0, 0.0, 0.0, 0.0018416559289854853, 0.0, 0.0006303683831717801, 0.0, 0.0, 0.0, 3.129108086484382e-05, 0.0, 0.0, 0.0, 0.0, 0.0, 0.0, 0.0, 0.00024229338061808355, 0.0, 0.0007336944471831367, 0.0, 0.0, 0.0, 0.0, 0.0, 0.0, 0.0, 0.0, 1.0, 0.0007973599423122326, 0.0, 0.0, 0.00048828125, 0.0, 0.0, 0.0, 0.0, 0.0, 0.0, 0.00067878965157866, 0.00036947265299966696, 0.0, 0.0, 0.0, 0.0, 0.0, 0.0, 0.0005546502287568992, 0.0, 0.0, 0.0007324218750000001, 0.00025007203111893745, 0.0, 0.0, 0.0, 0.0003145508140222498, 0.0, 0.0, 0.0, 0.0, 0.0, 0.0004319588559225502, 0.0, 0.0, 0.0, 0.0, 0.0, 0.0, 0.0, 0.0004882812500000001, 0.00048828124999999995, 0.0, 0.0, 0.0, 0.0, 0.0005621862296757253, 0.0, 0.0, 0.0, 0.0, 0.0, 0.00048828125, 0.0002716895512508143, 0.0], [0.0, 5.411518764290157e-14, 0.005570019737237966, 0.7776153490800941, 0.0, 0.003380074896926332, 0.44339931950340505, 4.623374017867791e-09, 5.905606730878834e-14, 0.7286846409932171, 3.3767946823801664e-05, 0.2793741771479131, 5.702660115047924e-06, 0.0034179687500000004, 3.992382054783401e-07, 0.0, 9.956201963114054e-05, 0.7660148605131742, 4.250084370945792e-07, 0.4031479140247738, 0.015365165624796675, 1.2468649451407166e-05, 2.5469575080684635e-06, 0.0, 0.026410948503824347, 1.7079056282111711e-15, 3.2561691110522547e-07, 0.36760572828579274, 0.0007973599423122326, 1.0, 1.9290199520120006e-05, 0.06499389954207624, 0.010348389505052825, 0.06256731997776269, 0.0, 0.13608276348795437, 0.42261224908665845, 0.0001629707919251037, 0.0017883674847060712, 0.24801337456203804, 0.006286124643858457, 0.42715001591549273, 2.8128016716227075e-06, 1.1066593580010619e-13, 0.4810165672176066, 2.2293189429720865e-07, 0.07685458172115352, 0.041503772456696196, 6.897193136974507e-12, 0.36868621784789724, 0.10337924578798824, 0.007926958518627817, 5.281883504346099e-21, 0.45818073179441143, 1.014317100097783e-12, 0.5045864645192266, 0.0, 0.02063086754567593, 0.0, 0.0007999532247957407, 4.197244521674221e-15, 0.5315272224266202, 0.0, 7.171645322585564e-06, 0.02328358971151158, 1.505428348645872e-11, 3.4194786082596076e-17, 0.0625, 2.6083567825066417e-05, 0.568805090612584, 0.0025116214632306755, 0.0, 5.137898774925708e-21, 3.1585270239934653e-06, 0.0, 0.8062625816403945, 3.529502607303115e-10, 0.32301875121275225, 3.9699830858869695e-21, 0.00036445280554867315, 0.004017839876695112, 0.0014328882587798734, 0.5482551764191046, 0.0], [0.0, 0.0, 0.0, 9.434439318488265e-06, 0.0, 1.6769494847605385e-05, 1.3969838619232178e-09, 2.328306436538696e-10, 0.0, 3.902610229966278e-06, 0.0, 1.3173521902206086e-05, 2.197898711006286e-06, 0.0, 4.523674478771752e-06, 0.0, 0.0, 1.1563370304434952e-05, 3.4924596548080444e-10, 5.575277485270802e-06, 3.934559807810946e-07, 1.5141080009154417e-05, 0.0, 0.0, 0.0, 0.0, 0.0, 0.0, 0.0, 1.9290199520120006e-05, 1.0, 0.0, 9.313225746154785e-10, 0.0, 0.0, 0.0, 0.0, 0.0, 1.52587890625e-05, 1.5076340244106696e-05, 0.0, 1.907696606784079e-06, 0.0, 0.0, 6.400202418660526e-06, 0.0, 9.05678816513626e-06, 4.4652377242655e-06, 0.0, 0.0, 1.33514404296875e-05, 1.52587890625e-05, 0.0, 6.214338955988468e-06, 0.0, 1.6768798745603146e-05, 0.0, 0.0, 0.0, 0.0, 0.0, 2.4418817322887955e-06, 0.0, 7.6166795712478715e-06, 5.723093636333942e-06, 0.0, 3.814697265624999e-06, 0.0, 0.0, 6.201372412977833e-06, 0.0, 0.0, 0.0, 0.0, 0.0, 8.086928546903433e-06, 2.012236368719134e-10, 4.6566128730773915e-10, 0.0, 5.7220458984375e-06, 0.0, 1.6096054270484302e-05, 6.659875508713074e-06, 0.0], [0.0, 0.0, 0.009135622922940397, 0.07993460612917577, 0.0, 0.000985288051022581, 0.07024991836012698, 0.0, 0.0, 0.10224672177851714, 3.0517578124999993e-05, 0.06197190658766593, 1.3788544682824583e-07, 0.0013231229229403968, 2.38418579102213e-07, 0.0, 0.0, 0.07102428450498499, 1.1984596725649043e-07, 0.14015340646746408, 1.0842021724855044e-19, 0.0, 0.0, 0.0, 4.5838755792757945e-05, 4.336808689942018e-19, 1.9433604188447272e-07, 0.0, 0.0, 0.06499389954207624, 0.0, 1.0, 0.004928243519185935, 0.0625152587890625, 0.0, 0.0, 0.2500000037252903, 8.307429854389898e-05, 0.0019846843844105954, 0.016531060371996698, 0.002871699147912127, 1.213976344421693e-07, 7.909402879441225e-08, 4.336808689942018e-19, 0.050541809175437276, 1.4218730324967618e-08, 0.007554844736566182, 0.0016147524482251782, 0.0, 0.0625, 1.52587890625e-05, 0.0019531249999999996, 0.0, 0.06548010873675436, 0.0, 0.04881727081828823, 0.0, 0.0015261341124658144, 0.0, 3.3527612686157227e-08, 0.0, 0.08499341166388286, 0.0, 0.0, 0.002075199037790298, 0.0, 0.0, 0.0625, 0.0001381529373202292, 0.08252322330110633, 0.0029578601188525225, 0.0, 0.0, 0.0, 0.0, 0.10968166111670312, 0.0, 0.06728368613636947, 0.0, 0.0, 0.00024007229838398514, 4.5839697122574015e-05, 0.09940497402358289, 0.0], [0.0, 0.0, 0.0031254786093726184, 0.008773777037391203, 0.0, 0.0011723536093726189, 0.016885379322818857, 2.85552080196746e-09, 0.0, 0.0077538145237176755, 1.8169661054574167e-09, 0.013171633709897915, 0.0, 0.001172353609372619, 0.0, 0.0, 0.0, 0.008221399705982261, 9.339685881138334e-09, 0.01381625315335604, 0.0, 0.0, 0.0, 0.0, 0.0027932817769268626, 0.0, 1.8626451492309566e-09, 0.0039062499999999996, 0.00048828125, 0.010348389505052825, 9.313225746154785e-10, 0.004928243519185935, 1.0, 0.0, 0.0, 0.0, 0.0, 0.0, 0.0011723536093726189, 0.010139952217876173, 0.005790415459512619, 0.003906280150296359, 0.0, 0.0, 0.01223880181735535, 7.450580596923827e-09, 0.0025666134104947776, 0.010014527393490964, 0.0, 0.0, 0.0017089843749999998, 0.006547073085577077, 0.0, 0.009534110184203727, 0.0, 0.008569493055814776, 0.0, 0.0020913638639071886, 0.0, 1.8626451492309566e-09, 0.0, 0.0031366823828869106, 0.0, 0.0, 0.011718751396983862, 0.0, 0.0, 0.0, 0.0, 0.009884997927948145, 0.01989750429794925, 0.0, 0.0, 0.0, 0.0, 0.014677405031047482, 0.0, 0.009896083867902826, 0.0, 0.0, 0.001230714917602743, 0.0019531277939677234, 0.011662174633128883, 0.0], [0.0, 0.0, 0.0, 0.07541137783024861, 0.0, 8.148488805724923e-05, 0.25009514933808974, 0.0, 0.0, 0.08523915988901251, 0.0, 0.062437107957103014, 0.0, 0.0, 0.0, 0.0, 0.000149504