"{\"names\": [\"172.217.10.1\", \"104.88.86.240\", \"38.93.140.48\", \"192.168.10.15\", \"104.88.108.223\", \"195.142.105.15\", \"172.217.12.163\", \"206.217.206.48\", \"172.217.6.228\", \"178.255.83.1\", \"74.119.118.82\", \"192.168.10.9\", \"172.217.7.6\", \"35.186.227.40\", \"31.13.71.36\", \"206.126.112.142\", \"151.101.2.49\", \"192.168.10.25\", \"172.217.3.98\", \"192.168.10.16\", \"72.30.202.150\", \"172.217.12.132\", \"50.31.164.173\", \"162.208.20.178\", \"23.15.4.16\", \"216.58.217.99\", \"172.217.6.198\", \"172.217.12.174\", \"169.46.44.40\", \"192.168.10.17\", \"52.84.143.130\", \"104.19.195.102\", \"216.200.232.61\", \"104.97.73.166\", \"152.163.13.79\", \"192.229.163.25\", \"74.119.118.86\", \"54.225.188.92\", \"188.165.145.88\", \"192.168.10.14\", \"8.43.72.98\", \"199.96.57.6\", \"68.67.178.110\", \"104.88.70.158\", \"192.168.10.19\", \"69.172.216.56\", \"157.240.18.35\", \"172.217.11.34\", \"185.54.150.20\", \"69.169.85.7\", \"198.232.124.194\", \"74.119.118.72\", \"172.217.12.134\", \"192.168.10.5\", \"23.111.9.30\", \"192.168.10.8\", \"151.101.66.2\", \"68.67.178.199\", \"213.239.195.215\", \"138.108.7.20\", \"52.84.145.87\", \"192.168.10.50\", \"52.84.145.198\", \"52.40.24.51\", \"212.77.100.137\", \"185.54.150.115\", \"172.217.10.138\", \"152.163.66.165\", \"52.84.137.78\", \"192.168.10.51\", \"68.67.178.109\", \"129.146.14.96\", \"54.152.24.232\", \"172.217.10.33\", \"52.8.229.108\", \"192.168.10.12\", \"64.147.131.201\", \"172.217.12.206\", \"68.67.180.12\", \"172.217.10.134\", \"38.69.238.16\", \"172.217.10.142\", \"192.168.10.3\", \"172.217.6.202\"], \"funcEdges\": [[1.0, 0.0, 0.0, 0.0, 0.0, 0.0, 0.0, 0.0, 0.0, 0.0, 0.0, 0.0, 0.0, 0.0, 0.0, 0.0, 0.0, 0.0, 0.0, 0.0, 0.0, 0.0, 0.0, 0.0, 0.0, 0.0, 0.0, 0.0, 0.0, 0.0, 0.0, 0.0, 0.0, 0.0, 0.0, 0.0, 0.0, 0.0, 0.0, 0.0, 0.0, 0.0, 0.0, 0.0, 0.0, 0.0, 0.0, 0.0, 0.0, 0.0, 0.0, 0.0, 0.0, 0.0, 0.0, 0.0, 0.0, 0.0, 0.0, 0.0, 0.0, 0.0, 0.0, 0.0, 0.0, 0.0, 0.0, 0.0, 0.0, 0.0, 0.0, 0.0, 0.0, 0.0, 0.0, 0.0, 0.0, 0.0, 0.0, 0.0, 0.0, 0.0, 0.0, 0.0], [0.0, 1.0, 0.0, 2.40495995681223e-11, 0.0, 0.0, 0.0, 0.0, 1.5530369621085093e-11, 2.6866445538732574e-11, 3.8023293630964175e-12, 1.3717295951621436e-11, 0.0, 0.0, 9.936296049313423e-12, 0.0, 0.0, 1.0159188854568831e-11, 1.75705941198796e-11, 1.0728799427971707e-11, 5.862950992302518e-15, 4.3284966253558687e-13, 0.0, 0.0, 8.31019819828962e-14, 6.961868572213853e-14, 3.878180407822375e-12, 2.6717273266001835e-11, 0.0, 1.3853488036582802e-11, 0.0, 0.0, 0.0, 0.0, 0.0, 0.0, 0.0, 0.0, 0.0, 1.370557430162854e-11, 0.0, 1.0105965556575e-12, 0.0, 0.0, 2.226914694040729e-11, 1.4386936396674943e-11, 3.517770595381512e-14, 1.0746543391546652e-13, 0.0, 0.0, 9.094947017729282e-13, 2.842170943040401e-14, 0.0, 2.6420376547907004e-11, 0.0, 1.762664608715282e-11, 0.0, 0.0, 0.0, 0.0, 1.856498285923694e-13, 1.912394510866724e-11, 0.0, 0.0, 0.0, 0.0, 0.0, 0.0, 0.0, 1.7374028042287308e-11, 0.0, 0.0, 0.0, 0.0, 0.0, 9.916167777145346e-12, 0.0, 1.568502229823605e-11, 0.0, 0.0, 0.0, 3.345226612554334e-13, 3.135132651076953e-11, 0.0], [0.0, 0.0, 1.0, 0.05945276229311816, 0.0, 0.052932289975548365, 0.08242841881902309, 0.0, 0.0, 0.046298757522559714, 0.0, 0.07702800911387293, 0.0, 0.0, 0.0, 0.0, 0.0, 0.11827493927959394, 0.0, 0.03179447222646659, 0.0, 0.0, 0.0, 0.0, 0.0, 0.0, 0.0, 0.0, 0.0, 0.050925052732919404, 0.0, 0.0, 0.0, 0.0, 0.0, 0.0, 0.0, 0.0, 0.0, 0.038670923185052844, 0.040582779747563365, 0.05092505273291941, 0.0, 0.0, 0.0492744756910515, 0.0, 0.06968940511453242, 0.03796459200058426, 0.0, 0.0, 0.0, 0.0, 0.0, 0.07725223314604887, 0.0, 0.02124332686866646, 0.0, 0.0, 0.0, 0.050925052732919404, 0.0, 0.0877899807803885, 0.0, 0.0, 0.0, 0.0, 0.0, 0.0, 0.0, 0.06132492487210706, 0.0, 0.0, 0.0, 0.0, 0.0, 0.051918684887166465, 0.0, 0.06859931208783637, 0.0, 0.05092505273291941, 0.07588086910607685, 0.07002194750776419, 0.04541399744501342, 0.0], [0.0, 2.40495995681223e-11, 0.05945276229311816, 1.0, 0.0, 0.505130695664277, 0.2857008969300494, 1.703601407008793e-06, 3.71893795706828e-11, 0.39099888688915696, 0.03730640373367365, 0.11846469666579361, 0.0013013420938308832, 0.0, 0.002111105052314315, 0.0, 0.032205429891959736, 0.21965777818634108, 0.00012433258667478845, 0.2436750363523873, 0.0005098992300264806, 0.0017407338459259807, 0.0010178346483502147, 0.0, 0.075744690787196, 1.9674887563465811e-13, 0.0001275434454384849, 6.261962719248926e-10, 0.47146391782028424, 0.5492168020165525, 0.002415216465532996, 0.013781583678336309, 0.20206500873766234, 0.02734375, 0.0, 0.0, 1.1643680752106971e-05, 0.05573639806241979, 0.17792922111803494, 0.2667798809357159, 0.16486194886554542, 0.12502256299512002, 0.001158940484252186, 1.2570250646365187e-10, 0.2408908536286675, 0.0003391778484630057, 0.18362087262746746, 0.3409657713866342, 7.430576072900538e-09, 0.0, 0.48793990522637815, 0.027269234871537016, 1.677661512237093e-18, 0.2120187586120158, 3.787127704405278e-10, 0.3395798150654221, 0.0, 8.316639208237827e-07, 0.0, 0.16206112763888525, 2.3587170477798236e-12, 0.27608916058999816, 0.0, 0.0010904717069805292, 0.19071837479733425, 8.381903171539305e-09, 0.003018057892509067, 5.130935868338417e-19, 0.013974859268729375, 0.21667333190651272, 0.02245067018552873, 0.0, 2.419053562946686e-18, 0.00032396914194897847, 0.0, 0.28678163927089095, 1.0619886820995912e-07, 0.038320652219166834, 5.044346190663366e-19, 0.04308153370896224, 0.19588984807833948, 0.26945814815061986, 0.3958202545044196, 0.0], [0.0, 0.0, 0.0, 0.0, 1.0, 0.0, 0.0, 0.0, 0.0, 0.0, 0.0, 0.0, 0.0, 0.0, 0.0, 0.0, 0.0, 0.0, 0.0, 0.0, 0.0, 0.0, 0.0, 0.0, 0.0, 0.0, 0.0, 0.0, 0.0, 0.0, 0.0, 0.0, 0.0, 0.0, 0.0, 0.0, 0.0, 0.0, 0.0, 0.0, 0.0, 0.0, 0.0, 0.0, 0.0, 0.0, 0.0, 0.0, 0.0, 0.0, 0.0, 0.0, 0.0, 0.0, 0.0, 0.0, 0.0, 0.0, 0.0, 0.0, 0.0, 0.0, 0.0, 0.0, 0.0, 0.0, 0.0, 0.0, 0.0, 0.0, 0.0, 0.0, 0.0, 0.0, 0.0, 0.0, 0.0, 0.0, 0.0, 0.0, 0.0, 0.0, 0.0, 0.0], [0.0, 0.0, 0.052932289975548365, 0.505130695664277, 0.0, 1.0, 0.15640356608303602, 0.0, 0.0, 0.2556053654080399, 0.01981133517830371, 0.02430324259689216, 0.0011230062711684538, 0.0, 0.0018475343317134495, 0.0, 0.014397684993210352, 0.5760701890665365, 0.0, 0.427715735645308, 0.000986896782499827, 0.003676105803064134, 0.0, 0.0, 0.05486897794996197, 0.0, 0.0, 0.0, 0.1613743060919757, 0.490299173613141, 0.004292990680986979, 0.026420762213286292, 0.0, 0.020860131342655804, 0.0, 0.0, 0.0, 0.04873612235237662, 0.09855482223633086, 0.4224555650715729, 0.32461672901168803, 0.1049840567344725, 0.0, 0.0, 0.22887359710158628, 0.0, 0.1600084687212076, 0.32181637207528646, 0.0, 0.0, 0.5057983811067903, 0.4373947464590814, 0.0, 0.17611650033478532, 0.0, 0.5634243846698744, 0.0, 0.0, 0.0, 0.1599449355015943, 0.0, 0.6079992758143801, 0.0, 0.0007366257773519258, 0.12162474285356956, 0.0, 0.0017281769944009985, 0.0, 0.020462087736486372, 0.3698818619762842, 0.16137430609197567, 0.0, 0.0, 0.0, 0.0, 0.4405278033749355, 0.0, 0.0036784697853371935, 0.0, 0.0480726636076078, 0.11524812155248343, 0.047050554025268324, 0.3724421363731201, 0.0], [0.0, 0.0, 0.08242841881902309, 0.2857008969300494, 0.0, 0.15640356608303602, 1.0, 5.960464477539063e-08, 0.0, 0.3071337854213093, 0.014334412275017567, 0.1931920744440991, 0.00015046697378836083, 0.0, 3.1345724123783965e-05, 0.0, 0.008231268676225608, 0.23334087854031524, 4.2602745391606616e-05, 0.2647929339798814, 0.0, 0.00012077754178100718, 0.0009506050828104009, 0.0, 0.03336591889890472, 0.0, 5.0480865880246726e-05, 0.0, 0.0, 0.3578168037634246, 3.5762786865234375e-07, 0.009522932697160784, 2.3841857910156255e-07, 0.02435823055098794, 0.0, 0.0, 1.4380133133055047e-09, 0.04060117868991456, 0.0854742401787727, 0.275251750458814, 0.20609758021751778, 0.06374017266541693, 0.0009264004009646473, 0.0, 0.20222279153336434, 0.0002967197727222876, 0.15997317534185396, 0.2714674733152408, 7.4188930565146825e-09, 0.0, 0.11810823055098793, 7.332103264555873e-09, 0.0, 0.18304368645539917, 0.0, 0.3452748410767891, 0.0, 0.0, 0.0, 0.13749564366704517, 0.0, 0.2098782480887575, 0.0, 0.0, 0.09674326067572066, 1.115746679828514e-08, 0.0, 0.0, 0.009510869565217392, 0.3027430435677002, 7.401563619312487e-09, 0.0, 0.0, 0.00033495817410646254, 0.0, 0.17988924260308195, 1.0042494485835485e-07, 0.0531298382519279, 0.0, 0.14682096341632495, 0.13531159573980375, 0.10387930058395362, 0.2020767656146822, 0.0], [0.0, 0.0, 0.0, 1.703601407008793e-06, 0.0, 0.0, 5.960464477539063e-08, 1.0, 0.0, 1.129103657760376e-06, 1.1865068313868093e-06, 1.4062615221911541e-06, 0.0, 0.0, 0.0, 0.0, 0.0, 1.1248957927675431e-06, 3.665701555021764e-07, 8.591501430901026e-07, 0.0, 0.0, 0.0, 0.0, 8.858632247620276e-07, 0.0, 2.2649765014648433e-06, 0.0, 0.0, 1.1835837485741544e-06, 5.960464477539062e-08, 0.0, 7.310133253036698e-07, 0.0, 0.0, 0.0, 0.0, 0.0, 0.0, 3.01858597923019e-06, 0.0, 4.0828945998542e-08, 0.0, 0.0, 1.126046882028079e-06, 0.0, 2.2649765014648433e-06, 0.0, 0.0, 0.0, 0.0, 0.0, 0.0, 1.2962983196463979e-06, 0.0, 5.951052687770274e-07, 0.0, 0.0, 0.0, 2.2649765014648433e-06, 0.0, 1.7486786941665643e-06, 0.0, 0.0, 4.321379253247714e-07, 0.0, 0.0, 0.0, 0.0, 1.0864490184814425e-06, 0.0, 0.0, 0.0, 0.0, 0.0, 2.3099882948216978e-06, 0.0, 0.0, 0.0, 0.0, 0.0, 8.940696716308592e-07, 7.593388076916552e-07, 0.0], [0.0, 1.5530369621085093e-11, 0.0, 3.71893795706828e-11, 0.0, 0.0, 0.0, 0.0, 1.0, 2.0476825802848907e-11, 4.155851642562378e-12, 2.85292414929188e-11, 0.0, 0.0, 2.976597038768436e-11, 0.0, 0.0, 2.151894513092362e-11, 1.6839373646497648e-11, 2.3825957374825116e-11, 0.0, 9.85736385449484e-13, 0.0, 0.0, 9.979966726953354e-13, 4.525214571939005e-13, 6.1854867320870265e-12, 2.3275221158097286e-11, 0.0, 1.5118353231049815e-11, 0.0, 0.0, 0.0, 0.0, 0.0, 0.0, 0.0, 0.0, 0.0, 2.8803067614672685e-11, 0.0, 9.094947017729282e-13, 0.0, 3.9251654310312644e-13, 2.4691938468166043e-11, 5.811464047679438e-12, 0.0, 0.0, 0.0, 0.0, 1.0926690885543872e-12, 0.0, 0.0, 7.125653893242655e-12, 0.0, 3.127787249145369e-11, 0.0, 0.0, 0.0, 0.0, 6.313918782495979e-13, 1.9197482487441198e-11, 0.0, 0.0, 0.0, 0.0, 0.0, 0.0, 0.0, 2.4652873904461468e-11, 0.0, 0.0, 0.0, 0.0, 0.0, 3.8111660506578215e-11, 0.0, 1.1042745538357011e-11, 0.0, 0.0, 0.0, 0.0, 1.7886305267657127e-11, 0.0], [0.0, 2.6866445538732574e-11, 0.046298757522559714, 0.39099888688915696, 0.0, 0.2556053654080399, 0.3071337854213093, 1.129103657760376e-06, 2.0476825802848907e-11, 1.0, 0.010936132674992653, 0.2603602352492529, 0.0020385823243353964, 0.0, 0.0008348207440343648, 0.0, 0.03294039229342062, 0.3184572456726088, 3.49660254133562e-05, 0.5771668275252879, 0.00018211260398757724, 0.0011337015155942775, 0.00028627900622343546, 0.0, 0.03780298703101646, 2.2266738032957664e-13, 0.00010727911435584047, 1.4431380458278607e-09, 0.008010516701400018, 0.6130360316932738, 0.000999068218871367, 0.02962390084877685, 0.472629953364264, 0.0644216147844909, 0.0, 0.0, 3.009378574948294e-06, 0.028540380832882184, 0.04249863609810591, 0.7700226395288639, 0.6837699388682148, 0.05034203314418032, 0.0005019917721817371, 2.274377496343679e-13, 0.3011527835058895, 0.0006641138992119851, 0.3253237177006111, 0.6377533238554176, 2.9201996041304588e-09, 0.0, 0.5751189138283265, 0.053284285852288074, 8.892775077332818e-19, 0.18733560587495013, 9.786601916635377e-12, 0.5765508564004482, 0.0, 1.0576686578065663e-06, 0.0, 0.31990423195652024, 1.799898794720807e-12, 0.41794424255971574, 0.0, 7.696376475603086e-05, 0.11331428808627624, 4.332554700650038e-09, 0.003906250000004058, 7.91789315688557e-19, 0.029769458655394404, 0.46325851427255205, 0.2082734375128733, 0.0, 7.226537727841968e-19, 0.0005476676246603135, 0.0, 0.5077342100376786, 8.910139398537431e-08, 0.04785527577385414, 1.5978240034128606e-18, 0.07762192530110767, 0.27429080588883203, 0.5693636582851911, 0.5210380132269892, 0.0], [0.0, 3.8023293630964175e-12, 0.0, 0.03730640373367365, 0.0, 0.01981133517830371, 0.014334412275017567, 1.1865068313868093e-06, 4.155851642562378e-12, 0.010936132674992653, 1.0, 1.217926782815317e-06, 0.00010441881381448993, 0.0, 0.0001220703898361702, 0.0, 0.007778967137172435, 0.022816012825538263, 4.971266803792415e-07, 0.017812438639000745, 1.460017864276396e-11, 1.1278843719722556e-12, 0.0, 0.0, 0.015809762181182747, 1.4560717867866642e-13, 1.1039897639899191e-06, 1.8368007270309606e-11, 0.0, 0.008644594386893226, 0.0, 0.007812499999999998, 4.651433229970987e-07, 0.0, 0.0, 0.0, 0.0, 0.01626301562082916, 0.0, 0.00909371108601047, 1.4551915228366852e-11, 0.00012207031341971724, 0.0, 9.094947017729282e-13, 0.010695674442328664, 9.523460161606626e-13, 0.013002403465026836, 0.01853575950015128, 0.0, 0.0, 1.1368683772161603e-12, 9.74856590929158e-15, 0.0, 0.017582103424551413, 0.0, 0.030748806650243977, 0.0, 0.0, 0.0, 1.1039740787590272e-06, 3.934627740656891e-13, 0.015365168516026576, 0.0, 0.0, 0.0078129768371582, 0.0, 2.623217762858458e-15, 0.0, 0.007812499999999998, 0.016380165266726414, 1.3855823069518001e-14, 0.0, 0.0, 0.00012207031250326667, 0.0, 0.013964267190428366, 0.0, 1.997710138704082e-12, 0.0, 0.0, 1.4551915228366855e-11, 0.007814641776221508, 0.018900726686610723, 0.0], [0.0, 1.3717295951621436e-11, 0.07702800911387293, 0.11846469666579361, 0.0, 0.02430324259689216, 0.1931920744440991, 1.4062615221911541e-06, 2.85292414929188e-11, 0.2603602352492529, 1.217926782815317e-06, 1.0, 0.001198311377005812, 0.0, 0.0011836329359608145, 0.0, 0.0, 0.20356484573140832, 6.901633312195631e-05, 0.2704511400929287, 0.00013334951884380847, 0.0016719893160119924, 0.00024892089102801436, 0.0, 0.00027923327350404237, 3.5261682368787304e-13, 0.0001049963809205553, 2.125048487255201e-09, 0.0, 0.1622335845944205, 0.003372421606964758, 4.500626838364542e-05, 3.1897866317232516e-06, 2.585033423095052e-18, 0.0, 0.0, 7.6271729240019304e-06, 0.0, 0.05287725030261057, 0.24595333101710537, 0.20468576227726729, 0.04185486641261042, 0.00039704318233512587, 2.167814160307893e-10, 0.24618923383609098, 0.0007422596896109521, 0.32450909190732946, 0.06679823512502013, 2.152164614851644e-09, 0.0, 0.11699982418559333, 0.0014191712200319134, 1.7268328554471502e-18, 0.1806975145409188, 5.867851035502373e-10, 0.16996535441485147, 0.0, 7.785063376655981e-07, 0.0, 0.2266720340738066, 1.090954339653731e-12, 0.1349551545852042, 0.0, 0.0019498699702394594, 0.05604419663840575, 3.049950266311414e-09, 0.003643362634303501, 2.951188100468041e-18, 0.0, 0.13238416132059408, 2.377582496135998e-09, 0.0, 1.9114455214346653e-18, 0.00025121481415005617, 0.0, 0.09770663687258802, 6.774002543342899e-08, 0.12443949213062318, 3.309935128314561e-18, 0.03798317373940539, 0.32427144079510717, 0.1255702715076655, 0.1103232792562068, 0.0], [0.0, 0.0, 0.0, 0.0013013420938308832, 0.0, 0.0011230062711684538, 0.00015046697378836083, 0.0, 0.0, 0.0020385823243353964, 0.00010441881381448993, 0.001198311377005812, 1.0, 0.0, 0.0005370281816060327, 0.0, 0.0, 0.001316484502401346, 0.00012820600359233326, 0.001905731803646211, 0.0007574450924261387, 7.458635824026686e-06, 0.0002480841054177521, 0.0, 0.0004965769840146872, 0.0, 0.00010702506045680418, 4.0713197656505035e-18, 0.0, 0.0014598809894522686, 0.0005626620700176092, 3.529867438803093e-05, 0.0, 0.0, 0.0, 0.0, 0.0, 0.0, 0.0, 0.0012499760606877522, 0.0, 0.0010938468025874911, 0.0003538026814444837, 0.0, 0.0015871177400596753, 0.0006333028573834702, 0.0018266889941304446, 0.0005626620700176092, 0.0, 0.0, 0.0, 0.0, 1.734723475976807e-18, 0.0013769183335286882, 0.0, 0.0008707236238767012, 0.0, 9.737721035557094e-19, 0.0, 0.00012622809427617618, 8.673617379884034e-19, 0.0018054033826574113, 0.0, 0.00045459615830217463, 0.002910549541663716, 0.0, 0.0, 8.6736173798840345e-19, 0.0, 0.0013288308694625385, 0.0, 0.0, 1.734723475976807e-18, 0.00059327727445823, 0.0, 0.0031963600576281077, 0.0, 8.6736173798840345e-19, 1.9522894798600476e-18, 0.0005626620700176092, 0.0, 0.0008905110557485789, 0.00118768673422911, 0.0], [0.0, 0.0, 0.0, 0.0, 0.0, 0.0, 0.0, 0.0, 0.0, 0.0, 0.0, 0.0, 0.0, 1.0, 0.0, 0.0, 0.0, 0.0, 0.0, 0.0, 0.0, 0.0, 0.0, 0.0, 0.0, 0.0, 0.0, 0.0, 0.0, 0.0, 0.0, 0.0, 0.0, 0.0, 0.0, 0.0, 0.0, 0.0, 0.0, 0.0, 0.0, 0.0, 0.0, 0.0, 0.0, 0.0, 0.0, 0.0, 0.0, 0.0, 0.0, 0.0, 0.0, 0.0, 0.0, 0.0, 0.0, 0.0, 0.0, 0.0, 0.0, 0.0, 0.0, 0.0, 0.0, 0.0, 0.0, 0.0, 0.0, 0.0, 0.0, 0.0, 0.0, 0.0, 0.0, 0.0, 0.0, 0.0, 0.0, 0.0, 0.0, 0.0, 0.0, 0.0], [0.0, 9.936296049313423e-12, 0.0, 0.002111105052314315, 0.0, 0.0018475343317134495, 3.1345724123783965e-05, 0.0, 2.976597038768436e-11, 0.0008348207440343648, 0.0001220703898361702, 0.0011836329359608145, 0.0005370281816060327, 0.0, 1.0, 0.0, 0.0, 0.00287341833639307, 5.5183591548195454e-05, 0.001295307167675701, 4.822698883796731e-11, 0.0013711063209756796, 2.6222240949372766e-05, 0.0, 6.496352006715996e-05, 4.866494743352118e-15, 5.543510172960522e-05, 2.719731388314653e-10, 0.0, 0.00010220498060245507, 0.0011580606665655686, 6.103515625016653e-05, 0.0, 0.0, 0.0, 0.0, 0.0, 0.0, 0.0011580606665655684, 0.0018408357030406377, 8.510617942543056e-11, 0.00026463775898426207, 5.1207742703151495e-05, 1.6653345369377346e-16, 0.0005004515547649071, 7.292266993489122e-12, 0.00233549936886858, 0.0028372865555219566, 1.7656814430654737e-09, 0.0, 0.0017370909998483531, 0.0011580628517778681, 0.0, 0.0007338015255542881, 2.3283064365386963e-10, 0.001437269718407786, 0.0, 5.5511151231257815e-17, 0.0, 3.0517578124999997e-05, 0.0, 0.003652313883524856, 0.0, 0.0, 0.0004165378003135229, 1.8626451492309574e-09, 0.00038602022219188977, 0.0, 0.0, 0.004295152168688105, 2.0269572272245163e-09, 0.0, 0.0, 0.0001831054687524851, 0.0, 0.003534181470592539, 1.862645149230957e-09, 3.8646264048058346e-11, 0.0, 0.00038602022218852284, 8.510615860874885e-11, 0.0016594048716192453, 0.0031101117809263566, 0.0], [0.0, 0.0, 0.0, 0.0, 0.0, 0.0, 0.0, 0.0, 0.0, 0.0, 0.0, 0.0, 0.0, 0.0, 0.0, 1.0, 0.0, 0.0, 0.0, 0.0, 0.0, 0.0, 0.0, 0.0, 0.0, 0.0, 0.0, 0.0, 0.0, 0.0, 0.0, 0.0, 0.0, 0.0, 0.0, 0.0, 0.0, 0.0, 0.0, 0.0, 0.0, 0.0, 0.0, 0.0, 0.0, 0.0, 0.0, 0.0, 0.0, 0.0, 0.0, 0.0, 0.0, 0.0, 0.0, 0.0, 0.0, 0.0, 0.0, 0.0, 0.0, 0.0, 0.0, 0.0, 0.0, 0.0, 0.0, 0.0, 0.0, 0.0, 0.0, 0.0, 0.0, 0.0, 0.0, 0.0, 0.0, 0.0, 0.0, 0.0, 0.0, 0.0, 0.0, 0.0], [0.0, 0.0, 0.0, 0.032205429891959736, 0.0, 0.014397684993210352, 0.008231268676225608, 0.0, 0.0, 0.03294039229342062, 0.007778967137172435, 0.0, 0.0, 0.0, 0.0, 0.0, 1.0, 0.033582094424802485, 0.0, 0.004858975390434809, 0.0, 0.0, 0.0, 0.0, 0.0460412828725746, 0.0, 0.0, 0.0, 0.0, 0.025487877025571978, 0.0, 0.0, 0.0, 0.038273277230987154, 0.0, 0.0, 0.0, 0.04146271700023609, 0.025515518153991442, 0.025815070148577604, 0.0, 0.0, 0.0, 0.0, 0.03500700210070025, 0.0, 0.009232393002157327, 0.032413615759706124, 0.0, 0.0, 0.025515518153991435, 0.0, 0.0, 0.011661301408614258, 0.0, 0.010809409938060555, 0.0, 0.0, 0.0, 0.03827327723098716, 0.0, 0.03417698954274349, 0.0, 0.0, 0.03827327723098716, 0.0, 0.0, 0.0, 0.0, 0.02844793801561122, 0.0, 0.0, 0.0, 0.0, 0.0, 0.043407362857539086, 0.0, 0.0, 0.0, 0.019691438681643886, 0.03827327723098716, 0.02551551815399144, 0.051989596070542723, 0.0], [0.0, 1.0159188854568831e-11, 0.11827493927959394, 0.21965777818634108, 0.0, 0.5760701890665365, 0.23334087854031524, 1.1248957927675431e-06, 2.151894513092362e-11, 0.3184572456726088, 0.022816012825538263, 0.20356484573140832, 0.001316484502401346, 0.0, 0.00287341833639307, 0.0, 0.033582094424802485, 1.0, 0.0001330871530290399, 0.6974493880509589, 0.0011194587579824004, 0.001699117306045794, 0.0007140166891575833, 0.0, 0.05734780901558291, 1.158992231806129e-13, 7.815952749214856e-05, 1.5637692350463245e-09, 0.06202710543822939, 0.39593807575713275, 0.0029602227979353478, 0.006841916118805016, 0.06202982307856458, 0.003911636750271719, 0.0, 0.0, 1.6126336551581743e-05, 0.06568097309433249, 0.050114984968999035, 0.6242375063619651, 0.3952733967740901, 0.0591022772285714, 0.0007799430884302004, 3.2507836125632813e-10, 0.1869892841785707, 0.0006506841549943821, 0.20223725795453606, 0.2162724452879882, 5.354908656832932e-09, 0.0, 0.3799624150308264, 0.31603614005669206, 1.914680428304292e-18, 0.39464563758205584, 2.0597403331878192e-10, 0.6146744690987167, 0.0, 5.561350463912815e-07, 0.0, 0.10150374671537177, 1.0348506531032841e-12, 0.4717268845269571, 0.0, 0.001160366843978661, 0.0379428151553844, 6.302995386402412e-09, 0.001056762598107311, 2.4110711656588458e-18, 0.004484555253399145, 0.2727173430327463, 0.06202711064784665, 0.0, 2.3236606487360373e-18, 0.0008652952218824372, 0.0, 0.6203592841210602, 6.67253218310427e-08, 0.04758234272302156, 2.6358222321592957e-18, 0.10489488637384081, 0.17627524081038337, 0.15615902512009605, 0.5216703226839708, 0.0], [0.0, 1.75705941198796e-11, 0.0, 0.00012433258667478845, 0.0, 0.0, 4.2602745391606616e-05, 3.665701555021764e-07, 1.6839373646497648e-11, 3.49660254133562e-05, 4.971266803792415e-07, 6.901633312195631e-05, 0.00012820600359233326, 0.0, 5.5183591548195454e-05, 0.0, 0.0, 0.0001330871530290399, 1.0, 3.6302873293763664e-05, 5.547744909173164e-11, 3.6636050387558004e-05, 3.193478052206936e-05, 0.0, 2.425892116615318e-05, 0.0, 5.325124666471626e-05, 1.0436327153350684e-09, 0.0, 0.00010880215989621227, 8.940696716308594e-08, 3.068056761766155e-05, 2.3909595855714134e-06, 5.4210108624275216e-20, 0.0, 0.0, 1.4366331194533624e-06, 0.0, 0.0, 0.00012446476067941095, 1.4131506143451241e-10, 0.00013241024949929624, 5.6946674686390774e-05, 1.4037380537334956e-11, 0.0001312155746889897, 3.342792458387045e-06, 3.564126213940373e-05, 8.47232424102769e-14, 0.0, 0.0, 0.0, 1.1357772277400501e-13, 5.741179726312106e-19, 0.0001697086247766071, 2.3283064365386963e-10, 5.243304571871864e-05, 0.0, 1.4353195709510968e-06, 0.0, 0.00013304653983749496, 8.673617379884037e-19, 8.222908590570101e-05, 0.0, 1.3193077100352283e-18, 3.194160824896408e-05, 3.62477936490321e-09, 0.0, 8.673617379884035e-19, 0.0, 6.993586426963641e-05, 2.4453210524688876e-15, 0.0, 7.438983505487923e-19, 0.0, 0.0, 8.043927572380061e-05, 7.629389761892068e-08, 3.379071416537269e-08, 1.4137268647262417e-18, 0.0, 1.4131506146161747e-10, 0.0001508072285986771, 0.000152317243369832, 0.0], [0.0, 1.0728799427971707e-11, 0.03179447222646659, 0.2436750363523873, 0.0, 0.427715735645308, 0.2647929339798814, 8.591501430901026e-07, 2.3825957374825116e-11, 0.5771668275252879, 0.017812438639000745, 0.2704511400929287, 0.001905731803646211, 0.0, 0.001295307167675701, 0.0, 0.004858975390434809, 0.6974493880509589, 3.6302873293763664e-05, 1.0, 0.0016030946586187045, 0.00043936388032850287, 0.000519368829668041, 0.0, 0.05304267773667669, 7.407719033590443e-14, 0.00010640796951964302, 7.550268515851712e-10, 0.187825778478883, 0.6168284815500189, 0.0014272710362293252, 0.002096140235561263, 0.19782532355091542, 0.02550827725277221, 0.0, 0.0, 4.469336707602713e-06, 0.0646545795029836, 0.03556140668373038, 0.8064913412122905, 0.7358330861583021, 0.005397732082899105, 0.000760371517531534, 1.5048097901562323e-10, 0.21954404800560268, 0.0003088836627558072, 0.25248802057751657, 0.35071313855324815, 4.242540134032319e-09, 0.0, 0.5259766874376847, 0.27539120090344266, 4.536892755202739e-19, 0.29217723461827005, 2.8771779006936865e-10, 0.7427178975453815, 0.0, 8.219440589365695e-07, 0.0, 0.25788373024401046, 1.2123465239454812e-12, 0.48603902837591284, 0.0, 0.0007513768574010659, 0.023141206583131353, 6.371200624113141e-09, 0.0032180300990318853, 6.124209218093088e-19, 0.008306425236382049, 0.41809150795199224, 0.1718406105719553, 0.0, 4.339252461287483e-19, 0.0007834341016872112, 0.0, 0.7372387176553559, 2.591237026648769e-08, 0.049850559583432784, 1.8894400111530116e-18, 0.12028993817197564, 0.21135829099845202, 0.30154473056984776, 0.591112436890103, 0.0], [0.0, 5.862950992302518e-15, 0.0, 0.0005098992300264806, 0.0, 0.000986896782499827, 0.0, 0.0, 0.0, 0.00018211260398757724, 1.460017864276396e-11, 0.00013334951884380847, 0.0007574450924261387, 0.0, 4.822698883796731e-11, 0.0, 0.0, 0.0011194587579824004, 5.547744909173164e-11, 0.0016030946586187045, 1.0, 7.316483282065803e-14, 0.0, 0.0, 0.0, 3.102480323350851e-16, 1.4551915228366852e-11, 1.4568358867322428e-11, 0.0, 0.00023064339766855634, 0.00010072473107996022, 2.7755575615628914e-17, 0.0, 0.0, 0.0, 0.0, 0.0, 0.0, 0.0, 0.0012319446266636697, 4.3655745685100555e-11, 0.0019137698905615569, 6.103515624999999e-05, 8.326672684688674e-17, 0.0017130758536032108, 1.9144542085960845e-14, 0.0019016498161850458, 0.0006043483865366925, 0.0, 0.0, 0.0, 3.5177705953815114e-14, 0.0, 0.0020914919977219172, 0.0, 0.0007818581765702534, 0.0, 5.648492333481353e-17, 0.0, 7.105427357601003e-15, 8.673617379884035e-19, 0.0012127407814549406, 0.0, 0.00013807808429606183, 0.0006043483864797618, 0.0, 0.0, 3.469446951953614e-18, 0.0, 0.00020474715408666793, 0.0, 0.0, 0.0, 0.0, 0.0, 0.0009758516321515814, 0.0, 2.9234085605121293e-11, 2.2888911143186767e-18, 0.0019137698905192454, 4.3655745685100555e-11, 0.0006043483992898262, 0.0008000216511978892, 0.0], [0.0, 4.3284966253558687e-13, 0.0, 0.0017407338459259807, 0.0, 0.003676105803064134, 0.00012077754178100718, 0.0, 9.85736385449484e-13, 0.0011337015155942775, 1.1278843719722556e-12, 0.0016719893160119924, 7.458635824026686e-06, 0.0, 0.0013711063209756796, 0.0, 0.0, 0.001699117306045794, 3.6636050387558004e-05, 0.00043936388032850287, 7.316483282065803e-14, 1.0, 1.192703089335159e-05, 0.0, 1.0749984508969264e-12, 1.7226857950054014e-13, 3.66360511333528e-05, 5.539807905533464e-13, 0.0, 0.0031919742595602346, 0.0038761164823435308, 0.0, 0.0, 0.0, 0.0, 0.0, 0.0, 0.0, 0.0038761164823435308, 0.0033028448364980593, 0.0, 4.6594153743312584e-05, 2.2854106224256176e-05, 9.094947017729282e-13, 0.0011309192254215018, 7.992758672386307e-14, 0.0018095411416434591, 0.0007384462545206657, 0.0, 0.0, 0.0036260444514519667, 0.003876116482396017, 3.794707603699265e-19, 0.0012927417916910851, 0.0, 0.0038858572870033984, 0.0, 0.0, 0.0, 3.663605030353208e-05, 1.5699438197016009e-12, 0.00013774071655030712, 0.0, 3.330254084655696e-20, 0.0012456997338547286, 0.0, 0.001125324140037438, 0.0, 0.0, 0.0011619601912085378, 1.3855823069518004e-14, 0.0, 0.0, 1.0425210678935347e-15, 0.0, 0.001823104900373098, 0.0, 1.8831530945002933e-12, 0.0, 0.0011253241400352185, 3.330254084655695e-20, 0.0035492942318722485, 0.0003354745142262336, 0.0], [0.0, 0.0, 0.0, 0.0010178346483502147, 0.0, 0.0, 0.0009506050828104009, 0.0, 0.0, 0.00028627900622343546, 0.0, 0.00024892089102801436, 0.0002480841054177521, 0.0, 2.6222240949372766e-05, 0.0, 0.0, 0.0007140166891575833, 3.193478052206936e-05, 0.000519368829668041, 0.0, 1.192703089335159e-05, 1.0, 0.0, 0.00024414062499999997, 0.0, 3.1922728112279884e-05, 2.0503232837701769e-19, 0.0, 0.0006520211220655267, 0.0, 0.0, 0.0, 5.421010862427522e-20, 0.0, 0.0, 0.0, 0.0, 0.0, 0.0010542389922767585, 0.0, 0.0009890015515674024, 0.0010935313226583556, 0.0, 0.0002861963197831348, 0.0005366696032710048, 0.00024414062500000027, 0.0, 0.0, 0.0, 0.0, 0.0, 5.4210108624275216e-20, 0.0003786166313841662, 0.0, 0.0006666239743408562, 0.0, 0.0, 0.0, 3.192272811227994e-05, 0.0, 0.0005157360137280432, 0.0, 4.336808689942018e-19, 0.00041966948886098935, 0.0, 0.0, 0.0, 0.0, 0.0004570802404484733, 2.51320408753576e-19, 0.0, 3.447295881405124e-19, 0.00024414062499999997, 0.0, 0.00018972376749123394, 5.5737020588588946e-08, 3.7252902984619132e-09, 0.0, 0.0, 0.0, 0.0008742236490207634, 0.00023291724317027007, 0.0], [0.0, 0.0, 0.0, 0.0, 0.0, 0.0, 0.0, 0.0, 0.0, 0.0, 0.0, 0.0, 0.0, 0.0, 0.0, 0.0, 0.0, 0.0, 0.0, 0.0, 0.0, 0.0, 0.0, 1.0, 0.0, 0.0, 0.0, 0.0, 0.0, 0.0, 0.0, 0.0, 0.0, 0.0, 0.0, 0.0, 0.0, 0.0, 0.0, 0.0, 0.0, 0.0, 0.0, 0.0, 0.0, 0.0, 0.0, 0.0, 0.0, 0.0, 0.0, 0.0, 0.0, 0.0, 0.0, 0.0, 0.0, 0.0, 0.0, 0.0, 0.0, 0.0, 0.0, 0.0, 0.0, 0.0, 0.0, 0.0, 0.0, 0.0, 0.0, 0.0, 0.0, 0.0, 0.0, 0.0, 0.0, 0.0, 0.0, 0.0, 0.0, 0.0, 0.0, 0.0], [0.0, 8.31019819828962e-14, 0.0, 0.075744690787196, 0.0, 0.05486897794996197, 0.03336591889890472, 8.858632247620276e-07, 9.979966726953354e-13, 0.03780298703101646, 0.015809762181182747, 0.00027923327350404237, 0.0004965769840146872, 0.0, 6.496352006715996e-05, 0.0, 0.0460412828725746, 0.05734780901558291, 2.425892116615318e-05, 0.05304267773667669, 0.0, 1.0749984508969264e-12, 0.00024414062499999997, 0.0, 1.0, 4.2741924679423016e-13, 2.5025785872818418e-05, 3.595128700825703e-13, 0.0, 0.02325371257942735, 0.0, 0.011734721482946034, 5.701873044517029e-06, 0.03125, 0.0, 0.0, 1.6212463378906247e-05, 0.04165364062082916, 0.015624999999999998, 0.04406819851395054, 0.0, 0.0004014268634320179, 0.00024414062499999997, 8.388551434252598e-13, 0.0320958980813683, 0.0005406981843370437, 0.03911618241875722, 0.03983046204776183, 0.0, 0.0, 0.02929687500023967, 0.0, 0.0, 0.03430974739892188, 0.0, 0.0688915307251704, 0.0, 3.814697265625e-06, 0.0, 0.015645135126847315, 5.03964903963236e-13, 0.049003154214070616, 0.0, 0.0, 0.023830488612448925, 0.0, 0.0, 0.0, 0.023423367825502476, 0.042940607142083205, 0.0, 0.0, 0.0, 0.0014385253093664708, 0.0, 0.048109464899459595, 0.0, 5.395780615738114e-13, 0.0, 0.005359330785703399, 0.06249999999999999, 0.027715211949223714, 0.03617307665996148, 0.0], [0.0, 6.961868572213853e-14, 0.0, 1.9674887563465811e-13, 0.0, 0.0, 0.0, 0.0, 4.525214571939005e-13, 2.2266738032957664e-13, 1.4560717867866642e-13, 3.5261682368787304e-13, 0.0, 0.0, 4.866494743352118e-15, 0.0, 0.0, 1.158992231806129e-13, 0.0, 7.407719033590443e-14, 3.102480323350851e-16, 1.7226857950054014e-13, 0.0, 0.0, 4.2741924679423016e-13, 1.0, 0.0, 4.687649002124651e-15, 0.0, 4.372238408220598e-13, 0.0, 1.1102230246251565e-16, 0.0, 0.0, 0.0, 0.0, 0.0, 0.0, 0.0, 1.4779566846976744e-13, 0.0, 1.7752817153178348e-15, 0.0, 2.2455817325625864e-16, 2.1380976963277437e-13, 0.0, 3.481127151679622e-15, 1.935525590469555e-15, 0.0, 0.0, 0.0, 0.0, 0.0, 1.4610574644051731e-13, 0.0, 1.7188746014916033e-13, 0.0, 8.997182213843786e-17, 0.0, 0.0, 2.0842586915629605e-13, 3.0159618485025516e-13, 0.0, 0.0, 0.0, 0.0, 5.2624841658595534e-15, 0.0, 0.0, 2.9057898979752054e-13, 0.0, 0.0, 0.0, 4.129968528144639e-15, 0.0, 3.9214369110495463e-13, 0.0, 2.5642513919172013e-15, 0.0, 0.0, 0.0, 6.442139900055523e-15, 3.516848701128391e-13, 0.0], [0.0, 3.878180407822375e-12, 0.0, 0.0001275434454384849, 0.0, 0.0, 5.0480865880246726e-05, 2.2649765014648433e-06, 6.1854867320870265e-12, 0.00010727911435584047, 1.1039897639899191e-06, 0.0001049963809205553, 0.00010702506045680418, 0.0, 5.543510172960522e-05, 0.0, 0.0, 7.815952749214856e-05, 5.325124666471626e-05, 0.00010640796951964302, 1.4551915228366852e-11, 3.66360511333528e-05, 3.1922728112279884e-05, 0.0, 2.5025785872818418e-05, 0.0, 1.0, 6.987695679142618e-11, 0.0, 8.335792924293772e-05, 0.0, 4.9750026722425016e-05, 4.768371582031249e-07, 0.0, 0.0, 0.0, 4.768371582031249e-06, 0.0, 0.0, 0.00013727750283508324, 1.4551915228366849e-11, 9.525803981650906e-05, 7.564841774963684e-05, 2.273736754432321e-13, 6.128962954072233e-05, 9.536794677639772e-07, 4.369619931243218e-05, 0.0, 0.0, 0.0, 1.13686837721616e-12, 0.0, 0.0, 0.0001142148660135051, 0.0, 5.607360923950178e-05, 0.0, 9.536743164062498e-07, 0.0, 4.929627924017492e-05, 1.805828967545683e-12, 0.00017353568530572314, 0.0, 0.0, 3.147125244140625e-05, 0.0, 0.0, 0.0, 0.0, 0.00021316307212594274, 0.0, 0.0, 0.0, 0.0, 0.0, 0.00018971018087662102, 0.0, 1.6095407437787484e-11, 0.0, 0.0, 1.455191522836685e-11, 7.28410109372433e-05, 7.796853743877676e-05, 0.0], [0.0, 2.6717273266001835e-11, 0.0, 6.261962719248926e-10, 0.0, 0.0, 0.0, 0.0, 2.3275221158097286e-11, 1.4431380458278607e-09, 1.8368007270309606e-11, 2.125048487255201e-09, 4.0713197656505035e-18, 0.0, 2.719731388314653e-10, 0.0, 0.0, 1.5637692350463245e-09, 1.0436327153350684e-09, 7.550268515851712e-10, 1.4568358867322428e-11, 5.539807905533464e-13, 2.0503232837701769e-19, 0.0, 3.595128700825703e-13, 4.687649002124651e-15, 6.987695679142618e-11, 1.0, 0.0, 1.5551769882577616e-09, 0.0, 0.0, 0.0, 2.6727423724260597e-18, 0.0, 0.0, 0.0, 0.0, 0.0, 1.2317662411821507e-09, 1.4551915228366849e-11, 1.2328018416338977e-12, 0.0, 1.5463855958612777e-10, 3.1433077962549564e-09, 1.2279752847418625e-10, 3.065441325335569e-14, 7.714021679511512e-14, 0.0, 0.0, 1.3481793433386419e-12, 1.1199527703126633e-13, 1.250602697448909e-18, 1.5999930373532721e-09, 2.3283064365386963e-10, 9.674430556747182e-10, 0.0, 9.712668971834275e-19, 0.0, 3.554662931868172e-15, 1.1812880365066934e-12, 1.3676447676457904e-09, 0.0, 3.651853748654392e-18, 0.0, 0.0, 7.032747959283882e-15, 1.0617508125322734e-18, 0.0, 1.4219826354546705e-09, 1.385600748543964e-14, 0.0, 1.0715666055921883e-18, 7.0373683622295604e-15, 0.0, 5.656671395284462e-10, 0.0, 4.951671318057305e-10, 1.7793990263602113e-18, 0.0, 1.455191529302031e-11, 7.21979220956042e-10, 1.8916782618683577e-09, 0.0], [0.0, 0.0, 0.0, 0.47146391782028424, 0.0, 0.1613743060919757, 0.0, 0.0, 0.0, 0.008010516701400018, 0.0, 0.0, 0.0, 0.0, 0.0, 0.0, 0.0, 0.06202710543822939, 0.0, 0.187825778478883, 0.0, 0.0, 0.0, 0.0, 0.0, 0.0, 0.0, 0.0, 1.0, 0.20412414523193154, 0.0, 0.0, 0.125, 0.0, 0.0, 0.0, 0.0, 0.0, 0.0, 0.17377015080413696, 0.09458499916791474, 0.0, 0.0, 0.0, 0.0, 0.0, 0.0, 0.1419904585617662, 0.0, 0.0, 0.18750000000000003, 0.06401843996644799, 0.0, 0.0, 0.0, 0.08052500838969595, 0.0, 0.0, 0.0, 0.0, 0.0, 0.11058146711617285, 0.0, 0.0, 0.0, 0.0, 0.0, 0.0, 0.0, 0.12500000000000003, 0.12499999999999999, 0.0, 0.0, 0.0, 0.0, 0.14391967479698567, 0.0, 0.0, 0.0, 0.0, 0.0, 0.125, 0.06955252512020846, 0.0], [0.0, 1.3853488036582802e-11, 0.050925052732919404, 0.5492168020165525, 0.0, 0.490299173613141, 0.3578168037634246, 1.1835837485741544e-06, 1.5118353231049815e-11, 0.6130360316932738, 0.008644594386893226, 0.1622335845944205, 0.0014598809894522686, 0.0, 0.00010220498060245507, 0.0, 0.025487877025571978, 0.39593807575713275, 0.00010880215989621227, 0.6168284815500189, 0.00023064339766855634, 0.0031919742595602346, 0.0006520211220655267, 0.0, 0.02325371257942735, 4.372238408220598e-13, 8.335792924293772e-05, 1.5551769882577616e-09, 0.20412414523193154, 1.0, 0.004938291077150722, 0.006714045109893312, 0.30619054300850607, 0.017233914307246096, 0.0, 0.0, 5.2468741495383765e-06, 0.041720522732826545, 0.08282207608475428, 0.592656881499249, 0.617093342440215, 0.032495242730179626, 0.0007200772279354131, 2.8330479564827185e-11, 0.15742948828216408, 5.7070564940085415e-05, 0.15924046876323522, 0.5574406887998276, 1.7656814430654737e-09, 0.0, 0.57009972091568, 0.23830693203291592, 1.3521621771126013e-18, 0.09770131187738312, 2.5966517762503245e-10, 0.6833912795302826, 0.0, 1.4305114746692621e-06, 0.0, 0.2047880255477096, 1.0744945975486006e-12, 0.4702656863836905, 0.0, 0.0018359412025819044, 0.08761561993954751, 3.8538965725334325e-09, 8.753865237144595e-15, 1.358843638923985e-18, 0.006677393363217003, 0.6096902290935045, 0.20412414725888942, 0.0, 1.3153020863809812e-18, 0.0008085829181423271, 0.0, 0.47954615398716416, 9.035526674695974e-08, 0.026429778067178878, 1.0163156699870642e-18, 0.09329991822046033, 0.11000835489025665, 0.3668193942476476, 0.36309349670707974, 0.0], [0.0, 0.0, 0.0, 0.002415216465532996, 0.0, 0.004292990680986979, 3.5762786865234375e-07, 5.960464477539062e-08, 0.0, 0.000999068218871367, 0.0, 0.003372421606964758, 0.0005626620700176092, 0.0, 0.0011580606665655686, 0.0, 0.0, 0.0029602227979353478, 8.940696716308594e-08, 0.0014272710362293252, 0.00010072473107996022, 0.0038761164823435308, 0.0, 0.0, 0.0, 0.0, 0.0, 0.0, 0.0, 0.004938291077150722, 1.0, 0.0, 2.384185791015625e-07, 0.0, 0.0, 0.0, 0.0, 0.0, 0.00390625, 0.003859543102491314, 0.0, 0.0004883703313367242, 0.0, 0.0, 0.0016384518191770946, 0.0, 0.0023185377702748824, 0.001143100857411968, 0.0, 0.0, 0.00341796875, 0.00390625, 0.0, 0.0015908707727330478, 0.0, 0.004292812478874405, 0.0, 0.0, 0.0, 0.0, 0.0, 0.0006251217234659317, 0.0, 0.001949869970239455, 0.0014651119709014893, 0.0, 0.0009765624999999998, 0.0, 0.0, 0.0015875513377223253, 0.0, 0.0, 0.0, 0.0, 0.0, 0.002070253708007279, 5.1513251039209833e-08, 1.1920928955078122e-07, 0.0, 0.00146484375, 0.0, 0.004120589893243981, 0.001704928130230547, 0.0], [0.0, 0.0, 0.0, 0.013781583678336309, 0.0, 0.026420762213286292, 0.009522932697160784, 0.0, 0.0, 0.02962390084877685, 0.007812499999999998, 4.500626838364542e-05, 3.529867438803093e-05, 0.0, 6.103515625016653e-05, 0.0, 0.0, 0.006841916118805016, 3.068056761766155e-05, 0.002096140235561263, 2.7755575615628914e-17, 0.0, 0.0, 0.0, 0.011734721482946034, 1.1102230246251565e-16, 4.9750026722425016e-05, 0.0, 0.0, 0.006714045109893312, 0.0, 1.0, 7.082118068798033e-06, 0.0039062499999999996, 0.0, 0.0, 9.5367431640625e-07, 0.02126702042723814, 0.0, 0.02201151124966461, 1.387778780781446e-17, 3.1077794417195344e-05, 2.0248071371369535e-05, 1.1102230246251565e-16, 0.006605138054466623, 3.63999496319171e-06, 0.009814909258821293, 0.02598961356401589, 0.0, 0.0, 0.00390625, 0.0, 0.0, 0.025890475949948068, 0.0, 0.014255756038487376, 0.0, 9.536743164062499e-07, 0.0, 8.58306884765625e-06, 0.0, 0.005353798273384999, 0.0, 0.0, 0.031250953674316406, 0.0, 0.0, 0.0, 0.03536715195397867, 0.00824978688121869, 0.0, 0.0, 0.0, 0.0, 0.0, 0.008062708815082002, 0.0, 1.3877787807814457e-17, 0.0, 0.0, 0.0, 0.011734962463378948, 0.008503748840760538, 0.0], [0.0, 0.0, 0.0, 0.20206500873766234, 0.0, 0.0, 2.3841857910156255e-07, 7.310133253036698e-07, 0.0, 0.472629953364264, 4.651433229970987e-07, 3.1897866317232516e-06, 0.0, 0.0, 0.0, 0.0, 0.0, 0.06202982307856458, 2.3909595855714134e-06, 0.19782532355091542, 0.0, 0.0, 0.0, 0.0, 5.701873044517029e-06, 0.0, 4.768371582031249e-07, 0.0, 0.125, 0.30619054300850607, 2.384185791015625e-07, 7.082118068798033e-06, 1.0, 0.0, 0.0, 0.0, 0.0, 0.0, 0.0, 0.30181204759625657, 0.40986832972763054, 7.718475867974091e-06, 0.0, 0.0, 1.0122863072530645e-06, 1.9073486328124998e-06, 4.768371582031249e-07, 0.49696660496618167, 0.0, 0.0, 0.43749999999999994, 0.17605070990773194, 0.0, 7.987133002158488e-06, 0.0, 0.17000644980118063, 0.0, 0.0, 0.0, 4.768371582031249e-07, 0.0, 0.1105902819335038, 0.0, 0.0, 3.576278686523438e-07, 0.0, 0.0, 0.0, 0.0, 0.12500840408411093, 0.125, 0.0, 0.0, 0.0, 0.0, 0.16573298666200065, 0.0, 0.0, 0.0, 0.0, 0.0, 0.5000007152557372, 0.2820819457617682, 0.0], [0.0, 0.0, 0.0, 0.02734375, 0.0, 0.020860131342655804, 0.02435823055098794, 0.0, 0.0, 0.0644216147844909, 0.0, 2.585033423095052e-18, 0.0, 0.0, 0.0, 0.0, 0.038273277230987154, 0.003911636750271719, 5.4210108624275216e-20, 0.02550827725277221, 0.0, 0.0, 5.421010862427522e-20, 0.0, 0.03125, 0.0, 0.0, 2.6727423724260597e-18, 0.0, 0.017233914307246096, 0.0, 0.0039062499999999996, 0.0, 1.0, 0.0, 0.0, 0.0, 0.025390625000000003, 0.015624999999999998, 0.009484216638862019, 0.0, 5.4210108624275216e-20, 0.0, 0.0, 0.021437323142813606, 5.352542958701674e-20, 0.033203125, 0.019379514697359528, 0.0, 0.0, 0.029296874999999993, 0.0, 5.421010862427522e-20, 0.015947198846244653, 0.0, 0.05242259313322131, 0.0, 0.0, 0.0, 0.0625, 1.8326052272949587e-18, 0.06316848973757017, 0.0, 6.986238577087815e-18, 0.0625, 0.0, 0.0, 0.0, 0.015610867825502483, 0.026887926086247474, 0.0, 0.0, 0.0, 0.0, 0.0, 0.012562972690740151, 0.0, 2.4176570156911803e-18, 0.0, 0.0187576577499619, 0.015624999999999998, 0.019531249999999997, 0.06580921565677292, 0.0], [0.0, 0.0, 0.0, 0.0, 0.0, 0.0, 0.0, 0.0, 0.0, 0.0, 0.0, 0.0, 0.0, 0.0, 0.0, 0.0, 0.0, 0.0, 0.0, 0.0, 0.0, 0.0, 0.0, 0.0, 0.0, 0.0, 0.0, 0.0, 0.0, 0.0, 0.0, 0.0, 0.0, 0.0, 1.0, 0.0, 0.0, 0.0, 0.0, 0.0, 0.0, 0.0, 0.0, 0.0, 0.0, 0.0, 0.0, 0.0, 0.0, 0.0, 0.0, 0.0, 0.0, 0.0, 0.0, 0.0, 0.0, 0.0, 0.0, 0.0, 0.0, 0.0, 0.0, 0.0, 0.0, 0.0, 0.0, 0.0, 0.0, 0.0, 0.0, 0.0, 0.0, 0.0, 0.0, 0.0, 0.0, 0.0, 0.0, 0.0, 0.0, 0.0, 0.0, 0.0], [0.0, 0.0, 0.0, 0.0, 0.0, 0.0, 0.0, 0.0, 0.0, 0.0, 0.0, 0.0, 0.0, 0.0, 0.0, 0.0, 0.0, 0.0, 0.0, 0.0, 0.0, 0.0, 0.0, 0.0, 0.0, 0.0, 0.0, 0.0, 0.0, 0.0, 0.0, 0.0, 0.0, 0.0, 0.0, 1.0, 0.0, 0.0, 0.0, 0.0, 0.0, 0.0, 0.0, 0.0, 0.0, 0.0, 0.0, 0.0, 0.0, 0.0, 0.0, 0.0, 0.0, 0.0, 0.0, 0.0, 0.0, 0.0, 0.0, 0.0, 0.0, 0.0, 0.0, 0.0, 0.0, 0.0, 0.0, 0.0, 0.0, 0.0, 0.0, 0.0, 0.0, 0.0, 0.0, 0.0, 0.0, 0.0, 0.0, 0.0, 0.0, 0.0, 0.0, 0.0], [0.0, 0.0, 0.0, 1.1643680752106971e-05, 0.0, 0.0, 1.4380133133055047e-09, 0.0, 0.0, 3.009378574948294e-06, 0.0, 7.62717292