"{\"names\": [\"172.217.10.1\", \"104.88.86.240\", \"38.93.140.48\", \"192.168.10.15\", \"104.88.108.223\", \"195.142.105.15\", \"172.217.12.163\", \"206.217.206.48\", \"172.217.6.228\", \"178.255.83.1\", \"74.119.118.82\", \"192.168.10.9\", \"172.217.7.6\", \"35.186.227.40\", \"31.13.71.36\", \"206.126.112.142\", \"151.101.2.49\", \"192.168.10.25\", \"172.217.3.98\", \"192.168.10.16\", \"72.30.202.150\", \"172.217.12.132\", \"50.31.164.173\", \"162.208.20.178\", \"23.15.4.16\", \"216.58.217.99\", \"172.217.6.198\", \"172.217.12.174\", \"169.46.44.40\", \"192.168.10.17\", \"52.84.143.130\", \"104.19.195.102\", \"216.200.232.61\", \"104.97.73.166\", \"152.163.13.79\", \"192.229.163.25\", \"74.119.118.86\", \"54.225.188.92\", \"188.165.145.88\", \"192.168.10.14\", \"8.43.72.98\", \"199.96.57.6\", \"68.67.178.110\", \"104.88.70.158\", \"192.168.10.19\", \"69.172.216.56\", \"157.240.18.35\", \"172.217.11.34\", \"185.54.150.20\", \"69.169.85.7\", \"198.232.124.194\", \"74.119.118.72\", \"172.217.12.134\", \"192.168.10.5\", \"23.111.9.30\", \"192.168.10.8\", \"151.101.66.2\", \"68.67.178.199\", \"213.239.195.215\", \"138.108.7.20\", \"52.84.145.87\", \"192.168.10.50\", \"52.84.145.198\", \"52.40.24.51\", \"212.77.100.137\", \"185.54.150.115\", \"172.217.10.138\", \"152.163.66.165\", \"52.84.137.78\", \"192.168.10.51\", \"68.67.178.109\", \"129.146.14.96\", \"54.152.24.232\", \"172.217.10.33\", \"52.8.229.108\", \"192.168.10.12\", \"64.147.131.201\", \"172.217.12.206\", \"68.67.180.12\", \"172.217.10.134\", \"38.69.238.16\", \"172.217.10.142\", \"192.168.10.3\", \"172.217.6.202\"], \"funcEdges\": [[1.0, 0.0, 0.0, 0.0, 0.0, 0.0, 0.0, 0.0, 0.0, 0.0, 0.0, 0.0, 0.0, 0.0, 0.0, 0.0, 0.0, 0.0, 0.0, 0.0, 0.0, 0.0, 0.0, 0.0, 0.0, 0.0, 0.0, 0.0, 0.0, 0.0, 0.0, 0.0, 0.0, 0.0, 0.0, 0.0, 0.0, 0.0, 0.0, 0.0, 0.0, 0.0, 0.0, 0.0, 0.0, 0.0, 0.0, 0.0, 0.0, 0.0, 0.0, 0.0, 0.0, 0.0, 0.0, 0.0, 0.0, 0.0, 0.0, 0.0, 0.0, 0.0, 0.0, 0.0, 0.0, 0.0, 0.0, 0.0, 0.0, 0.0, 0.0, 0.0, 0.0, 0.0, 0.0, 0.0, 0.0, 0.0, 0.0, 0.0, 0.0, 0.0, 0.0, 0.0], [0.0, 1.0, 0.0, 4.925357991551447e-08, 0.0, 0.0, 0.0, 0.0, 3.180619698398227e-08, 5.502248046332431e-08, 7.787170535621463e-09, 2.80930221089207e-08, 0.0, 0.0, 2.034953430899389e-08, 0.0, 0.0, 2.0806018774156966e-08, 3.598457675751342e-08, 2.1972581228486055e-08, 1.2007323632235557e-11, 8.864761088728819e-10, 0.0, 0.0, 1.7019285910097142e-10, 1.4257906835893972e-10, 7.942513475220224e-09, 5.471697564877176e-08, 0.0, 2.837194349892158e-08, 0.0, 0.0, 0.0, 0.0, 0.0, 0.0, 0.0, 0.0, 0.0, 2.806901616973525e-08, 0.0, 2.06970174598656e-09, 0.0, 0.0, 4.560721293395413e-08, 2.9464445740390283e-08, 7.204394179341337e-11, 2.2008920865887543e-10, 0.0, 0.0, 1.862645149230957e-09, 5.820766091346741e-11, 0.0, 5.4108931170113544e-08, 0.0, 3.6099371186488975e-08, 0.0, 0.0, 0.0, 0.0, 3.802108489571725e-10, 3.916583958255051e-08, 0.0, 0.0, 0.0, 0.0, 0.0, 0.0, 0.0, 3.5582009430604406e-08, 0.0, 0.0, 0.0, 0.0, 0.0, 2.030831160759367e-08, 0.0, 3.212292566678743e-08, 0.0, 0.0, 0.0, 6.851024102511276e-10, 6.4207516694056e-08, 0.0], [0.0, 0.0, 1.0, 0.0, 0.0, 0.0, 0.0, 0.0, 0.0, 0.0, 0.0, 0.0, 0.0, 0.0, 0.0, 0.0, 0.0, 0.0, 0.0, 0.0, 0.0, 0.0, 0.0, 0.0, 0.0, 0.0, 0.0, 0.0, 0.0, 0.0, 0.0, 0.0, 0.0, 0.0, 0.0, 0.0, 0.0, 0.0, 0.0, 0.0, 0.0, 0.0, 0.0, 0.0, 0.0, 0.0, 0.0, 0.0, 0.0, 0.0, 0.0, 0.0, 0.0, 0.0, 0.0, 0.0, 0.0, 0.0, 0.0, 0.0, 0.0, 0.0, 0.0, 0.0, 0.0, 0.0, 0.0, 0.0, 0.0, 0.0, 0.0, 0.0, 0.0, 0.0, 0.0, 0.0, 0.0, 0.0, 0.0, 0.0, 0.0, 0.0, 0.0, 0.0], [0.0, 4.925357991551447e-08, 0.0, 1.0, 0.0, 0.0, 0.052351648124996174, 0.003488975681554008, 7.616384936075837e-08, 0.34298243676731754, 0.0024352337708342647, 0.4684816619315014, 0.5147560950309997, 0.0, 0.09255290736240088, 0.0, 0.0, 0.36954262498094603, 0.25463313750996674, 0.30407338833087505, 0.11937997532516106, 0.07130916637453089, 0.1677799298075774, 0.0, 0.04344811840635551, 4.029416972997798e-10, 0.2612089762580171, 1.28244996490218e-06, 0.0, 0.29352865732459055, 0.0003395484566881445, 0.03609879262332783, 0.01852202504314609, 4.735996456576369e-15, 0.0, 0.0, 0.023846258180315077, 0.0, 0.0, 0.4806829707667157, 7.573014034553545e-08, 0.10185180936403074, 0.45676468173481466, 2.5743873323755904e-07, 0.45355139956157653, 0.010142199943536902, 0.13463455681336745, 1.8319926456158909e-10, 1.5217819797300301e-05, 0.0, 1.1641161231862077e-09, 1.5104353923880452e-05, 3.4358507770615664e-15, 0.5541805192042019, 7.75603753862201e-07, 0.34935869693029475, 0.0, 0.001703247709847107, 0.0, 0.16087574822415368, 4.830652513853079e-09, 0.44297643767400713, 0.0, 6.372401738760056e-15, 0.04479051799585662, 1.7166137695312497e-05, 1.4413994117810642e-11, 1.0508156658357078e-15, 0.0, 0.28751503199289524, 1.5221108478472682e-05, 0.0, 4.954221696914813e-15, 1.4470725580908418e-11, 0.0, 0.6075178675780487, 0.00021749528209399628, 7.700987168092371e-05, 1.0330820998478574e-15, 0.0, 7.573001112282255e-08, 0.2073014553296968, 0.5259295943183244, 0.0], [0.0, 0.0, 0.0, 0.0, 1.0, 0.0, 0.0, 0.0, 0.0, 0.0, 0.0, 0.0, 0.0, 0.0, 0.0, 0.0, 0.0, 0.0, 0.0, 0.0, 0.0, 0.0, 0.0, 0.0, 0.0, 0.0, 0.0, 0.0, 0.0, 0.0, 0.0, 0.0, 0.0, 0.0, 0.0, 0.0, 0.0, 0.0, 0.0, 0.0, 0.0, 0.0, 0.0, 0.0, 0.0, 0.0, 0.0, 0.0, 0.0, 0.0, 0.0, 0.0, 0.0, 0.0, 0.0, 0.0, 0.0, 0.0, 0.0, 0.0, 0.0, 0.0, 0.0, 0.0, 0.0, 0.0, 0.0, 0.0, 0.0, 0.0, 0.0, 0.0, 0.0, 0.0, 0.0, 0.0, 0.0, 0.0, 0.0, 0.0, 0.0, 0.0, 0.0, 0.0], [0.0, 0.0, 0.0, 0.0, 0.0, 1.0, 0.0, 0.0, 0.0, 0.0, 0.0, 0.0, 0.0, 0.0, 0.0, 0.0, 0.0, 0.0, 0.0, 0.0, 0.0, 0.0, 0.0, 0.0, 0.0, 0.0, 0.0, 0.0, 0.0, 0.0, 0.0, 0.0, 0.0, 0.0, 0.0, 0.0, 0.0, 0.0, 0.0, 0.0, 0.0, 0.0, 0.0, 0.0, 0.0, 0.0, 0.0, 0.0, 0.0, 0.0, 0.0, 0.0, 0.0, 0.0, 0.0, 0.0, 0.0, 0.0, 0.0, 0.0, 0.0, 0.0, 0.0, 0.0, 0.0, 0.0, 0.0, 0.0, 0.0, 0.0, 0.0, 0.0, 0.0, 0.0, 0.0, 0.0, 0.0, 0.0, 0.0, 0.0, 0.0, 0.0, 0.0, 0.0], [0.0, 0.0, 0.0, 0.052351648124996174, 0.0, 0.0, 1.0, 0.0001220703125, 0.0, 0.07134122214450081, 0.0, 0.1008416899327739, 0.08255568211405022, 0.0, 0.06419604300550956, 0.0, 0.0, 0.20770059702420016, 0.08725042256201035, 0.2503572744653628, 0.0, 0.2473524055675027, 0.0603547730281041, 0.0, 0.0605153647844909, 0.0, 0.1033848133227453, 0.0, 0.0, 0.12581374893601924, 0.000732421875, 0.02470529422006546, 0.0004882812500000001, 0.0, 0.0, 0.0, 2.9450512656496735e-06, 0.0, 0.0, 0.11144382785403997, 0.0, 0.09864971174908824, 0.010783584608000612, 0.0, 0.05608117297953091, 0.0, 0.04941058844013092, 0.0, 1.519389297974207e-05, 0.0, 0.0, 1.5016147485810428e-05, 0.0, 0.19971538544190384, 0.0, 0.06383077773774182, 0.0, 0.0, 0.0, 0.1136038639733729, 0.0, 0.041616514302235716, 0.0, 0.0, 0.2504933466739795, 2.2850492002887968e-05, 0.0, 0.0, 0.0, 0.10691295797161977, 1.5158402292351974e-05, 0.0, 0.0, 0.0, 0.0, 0.09464703696156904, 0.00020567028706991073, 0.000274658203125, 0.0, 0.0, 0.0, 0.06502706588883247, 0.150041439238027, 0.0], [0.0, 0.0, 0.0, 0.003488975681554008, 0.0, 0.0, 0.0001220703125, 1.0, 0.0, 0.00231240429109325, 0.0024299659906801855, 0.0028800235974474836, 0.0, 0.0, 0.0, 0.0, 0.0, 0.0023037865835879284, 0.0007507356784684573, 0.00175953949304853, 0.0, 0.0, 0.0, 0.0, 0.0018142478843126326, 0.0, 0.004638671874999999, 0.0, 0.0, 0.0024239795170798682, 0.00012207031249999999, 0.0, 0.0014971152902219158, 0.0, 0.0, 0.0, 0.0, 0.0, 0.0, 0.006182064085463429, 0.0, 8.361768140501402e-05, 0.0, 0.0, 0.002306144014393506, 0.0, 0.004638671874999999, 0.0, 0.0, 0.0, 0.0, 0.0, 0.0, 0.002654818958635823, 0.0, 0.0012187755904553522, 0.0, 0.0, 0.0, 0.004638671874999999, 0.0, 0.0035812939656531236, 0.0, 0.0, 0.0008850184710651318, 0.0, 0.0, 0.0, 0.0, 0.0022250475898499943, 0.0, 0.0, 0.0, 0.0, 0.0, 0.004730856027794837, 0.0, 0.0, 0.0, 0.0, 0.0, 0.0018310546874999996, 0.0015551258781525098, 0.0], [0.0, 3.180619698398227e-08, 0.0, 7.616384936075837e-08, 0.0, 0.0, 0.0, 0.0, 1.0, 4.193653924423456e-08, 8.51118416396775e-09, 5.84278865774977e-08, 0.0, 0.0, 6.096070735397757e-08, 0.0, 0.0, 4.407079962813157e-08, 3.4487037228027184e-08, 4.879556070364184e-08, 0.0, 2.0187881174005433e-09, 0.0, 0.0, 2.043897185680047e-09, 9.267639443331082e-10, 1.266787682731423e-08, 4.766765293178324e-08, 0.0, 3.096238741719002e-08, 0.0, 0.0, 0.0, 0.0, 0.0, 0.0, 0.0, 0.0, 0.0, 5.898868247484966e-08, 0.0, 1.862645149230957e-09, 0.0, 8.038738802752029e-10, 5.0569089982804057e-08, 1.190187836964749e-08, 0.0, 0.0, 0.0, 0.0, 2.237786293359385e-09, 0.0, 0.0, 1.4593339173360957e-08, 0.0, 6.405708286249716e-08, 0.0, 0.0, 0.0, 0.0, 1.2930905666551765e-09, 3.931644413427957e-08, 0.0, 0.0, 0.0, 0.0, 0.0, 0.0, 0.0, 5.0489085756337087e-08, 0.0, 0.0, 0.0, 0.0, 0.0, 7.805268071747219e-08, 0.0, 2.261554286255516e-08, 0.0, 0.0, 0.0, 0.0, 3.6631153188161796e-08, 0.0], [0.0, 5.502248046332431e-08, 0.0, 0.34298243676731754, 0.0, 0.0, 0.07134122214450081, 0.00231240429109325, 4.193653924423456e-08, 1.0, 0.0013055971737862548, 0.5510323245978991, 0.34207447654721584, 0.0, 0.3129755743999189, 0.0, 0.0, 0.3484192485835148, 0.07161042004655349, 0.4653529467969112, 0.19425732204855659, 0.01715686514495312, 0.006596024269952039, 0.0, 0.06480621870136814, 4.5602279491497295e-10, 0.21970762620076129, 2.9555467178554587e-06, 0.0, 0.322203549537915, 0.0004956369898046157, 0.13382481379557645, 0.019390426445819658, 2.243085680932669e-15, 0.0, 0.0, 0.006163207321494106, 0.0, 0.0, 0.43050413676674415, 1.9799308927697757e-07, 0.0833494863959067, 0.4483757689525537, 4.657925112511854e-10, 0.5890442836165027, 0.011309201537848318, 0.1341703911868976, 3.7068401435883375e-10, 5.9805687892591795e-06, 0.0, 7.903051114493388e-09, 7.234170587509796e-06, 1.821240335837761e-15, 0.5362407326612615, 2.004296072526925e-08, 0.3533649370989209, 0.0, 0.002166105411187848, 0.0, 0.06923521073924002, 3.686192731588213e-09, 0.5269791061766075, 0.0, 6.326527730222041e-15, 0.019090136486456535, 8.873072026931279e-06, 8.312177333068117e-12, 1.6215845185301648e-15, 0.0, 0.25370307220063903, 6.710216356521686e-06, 0.0, 1.479994926662035e-15, 4.626182450457427e-12, 0.0, 0.26794005145284033, 0.00018247965488204658, 6.309286088235611e-05, 3.2723435589895386e-15, 0.0, 1.9799303798966466e-07, 0.05208833658700371, 0.18506402633169183, 0.0], [0.0, 7.787170535621463e-09, 0.0, 0.0024352337708342647, 0.0, 0.0, 0.0, 0.0024299659906801855, 8.51118416396775e-09, 0.0013055971737862548, 1.0, 0.0024943140512057693, 0.0, 0.0, 1.583844765573217e-07, 0.0, 0.0, 0.00604592313884582, 0.0010181154414166866, 0.003890811226339784, 2.990116586038059e-08, 2.3099071937991794e-09, 0.0, 0.0, 0.0014747191471754912, 2.982035019339088e-10, 0.0022609710366513543, 3.761767888959407e-08, 0.0, 0.0017578794619012895, 0.0, 0.0, 0.0009526135254980581, 0.0, 0.0, 0.0, 0.0, 0.0, 0.0, 0.0033934485913637625, 2.9802322387695312e-08, 1.883580890936216e-09, 0.0, 1.862645149230957e-09, 0.0029597099084481015, 1.950404641097037e-09, 0.002260938972192663, 3.932427715578504e-11, 0.0, 0.0, 2.3283064365386963e-09, 1.9965062982229155e-11, 0.0, 0.002217900367277876, 0.0, 0.002990079350359905, 0.0, 0.0, 0.0, 0.0022609389132984877, 8.058117612865313e-10, 0.0038767490414292, 0.0, 0.0, 0.0009765624999999998, 0.0, 5.372349978334122e-12, 0.0, 0.0, 0.0017840144351318134, 2.8376725646372866e-11, 0.0, 0.0, 6.6901548215605585e-12, 0.0, 0.0031908404939856934, 0.0, 4.0913103640659595e-09, 0.0, 0.0, 2.980232238769532e-08, 0.0043863577016508126, 0.003183944109526828, 0.0], [0.0, 2.80930221089207e-08, 0.0, 0.4684816619315014, 0.0, 0.0, 0.1008416899327739, 0.0028800235974474836, 5.84278865774977e-08, 0.5510323245978991, 0.0024943140512057693, 1.0, 0.537501846145301, 0.0, 0.3010072509130221, 0.0, 0.0, 0.4308794550554939, 0.14134545023376652, 0.4181174441067286, 0.06681556534036114, 0.07503063486712785, 0.0537665840182711, 0.0, 0.057381804764163366, 7.22159254912764e-10, 0.21503258812529724, 4.352099301898651e-06, 0.0, 0.34154308361972063, 0.00026218128625247317, 0.09217283764970582, 0.006532683021769219, 5.294148450498666e-15, 0.0, 0.0, 0.015620450148355954, 0.0, 0.0, 0.20538810605967248, 8.892760128936053e-08, 0.2345157293157166, 0.35712103661523537, 4.439683400310565e-07, 0.456398683065026, 0.011707379286089493, 0.0969745968884412, 2.342433356956042e-10, 4.407633131216167e-06, 0.0, 3.7608662054038255e-09, 5.388847786402451e-06, 3.5365536879557636e-15, 0.12881692215984308, 1.201735892070886e-06, 0.3378610051979743, 0.0, 0.001594380979539145, 0.0, 0.08451044856468803, 2.234274487610841e-09, 0.3421858640219426, 0.0, 9.348144849123202e-15, 0.06586623281575171, 6.2462981454057755e-06, 1.0562573814789364e-11, 6.044033229758548e-15, 0.0, 0.19873519790326777, 4.869288952086524e-06, 0.0, 3.9146404278981945e-15, 7.199525653053737e-12, 0.0, 0.32160917815450674, 0.00013873157208766257, 7.062726329520939e-05, 6.778747142788221e-15, 0.0, 8.892758716813397e-08, 0.115519303343871, 0.6418917411193135, 0.0], [0.0, 0.0, 0.0, 0.5147560950309997, 0.0, 0.0, 0.08255568211405022, 0.0, 0.0, 0.34207447654721584, 0.0, 0.537501846145301, 1.0, 0.0, 0.208793171378841, 0.0, 0.0, 0.543965924459177, 0.2625658953570985, 0.25129150788990257, 0.1250000000000018, 0.015275286167606653, 0.0317865756877161, 0.0, 0.06180038010029467, 0.0, 0.21918732381553496, 8.338062880052231e-15, 0.0, 0.18266619203979967, 0.0, 0.07229168514668735, 0.0, 0.0, 0.0, 0.0, 0.0, 0.0, 0.0, 0.2356696023962695, 0.0, 0.2670941012817806, 0.24829821939046243, 0.0, 0.4475197894355363, 0.0, 0.09227900814777787, 0.0, 0.0, 0.0, 0.0, 0.0, 3.552713678800501e-15, 0.35324218939704966, 0.0, 0.3492735772759463, 0.0, 1.994285268082093e-15, 0.0, 0.2585151370776088, 1.77635683940025e-15, 0.35547148693299446, 0.0, 1.7763568394002505e-15, 0.021095398142362953, 0.0, 0.0, 1.7763568394002503e-15, 0.0, 0.23745287482393435, 0.0, 0.0, 3.552713678800501e-15, 0.0, 0.0, 0.501912139335553, 0.0, 1.7763568394002503e-15, 3.9982888547533776e-15, 0.0, 0.0, 0.32644646295783397, 0.44384542203538563, 0.0], [0.0, 0.0, 0.0, 0.0, 0.0, 0.0, 0.0, 0.0, 0.0, 0.0, 0.0, 0.0, 0.0, 1.0, 0.0, 0.0, 0.0, 0.0, 0.0, 0.0, 0.0, 0.0, 0.0, 0.0, 0.0, 0.0, 0.0, 0.0, 0.0, 0.0, 0.0, 0.0, 0.0, 0.0, 0.0, 0.0, 0.0, 0.0, 0.0, 0.0, 0.0, 0.0, 0.0, 0.0, 0.0, 0.0, 0.0, 0.0, 0.0, 0.0, 0.0, 0.0, 0.0, 0.0, 0.0, 0.0, 0.0, 0.0, 0.0, 0.0, 0.0, 0.0, 0.0, 0.0, 0.0, 0.0, 0.0, 0.0, 0.0, 0.0, 0.0, 0.0, 0.0, 0.0, 0.0, 0.0, 0.0, 0.0, 0.0, 0.0, 0.0, 0.0, 0.0, 0.0], [0.0, 2.034953430899389e-08, 0.0, 0.09255290736240088, 0.0, 0.0, 0.06419604300550956, 0.0, 6.096070735397757e-08, 0.3129755743999189, 1.583844765573217e-07, 0.3010072509130221, 0.208793171378841, 0.0, 1.0, 0.0, 0.0, 0.02098537993536337, 0.11301599549070429, 0.12285302147386917, 9.876887314015705e-08, 0.07503063100435035, 0.053703149464315425, 0.0, 0.0, 9.966581234385138e-12, 0.1135310883422315, 5.570009883268409e-07, 0.0, 0.12655521141359116, 0.0, 0.12500000000034106, 0.0, 0.0, 0.0, 0.0, 0.0, 0.0, 0.0, 0.11601724158049195, 1.7429745546328178e-07, 0.16697813039976875, 0.10487345705605426, 3.4106051316484804e-13, 0.17509968622393796, 1.4934562802665723e-08, 0.03125000000094977, 2.214193873548915e-12, 3.61611559539809e-06, 0.0, 0.0, 4.475314789470009e-06, 0.0, 0.11840530994023583, 4.76837158203125e-07, 0.24101662237547988, 0.0, 1.13686837721616e-13, 0.0, 0.06249999999999999, 0.0, 0.05053202019318318, 0.0, 0.0, 0.0625, 3.814697265625001e-06, 6.895349227180533e-12, 0.0, 0.0, 0.10631295049955453, 4.151208401355809e-06, 0.0, 0.0, 5.0894598337955135e-12, 0.0, 0.13610381139879013, 3.814697265625e-06, 7.914754877042349e-08, 0.0, 0.0, 1.7429741283071764e-07, 0.09375017835435698, 0.13585760919207737, 0.0], [0.0, 0.0, 0.0, 0.0, 0.0, 0.0, 0.0, 0.0, 0.0, 0.0, 0.0, 0.0, 0.0, 0.0, 0.0, 1.0, 0.0, 0.0, 0.0, 0.0, 0.0, 0.0, 0.0, 0.0, 0.0, 0.0, 0.0, 0.0, 0.0, 0.0, 0.0, 0.0, 0.0, 0.0, 0.0, 0.0, 0.0, 0.0, 0.0, 0.0, 0.0, 0.0, 0.0, 0.0, 0.0, 0.0, 0.0, 0.0, 0.0, 0.0, 0.0, 0.0, 0.0, 0.0, 0.0, 0.0, 0.0, 0.0, 0.0, 0.0, 0.0, 0.0, 0.0, 0.0, 0.0, 0.0, 0.0, 0.0, 0.0, 0.0, 0.0, 0.0, 0.0, 0.0, 0.0, 0.0, 0.0, 0.0, 0.0, 0.0, 0.0, 0.0, 0.0, 0.0], [0.0, 0.0, 0.0, 0.0, 0.0, 0.0, 0.0, 0.0, 0.0, 0.0, 0.0, 0.0, 0.0, 0.0, 0.0, 0.0, 1.0, 0.0, 0.0, 0.0, 0.0, 0.0, 0.0, 0.0, 0.0, 0.0, 0.0, 0.0, 0.0, 0.0, 0.0, 0.0, 0.0, 0.0, 0.0, 0.0, 0.0, 0.0, 0.0, 0.0, 0.0, 0.0, 0.0, 0.0, 0.0, 0.0, 0.0, 0.0, 0.0, 0.0, 0.0, 0.0, 0.0, 0.0, 0.0, 0.0, 0.0, 0.0, 0.0, 0.0, 0.0, 0.0, 0.0, 0.0, 0.0, 0.0, 0.0, 0.0, 0.0, 0.0, 0.0, 0.0, 0.0, 0.0, 0.0, 0.0, 0.0, 0.0, 0.0, 0.0, 0.0, 0.0, 0.0, 0.0], [0.0, 2.0806018774156966e-08, 0.0, 0.36954262498094603, 0.0, 0.0, 0.20770059702420016, 0.0023037865835879284, 4.407079962813157e-08, 0.3484192485835148, 0.00604592313884582, 0.4308794550554939, 0.543965924459177, 0.0, 0.02098537993536337, 0.0, 0.0, 1.0, 0.2725624894034737, 0.321687901496758, 0.36084395526232754, 0.17387956261845502, 0.12711712723248045, 0.0, 0.07607974288448771, 2.3736160907389524e-10, 0.16007071230392025, 3.2025993933748725e-06, 0.0, 0.36567155198562507, 0.00020036414708275257, 0.023783364541867642, 0.00556572740649474, 6.8147275192306325e-15, 0.0, 0.0, 0.03302673725763941, 0.0, 0.0, 0.43903247896759046, 2.1927293238311837e-07, 0.08583557597431378, 0.26213439294280066, 6.6576048385296e-07, 0.2252183244186916, 0.007465661828922681, 0.069114193774182, 2.3743309332963346e-10, 1.0966852929193844e-05, 0.0, 3.380113676792306e-09, 1.0656779250019894e-05, 3.92126551716719e-15, 0.46621447995142723, 4.218348202368654e-07, 0.32141046652370175, 0.0, 0.0011389645750093445, 0.0, 0.15662862207414016, 2.119374137555526e-09, 0.385869433887818, 0.0, 1.1148572180444987e-14, 0.1979884039875252, 1.290853455135214e-05, 8.921123842981047e-12, 4.937873747269316e-15, 0.0, 0.24429516903091253, 1.0669296145590981e-05, 0.0, 4.758857008611404e-15, 7.24884707866364e-12, 0.0, 0.6157736312289218, 0.00013665345910997544, 6.601171662522986e-05, 5.3981639314622375e-15, 0.0, 2.1927287348502006e-07, 0.26027761389058623, 0.235630604616453, 0.0], [0.0, 3.598457675751342e-08, 0.0, 0.25463313750996674, 0.0, 0.0, 0.08725042256201035, 0.0007507356784684573, 3.4487037228027184e-08, 0.07161042004655349, 0.0010181154414166866, 0.14134545023376652, 0.2625658953570985, 0.0, 0.11301599549070429, 0.0, 0.0, 0.2725624894034737, 1.0, 0.07434828450562798, 1.136178157398664e-07, 0.07503063119371879, 0.06540243050919804, 0.0, 0.04968227054828171, 0.0, 0.1090585531693389, 2.13735980100622e-06, 0.0, 0.22282682346744273, 0.00018310546875, 0.06283380248097085, 0.004896685231250255, 1.1102230246251564e-16, 0.0, 0.0, 0.0029422246286404862, 0.0, 0.0, 0.2549038298714336, 2.894132458178814e-07, 0.2711761909745587, 0.1166267897577283, 2.874855534046199e-08, 0.26872949696305093, 0.006846038954776668, 0.07299330486149884, 1.735132004562471e-10, 0.0, 0.0, 0.0, 2.3260717624116227e-10, 1.1757936079487193e-15, 0.34756326354249134, 4.76837158203125e-07, 0.10738287763193577, 0.0, 0.002939534481307846, 0.0, 0.2724793135871897, 1.776356839400251e-15, 0.16840516793487567, 0.0, 2.7019421901521475e-15, 0.06541641369387843, 7.423548139321774e-06, 0.0, 1.7763568394002505e-15, 0.0, 0.14322865002421536, 5.008017515456282e-12, 0.0, 1.5235038219239265e-15, 0.0, 0.0, 0.16473963668234365, 0.00015624990232354955, 6.920338261068327e-05, 2.895312618959343e-15, 0.0, 2.894132458733926e-07, 0.3088532041700907, 0.31194571442141594, 0.0], [0.0, 2.1972581228486055e-08, 0.0, 0.30407338833087505, 0.0, 0.0, 0.2503572744653628, 0.00175953949304853, 4.879556070364184e-08, 0.4653529467969112, 0.003890811226339784, 0.4181174441067286, 0.25129150788990257, 0.0, 0.12285302147386917, 0.0, 0.0, 0.321687901496758, 0.07434828450562798, 1.0, 0.12500012362720386, 0.24652922142350794, 0.06546945292687702, 0.0, 0.01920998028686779, 1.5171008580793228e-10, 0.2179235215762289, 1.5462949920464307e-06, 0.0, 0.29125429047561474, 0.00030646661869971275, 0.08254249612696432, 0.0180473328016674, 1.5679308274996023e-15, 0.0, 0.0, 0.009153201577170356, 0.0, 0.0, 0.32450478906546765, 1.490919456838588e-07, 0.1975301050280429, 0.559042957671311, 3.0818504502399637e-07, 0.6030821475893673, 0.004694089243700318, 0.02381522082612353, 4.1582979887071756e-10, 8.68872219449819e-06, 0.0, 3.9632550570249384e-10, 1.0442500452065635e-05, 9.29155636265521e-16, 0.41284665937374476, 5.89246034062067e-07, 0.1894055169720251, 0.0, 0.0016833414327020943, 0.0, 0.06587516323467973, 2.4828856810403456e-09, 0.6048232457644733, 0.0, 5.680077176538888e-15, 0.25278454020585656, 1.3048218878183713e-05, 3.4015433021374658e-12, 1.2542380478654645e-15, 0.0, 0.20287928152745924, 9.686165607938084e-06, 0.0, 8.886789040716765e-16, 4.261489542769282e-12, 0.0, 0.3704906297863507, 5.3068534305766786e-05, 0.00020112916271563397, 3.869573142841368e-15, 0.0, 1.4909185723004783e-07, 0.13833927666208148, 0.3605181987289119, 0.0], [0.0, 1.2007323632235557e-11, 0.0, 0.11937997532516106, 0.0, 0.0, 0.0, 0.0, 0.0, 0.19425732204855659, 2.990116586038059e-08, 0.06681556534036114, 0.1250000000000018, 0.0, 9.876887314015705e-08, 0.0, 0.0, 0.36084395526232754, 1.136178157398664e-07, 0.12500012362720386, 1.0, 1.4984157761670765e-10, 0.0, 0.0, 0.0, 6.353879702222543e-13, 2.9802322387695312e-08, 2.983599896027633e-08, 0.0, 0.1250002968250506, 0.0, 5.684341886080802e-14, 0.0, 0.0, 0.0, 0.0, 0.0, 0.0, 0.0, 0.4961431101715604, 8.940696716308594e-08, 8.665270044064104e-11, 0.12499999999999999, 1.7053025658242404e-13, 0.13897254936767908, 3.920802219204781e-11, 2.7865369586234394e-10, 1.16594193947944e-10, 0.0, 0.0, 0.0, 7.204394179341335e-11, 0.0, 0.3961071070283235, 0.0, 0.024014770598752885, 0.0, 1.156811229896981e-13, 0.0, 1.4551915228366855e-11, 1.7763568394002505e-15, 0.0638672779473175, 0.0, 1.776356839400251e-15, 0.0, 0.0, 0.0, 7.105427357601002e-15, 0.0, 5.7034097064721484e-08, 0.0, 0.0, 0.0, 0.0, 0.0, 0.20412434722133885, 0.0, 5.987140731928841e-08, 4.68764900212465e-15, 0.0, 8.940696716308594e-08, 2.6235012246597728e-08, 0.2968662398928608, 0.0], [0.0, 8.864761088728819e-10, 0.0, 0.07130916637453089, 0.0, 0.0, 0.2473524055675027, 0.0, 2.0187881174005433e-09, 0.01715686514495312, 2.3099071937991794e-09, 0.07503063486712785, 0.015275286167606653, 0.0, 0.07503063100435035, 0.0, 0.0, 0.17387956261845502, 0.07503063119371879, 0.24652922142350794, 1.4984157761670765e-10, 1.0, 0.024426559269584057, 0.0, 2.2015968274369053e-09, 3.528060508171062e-10, 0.07503063272110654, 1.1345526590532534e-09, 0.0, 0.05895264214803336, 0.0, 0.0, 0.0, 0.0, 0.0, 0.0, 0.0, 0.0, 0.0, 0.0970925306726622, 0.0, 0.09542482686630417, 0.04680520954727665, 1.862645149230957e-09, 0.011458734871107924, 1.6369169761047157e-10, 1.7894590568731202e-10, 2.401999947218534e-10, 0.0, 0.0, 4.656612873077394e-10, 1.0749229246636828e-10, 7.771561172376095e-16, 0.17596474837860424, 0.0, 0.0007414297291748937, 0.0, 0.0, 0.0, 0.0750306310216337, 3.2152449427488786e-09, 0.0036685539709024185, 0.0, 6.820360365374865e-17, 0.2465292161423565, 0.0, 4.545531533215979e-12, 0.0, 0.0, 0.07503063280295737, 2.8376725646372873e-11, 0.0, 0.0, 2.135083147045959e-12, 0.0, 0.07407140344255503, 0.0, 3.856697537536601e-09, 0.0, 0.0, 6.820360365374864e-17, 0.0750306316095006, 0.12047614691156026, 0.0], [0.0, 0.0, 0.0, 0.1677799298075774, 0.0, 0.0, 0.0603547730281041, 0.0, 0.0, 0.006596024269952039, 0.0, 0.0537665840182711, 0.0317865756877161, 0.0, 0.053703149464315425, 0.0, 0.0, 0.12711712723248045, 0.06540243050919804, 0.06546945292687702, 0.0, 0.024426559269584057, 1.0, 0.0, 0.0, 0.0, 0.0653777471739492, 4.199062085161322e-16, 0.0, 0.217305269240304, 0.0, 0.0, 0.0, 1.1102230246251565e-16, 0.0, 0.0, 0.0, 0.0, 0.0, 0.15908145618280187, 0.0, 0.04090353865015285, 0.23955214880431222, 0.0, 0.13984351063471864, 1.7375948818443974e-16, 5.797895762697501e-16, 0.0, 0.0, 0.0, 0.0, 0.0, 1.1102230246251564e-16, 0.08066645374506881, 0.0, 0.19810440195710913, 0.0, 0.0, 0.0, 0.06537774717394931, 0.0, 0.17009477134467577, 0.0, 8.881784197001252e-16, 0.0653777471739492, 0.0, 0.0, 0.0, 0.0, 0.06545184256870168, 5.147041971273237e-16, 0.0, 7.060061965117694e-16, 0.0, 0.0, 0.07092552880866677, 0.00011414941816543016, 7.629394531249998e-06, 0.0, 0.0, 0.0, 0.06547240067977875, 0.034517179807151833, 0.0], [0.0, 0.0, 0.0, 0.0, 0.0, 0.0, 0.0, 0.0, 0.0, 0.0, 0.0, 0.0, 0.0, 0.0, 0.0, 0.0, 0.0, 0.0, 0.0, 0.0, 0.0, 0.0, 0.0, 1.0, 0.0, 0.0, 0.0, 0.0, 0.0, 0.0, 0.0, 0.0, 0.0, 0.0, 0.0, 0.0, 0.0, 0.0, 0.0, 0.0, 0.0, 0.0, 0.0, 0.0, 0.0, 0.0, 0.0, 0.0, 0.0, 0.0, 0.0, 0.0, 0.0, 0.0, 0.0, 0.0, 0.0, 0.0, 0.0, 0.0, 0.0, 0.0, 0.0, 0.0, 0.0, 0.0, 0.0, 0.0, 0.0, 0.0, 0.0, 0.0, 0.0, 0.0, 0.0, 0.0, 0.0, 0.0, 0.0, 0.0, 0.0, 0.0, 0.0, 0.0], [0.0, 1.7019285910097142e-10, 0.0, 0.04344811840635551, 0.0, 0.0, 0.0605153647844909, 0.0018142478843126326, 2.043897185680047e-09, 0.06480621870136814, 0.0014747191471754912, 0.057381804764163366, 0.06180038010029467, 0.0, 0.0, 0.0, 0.0, 0.07607974288448771, 0.04968227054828171, 0.01920998028686779, 0.0, 2.2015968274369053e-09, 0.0, 0.0, 1.0, 8.753546174345834e-10, 0.05125280946753212, 7.362823579291039e-10, 0.0, 0.06308590347582083, 0.0, 0.032709597073478446, 0.011677435995170876, 0.0, 0.0, 0.0, 0.03320312499999999, 0.0, 0.0, 0.05707047311784541, 0.0, 0.00943129821510757, 0.0, 1.717975333734932e-09, 0.027165394543518625, 0.00825053402324848, 0.041236739783309474, 0.0, 0.0, 0.0, 4.908500953528377e-10, 0.0, 0.0, 0.08110968225268866, 0.0, 0.07110057046512783, 0.0, 0.0078125, 0.0, 0.041236739783309474, 1.0321201233167073e-09, 0.03390086026360918, 0.0, 0.0, 0.0026156255129882494, 0.0, 0.0, 0.0, 0.0, 0.08156658221388885, 0.0, 0.0, 0.0, 0.0, 0.0, 0.05164378654034689, 0.0, 1.1050558701031657e-09, 0.0, 0.0, 0.0, 0.002826930450657137, 0.06815955661699206, 0.0], [0.0, 1.4257906835893972e-10, 0.0, 4.029416972997798e-10, 0.0, 0.0, 0.0, 0.0, 9.267639443331082e-10, 4.5602279491497295e-10, 2.982035019339088e-10, 7.22159254912764e-10, 0.0, 0.0, 9.966581234385138e-12, 0.0, 0.0, 2.3736160907389524e-10, 0.0, 1.5171008580793228e-10, 6.353879702222543e-13, 3.528060508171062e-10, 0.0, 0.0, 8.753546174345834e-10, 1.0, 0.0, 9.600305156351285e-12, 0.0, 8.954344260035785e-10, 0.0, 2.2737367544323206e-13, 0.0, 0.0, 0.0, 0.0, 0.0, 0.0, 0.0, 3.026855290260837e-10, 0.0, 3.6357769529709257e-12, 0.0, 4.598951388288177e-13, 4.378824082079219e-10, 0.0, 7.129348406639866e-12, 3.963956409281649e-12, 0.0, 0.0, 0.0, 0.0, 0.0, 2.9922456871017946e-10, 0.0, 3.5202551838548037e-10, 0.0, 1.8426229173952074e-13, 0.0, 0.0, 4.268561800320943e-10, 6.176689865733226e-10, 0.0, 0.0, 0.0, 0.0, 1.0777567571680365e-11, 0.0, 0.0, 5.951057711053221e-10, 0.0, 0.0, 0.0, 8.458175545640221e-12, 0.0, 8.031102793829471e-10, 0.0, 5.251586850646428e-12, 0.0, 0.0, 0.0, 1.319350251531371e-11, 7.202506139910944e-10, 0.0], [0.0, 7.942513475220224e-09, 0.0, 0.2612089762580171, 0.0, 0.0, 0.1033848133227453, 0.004638671874999999, 1.266787682731423e-08, 0.21970762620076129, 0.0022609710366513543, 0.21503258812529724, 0.21918732381553496, 0.0, 0.1135310883422315, 0.0, 0.0, 0.16007071230392025, 0.1090585531693389, 0.2179235215762289, 2.9802322387695312e-08, 0.07503063272110654, 0.0653777471739492, 0.0, 0.05125280946753212, 0.0, 1.0, 1.4310800750884081e-07, 0.0, 0.17071703908953645, 0.0, 0.10188805472752643, 0.0009765624999999998, 0.0, 0.0, 0.0, 0.009765624999999998, 0.0, 0.0, 0.2811443258062505, 2.9802322387695306e-08, 0.19508846554421055, 0.15492795955125624, 4.656612873077394e-10, 0.12552116129939933, 0.0019531355499806252, 0.08948981619186111, 0.0, 0.0, 0.0, 2.328306436538696e-09, 0.0, 0.0, 0.23391204559565845, 0.0, 0.11483875172249965, 0.0, 0.0019531249999999996, 0.0, 0.10095877988387823, 3.6983377255335588e-09, 0.355401083506121, 0.0, 0.0, 0.064453125, 0.0, 0.0, 0.0, 0.0, 0.43655797171393074, 0.0, 0.0, 0.0, 0.0, 0.0, 0.38852645043531986, 0.0, 3.296339443258877e-08, 0.0, 0.0, 2.980232238769531e-08, 0.14917839039947428, 0.1596795646746148, 0.0], [0.0, 5.471697564877176e-08, 0.0, 1.28244996490218e-06, 0.0, 0.0, 0.0, 0.0, 4.766765293178324e-08, 2.9555467178554587e-06, 3.761767888959407e-08, 4.352099301898651e-06, 8.338062880052231e-15, 0.0, 5.570009883268409e-07, 0.0, 0.0, 3.2025993933748725e-06, 2.13735980100622e-06, 1.5462949920464307e-06, 2.983599896027633e-08, 1.1345526590532534e-09, 4.199062085161322e-16, 0.0, 7.362823579291039e-10, 9.600305156351285e-12, 1.4310800750884081e-07, 1.0, 0.0, 3.185002471951896e-06, 0.0, 0.0, 0.0, 5.47377637872857e-15, 0.0, 0.0, 0.0, 0.0, 0.0, 2.5226572619410446e-06, 2.9802322387695306e-08, 2.5247781716662225e-09, 0.0, 3.166997700323897e-07, 6.437494366730151e-06, 2.5148933831513344e-07, 6.278023834287245e-11, 1.5798316399639577e-10, 0.0, 0.0, 2.7610712951575386e-09, 2.2936632736003345e-10, 2.5612343243753658e-15, 3.2767857404995013e-06, 4.76837158203125e-07, 1.981323378021823e-06, 0.0, 1.9891546054316595e-15, 0.0, 7.279949684466016e-12, 2.419277898765708e-09, 2.8009364841385788e-06, 0.0, 7.478996477244194e-15, 0.0, 0.0, 1.440306782061339e-11, 2.174465664066096e-15, 0.0, 2.912220437411165e-06, 2.8377103330180384e-11, 0.0, 2.1945684082528017e-15, 1.441253040584614e-11, 0.0, 1.1584863017542578e-06, 0.0, 1.014102285938136e-06, 3.644209205985713e-15, 0.0, 2.9802322520105594e-08, 1.478613444517974e-06, 3.874157080306397e-06, 0.0], [0.0, 0.0, 0.0, 0.0, 0.0, 0.0, 0.0, 0.0, 0.0, 0.0, 0.0, 0.0, 0.0, 0.0, 0.0, 0.0, 0.0, 0.0, 0.0, 0.0, 0.0, 0.0, 0.0, 0.0, 0.0, 0.0, 0.0, 0.0, 1.0, 0.0, 0.0, 0.0, 0.0, 0.0, 0.0, 0.0, 0.0, 0.0, 0.0, 0.0, 0.0, 0.0, 0.0, 0.0, 0.0, 0.0, 0.0, 0.0, 0.0, 0.0, 0.0, 0.0, 0.0, 0.0, 0.0, 0.0, 0.0, 0.0, 0.0, 0.0, 0.0, 0.0, 0.0, 0.0, 0.0, 0.0, 0.0, 0.0, 0.0, 0.0, 0.0, 0.0, 0.0, 0.0, 0.0, 0.0, 0.0, 0.0, 0.0, 0.0, 0.0, 0.0, 0.0, 0.0], [0.0, 2.837194349892158e-08, 0.0, 0.29352865732459055, 0.0, 0.0, 0.12581374893601924, 0.0024239795170798682, 3.096238741719002e-08, 0.322203549537915, 0.0017578794619012895, 0.34154308361972063, 0.18266619203979967, 0.0, 0.12655521141359116, 0.0, 0.0, 0.36567155198562507, 0.22282682346744273, 0.29125429047561474, 0.1250002968250506, 0.05895264214803336, 0.217305269240304, 0.0, 0.06308590347582083, 8.954344260035785e-10, 0.17071703908953645, 3.185002471951896e-06, 0.0, 1.0, 0.00034069592506027726, 0.07506277719308313, 0.0088579289267977, 1.4788794646342444e-15, 0.0, 0.0, 0.010745598258254595, 0.0, 0.0, 0.37529492066327774, 1.114174946236693e-07, 0.2168742033690213, 0.35668417406183145, 5.8020822148766074e-08, 0.23390408606476215, 0.006836001100274091, 0.05896680129674321, 1.7657938086359112e-10, 3.61611559539809e-06, 0.0, 7.870966384857154e-09, 4.475320767133241e-06, 2.7692281387266075e-15, 0.4819613934647364, 5.317942837760665e-07, 0.8839523383201847, 0.0, 0.002929687500122649, 0.0, 0.11081982046926797, 2.200564935779534e-09, 0.44944099123168546, 0.0, 9.956811381751834e-15, 0.10122076436127794, 7.89278018054847e-06, 1.792791600567213e-11, 2.7829117725163213e-15, 0.0, 0.1475821827675684, 4.151209793938529e-06, 0.0, 2.6937386729082494e-15, 1.4051924252561762e-11, 0.0, 0.47213753073786036, 0.00018504758629777355, 7.929432112427783e-05, 2.0814144921335075e-15, 0.0, 1.1141744102837103e-07, 0.10171734814007795, 0.39197978110927667, 0.0], [0.0, 0.0, 0.0, 0.0003395484566881445, 0.0, 0.0, 0.000732421875, 0.00012207031249999999, 0.0, 0.0004956369898046157, 0.0, 0.00026218128625247317, 0.0, 0.0, 0.0, 0.0, 0.0, 0.00020036414708275257, 0.00018310546875, 0.00030646661869971275, 0.0, 0.0, 0.0, 0.0, 0.0, 0.0, 0.0, 0.0, 0.0, 0.00034069592506027726, 1.0, 0.0, 0.00048828125, 0.0, 0.0, 0.0, 0.0, 0.0, 0.0, 0.0004887142428472219, 0.0, 0.00018243857761093967, 0.0, 0.0, 0.0006714525837240729, 0.0, 0.0, 0.0, 0.0, 0.0, 0.0, 0.0, 0.0, 0.0004008622609061517, 0.0, 2.7512280417570407e-05, 0.0, 0.0, 0.0, 0.0, 0.0, 0.00027947989045640925, 0.0, 0.0, 0.0005493164062499999, 0.0, 0.0, 0.0, 0.0, 0.00038860525379847533, 0.0, 0.0, 0.0, 0.0, 0.0, 0.00012207031249999997, 0.00010549913812830174, 0.00024414062499999995, 0.0, 0.0, 0.0, 0.000732421875, 0.00015619577017191323, 0.0], [0.0, 0.0, 0.0, 0.03609879262332783, 0.0, 0.0, 0.02470529422006546, 0.0, 0.0, 0.13382481379557645, 0.0, 0.09217283764970582, 0.07229168514668735, 0.0, 0.12500000000034106, 0.0, 0.0, 0.023783364541867642, 0.06283380248097085, 0.08254249612696432, 5.684341886080802e-14, 0.0, 0.0, 0.0, 0.032709597073478446, 2.2737367544323206e-13, 0.10188805472752643, 0.0, 0.0, 0.07506277719308313, 0.0, 1.0, 0.014504177804898372, 0.0, 0.0, 0.0, 0.001953125, 0.0, 0.0, 0.09599354585819654, 2.8421709430404014e-14, 0.06364732296641606, 0.04146805016856481, 2.2737367544323206e-13, 0.05709305016861927, 0.007454709684616622, 0.04882812500000001, 9.627238375144889e-14, 0.0, 0.0, 0.0, 0.0, 0.0, 0.13076556152802746, 0.0, 0.10368772044140356, 0.0, 0.0019531249999999998, 0.0, 0.017578125, 0.0, 0.10198517490224226, 0.0, 0.0, 0.001953125, 0.0, 0.0, 0.0, 0.0, 0.1048019437103733, 0.0, 0.0, 0.0, 0.0, 0.0, 0.11023164872688354, 0.0, 2.842170943040401e-14, 0.0, 0.0, 0.0, 0.033203125000089095, 0.10781007386394956, 0.0], [0.0, 0.0, 0.0, 0.01852202504314609, 0.0, 0.0, 0.0004882812500000001, 0.0014971152902219158, 0.0, 0.019390426445819658, 0.0009526135254980581, 0.006532683021769219, 0.0, 0.0, 0.0, 0.0, 0.0, 0.00556572740649474, 0.004896685231250255, 0.0180473328016674, 0.0, 0.0, 0.0, 0.0, 0.011677435995170876, 0.0, 0.0009765624999999998, 0.0, 0.0, 0.0088579289267977, 0.00048828125, 0.014504177804898372, 1.0, 0.0, 0.0, 0.0, 0.0, 0.0, 0.0, 0.001501269407388729, 0.0, 0.01580743857761094, 0.0, 0.0, 0.002073162357254276, 0.0039062499999999996, 0.0009765624999999998, 0.0, 0.0, 0.0, 0.0, 0.0, 0.0, 0.016357648388420583, 0.0, 0.018861808390284847, 0.0, 0.0, 0.0, 0.0009765624999999998, 0.0, 0.018052745893834578, 0.0, 0.0, 0.0007324218750000001, 0.0, 0.0, 0.0, 0.0, 0.017211564259227142, 0.0, 0.0, 0.0, 0.0, 0.0, 0.0149514898192965, 0.0, 0.0, 0.0, 0.0, 0.0, 0.00146484375, 0.016007388343115096, 0.0], [0.0, 0.0, 0.0, 4.735996456576369e-15, 0.0, 0.0, 0.0, 0.0, 0.0, 2.243085680932669e-15, 0.0, 5.294148450498666e-15, 0.0, 0.0, 0.0, 0.0, 0.0, 6.8147275192306325e-15, 1.1102230246251564e-16, 1.5679308274996023e-15, 0.0, 0.0, 1.1102230246251565e-16, 0.0, 0.0, 0.0, 0.0, 5.47377637872857e-15, 0.0, 1.4788794646342444e-15, 0.0, 0.0, 0.0, 1.0, 0.0, 0.0, 0.0, 0.0, 0.0, 3.595909263144462e-15, 0.0, 1.1102230246251564e-16, 0.0, 0.0, 9.196788977744896e-15, 1.0962007979421028e-16, 4.363698057417407e-16, 0.0, 0.0, 0.0, 0.0, 0.0, 1.1102230246251565e-16, 6.5882931214065104e-15, 0.0, 0.0, 0.0, 0.0, 0.0, 1.3906340716294602e-14, 3.7531755055000755e-15, 3.3807189015194802e-15, 0.0, 1.4307816605875846e-14, 0.0, 0.0, 0.0, 0.0, 0.0, 7.123897361082447e-15, 0.0, 0.0, 0.0, 0.0, 0.0, 3.629360082675516e-15, 0.0, 4.951361568135537e-15, 0.0, 0.0, 0.0, 0.0, 2.6910337845295853e-16, 0.0], [0.0, 0.0, 0.0, 0.0, 0.0, 0.0, 0.0, 0.0, 0.0, 0.0, 0.0, 0.0, 0.0, 0.0, 0.0, 0.0, 0.0, 0.0, 0.0, 0.0, 0.0, 0.0, 0.0, 0.0, 0.0, 0.0, 0.0, 0.0, 0.0, 0.0, 0.0, 0.0, 0.0, 0.0, 1.0, 0.0, 0.0, 0.0, 0.0, 0.0, 0.0, 0.0, 0.0, 0.0, 0.0, 0.0, 0.0, 0.0, 0.0, 0.0, 0.0, 0.0, 0.0, 0.0, 0.0, 0.0, 0.0, 0.0, 0.0, 0.0, 0.0, 0.0, 0.0, 0.0, 0.0, 0.0, 0.0, 0.0, 0.0, 0.0, 0.0, 0.0, 0.0, 0.0, 0.0, 0.0, 0.0, 0.0, 0.0, 0.0, 0.0, 0.0, 0.0, 0.0], [0.0, 0.0, 0.0, 0.0, 0.0, 0.0, 0.0, 0.0, 0.0, 0.0, 0.0, 0.0, 0.0, 0.0, 0.0, 0.0, 0.0, 0.0, 0.0, 0.0, 0.0, 0.0, 0.0, 0.0, 0.0, 0.0, 0.0, 0.0, 0.0, 0.0, 0.0, 0.0, 0.0, 0.0, 0.0, 1.0, 0.0, 0.0, 0.0, 0.0, 0.0, 0.0, 0.0, 0.0, 0.0, 0.0, 0.0, 0.0, 0.0, 0.0, 0.0, 0.0, 0.0, 0.0, 0.0, 0.0, 0.0, 0.0, 0.0, 0.0, 0.0, 0.0, 0.0, 0.0, 0.0, 0.0, 0.0, 0.0, 0.0, 0.0, 0.0, 0.0, 0.0, 0.0, 0.0, 0.0, 0.0, 0.0, 0.0, 0.0, 0.0, 0.0, 0.0, 0.0], [0.0, 0.0, 0.0, 0.023846258180315077, 0.0, 0.0, 2.9450512656496735e-06, 0.0, 0.0, 0.006163207321494106, 0.0, 0.015620450148355954, 0.0, 0.0, 0.0, 0.0, 0.0, 0.03302673725763941, 0.0029422246286404862, 0.009153201577170356, 0.0, 0.0, 0.0, 0.0, 0.03320312499999999, 0.0, 0.009765624999999998, 0.0, 0.0, 0.010745598258254595, 0.0, 0.001953125, 0.0, 0.0, 0.0, 0.0, 1.0, 0.0, 0.0, 0.012446583841750163, 0.0, 0.001954597525632825, 0.0, 0.0, 2.454209388041394e-06, 0.007812499999999999, 0.0019531249999999998, 0.0, 0.0, 0.0, 0.0, 0.0, 0.0, 0.036110108011895264, 0.0, 0.02211374109866833, 0.0, 0.0019531249999999996, 0.0, 0.0019531249999999998, 0.0, 0.01235947770519923, 0.0, 0.0, 0.0019531249999999998, 2.9450512656496735e-06, 0.0, 0.0, 0.0, 0.019514601147451155, 0.0, 0.0, 0.0, 0.0, 0.0, 0.005487074365274116, 4.789512628781487e-06, 0.0, 0.0, 0.0, 0.0, 0.00195469258144327, 0.02341358534145098, 0.0], [0.0, 0.0, 0.0, 0.0, 0.0, 0.0, 0.0, 0.0, 0.0, 0.0, 0.0, 0.0, 0.0, 0.0, 0.0, 0.0, 0.0, 0.0, 0.0, 0.0, 0.0, 0.0, 0.0, 0.0, 0.0, 0.0, 0.0, 0.0, 0.0, 0.0, 0.0, 0.0, 0.0, 0.0, 0.0, 0.0, 0.0, 1.0, 0.0, 0.0, 0.0, 0.0, 0.0, 0.0, 0.0, 0.0, 0.0, 0.0, 0.0, 0.0, 0.0, 0.0, 0.0, 0.0, 0.0, 0.0, 0.0, 0.0, 0.0, 0.0, 0.0, 0.0, 0.0, 0.0, 0.0, 0.0, 0.0, 0.0, 0.0, 0.0, 0.0, 0.0, 0.0, 0.0, 0.0, 0.0, 0.0, 0.0, 0.0, 0.0, 0.0, 0.0, 0.0, 0.0], [0.0, 0.0, 0.0, 0.0, 0.0, 0.0, 0.0, 0.0, 0.0, 0.0, 0.0, 0.0, 0.0, 0.0, 0.0, 0.0, 0.0, 0.0, 0.0, 0.0, 0.0, 0.0, 0.0, 0.0, 0.0, 0.0, 0.0, 0.0, 0.0, 0.0, 0.0, 0.0, 0.0, 0.0, 0.0, 0.0, 0.0, 0.0, 1.0, 0.0, 0.0, 0.0, 0.0, 0.0, 0.0, 0.0, 0.0, 0.0, 0.0, 0.0, 0.0, 0.0, 0.0, 0.0, 0.0, 0.0, 0.0, 0.0, 0.0, 0.0, 0.0, 0.0, 0.0, 0.0, 0.0, 0.0, 0.0, 0.0, 0.0, 0.0, 0.0, 0.0, 0.0, 0.0, 0.0, 0.0, 0.0, 0.0, 0.0, 0.0, 0.0, 0.0, 0.0, 0.0], [0.0, 2.806901616973525e-08, 0.0, 0.4806829707667157, 0.0, 0.0, 0.11144382785403997, 0.006182064085463429, 5.898868247484966e-08, 0.43050413676674415, 0.0033934485913637625, 0.20538810605967248, 0.2356696023962695, 0.0, 0.11601724158049195, 0.0, 0.0, 0.43903247896759046, 0.2549038298714336, 0.32450478906546765, 0.4961431101715604, 0.0970925306726622, 0.15908145618280187, 0.0, 0.05707047311784541, 3.026855290260837e-10, 0.2811443258062505, 2.5226572619410446e-06, 0.0, 0.37529492066327774, 0.0004887142428472219, 0.09599354585819654, 0.001501269407388729, 3.595909263144462e-15, 0.0, 0.0, 0.012446583841750163, 0.0, 0.0, 1.0, 1.9673694258947143e-07, 0.13156306426849085, 0.3862067597161788, 7.997655393745742e-07, 0.4359505715338038, 0.0038923313805961112, 0.04498907471375546, 4.6498891258975833e-10, 1.5217819797300301e-05, 0.0, 7.496291906504763e-09, 1.5104307204839178e-05, 1.1571853601461485e-15, 0.7845694326220924, 6.049516096393656e-07, 0.18383755748267286, 0.0, 0.006621319550028088, 0.0, 0.2085471744795957, 1.0342088317173587e-09, 0.2904971964017934, 0.0, 6.495411165819812e-15, 0.07194141061823439, 1.7094986428399266e-05, 9.530936104065912e-12, 1.6201205739005161e-15, 0.0, 0.20735032386576496, 1.5221106652343326e-05, 0.0, 5.760169909558064e-16, 8.137572618304631e-12, 0.0, 0.358604311230882, 7.767037754172893e-05, 7.849784117357758e-06, 2.8018731054797988e-15, 0.0, 1.9673688617394672e-07, 0.21786980225442343, 0.657054061486207, 0.0], [0.0, 0.0, 0.0, 7.573014034553545e-08, 0.0, 0.0, 0.0, 0.0, 0.0, 1.9799308927697757e-07, 2.9802322387695312e-08, 8.892760128936053e-08, 0.0, 0.0, 1.7429745546328178e-07, 0.0, 0.0, 2.1927293238311837e-07, 2.894132458178814e-07, 1.490919456838588e-07, 8.940696716308594e-08, 0.0, 0.0, 0.0, 0.0, 0.0, 2.9802322387695306e-08, 2.9802322387695306e-08, 0.0, 1.114174946236693e-07, 0.0, 2.8421709430404014e-14, 0.0, 0.0, 0.0, 0.0, 0.0, 0.0, 0.0, 1.9673694258947143e-07, 1.0, 0.0, 0.0, 0.0, 1.315226478058719e-07, 0.0, 0.0, 5.784799051941537e-14, 0.0, 0.0, 0.0, 0.0, 0.0, 1.899064745582875e-07, 0.0, 3.989975965686674e-08, 0.0, 0.0, 0.0, 0.0, 0.0, 3.536093663119862e-08, 0.0, 0.0, 0.0, 0.0, 0.0, 0.0, 0.0, 1.2329670489432124e-07, 0.0, 0.0, 0.0, 0.0, 0.0, 8.889807102457155e-08, 0.0, 2.3841862173412665e-07, 0.0, 0.0, 3.5762786865234375e-07, 6.992683902430709e-08, 2.2862841960475684e-07, 0.0], [0.0, 2.06970174598656e-09, 0.0, 0.10185180936403074, 0.0, 0.0, 0.09864971174908824, 8.361768140501402e-05, 1.862645149230957e-09, 0.0833494863959067, 1.883580890936216e-09, 0.2345157293157166, 0.2670941012817806, 0.0, 0.16697813039976875, 0.0, 0.0, 0.08583557597431378, 0.2711761909745587, 0.1975301050280429, 8.665270044064104e-11, 0.09542482686630417, 0.04090353865015285, 0.0, 0.00943129821510757, 3.6357769529709257e-12, 0.19508846554421055, 2.5247781716662225e-09, 0.0, 0.2168742033690213, 0.00018243857761093967, 0.06364732296641606, 0.01580743857761094, 1.1102230246251564e-16, 0.0, 0.0, 0.001954597525632825, 0.0, 0.0, 0.13156306426849085, 0.0, 1.0, 0.0258877380855924, 2.2737367544323206e-13, 0.22878109244461334, 0.005859376943059145, 0.005985383151112789, 3.6344248