"{\"names\": [\"172.217.10.1\", \"104.88.86.240\", \"38.93.140.48\", \"192.168.10.15\", \"104.88.108.223\", \"195.142.105.15\", \"172.217.12.163\", \"206.217.206.48\", \"172.217.6.228\", \"178.255.83.1\", \"74.119.118.82\", \"192.168.10.9\", \"172.217.7.6\", \"35.186.227.40\", \"31.13.71.36\", \"206.126.112.142\", \"151.101.2.49\", \"192.168.10.25\", \"172.217.3.98\", \"192.168.10.16\", \"72.30.202.150\", \"172.217.12.132\", \"50.31.164.173\", \"162.208.20.178\", \"23.15.4.16\", \"216.58.217.99\", \"172.217.6.198\", \"172.217.12.174\", \"169.46.44.40\", \"192.168.10.17\", \"52.84.143.130\", \"104.19.195.102\", \"216.200.232.61\", \"104.97.73.166\", \"152.163.13.79\", \"192.229.163.25\", \"74.119.118.86\", \"54.225.188.92\", \"188.165.145.88\", \"192.168.10.14\", \"8.43.72.98\", \"199.96.57.6\", \"68.67.178.110\", \"104.88.70.158\", \"192.168.10.19\", \"69.172.216.56\", \"157.240.18.35\", \"172.217.11.34\", \"185.54.150.20\", \"69.169.85.7\", \"198.232.124.194\", \"74.119.118.72\", \"172.217.12.134\", \"192.168.10.5\", \"23.111.9.30\", \"192.168.10.8\", \"151.101.66.2\", \"68.67.178.199\", \"213.239.195.215\", \"138.108.7.20\", \"52.84.145.87\", \"192.168.10.50\", \"52.84.145.198\", \"52.40.24.51\", \"212.77.100.137\", \"185.54.150.115\", \"172.217.10.138\", \"152.163.66.165\", \"52.84.137.78\", \"192.168.10.51\", \"68.67.178.109\", \"129.146.14.96\", \"54.152.24.232\", \"172.217.10.33\", \"52.8.229.108\", \"192.168.10.12\", \"64.147.131.201\", \"172.217.12.206\", \"68.67.180.12\", \"172.217.10.134\", \"38.69.238.16\", \"172.217.10.142\", \"192.168.10.3\", \"172.217.6.202\"], \"funcEdges\": [[1.0, 0.0, 0.0, 0.0, 0.0, 0.0, 0.0, 0.0, 0.0, 0.0, 0.0, 0.0, 0.0, 0.0, 0.0, 0.0, 0.0, 0.0, 0.0, 0.0, 0.0, 0.0, 0.0, 0.0, 0.0, 0.0, 0.0, 0.0, 0.0, 0.0, 0.0, 0.0, 0.0, 0.0, 0.0, 0.0, 0.0, 0.0, 0.0, 0.0, 0.0, 0.0, 0.0, 0.0, 0.0, 0.0, 0.0, 0.0, 0.0, 0.0, 0.0, 0.0, 0.0, 0.0, 0.0, 0.0, 0.0, 0.0, 0.0, 0.0, 0.0, 0.0, 0.0, 0.0, 0.0, 0.0, 0.0, 0.0, 0.0, 0.0, 0.0, 0.0, 0.0, 0.0, 0.0, 0.0, 0.0, 0.0, 0.0, 0.0, 0.0, 0.0, 0.0, 0.0], [0.0, 1.0, 0.0, 2.3485937078244433e-14, 0.0, 0.0, 0.0, 0.0, 1.516637658309091e-14, 2.623676322141853e-14, 3.713212268648845e-15, 1.3395796827755308e-14, 0.0, 0.0, 9.70341411065764e-15, 0.0, 0.0, 9.921082865789874e-15, 1.7158783320194922e-14, 1.047734319137862e-14, 5.725538078420428e-18, 4.2270474856990905e-16, 0.0, 0.0, 8.115427928017207e-17, 6.798699777552591e-17, 3.787285554514038e-15, 2.6091087173829917e-14, 0.0, 1.3528796910725393e-14, 0.0, 0.0, 0.0, 0.0, 0.0, 0.0, 0.0, 0.0, 0.0, 1.3384349903934122e-14, 0.0, 9.869106988842773e-16, 0.0, 0.0, 2.1747213808991495e-14, 1.4049742574877874e-14, 3.435322847052258e-17, 1.0494671280807277e-16, 0.0, 0.0, 8.881784197001252e-16, 2.7755575615628914e-17, 0.0, 2.5801148972565433e-14, 0.0, 1.7213521569485175e-14, 0.0, 0.0, 0.0, 0.0, 1.8129866073473573e-16, 1.8675727645182852e-14, 0.0, 0.0, 0.0, 0.0, 0.0, 0.0, 0.0, 1.69668242600462e-14, 0.0, 0.0, 0.0, 0.0, 0.0, 9.683757594868502e-15, 0.0, 1.531740458812114e-14, 0.0, 0.0, 0.0, 3.266822863822592e-16, 3.061652979567337e-14, 0.0], [0.0, 0.0, 1.0, 0.0010636773935971816, 0.0, 0.0002958323144292464, 0.002008676353822625, 0.0, 0.0, 0.001133178177828824, 0.0, 0.0010781803701168792, 0.0, 0.0009765625, 0.0, 0.0, 0.0, 0.0027450249719796864, 0.0, 0.0021167761089806187, 0.0, 0.0, 0.0, 0.0, 0.0, 0.0, 0.0, 0.0, 0.0, 0.0013925049343094915, 0.0, 0.0022839057307350993, 0.0007813696523431546, 0.0, 0.0, 0.0, 0.0, 0.0, 0.0002441406249999999, 0.0016587229004186594, 0.0008831535140447649, 4.973149680949161e-05, 0.0, 0.0, 0.0011683557369362048, 0.0, 0.0019471823715006384, 0.00043995237305510543, 0.0, 0.0, 0.0, 0.0004882812499999999, 0.0, 0.0008151055149406574, 0.0, 0.0008844729424199372, 0.0, 0.000381532596793879, 0.0, 4.9731496809491606e-05, 0.0, 0.0020330156375294823, 0.0, 0.0, 0.0004882812499999999, 0.0, 0.0, 0.0, 0.0, 0.0011042201718655257, 0.00028571025216677314, 0.0, 0.0, 0.0, 0.0, 0.0010914312670782594, 0.0, 0.0011027661150158014, 0.0, 4.973149680949161e-05, 0.0006721223679705774, 6.838080811305097e-05, 0.002339816948930375, 0.0], [0.0, 2.3485937078244433e-14, 0.0010636773935971816, 1.0, 0.0, 0.000766487875404954, 0.45684118845547994, 1.6636732490320245e-09, 3.631775348699492e-14, 0.42145048838215404, 0.18313883525840705, 0.3499221503214572, 1.2708418885067219e-06, 0.00027319618042030843, 2.0616260276506983e-06, 0.0, 3.145061512886693e-05, 0.6937387319639176, 1.214185416745981e-07, 0.47141663147937496, 0.013494563156738203, 1.6999353964120905e-06, 9.939791487795065e-07, 0.0, 0.003330533191291638, 1.9213757386197081e-16, 1.2455414593602042e-07, 0.4044591249659382, 0.00046041398224637133, 0.7352309974093507, 2.3586098296220662e-06, 0.03668747915182047, 0.0021934442593478007, 0.06462844526343987, 0.0, 0.017516933305106935, 0.10318813029870885, 5.443007623283183e-05, 0.0003763010008269302, 0.2320827877548521, 0.0020699510521965557, 0.28624164681155995, 1.1317778166525255e-06, 1.2275635396841003e-13, 0.27389520386804184, 3.31228367639654e-07, 0.7029386387285813, 0.009380672752596927, 7.256421946191931e-12, 0.13464725780044606, 0.011550273671050671, 0.001713172335895765, 1.638341320544036e-21, 0.3394188417721842, 3.6983668988332795e-13, 0.12124592948843768, 0.0, 0.0026294782632184407, 0.0, 0.00015826281995984888, 2.303434616972484e-15, 0.22182786503613283, 0.0, 1.064913776348173e-06, 0.001318090612460198, 8.185452315956353e-12, 2.9473221606533856e-06, 0.044863173578224336, 1.364732350461853e-05, 0.37652612269198593, 0.028136053970472086, 0.0, 2.362356995065123e-21, 3.163761151845493e-07, 0.0, 0.45005869723090725, 1.037098322362882e-10, 0.0875425133165105, 4.926119326819693e-22, 4.207181026265844e-05, 0.0007643417545591534, 0.0002631427228033397, 0.48357813180206816, 0.0], [0.0, 0.0, 0.0, 0.0, 1.0, 0.0, 0.0, 0.0, 0.0, 0.0, 0.0, 0.0, 0.0, 0.0, 0.0, 0.0, 0.0, 0.0, 0.0, 0.0, 0.0, 0.0, 0.0, 0.0, 0.0, 0.0, 0.0, 0.0, 0.0, 0.0, 0.0, 0.0, 0.0, 0.0, 0.0, 0.0, 0.0, 0.0, 0.0, 0.0, 0.0, 0.0, 0.0, 0.0, 0.0, 0.0, 0.0, 0.0, 0.0, 0.0, 0.0, 0.0, 0.0, 0.0, 0.0, 0.0, 0.0, 0.0, 0.0, 0.0, 0.0, 0.0, 0.0, 0.0, 0.0, 0.0, 0.0, 0.0, 0.0, 0.0, 0.0, 0.0, 0.0, 0.0, 0.0, 0.0, 0.0, 0.0, 0.0, 0.0, 0.0, 0.0, 0.0, 0.0], [0.0, 0.0, 0.0002958323144292464, 0.000766487875404954, 0.0, 1.0, 0.00015273785750296486, 0.0, 0.0, 0.000941562162416593, 1.9347007010062218e-05, 0.0002678742603485275, 1.0966858116879431e-06, 0.00024414062499999992, 1.8042327458139156e-06, 0.0, 1.4060239251181984e-05, 0.0007037849540346484, 0.0, 0.0005173611408801501, 9.637663891599873e-07, 3.5899470733048185e-06, 0.0, 0.0, 5.3582986279259736e-05, 0.0, 0.0, 0.0, 0.00015759209579294502, 0.000845018724231583, 4.192373711901346e-06, 0.00024632201275564527, 0.0002930884023431547, 2.0371222014312308e-05, 0.0, 0.0, 0.0, 4.7593869484742794e-05, 0.00034038556859016693, 0.0005043403443566279, 0.000881214251856856, 0.0001025234929047583, 0.0, 0.0, 0.00045843191644837967, 0.0, 0.0001562582702355543, 0.0006336131423002986, 0.0, 0.0, 0.0004939437315495999, 0.00042714330708894666, 0.0, 0.0011482887554046504, 0.0, 0.000929674045531617, 0.0, 0.0, 0.0, 0.0001561962260757757, 0.0, 0.000666853607257516, 0.0, 7.1936111069524e-07, 0.00011877416294293902, 0.0, 1.687672846094725e-06, 0.0, 1.9982507555162473e-05, 0.000605353380836215, 0.0004433023479597181, 0.0, 0.0, 0.0, 0.0, 0.0006217225962042183, 0.0, 0.0002477328806497433, 0.0, 4.694596055430449e-05, 0.0005112269648597133, 4.59478066653011e-05, 0.0005043425240178867, 0.0], [0.0, 0.0, 0.002008676353822625, 0.45684118845547994, 0.0, 0.00015273785750296486, 1.0, 5.820766091346741e-11, 0.0, 0.48281338784209865, 0.15310710737343597, 0.3864313589807128, 1.4694040409019612e-07, 0.0, 3.061105871463278e-08, 0.0, 8.03834831662657e-06, 0.593808907788194, 4.1604243546490836e-08, 0.37760972575028906, 0.007895174259998616, 1.1794681814551483e-07, 9.283252761820321e-07, 0.0, 0.00043983238013941016, 0.0, 4.9297720586178443e-08, 0.22438595560314953, 0.0, 0.5314974443156963, 3.4924596548080444e-10, 0.40058455335080195, 0.004221344830704714, 0.1645858599504882, 0.0, 0.1394787030684443, 0.04835428580679807, 3.9649588564369685e-05, 8.347093767458271e-05, 0.27708845708623286, 0.0007837381648584667, 0.6353087424386772, 9.046878915670384e-07, 0.0, 0.5435800917814289, 2.89765403049109e-07, 0.37474251440619955, 0.006183127163266461, 7.24501275050262e-12, 0.057108655501660985, 0.006494219607395308, 0.0004680463630293632, 0.0, 0.5780005249159459, 0.0, 0.0779196584895985, 0.0, 7.149559014455496e-05, 0.0, 0.0001342730895185988, 0.0, 0.24576025501906562, 0.0, 0.0, 0.0013472656584540203, 1.0895963670200333e-11, 0.0, 0.13845501407080335, 9.28795855978261e-06, 0.316878416032072, 0.3871132397022377, 0.0, 0.0, 3.271075919008423e-07, 0.0, 0.32298208842756215, 9.807123521323716e-11, 0.029290728075016724, 0.0, 0.00014337984708625483, 0.0001321402302146521, 0.0001014446294765172, 0.29361592728675673, 0.0], [0.0, 0.0, 0.0, 1.6636732490320245e-09, 0.0, 0.0, 5.820766091346741e-11, 1.0, 0.0, 1.1026402907816171e-09, 1.158698077526181e-09, 1.373302267764799e-09, 0.0, 0.0, 0.0, 0.0, 0.0, 1.0985310476245539e-09, 3.5797866748259415e-10, 8.390138116114283e-10, 0.0, 0.0, 0.0, 0.0, 8.651008054316676e-10, 0.0, 2.211891114711761e-09, 0.0, 0.0, 1.1558435044669477e-09, 5.82076609134674e-11, 0.0, 7.13880200491865e-10, 0.0, 0.0, 0.0, 0.0, 0.0, 0.0, 2.9478378703419824e-09, 0.0, 3.9872017576701174e-11, 0.0, 0.0, 1.099655158230546e-09, 0.0, 2.211891114711761e-09, 0.0, 0.0, 0.0, 0.0, 0.0, 0.0, 1.2659163277796854e-09, 0.0, 5.811574890400659e-10, 0.0, 0.0, 0.0, 2.211891114711761e-09, 0.0, 1.7076940372720354e-09, 0.0, 0.0, 4.2200969269997205e-10, 0.0, 0.0, 0.0, 0.0, 1.0609853696107837e-09, 0.0, 0.0, 0.0, 0.0, 0.0, 2.2558479441618142e-09, 0.0, 0.0, 0.0, 0.0, 0.0, 8.731149137020109e-10, 7.41541804386382e-10, 0.0], [0.0, 1.516637658309091e-14, 0.0, 3.631775348699492e-14, 0.0, 0.0, 0.0, 0.0, 1.0, 1.9996900198094635e-14, 4.058448869689822e-15, 2.7860587395428515e-14, 0.0, 0.0, 2.9068330456723006e-14, 0.0, 0.0, 2.1014594854417597e-14, 1.644470082665786e-14, 2.3267536498852652e-14, 0.0, 9.626331889155117e-16, 0.0, 0.0, 9.746061256790384e-16, 4.4191548554091844e-16, 6.040514386803737e-15, 2.272970816220438e-14, 0.0, 1.4764016827197085e-14, 0.0, 0.0, 0.0, 0.0, 0.0, 0.0, 0.0, 0.0, 0.0, 2.8127995717453794e-14, 0.0, 8.881784197001252e-16, 0.0, 3.833169366241469e-16, 2.4113221160318402e-14, 5.6752578590619515e-15, 0.0, 0.0, 0.0, 0.0, 1.0670596567913938e-15, 0.0, 0.0, 6.95864638011978e-15, 0.0, 3.0544797354935244e-14, 0.0, 0.0, 0.0, 0.0, 6.165936311031229e-16, 1.8747541491641795e-14, 0.0, 0.0, 0.0, 0.0, 0.0, 0.0, 0.0, 2.4075072172325652e-14, 0.0, 0.0, 0.0, 0.0, 0.0, 3.721841846345529e-14, 0.0, 1.0783931189801769e-14, 0.0, 0.0, 0.0, 0.0, 1.7467094987946413e-14, 0.0], [0.0, 2.623676322141853e-14, 0.001133178177828824, 0.42145048838215404, 0.0, 0.000941562162416593, 0.48281338784209865, 1.1026402907816171e-09, 1.9996900198094635e-14, 1.0, 0.1642836467833505, 0.1610348257317292, 1.9908030511087855e-06, 0.00039539859872017374, 8.152546328460594e-07, 0.0, 3.2168351849043574e-05, 0.4958676433713622, 3.414650919273066e-08, 0.2530122668421929, 0.01263693766314582, 1.1071303863225367e-06, 2.795693420150737e-07, 0.0, 0.007109639092926601, 2.1744861360310218e-16, 1.0476476011312546e-07, 0.2579329810210815, 7.822770216210956e-06, 0.45843336356227316, 9.756525574915694e-07, 0.43511673639644327, 0.0019384536309294189, 0.1490776531682526, 0.0, 0.18516039053741462, 0.09882085305018615, 2.7871465657111508e-05, 0.0005357508227147739, 0.30458977850571267, 0.001544670199699202, 0.2786185096394669, 4.902263400212276e-07, 2.221071773773124e-16, 0.7601845920921821, 6.485487296992042e-07, 0.3639035749775914, 0.01463290681622934, 2.851757425908651e-12, 0.07130586620374404, 0.02902124303474647, 0.0028406482788694404, 8.68435066145783e-22, 0.7509781894603953, 9.557228434214235e-15, 0.4198535070588889, 0.0, 0.005637340523664269, 0.0, 0.0003124064765200393, 1.7577136667195381e-15, 0.5786598095934821, 0.0, 7.515992651956138e-08, 0.0021201346356211036, 4.231010449853553e-12, 3.814697265628963e-06, 0.5322163181002391, 2.9071736968158598e-05, 0.7595315849437558, 0.04727350524503424, 0.0, 7.057165749845672e-22, 5.348316647073374e-07, 0.0, 0.3476183626874336, 8.70130800638421e-11, 0.05068369018568734, 1.5603750033328717e-21, 7.580266142686296e-05, 0.0009135453230430842, 0.0005560191975441319, 0.33317148613865427, 0.0], [0.0, 3.713212268648845e-15, 0.0, 0.18313883525840705, 0.0, 1.9347007010062218e-05, 0.15310710737343597, 1.158698077526181e-09, 4.058448869689822e-15, 0.1642836467833505, 1.0, 0.15309311011333027, 1.0197149786571283e-07, 0.0, 1.1920936507438497e-07, 0.0, 7.596647594894956e-06, 0.04425967678290582, 4.85475273807853e-10, 0.0625173949596084, 1.425798695582418e-14, 1.1014495820041558e-15, 0.0, 0.0, 1.5439220880061277e-05, 1.4219451042838517e-16, 1.0781150038964054e-09, 0.06250000000001794, 0.0, 0.06250844198670596, 0.0, 7.629394531249998e-06, 4.542415263643542e-10, 0.062499999999999986, 0.0, 0.0625, 0.0, 1.5881851192215978e-05, 0.0, 0.06561526158559057, 1.4210854715202004e-14, 0.06250011920929045, 0.0, 8.881784197001252e-16, 0.14155678046621722, 9.30025406406897e-16, 0.06251269765963381, 1.8101327636866485e-05, 0.0, 0.0, 1.1102230246251565e-15, 9.520083895792558e-18, 0.0, 0.21987241998350715, 0.0, 3.0028131494378884e-05, 0.0, 0.0, 0.0, 1.0780996862881125e-09, 3.842409902985245e-16, 0.10734885360811885, 0.0, 0.0, 7.629860192537304e-06, 0.0, 2.561736096541463e-18, 0.08656111624919925, 7.629394531249998e-06, 0.18950017849511003, 1.3531077216326173e-17, 0.0, 0.0, 1.1920928955397136e-07, 0.0, 1.3636979678152702e-05, 0.0, 1.950888807328205e-15, 0.0, 0.0, 1.4210854715202007e-14, 7.631486109591316e-06, 0.20428663362660535, 0.0], [0.0, 1.3395796827755308e-14, 0.0010781803701168792, 0.3499221503214572, 0.0, 0.0002678742603485275, 0.3864313589807128, 1.373302267764799e-09, 2.7860587395428515e-14, 0.1610348257317292, 0.15309311011333027, 1.0, 1.1702259541072383e-06, 0.00024414062499999992, 1.155891539024233e-06, 0.0, 0.0, 0.26546027362918445, 6.739876281441046e-08, 0.1575525233413315, 0.02087602906748716, 1.6328020664179614e-06, 2.430868076445453e-07, 0.0, 0.003438533298625649, 3.443523668826885e-16, 1.0253552824272978e-07, 0.31384437060720727, 0.0, 0.3118965141653779, 3.2933804755515215e-06, 0.1490971648818818, 0.0032929084274744788, 0.1687023859132243, 0.0, 0.22706207261596575, 0.06690480829659823, 0.0, 0.0002957785647486432, 0.443328000056061, 0.0012094636207711197, 0.5969448553790975, 3.8773748274914635e-07, 2.1170060159256768e-13, 0.35799006892050034, 7.248629781356954e-07, 0.2728226874558578, 0.01332115821241902, 2.1017232566910586e-12, 0.04941817485637014, 0.003485601797776687, 0.0023695726068913127, 1.6863602103976076e-21, 0.38716724227548577, 5.730323276857786e-13, 0.42643797219510116, 0.0, 0.0025620000689215573, 0.0, 0.00022135940827520175, 1.0653850973180966e-15, 0.0785962698231363, 0.0, 1.904169892811972e-06, 0.0031367157019011036, 2.97846705694474e-12, 3.5579713225620127e-06, 0.3098111716546652, 0.0, 0.3697590521962693, 0.47132639172018803, 0.0, 1.8666460170260403e-21, 2.453269669434142e-07, 0.0, 0.3207778745573291, 6.6152368587333e-11, 0.028474039605832953, 3.2323585237446884e-21, 3.709294310488808e-05, 0.0009146912856356461, 0.0001226272182692046, 0.39766688085510493, 0.0], [0.0, 0.0, 0.0, 1.2708418885067219e-06, 0.0, 1.0966858116879431e-06, 1.4694040409019612e-07, 0.0, 0.0, 1.9908030511087855e-06, 1.0197149786571283e-07, 1.1702259541072383e-06, 1.0, 0.0, 5.244415835996413e-07, 0.0, 0.0, 1.2856293968763144e-06, 1.2520117538313795e-07, 1.8610662144982528e-06, 7.396924730724011e-07, 7.283824046901061e-09, 2.422696341970235e-07, 0.0, 4.84938460951843e-07, 0.0, 1.0451666060234783e-07, 3.97589820864307e-21, 0.0, 1.425665028761981e-06, 5.494746777515715e-07, 3.447136170706146e-08, 0.0, 0.0, 0.0, 0.0, 0.0, 0.0, 0.0, 1.220679746765383e-06, 0.0, 1.0682097681518468e-06, 3.455104310981286e-07, 0.0, 1.5499196680270267e-06, 6.184598216635451e-07, 1.7838759708305123e-06, 5.494746777515715e-07, 0.0, 0.0, 0.0, 0.0, 1.6940658945086007e-21, 1.3446468100866095e-06, 0.0, 8.50316038942091e-07, 0.0, 9.509493198786225e-22, 0.0, 1.232696233165783e-07, 8.4703294725430015e-22, 1.7630892408763782e-06, 0.0, 4.439415608419674e-07, 2.842333536780973e-06, 0.0, 0.0, 8.470329472543002e-22, 0.0, 1.2976863959595102e-06, 0.0, 0.0, 1.6940658945086007e-21, 5.793723383381153e-07, 0.0, 3.121445368777449e-06, 0.0, 8.470329472543002e-22, 1.9065326951758278e-21, 5.494746777515715e-07, 0.0, 8.696397028794716e-07, 1.1598503263956153e-06, 0.0], [0.0, 0.0, 0.0009765625, 0.00027319618042030843, 0.0, 0.00024414062499999992, 0.0, 0.0, 0.0, 0.00039539859872017374, 0.0, 0.00024414062499999992, 0.0, 1.0, 0.0, 0.0, 0.0, 0.0007531541867965808, 0.0, 0.0008471949387067471, 0.0, 0.0, 0.0, 0.0, 0.0, 0.0, 0.0, 0.0, 0.0, 0.0008544921875000001, 0.0, 0.0003307807307350992, 0.0002930884023431548, 0.0, 0.0, 0.0, 0.0, 0.0, 0.00024414062499999997, 0.0009637538567099099, 0.0003552406431975351, 0.0, 0.0, 0.0, 0.0009742376100976329, 0.0, 0.0, 0.0003193393414455266, 0.0, 0.0, 0.0, 0.0, 0.0, 0.00025138263100896917, 0.0, 0.00023891606066357514, 0.0, 0.0, 0.0, 0.0, 0.0, 3.1330420487158046e-05, 0.0, 0.0, 0.0, 0.0, 0.0, 0.0, 0.0, 0.00024414062499999992, 0.00028571025216677314, 0.0, 0.0, 0.0, 0.0, 0.0007660786528835313, 0.0, 0.00024414062499999992, 0.0, 0.0, 0.0005980199567341744, 0.0, 0.0003750120005760307, 0.0], [0.0, 9.70341411065764e-15, 0.0, 2.0616260276506983e-06, 0.0, 1.8042327458139156e-06, 3.061105871463278e-08, 0.0, 2.9068330456723006e-14, 8.152546328460594e-07, 1.1920936507438497e-07, 1.155891539024233e-06, 5.244415835996413e-07, 0.0, 1.0, 0.0, 0.0, 2.8060725941338575e-06, 5.3890226121284623e-08, 1.2649484059333017e-06, 4.709666878707745e-14, 1.3389710165778121e-06, 2.5607657177121842e-08, 0.0, 6.34409375655859e-08, 4.752436272804803e-18, 5.41358415328176e-08, 2.655987683901028e-13, 0.0, 9.980955136958503e-08, 1.130918619692938e-06, 5.960464477555326e-08, 0.0, 0.0, 0.0, 0.0, 0.0, 0.0, 1.1309186196929379e-06, 1.7976911162506228e-06, 8.311150334514703e-14, 2.5843531150806843e-07, 5.000756123354638e-08, 1.6263032587282564e-19, 4.887222214501046e-07, 7.121354485829221e-15, 2.280761102410723e-06, 2.7707876518769108e-06, 1.7242982842436267e-12, 0.0, 1.6963779295394074e-06, 1.1309207536893244e-06, 0.0, 7.166030522991095e-07, 2.2737367544323206e-13, 1.4035837093826036e-06, 0.0, 5.421010862427521e-20, 0.0, 2.980232238769531e-08, 0.0, 3.5667127768797422e-06, 0.0, 0.0, 4.067751956186747e-07, 1.818989403545857e-12, 3.7697287323426736e-07, 0.0, 0.0, 4.194484539734478e-06, 1.9794504172114417e-12, 0.0, 0.0, 1.7881393432859873e-07, 0.0, 3.4513490923755262e-06, 1.8189894035458565e-12, 3.774049223443198e-14, 0.0, 3.7697287323097933e-07, 8.31114830163563e-14, 1.6205125699406692e-06, 3.037218536060895e-06, 0.0], [0.0, 0.0, 0.0, 0.0, 0.0, 0.0, 0.0, 0.0, 0.0, 0.0, 0.0, 0.0, 0.0, 0.0, 0.0, 1.0, 0.0, 0.0, 0.0, 0.0, 0.0, 0.0, 0.0, 0.0, 0.0, 0.0, 0.0, 0.0, 0.0, 0.0, 0.0, 0.0, 0.0, 0.0, 0.0, 0.0, 0.0, 0.0, 0.0, 0.0, 0.0, 0.0, 0.0, 0.0, 0.0, 0.0, 0.0, 0.0, 0.0, 0.0, 0.0, 0.0, 0.0, 0.0, 0.0, 0.0, 0.0, 0.0, 0.0, 0.0, 0.0, 0.0, 0.0, 0.0, 0.0, 0.0, 0.0, 0.0, 0.0, 0.0, 0.0, 0.0, 0.0, 0.0, 0.0, 0.0, 0.0, 0.0, 0.0, 0.0, 0.0, 0.0, 0.0, 0.0], [0.0, 0.0, 0.0, 3.145061512886693e-05, 0.0, 1.4060239251181984e-05, 8.03834831662657e-06, 0.0, 0.0, 3.2168351849043574e-05, 7.596647594894956e-06, 0.0, 0.0, 0.0, 0.0, 0.0, 1.0, 3.2795014086721176e-05, 0.0, 4.745093154721493e-06, 0.0, 0.0, 0.0, 0.0, 4.496219030524863e-05, 0.0, 0.0, 0.0, 0.0, 2.4890504907785134e-05, 0.0, 0.0, 0.0, 3.737624729588589e-05, 0.0, 0.0, 0.0, 4.049093457054306e-05, 2.4917498197257268e-05, 2.5210029441970316e-05, 0.0, 0.0, 0.0, 0.0, 3.418652548896509e-05, 0.0, 9.016008791169264e-06, 3.165392164033801e-05, 0.0, 0.0, 2.491749819725726e-05, 0.0, 0.0, 1.1387989656849861e-05, 0.0, 1.0556064392637261e-05, 0.0, 0.0, 0.0, 3.73762472958859e-05, 0.0, 3.3375966350335436e-05, 0.0, 0.0, 3.73762472958859e-05, 0.0, 0.0, 0.0, 0.0, 2.778118946837033e-05, 0.0, 0.0, 0.0, 0.0, 0.0, 4.2390002790565514e-05, 0.0, 0.0, 0.0, 1.9229920587542857e-05, 3.73762472958859e-05, 2.4917498197257264e-05, 5.077108991263938e-05, 0.0], [0.0, 9.921082865789874e-15, 0.0027450249719796864, 0.6937387319639176, 0.0, 0.0007037849540346484, 0.593808907788194, 1.0985310476245539e-09, 2.1014594854417597e-14, 0.4958676433713622, 0.04425967678290582, 0.26546027362918445, 1.2856293968763144e-06, 0.0007531541867965808, 2.8060725941338575e-06, 0.0, 3.2795014086721176e-05, 1.0, 1.2996792287992178e-07, 0.6997294813018196, 0.009550938995326465, 1.6592942441853457e-06, 6.972819230054524e-07, 0.0, 0.008158410959388959, 1.131828351373173e-16, 7.632766356655133e-08, 0.404556114894167, 6.057334515452089e-05, 0.8617050844900329, 2.890842576108738e-06, 0.15629880166716276, 0.0020553499264955653, 0.12345747153869233, 0.0, 0.06421249891962329, 0.07965060138095356, 6.414157528743407e-05, 0.00023722896170793337, 0.428802101380208, 0.0020573744741053755, 0.2920043358993232, 7.616631722951176e-07, 3.1745933716438294e-13, 0.2052068584330906, 6.354337451117013e-07, 0.5812235092040678, 0.01075573313366334, 5.22940298518841e-12, 0.0687528527491326, 0.027241147056455896, 0.0013261658597142224, 1.8698051057659102e-21, 0.1975522832438627, 2.0114651691287297e-13, 0.20436251111119513, 0.0, 0.0029325734408536057, 0.0, 9.912475265173024e-05, 1.010596340921176e-15, 0.5015576104690801, 0.0, 1.133170746072911e-06, 0.003437788924901061, 6.155268932033605e-12, 1.031994724714171e-06, 0.30352226745335215, 4.379448489647602e-06, 0.37159402437679084, 0.015233974161594041, 0.0, 2.2691998522812864e-21, 8.450148651195676e-07, 0.0, 0.38425368470337457, 6.516144710062763e-11, 0.09089110693210552, 2.574045148593062e-21, 0.00010243641247445392, 0.000825525846936626, 0.0001524990479688438, 0.25460398812590457, 0.0], [0.0, 1.7158783320194922e-14, 0.0, 1.214185416745981e-07, 0.0, 0.0, 4.1604243546490836e-08, 3.5797866748259415e-10, 1.644470082665786e-14, 3.414650919273066e-08, 4.85475273807853e-10, 6.739876281441046e-08, 1.2520117538313795e-07, 0.0, 5.3890226121284623e-08, 0.0, 0.0, 1.2996792287992178e-07, 1.0, 3.545202470094108e-08, 5.417719637864418e-14, 3.577739295659961e-08, 3.1186309103583356e-08, 0.0, 2.3690352701321465e-08, 0.0, 5.2003170571011976e-08, 1.0191725735694027e-12, 0.0, 1.062521092736448e-07, 8.731149137020111e-11, 2.996149181412261e-08, 2.3349214702845834e-09, 5.2939559203393765e-23, 0.0, 0.0, 1.4029620307161742e-09, 0.0, 0.0, 1.2154761785098725e-07, 1.3800298968214103e-13, 1.2930688427665648e-07, 5.561198699842849e-08, 1.3708379430991168e-14, 1.2814020965721652e-07, 3.2644457601435985e-09, 3.4805920058011455e-08, 8.273754141628604e-17, 0.0, 0.0, 0.0, 1.1091574489648927e-16, 5.606620826476666e-22, 1.6573107888340537e-07, 2.2737367544323206e-13, 5.120414620968617e-08, 0.0, 1.4016792685069304e-09, 0.0, 1.2992826156005368e-07, 8.470329472543005e-22, 8.030184170478614e-08, 0.0, 1.2883864355812776e-21, 3.119297680562898e-08, 3.539823598538291e-12, 0.0, 8.470329472543003e-22, 0.0, 6.82967424508168e-08, 2.388008840301648e-18, 0.0, 7.264632329578049e-22, 0.0, 0.0, 7.855398019902403e-08, 7.450575939347723e-11, 3.299874430212177e-11, 1.3805926413342204e-21, 0.0, 1.380029897086108e-13, 1.472726841783956e-07, 1.4874730797835157e-07, 0.0], [0.0, 1.047734319137862e-14, 0.0021167761089806187, 0.47141663147937496, 0.0, 0.0005173611408801501, 0.37760972575028906, 8.390138116114283e-10, 2.3267536498852652e-14, 0.2530122668421929, 0.0625173949596084, 0.1575525233413315, 1.8610662144982528e-06, 0.0008471949387067471, 1.2649484059333017e-06, 0.0, 4.745093154721493e-06, 0.6997294813018196, 3.545202470094108e-08, 1.0, 0.004289177968650727, 4.290662893833036e-07, 5.071961227226962e-07, 0.0, 0.008664478618223358, 7.234100618740667e-17, 1.0391403273402639e-07, 0.6297168165631899, 0.00018342361179578417, 0.5429388220130766, 1.3938193713177004e-06, 0.11815007299860361, 0.00345406328833901, 0.1021268242367679, 0.0, 0.125, 0.07941076079704097, 6.313923779588242e-05, 0.00018423292539812406, 0.6218216759949551, 0.0020554398949993056, 0.3160854741655269, 7.425503100893887e-07, 1.4695408106994456e-13, 0.18687925616672849, 3.0164420190996796e-07, 0.364596985300505, 0.01170227180293672, 4.1431055996409366e-12, 0.03960191380976326, 0.004057906029432776, 0.0017073785758616922, 4.430559331252675e-22, 0.20571910700162344, 2.809744043646178e-13, 0.28621288277741797, 0.0, 0.006408555876045699, 0.0, 0.00025183958031641646, 1.183932152290509e-15, 0.675031443129477, 0.0, 7.337664623057285e-07, 0.0032256051332333283, 6.221875609485489e-12, 3.1426075185858255e-06, 0.24523516764923942, 8.111743394904344e-06, 0.2644262096207837, 0.10631197005590626, 0.0, 4.237551231726057e-22, 7.650723649289172e-07, 0.0, 0.388895845524536, 2.5305049088366883e-11, 0.07618429521597167, 1.845156260891613e-21, 0.00011747064274606996, 0.00036916499771984257, 0.00029447727594711696, 0.5679210857634409, 0.0], [0.0, 5.725538078420428e-18, 0.0, 0.013494563156738203, 0.0, 9.637663891599873e-07, 0.007895174259998616, 0.0, 0.0, 0.01263693766314582, 1.425798695582418e-14, 0.02087602906748716, 7.396924730724011e-07, 0.0, 4.709666878707745e-14, 0.0, 0.0, 0.009550938995326465, 5.417719637864418e-14, 0.004289177968650727, 1.0, 7.145003205142386e-17, 0.0, 0.0, 0.00276049515352125, 3.0297659407723154e-19, 1.4210854715202004e-14, 0.006020490183984197, 0.0, 0.0038412914061991686, 9.836399519527365e-08, 2.710505431213761e-20, 0.0, 0.0, 0.0, 0.0, 0.0, 0.0, 0.0, 0.010369274173681498, 4.263256414560601e-14, 0.0023465761346539897, 5.960464477539062e-08, 8.131516293641283e-20, 0.013780957722562548, 1.8695841880821138e-17, 0.008620505067904818, 0.011771437406547859, 0.0, 0.0, 0.0008057978486396824, 3.435322847052257e-17, 0.0, 0.012394551384081859, 0.0, 0.010189253095024355, 0.0, 0.002177290669661305, 0.0, 6.93889390390723e-18, 8.470329472543003e-22, 0.004546070779569579, 0.0, 1.3484187919537288e-07, 5.901839711716424e-07, 0.0, 0.0, 3.3881317890172014e-21, 0.0, 0.008230760921240275, 0.0, 0.0, 0.0, 0.0, 0.0, 0.007135004596419513, 0.0, 0.007191285326446628, 2.2352452288268327e-21, 1.8689159087102006e-06, 4.263256414560601e-14, 5.901839836814709e-07, 0.007877893095169118, 0.0], [0.0, 4.2270474856990905e-16, 0.0, 1.6999353964120905e-06, 0.0, 3.5899470733048185e-06, 1.1794681814551483e-07, 0.0, 9.626331889155117e-16, 1.1071303863225367e-06, 1.1014495820041558e-15, 1.6328020664179614e-06, 7.283824046901061e-09, 0.0, 1.3389710165778121e-06, 0.0, 0.0, 1.6592942441853457e-06, 3.577739295659961e-08, 4.290662893833036e-07, 7.145003205142386e-17, 1.0, 1.1647491106788662e-08, 0.0, 1.0498031747040297e-15, 1.6823103466849623e-16, 3.5777393684914844e-08, 5.409968657747523e-16, 0.0, 3.1171623628517916e-06, 3.7852700022886043e-06, 0.0, 0.0, 0.0, 0.0, 0.0, 0.0, 0.0, 3.7852700022886043e-06, 3.225434410642636e-06, 0.0, 4.5502103264953695e-08, 2.2318463109625172e-08, 8.881784197001252e-16, 1.1044133060756853e-06, 7.805428391002253e-17, 1.7671300211361906e-06, 7.211389204303376e-07, 0.0, 0.0, 3.541059034621061e-06, 3.7852700023398603e-06, 3.7057691442375635e-22, 1.2624431559483253e-06, 0.0, 3.7947825068392563e-06, 0.0, 0.0, 0.0, 3.5777392874543045e-08, 1.5331482614273446e-15, 1.345124185061593e-07, 0.0, 3.252201254546578e-23, 1.2165036463425084e-06, 0.0, 1.0989493555053106e-06, 0.0, 0.0, 1.1347267492270877e-06, 1.3531077216326176e-17, 0.0, 0.0, 1.01808698036478e-18, 0.0, 1.7803758792706035e-06, 0.0, 1.8390166938479427e-15, 0.0, 1.098949355503143e-06, 3.252201254546577e-23, 3.4661076483127427e-06, 3.2761183029905623e-07, 0.0], [0.0, 0.0, 0.0, 9.939791487795065e-07, 0.0, 0.0, 9.283252761820321e-07, 0.0, 0.0, 2.795693420150737e-07, 0.0, 2.430868076445453e-07, 2.422696341970235e-07, 0.0, 2.5607657177121842e-08, 0.0, 0.0, 6.972819230054524e-07, 3.1186309103583356e-08, 5.071961227226962e-07, 0.0, 1.1647491106788662e-08, 1.0, 0.0, 2.3841857910156247e-07, 0.0, 3.1174539172148324e-08, 2.0022688318068133e-22, 0.0, 6.367393770171159e-07, 0.0, 0.0, 0.0, 5.293955920339377e-23, 0.0, 0.0, 0.0, 0.0, 0.0, 1.029530265895272e-06, 0.0, 9.658218277025414e-07, 1.0679016822835504e-06, 0.0, 2.794885935382176e-07, 5.240914094443406e-07, 2.3841857910156276e-07, 0.0, 0.0, 0.0, 0.0, 0.0, 5.2939559203393765e-23, 3.697428040860998e-07, 0.0, 6.509999749422424e-07, 0.0, 0.0, 0.0, 3.117453917214838e-08, 0.0, 5.036484509062921e-07, 0.0, 4.235164736271502e-22, 4.098334852158099e-07, 0.0, 0.0, 0.0, 0.0, 4.463674223129622e-07, 2.4543008667341407e-22, 0.0, 3.3664998841846914e-22, 2.3841857910156247e-07, 0.0, 1.8527711669065814e-07, 5.443068416854389e-11, 3.637978807091712e-12, 0.0, 0.0, 0.0, 8.537340322468392e-07, 2.2745824528346687e-07, 0.0], [0.0, 0.0, 0.0, 0.0, 0.0, 0.0, 0.0, 0.0, 0.0, 0.0, 0.0, 0.0, 0.0, 0.0, 0.0, 0.0, 0.0, 0.0, 0.0, 0.0, 0.0, 0.0, 0.0, 1.0, 0.0, 0.0, 0.0, 0.0, 0.0, 0.0, 0.0, 0.0, 0.0, 0.0, 0.0, 0.0, 0.0, 0.0, 0.0, 0.0, 0.0, 0.0, 0.0, 0.0, 0.0, 0.0, 0.0, 0.0, 0.0, 0.0, 0.0, 0.0, 0.0, 0.0, 0.0, 0.0, 0.0, 0.0, 0.0, 0.0, 0.0, 0.0, 0.0, 0.0, 0.0, 0.0, 0.0, 0.0, 0.0, 0.0, 0.0, 0.0, 0.0, 0.0, 0.0, 0.0, 0.0, 0.0, 0.0, 0.0, 0.0, 0.0, 0.0, 0.0], [0.0, 8.115427928017207e-17, 0.0, 0.003330533191291638, 0.0, 5.3582986279259736e-05, 0.00043983238013941016, 8.651008054316676e-10, 9.746061256790384e-16, 0.007109639092926601, 1.5439220880061277e-05, 0.003438533298625649, 4.84938460951843e-07, 0.0, 6.34409375655859e-08, 0.0, 4.496219030524863e-05, 0.008158410959388959, 2.3690352701321465e-08, 0.008664478618223358, 0.00276049515352125, 1.0498031747040297e-15, 2.3841857910156247e-07, 0.0, 1.0, 4.174016081974904e-16, 2.4439244016424237e-08, 0.001065849021257893, 0.0, 0.006602737125956087, 0.0, 1.1459688948189486e-05, 0.0006983204442317156, 3.0517578125e-05, 0.0, 0.0, 1.583248376846313e-08, 4.0677383418778474e-05, 1.5258789062499998e-05, 0.0063724326923719245, 0.0, 0.005496090485291006, 2.3841857910156247e-07, 8.191944760012302e-16, 0.00384977688288431, 5.280255706416443e-07, 0.007059709089929266, 0.006055402448954571, 0.0, 0.0, 2.8610229492421552e-05, 0.001065849021257542, 0.0, 0.003700658283372193, 0.0, 0.005370783882356819, 0.0, 0.007313071984370607, 0.0, 1.527845227231183e-05, 4.921532265265976e-16, 0.0054975939656033875, 0.0, 0.0, 0.003919133901304541, 0.0, 0.0, 0.0, 2.287438264209226e-05, 0.007985872783400962, 0.0006983148759963206, 0.0, 0.0, 1.4048098724281941e-06, 0.0, 0.0005279715403048639, 0.0, 0.004538643755495295, 0.0, 5.2337214704134755e-06, 6.103515624999999e-05, 2.7065636669163783e-05, 0.00553813184096028, 0.0], [0.0, 6.798699777552591e-17, 0.0, 1.9213757386197081e-16, 0.0, 0.0, 0.0, 0.0, 4.4191548554091844e-16, 2.1744861360310218e-16, 1.4219451042838517e-16, 3.443523668826885e-16, 0.0, 0.0, 4.752436272804803e-18, 0.0, 0.0, 1.131828351373173e-16, 0.0, 7.234100618740667e-17, 3.0297659407723154e-19, 1.6823103466849623e-16, 0.0, 0.0, 4.174016081974904e-16, 1.0, 0.0, 4.577782228637354e-18, 0.0, 4.2697640705279277e-16, 0.0, 1.0842021724855044e-19, 0.0, 0.0, 0.0, 0.0, 0.0, 0.0, 0.0, 1.4433170749000726e-16, 0.0, 1.733673550115073e-18, 0.0, 2.192950910705651e-19, 2.0879860315700622e-16, 0.0, 3.399538234062131e-18, 1.8901617094429248e-18, 0.0, 0.0, 0.0, 0.0, 0.0, 1.426813930083177e-16, 0.0, 1.678588478019144e-16, 0.0, 8.786310755706822e-20, 0.0, 0.0, 2.0354088784794536e-16, 2.945275242678273e-16, 0.0, 0.0, 0.0, 0.0, 5.13914469322222e-18, 0.0, 0.0, 2.8376854472414115e-16, 0.0, 0.0, 0.0, 4.033172390766249e-18, 0.0, 3.8295282334468226e-16, 0.0, 2.504151749919142e-18, 0.0, 0.0, 0.0, 6.291152246147971e-18, 3.434422559695694e-16, 0.0], [0.0, 3.787285554514038e-15, 0.0, 1.2455414593602042e-07, 0.0, 0.0, 4.9297720586178443e-08, 2.211891114711761e-09, 6.040514386803737e-15, 1.0476476011312546e-07, 1.0781150038964054e-09, 1.0253552824272978e-07, 1.0451666060234783e-07, 0.0, 5.41358415328176e-08, 0.0, 0.0, 7.632766356655133e-08, 5.2003170571011976e-08, 1.0391403273402639e-07, 1.4210854715202004e-14, 3.5777393684914844e-08, 3.1174539172148324e-08, 0.0, 2.4439244016424237e-08, 0.0, 1.0, 6.823921561662713e-14, 0.0, 8.140422777630637e-08, 0.0, 4.858401047111818e-08, 4.6566128730773915e-10, 0.0, 0.0, 0.0, 4.656612873077392e-09, 0.0, 0.0, 1.3406006136238598e-07, 1.4210854715202e-14, 9.302542950830963e-08, 7.387540795862972e-08, 2.2204460492503136e-16, 5.985315384836165e-08, 9.31327605238259e-10, 4.2672069641047053e-08, 0.0, 0.0, 0.0, 1.1102230246251563e-15, 0.0, 0.0, 1.1153795509131358e-07, 0.0, 5.475938402295096e-08, 0.0, 9.313225746154783e-10, 0.0, 4.814089769548332e-08, 1.763504851118831e-15, 1.6946844268137025e-07, 0.0, 0.0, 3.073364496231079e-08, 0.0, 0.0, 0.0, 0.0, 2.0816706262299096e-07, 0.0, 0.0, 0.0, 0.0, 0.0, 1.8526384851232522e-07, 0.0, 1.571817132596434e-14, 0.0, 0.0, 1.4210854715202002e-14, 7.113379974340166e-08, 7.614114984255543e-08, 0.0], [0.0, 2.6091087173829917e-14, 0.0, 0.4044591249659382, 0.0, 0.0, 0.22438595560314953, 0.0, 2.272970816220438e-14, 0.2579329810210815, 0.06250000000001794, 0.31384437060720727, 3.97589820864307e-21, 0.0, 2.655987683901028e-13, 0.0, 0.0, 0.404556114894167, 1.0191725735694027e-12, 0.6297168165631899, 0.006020490183984197, 5.409968657747523e-16, 2.0022688318068133e-22, 0.0, 0.001065849021257893, 4.577782228637354e-18, 6.823921561662713e-14, 1.0, 0.0, 0.23094798653342252, 0.0, 0.1346664032364516, 0.0009765624999999999, 0.0625, 0.0, 0.09375, 0.10076869785221235, 0.0, 0.0, 0.6426811549249454, 1.4210854715202e-14, 0.48083656555952187, 0.0, 1.510142183458279e-13, 0.2182635740968808, 1.199194614005725e-13, 0.3906291397460513, 0.007679505692282788, 0.0, 0.12499999999999997, 0.0113106176218861, 0.000976562500000109, 1.2212916967274503e-21, 0.28897036268834375, 2.2737367544323206e-13, 0.3188742534483466, 0.0, 9.48502829280691e-22, 0.0, 3.471350519402512e-18, 1.1536015981510678e-15, 0.5661493909410131, 0.0, 3.5662634264203044e-21, 0.0009765624999999998, 0.0, 6.867917928988166e-18, 0.261452129363791, 0.0, 0.367741033452767, 0.15678568671637572, 0.0, 1.0464517632736214e-21, 6.872430041239805e-18, 0.0, 0.25977902182943036, 0.0, 0.018382650010972626, 1.737694361679894e-21, 0.0, 1.4210854778340146e-14, 7.050578329648847e-13, 0.7318273646349005, 0.0], [0.0, 0.0, 0.0, 0.00046041398224637133, 0.0, 0.00015759209579294502, 0.0, 0.0, 0.0, 7.822770216210956e-06, 0.0, 0.0, 0.0, 0.0, 0.0, 0.0, 0.0, 6.057334515452089e-05, 0.0, 0.00018342361179578417, 0.0, 0.0, 0.0, 0.0, 0.0, 0.0, 0.0, 0.0, 1.0, 0.00019933998557805814, 0.0, 0.0, 0.0001220703125, 0.0, 0.0, 0.0, 0.0, 0.0, 0.0, 0.000169697412894665, 9.236816324991674e-05, 0.0, 0.0, 0.0, 0.0, 0.0, 0.0, 0.0001386625571892248, 0.0, 0.0, 0.00018310546875000003, 6.251800777973436e-05, 0.0, 0.0, 0.0, 7.863770350556245e-05, 0.0, 0.0, 0.0, 0.0, 0.0, 0.00010798971398063755, 0.0, 0.0, 0.0, 0.0, 0.0, 0.0, 0.0, 0.00012207031250000003, 0.00012207031249999999, 0.0, 0.0, 0.0, 0.0, 0.00014054655741893132, 0.0, 0.0, 0.0, 0.0, 0.0, 0.0001220703125, 6.792238781270357e-05, 0.0], [0.0, 1.3528796910725393e-14, 0.0013925049343094915, 0.7352309974093507, 0.0, 0.000845018724231583, 0.5314974443156963, 1.1558435044669477e-09, 1.4764016827197085e-14, 0.45843336356227316, 0.06250844198670596, 0.3118965141653779, 1.425665028761981e-06, 0.0008544921875000001, 9.980955136958503e-08, 0.0, 2.4890504907785134e-05, 0.8617050844900329, 1.062521092736448e-07, 0.5429388220130766, 0.0038412914061991686, 3.1171623628517916e-06, 6.367393770171159e-07, 0.0, 0.006602737125956087, 4.2697640705279277e-16, 8.140422777630637e-08, 0.23094798653342252, 0.00019933998557805814, 1.0, 4.8225498800300016e-06, 0.14722387609846274, 0.0025870973762632064, 0.07814182999444066, 0.0, 0.09652069087198861, 0.10565306227166461, 4.074269798127592e-05, 0.0004470918711765178, 0.22825785295252443, 0.0015715311609646142, 0.26189431698970006, 7.032004179056769e-07, 2.7666483950026547e-14, 0.34404354766052225, 5.5732973574302164e-08, 0.5813605463537401, 0.010375943114174049, 1.7242982842436267e-12, 0.09217155446197431, 0.02584481144699706, 0.0019817396296569543, 1.3204708760865247e-21, 0.2776758077699092, 2.5357927502444575e-13, 0.18146260370614148, 0.0, 0.005157716886418982, 0.0, 0.00019998830619893517, 1.0493111304185553e-15, 0.393095142173328, 0.0, 1.792911330646391e-06, 0.005820897427877895, 3.76357087161468e-12, 8.548696520649019e-18, 0.10151568632263558, 6.520891956266604e-06, 0.41609457323547466, 0.0339468051086685, 0.0, 1.284474693731427e-21, 7.896317559983663e-07, 0.0, 0.40497868612308996, 8.823756518257787e-11, 0.08075468780318806, 9.924957714717424e-22, 9.111320138716829e-05, 0.001004459969173778, 0.00035822206469496835, 0.25544275288205986, 0.0], [0.0, 0.0, 0.0, 2.3586098296220662e-06, 0.0, 4.192373711901346e-06, 3.4924596548080444e-10, 5.82076609134674e-11, 0.0, 9.756525574915694e-07, 0.0, 3.2933804755515215e-06, 5.494746777515715e-07, 0.0, 1.130918619692938e-06, 0.0, 0.0, 2.890842576108738e-06, 8.731149137020111e-11, 1.3938193713177004e-06, 9.836399519527365e-08, 3.7852700022886043e-06, 0.0, 0.0, 0.0, 0.0, 0.0, 0.0, 0.0, 4.8225498800300016e-06, 1.0, 0.0, 2.3283064365386963e-10, 0.0, 0.0, 0.0, 0.0, 0.0, 3.814697265625e-06, 3.769085061026674e-06, 0.0, 4.769241516960198e-07, 0.0, 0.0, 1.6000506046651315e-06, 0.0, 2.264197041284065e-06, 1.116309431066375e-06, 0.0, 0.0, 3.337860107421875e-06, 3.814697265625e-06, 0.0, 1.553584738997117e-06, 0.0, 4.1921996864007865e-06, 0.0, 0.0, 0.0, 0.0, 0.0, 6.104704330721989e-07, 0.0, 1.9041698928119679e-06, 1.4307734090834856e-06, 0.0, 9.536743164062498e-07, 0.0, 0.0, 1.5503431032444583e-06, 0.0, 0.0, 0.0, 0.0, 0.0, 2.0217321367258583e-06, 5.030590921797835e-11, 1.1641532182693479e-10, 0.0, 1.430511474609375e-06, 0.0, 4.024013567621076e-06, 1.6649688771782685e-06, 0.0], [0.0, 0.0, 0.0022839057307350993, 0.03668747915182047, 0.0, 0.00024632201275564527, 0.40058455335080195, 0.0, 0.0, 0.43511673639644327, 7.629394531249998e-06, 0.1490971648818818, 3.447136170706146e-08, 0.0003307807307350992, 5.960464477555326e-08, 0.0, 0.0, 0.15629880166716276, 2.996149181412261e-08, 0.11815007299860361, 2.710505431213761e-20, 0.0, 0.0, 0.0, 1.1459688948189486e-05, 1.0842021724855044e-19, 4.858401047111818e-08, 0.1346664032364516, 0.0, 0.14722387609846274, 0.0, 1.0, 0.0012320608797964838, 0.015628814697265625, 0.0, 0.0, 0.06250000093132257, 2.0768574635974744e-05, 0.0004961710961026488, 0.10930855557091698, 0.0007179247869780318, 0.19253854190325995, 1.977350719860306e-08, 1.0842021724855044e-19, 0.5099150025765388, 3.5546825812419045e-09, 0.12688871118414152, 0.00040368811205629456, 0.0, 0.015625, 3.814697265625e-06, 0.0004882812499999999, 0.0, 0.5125960986771761, 0.0, 0.30173732977636514, 0.0, 0.0003815335281164536, 0.0, 8.381903171539307e-09, 0.0, 0.15311806518951288, 0.0, 0.0, 0.0005187997594475745, 0.0, 0.0, 0.19229668982536, 3.45382343300573e-05, 0.4176614252294889, 0.17852374527080297, 0.0, 0.0, 0.0, 0.0, 0.41083371876828273, 0.0, 0.016820921534092367, 0.0, 0.0, 6.0018074595996284e-05, 1.1459924280643504e-05, 0.20349206798230512, 0.0], [0.0, 0.0, 0.0007813696523431546, 0.0021934442593478007, 0.0, 0.0002930884023431547, 0.004221344830704714, 7.13880200491865e-10, 0.0, 0.0019384536309294189, 4.542415263643542e-10, 0.0032929084274744788, 0.0, 0.0002930884023431548, 0.0, 0.0, 0.0, 0.0020553499264955653, 2.3349214702845834e-09, 0.00345406328833901, 0.0, 0.0, 0.0, 0.0, 0.0006983204442317156, 0.0, 4.6566128730773915e-10, 0.0009765624999999999, 0.0001220703125, 0.0025870973762632064, 2.3283064365386963e-10, 0.0012320608797964838, 1.0, 0.0, 0.0, 0.0, 0.0, 0.0, 0.0002930884023431547, 0.002534988054469043, 0.0014476038648781548, 0.0009765700375740898, 0.0, 0.0, 0.0030597004543388377, 1.8626451492309568e-09, 0.0006416533526236944, 0.002503631848372741, 0.0, 0.0, 0.00042724609374999995, 0.0016367682713942693, 0.0, 0.0023835275460509318, 0.0, 0.002142373263953694, 0.0, 0.0005228409659767971, 0.0, 4.6566128730773915e-10, 0.0, 0.0007841705957217276, 0.0, 0.0, 0.0029296878492459655, 0.0, 0.0, 0.0, 0.0, 0.0024712494819870362, 0.004974376074487312, 0.0, 0.0, 0.0, 0.0, 0.0036693512577618704, 0.0, 0.0024740209669757065, 0.0, 0.0, 0.00030767872940068577, 0.00048828