"{\"names\": [\"172.217.10.1\", \"104.88.86.240\", \"38.93.140.48\", \"192.168.10.15\", \"104.88.108.223\", \"195.142.105.15\", \"172.217.12.163\", \"206.217.206.48\", \"172.217.6.228\", \"178.255.83.1\", \"74.119.118.82\", \"192.168.10.9\", \"172.217.7.6\", \"35.186.227.40\", \"31.13.71.36\", \"206.126.112.142\", \"151.101.2.49\", \"192.168.10.25\", \"172.217.3.98\", \"192.168.10.16\", \"72.30.202.150\", \"172.217.12.132\", \"50.31.164.173\", \"162.208.20.178\", \"23.15.4.16\", \"216.58.217.99\", \"172.217.6.198\", \"172.217.12.174\", \"169.46.44.40\", \"192.168.10.17\", \"52.84.143.130\", \"104.19.195.102\", \"216.200.232.61\", \"104.97.73.166\", \"152.163.13.79\", \"192.229.163.25\", \"74.119.118.86\", \"54.225.188.92\", \"188.165.145.88\", \"192.168.10.14\", \"8.43.72.98\", \"199.96.57.6\", \"68.67.178.110\", \"104.88.70.158\", \"192.168.10.19\", \"69.172.216.56\", \"157.240.18.35\", \"172.217.11.34\", \"185.54.150.20\", \"69.169.85.7\", \"198.232.124.194\", \"74.119.118.72\", \"172.217.12.134\", \"192.168.10.5\", \"23.111.9.30\", \"192.168.10.8\", \"151.101.66.2\", \"68.67.178.199\", \"213.239.195.215\", \"138.108.7.20\", \"52.84.145.87\", \"192.168.10.50\", \"52.84.145.198\", \"52.40.24.51\", \"212.77.100.137\", \"185.54.150.115\", \"172.217.10.138\", \"152.163.66.165\", \"52.84.137.78\", \"192.168.10.51\", \"68.67.178.109\", \"129.146.14.96\", \"54.152.24.232\", \"172.217.10.33\", \"52.8.229.108\", \"192.168.10.12\", \"64.147.131.201\", \"172.217.12.206\", \"68.67.180.12\", \"172.217.10.134\", \"38.69.238.16\", \"172.217.10.142\", \"192.168.10.3\", \"172.217.6.202\"], \"funcEdges\": [[1.0, 0.0, 0.0, 0.0, 0.0, 0.0, 0.0, 0.0, 0.0, 0.0, 0.0, 0.0, 0.0, 0.0, 0.0, 0.0, 0.0, 0.0, 0.0, 0.0, 0.0, 0.0, 0.0, 0.0, 0.0, 0.0, 0.0, 0.0, 0.0, 0.0, 0.0, 0.0, 0.0, 0.0, 0.0, 0.0, 0.0, 0.0, 0.0, 0.0, 0.0, 0.0, 0.0, 0.0, 0.0, 0.0, 0.0, 0.0, 0.0, 0.0, 0.0, 0.0, 0.0, 0.0, 0.0, 0.0, 0.0, 0.0, 0.0, 0.0, 0.0, 0.0, 0.0, 0.0, 0.0, 0.0, 0.0, 0.0, 0.0, 0.0, 0.0, 0.0, 0.0, 0.0, 0.0, 0.0, 0.0, 0.0, 0.0, 0.0, 0.0, 0.0, 0.0, 0.0], [0.0, 1.0, 0.0, 0.0016139413066715781, 0.0, 0.0, 0.0, 0.0, 0.001042225462771131, 0.001802976639822211, 0.0002551700041112441, 0.0009205521484651135, 0.0, 0.0, 0.0006668135402371118, 0.0, 0.0, 0.0006817716231915755, 0.0011791426111901998, 0.0007199975416950311, 3.934559807810947e-07, 2.9048049135546594e-05, 0.0, 0.0, 5.576879607020631e-06, 4.672030911985737e-06, 0.0002602602815560163, 0.001792965858058953, 0.0, 0.0009296918445726623, 0.0, 0.0, 0.0, 0.0, 0.0, 0.0, 0.0, 0.0, 0.0, 0.0009197655218498847, 0.0, 6.78199868124876e-05, 0.0, 0.0, 0.001494457153419809, 0.0009654909580211088, 2.360735884686569e-06, 7.21188318933403e-06, 0.0, 0.0, 6.103515625e-05, 1.9073486328125e-06, 0.0, 0.0017730414565822806, 0.0, 0.0011829041950388707, 0.0, 0.0, 0.0, 0.0, 1.2458749098628629e-05, 0.001283386231441015, 0.0, 0.0, 0.0, 0.0, 0.0, 0.0, 0.0, 0.0011659512850220452, 0.0, 0.0, 0.0, 0.0, 0.0, 0.0006654627547576294, 0.0, 0.0010526040282492904, 0.0, 0.0, 0.0, 2.244943577910895e-05, 0.002103951907030827, 0.0], [0.0, 0.0, 1.0, 0.0, 0.0, 0.0, 0.0, 0.0, 0.0, 0.0, 0.0, 0.0, 0.0, 0.0, 0.0, 0.0, 0.0, 0.0, 0.0, 0.0, 0.0, 0.0, 0.0, 0.0, 0.0, 0.0, 0.0, 0.0, 0.0, 0.0, 0.0, 0.0, 0.0, 0.0, 0.0, 0.0, 0.0, 0.0, 0.0, 0.0, 0.0, 0.0, 0.0, 0.0, 0.0, 0.0, 0.0, 0.0, 0.0, 0.0, 0.0, 0.0, 0.0, 0.0, 0.0, 0.0, 0.0, 0.0, 0.0, 0.0, 0.0, 0.0, 0.0, 0.0, 0.0, 0.0, 0.0, 0.0, 0.0, 0.0, 0.0, 0.0, 0.0, 0.0, 0.0, 0.0, 0.0, 0.0, 0.0, 0.0, 0.0, 0.0, 0.0, 0.0], [0.0, 0.0016139413066715781, 0.0, 1.0, 0.0, 0.0, 0.5612649219506329, 0.0, 0.0024957370158533304, 0.2927674428889484, 0.0076238573894140535, 0.2501357975449249, 1.1407374753321567e-10, 0.0, 0.1624414432188871, 0.0, 0.0, 0.6260561654550553, 0.12870873758034446, 0.5740425726548041, 0.003749381879278666, 8.352736297427957e-05, 1.861703137805846e-11, 0.0, 1.5160854768490779e-05, 1.3203593537119185e-05, 0.004629126612264688, 0.042023320449914636, 0.0, 0.448100354469399, 0.0, 4.963387326826979e-09, 0.0, 1.5518913188909447e-10, 0.0, 0.0, 0.0804195332273404, 0.0, 0.0, 0.8148449310354442, 0.0024815252388425057, 0.4826000750893591, 0.0, 0.008435752410728335, 0.33298863424334185, 0.03068998562466659, 4.2980531134693546e-06, 6.003073501154151e-06, 0.49865751911793627, 0.0, 3.8145757124565653e-05, 0.49493946937771466, 1.1258595826275341e-10, 0.43044523289158637, 0.0254149838065566, 0.23021638249423926, 0.0, 6.042783556446838e-09, 0.0, 2.0018083280686454e-06, 0.00015829082157393768, 0.7247530224250373, 0.0, 2.0881086017568952e-10, 0.0, 0.5624999999999999, 4.723177592524191e-07, 3.443312773810447e-11, 0.0, 0.38113625970211285, 0.49876528262259284, 0.0, 1.623399365645046e-10, 4.7417673583520703e-07, 0.0, 0.6430802092814364, 0.5801275141020232, 0.0029553239900906923, 3.385203424781459e-11, 0.0, 0.0024815210044726492, 0.6419912695299008, 0.5803094445888501, 0.0], [0.0, 0.0, 0.0, 0.0, 1.0, 0.0, 0.0, 0.0, 0.0, 0.0, 0.0, 0.0, 0.0, 0.0, 0.0, 0.0, 0.0, 0.0, 0.0, 0.0, 0.0, 0.0, 0.0, 0.0, 0.0, 0.0, 0.0, 0.0, 0.0, 0.0, 0.0, 0.0, 0.0, 0.0, 0.0, 0.0, 0.0, 0.0, 0.0, 0.0, 0.0, 0.0, 0.0, 0.0, 0.0, 0.0, 0.0, 0.0, 0.0, 0.0, 0.0, 0.0, 0.0, 0.0, 0.0, 0.0, 0.0, 0.0, 0.0, 0.0, 0.0, 0.0, 0.0, 0.0, 0.0, 0.0, 0.0, 0.0, 0.0, 0.0, 0.0, 0.0, 0.0, 0.0, 0.0, 0.0, 0.0, 0.0, 0.0, 0.0, 0.0, 0.0, 0.0, 0.0], [0.0, 0.0, 0.0, 0.0, 0.0, 1.0, 0.0, 0.0, 0.0, 0.0, 0.0, 0.0, 0.0, 0.0, 0.0, 0.0, 0.0, 0.0, 0.0, 0.0, 0.0, 0.0, 0.0, 0.0, 0.0, 0.0, 0.0, 0.0, 0.0, 0.0, 0.0, 0.0, 0.0, 0.0, 0.0, 0.0, 0.0, 0.0, 0.0, 0.0, 0.0, 0.0, 0.0, 0.0, 0.0, 0.0, 0.0, 0.0, 0.0, 0.0, 0.0, 0.0, 0.0, 0.0, 0.0, 0.0, 0.0, 0.0, 0.0, 0.0, 0.0, 0.0, 0.0, 0.0, 0.0, 0.0, 0.0, 0.0, 0.0, 0.0, 0.0, 0.0, 0.0, 0.0, 0.0, 0.0, 0.0, 0.0, 0.0, 0.0, 0.0, 0.0, 0.0, 0.0], [0.0, 0.0, 0.0, 0.5612649219506329, 0.0, 0.0, 1.0, 0.0, 0.0, 0.30857706485992736, 0.0, 0.22205593080804886, 0.0, 0.0, 0.09068453126375145, 0.0, 0.0, 0.4404440878176811, 0.24325482542929588, 0.4230650518688701, 0.0, 0.0, 0.0, 0.0, 0.0, 0.0, 0.0, 0.0, 0.0, 0.22431515221996365, 0.0, 0.0, 0.0, 0.0, 0.0, 0.0, 0.0965034398728085, 0.0, 0.0, 0.5589334372364203, 0.0, 0.5005939135502608, 0.0, 0.0, 0.062499999999999986, 0.0, 0.0, 0.0, 0.49787348516018815, 0.0, 0.0, 0.4920491208150361, 0.0, 0.3634752326986675, 0.0, 0.22735180059382729, 0.0, 0.0, 0.0, 0.0, 0.0, 0.5276293732988159, 0.0, 0.0, 0.0, 0.7487649219506329, 0.0, 0.0, 0.0, 0.4040078317251159, 0.4967105263157895, 0.0, 0.0, 0.0, 0.0, 0.619097302024804, 0.6189561931036679, 0.0, 0.0, 0.0, 0.0, 0.6693220007263674, 0.5948231988096615, 0.0], [0.0, 0.0, 0.0, 0.0, 0.0, 0.0, 0.0, 1.0, 0.0, 0.0, 0.0, 0.0, 0.0, 0.0, 0.0, 0.0, 0.0, 0.0, 0.0, 0.0, 0.0, 0.0, 0.0, 0.0, 0.0, 0.0, 0.0, 0.0, 0.0, 0.0, 0.0, 0.0, 0.0, 0.0, 0.0, 0.0, 0.0, 0.0, 0.0, 0.0, 0.0, 0.0, 0.0, 0.0, 0.0, 0.0, 0.0, 0.0, 0.0, 0.0, 0.0, 0.0, 0.0, 0.0, 0.0, 0.0, 0.0, 0.0, 0.0, 0.0, 0.0, 0.0, 0.0, 0.0, 0.0, 0.0, 0.0, 0.0, 0.0, 0.0, 0.0, 0.0, 0.0, 0.0, 0.0, 0.0, 0.0, 0.0, 0.0, 0.0, 0.0, 0.0, 0.0, 0.0], [0.0, 0.001042225462771131, 0.0, 0.0024957370158533304, 0.0, 0.0, 0.0, 0.0, 1.0, 0.001374176517955078, 0.0002788944826848952, 0.0019145649873714447, 0.0, 0.0, 0.001997560458575137, 0.0, 0.0, 0.0014441119622146154, 0.0011300712358879948, 0.0015989329331369357, 0.0, 6.6151649030981e-05, 0.0, 0.0, 6.697442298036377e-05, 3.036820092790729e-05, 0.0004151009878774327, 0.0015619736512686732, 0.0, 0.0010145755108864826, 0.0, 0.0, 0.0, 0.0, 0.0, 0.0, 0.0, 0.0, 0.0, 0.0019329411473358736, 0.0, 6.103515625e-05, 0.0, 2.634133930885785e-05, 0.0016570479405565233, 0.00039000075041660895, 0.0, 0.0, 0.0, 0.0, 7.332778126080033e-05, 0.0, 0.0, 0.00047819453803269184, 0.0, 0.002099022491238307, 0.0, 0.0, 0.0, 0.0, 4.237199168815682e-05, 0.001288321241392073, 0.0, 0.0, 0.0, 0.0, 0.0, 0.0, 0.0, 0.0016544263620636537, 0.0, 0.0, 0.0, 0.0, 0.0, 0.0025576302417501286, 0.0, 0.0007410661085202074, 0.0, 0.0, 0.0, 0.0, 0.0012003296276696857, 0.0], [0.0, 0.001802976639822211, 0.0, 0.2927674428889484, 0.0, 0.0, 0.30857706485992736, 0.0, 0.001374176517955078, 1.0, 0.009553808917543585, 0.7584015983050492, 1.2182975608811776e-10, 0.0, 0.2821309817620863, 0.0, 0.0, 0.530374123341991, 0.2347009603765792, 0.702480615456615, 0.004901342535581152, 7.8638451193836e-05, 4.293159532413678e-11, 0.0, 4.31670351595859e-05, 1.4942954943773834e-05, 0.0018626986125702852, 0.09684735485068767, 0.0, 0.3558775224987596, 0.0, 4.277793611967633e-09, 0.0, 7.35014315928017e-11, 0.0, 0.0, 0.2263525983344358, 0.0, 0.0, 0.3879447480852849, 0.006487837549428001, 0.36322740437199913, 0.0, 1.5263089008678845e-05, 0.13343694907173112, 0.0003109510958058057, 2.081460473034265e-06, 1.2146573782510264e-05, 0.1959712780864448, 0.0, 0.00025896717891971935, 0.237049301811521, 5.967840332473176e-11, 0.4220251177686347, 0.0006567677370456228, 0.4604945741915997, 0.0, 1.5001489998112437e-08, 0.0, 9.71630984850627e-07, 0.00012078916342868256, 0.4789127719066434, 0.0, 2.0730766066391584e-10, 0.0, 0.29075282417848414, 2.7237342684997605e-07, 5.313608150319644e-11, 0.0, 0.46544760050696565, 0.2198803695705026, 0.0, 4.849647375686156e-11, 1.5159074653658897e-07, 0.0, 0.39201730229314347, 0.4223747891997931, 0.004926865393045352, 1.072281537409692e-10, 0.0, 0.006487835868845332, 0.4520734164764032, 0.5205624522567838, 0.0], [0.0, 0.0002551700041112441, 0.0, 0.0076238573894140535, 0.0, 0.0, 0.0, 0.0, 0.0002788944826848952, 0.009553808917543585, 1.0, 0.010638704730095155, 0.0, 0.0, 0.005189942527830317, 0.0, 0.0, 0.007603882848170481, 0.002991058429867494, 0.007539307023362942, 0.0009798014029129512, 7.569103892641151e-05, 0.0, 0.0, 6.873660018708367e-05, 9.771532351370324e-06, 0.0010528564453124998, 0.0012326561018542186, 0.0, 0.0027720204776566218, 0.0, 0.0, 0.0, 0.0, 0.0, 0.0, 0.0, 0.0, 0.0, 0.005854377812382499, 0.0009765625, 6.172117863419793e-05, 0.0, 6.103515625e-05, 0.005008778338230222, 6.39108592794677e-05, 2.1682629087629367e-06, 1.2885779138407641e-06, 0.0, 0.0, 7.62939453125e-05, 6.54215183801685e-07, 0.0, 0.002794442038984447, 0.0, 0.017087340930374097, 0.0, 0.0, 0.0, 2.3841857910156247e-07, 2.6404839793837057e-05, 0.010640097551070558, 0.0, 0.0, 0.0, 0.0, 1.7604116409005251e-07, 0.0, 0.0, 0.008915546198027957, 9.298485459803461e-07, 0.0, 0.0, 2.1922299319289638e-07, 0.0, 0.007479516747434042, 0.0, 0.00013406405800971336, 0.0, 0.0, 0.0009765625000000002, 3.0845864535925978e-06, 0.006428211612642256, 0.0], [0.0, 0.0009205521484651135, 0.0, 0.2501357975449249, 0.0, 0.0, 0.22205593080804886, 0.0, 0.0019145649873714447, 0.7584015983050492, 0.010638704730095155, 1.0, 1.6882409971045332e-10, 0.0, 0.2310694323878596, 0.0, 0.0, 0.5690276521713139, 0.18992683478857775, 0.6097213762740513, 0.008351326372856026, 0.00012672303853486388, 4.59828727304396e-11, 0.0, 3.3738591514019814e-05, 2.366371446498145e-05, 0.00445774746018238, 0.142609589924615, 0.0, 0.40284688719819056, 0.0, 5.352948057610356e-09, 0.0, 1.734786564259403e-10, 0.0, 0.0, 0.2251746930365532, 0.0, 0.0, 0.22152480188772233, 0.002913979639049766, 0.3189084370097329, 0.0, 0.01454795456613766, 0.20532074863692137, 0.0016686782891570683, 3.2689464028922795e-06, 7.675685624073558e-06, 0.14442932244369136, 0.0, 0.00012323606381867255, 0.17658176426483552, 1.1588579124693446e-10, 0.4246945752017791, 0.03937848171137879, 0.6968854843984075, 0.0, 1.4092298673025803e-08, 0.0, 1.5411860429556253e-06, 7.321270641003204e-05, 0.46729929701829975, 0.0, 3.063200104160691e-10, 0.0, 0.20467869762865645, 3.4611441876301787e-07, 1.980508808727281e-10, 0.0, 0.5225133526325939, 0.15955686038197123, 0.0, 1.2827493754136804e-10, 2.3591405659926485e-07, 0.0, 0.4335668988431529, 0.34472324716432645, 0.013631916878424803, 2.2212598637488441e-10, 0.0, 0.002913979176325414, 0.39372219280465137, 0.5061727889562436, 0.0], [0.0, 0.0, 0.0, 1.1407374753321567e-10, 0.0, 0.0, 0.0, 0.0, 0.0, 1.2182975608811776e-10, 0.0, 1.6882409971045332e-10, 1.0, 0.0, 0.0, 0.0, 0.0, 1.6473252711355168e-10, 8.731149137020111e-11, 1.1815925801330965e-10, 5.820766091346742e-11, 0.0, 0.0, 0.0, 0.0, 0.0, 0.0, 2.732216444535515e-10, 0.0, 7.748944959147976e-11, 0.0, 0.0, 0.0, 0.0, 0.0, 0.0, 0.0, 0.0, 0.0, 7.876920379772122e-11, 0.0, 0.0, 0.0, 0.0, 1.7081980509701096e-10, 0.0, 1.1641532182693481e-10, 0.0, 0.0, 0.0, 0.0, 0.0, 1.1641532182693481e-10, 1.7815854907059634e-10, 0.0, 9.46212941815126e-11, 0.0, 6.534873966451402e-11, 0.0, 2.9103830456733697e-11, 5.8207660913467394e-11, 2.0479913798531952e-10, 0.0, 5.820766091346741e-11, 0.0, 0.0, 0.0, 5.82076609134674e-11, 0.0, 1.0887469276603007e-10, 0.0, 0.0, 1.1641532182693481e-10, 0.0, 0.0, 9.921808602888441e-11, 0.0, 5.82076609134674e-11, 1.3101592919255868e-10, 0.0, 0.0, 0.0, 2.1963423905111177e-10, 0.0], [0.0, 0.0, 0.0, 0.0, 0.0, 0.0, 0.0, 0.0, 0.0, 0.0, 0.0, 0.0, 0.0, 1.0, 0.0, 0.0, 0.0, 0.0, 0.0, 0.0, 0.0, 0.0, 0.0, 0.0, 0.0, 0.0, 0.0, 0.0, 0.0, 0.0, 0.0, 0.0, 0.0, 0.0, 0.0, 0.0, 0.0, 0.0, 0.0, 0.0, 0.0, 0.0, 0.0, 0.0, 0.0, 0.0, 0.0, 0.0, 0.0, 0.0, 0.0, 0.0, 0.0, 0.0, 0.0, 0.0, 0.0, 0.0, 0.0, 0.0, 0.0, 0.0, 0.0, 0.0, 0.0, 0.0, 0.0, 0.0, 0.0, 0.0, 0.0, 0.0, 0.0, 0.0, 0.0, 0.0, 0.0, 0.0, 0.0, 0.0, 0.0, 0.0, 0.0, 0.0], [0.0, 0.0006668135402371118, 0.0, 0.1624414432188871, 0.0, 0.0, 0.09068453126375145, 0.0, 0.001997560458575137, 0.2821309817620863, 0.005189942527830317, 0.2310694323878596, 0.0, 0.0, 1.0, 0.0, 0.0, 0.22733175766754476, 0.06567676064039073, 0.20267932848671605, 0.0032364584350566663, 1.4754599279291057e-07, 0.0, 0.0, 0.0, 3.265849338883322e-07, 0.0017050582592429196, 0.018251808385493923, 0.0, 0.533135422376384, 0.0, 1.1175870895385742e-08, 0.0, 0.0, 0.0, 0.0, 0.0, 0.0, 0.0, 0.2119822771006651, 0.0057113790206208175, 0.15753151690373168, 0.0, 1.117587089538574e-08, 0.03326276930626364, 0.0004893757539177504, 3.112211875284011e-08, 7.255470484845084e-08, 0.11849287583000462, 0.0, 0.0, 0.14664711502135325, 0.0, 0.23493965307882775, 0.015625, 0.4126828086921248, 0.0, 3.7252902984619132e-09, 0.0, 0.0, 0.0, 0.20963264466193937, 0.0, 0.0, 0.0, 0.12500000000000003, 2.2594680347625172e-07, 0.0, 0.0, 0.08504183617806092, 0.13602679689562716, 0.0, 0.0, 1.667714198338114e-07, 0.0, 0.07316356764943872, 0.125, 0.002593506878109237, 0.0, 0.0, 0.0057113776236369556, 0.0058443155697506365, 0.2782191305634112, 0.0], [0.0, 0.0, 0.0, 0.0, 0.0, 0.0, 0.0, 0.0, 0.0, 0.0, 0.0, 0.0, 0.0, 0.0, 0.0, 1.0, 0.0, 0.0, 0.0, 0.0, 0.0, 0.0, 0.0, 0.0, 0.0, 0.0, 0.0, 0.0, 0.0, 0.0, 0.0, 0.0, 0.0, 0.0, 0.0, 0.0, 0.0, 0.0, 0.0, 0.0, 0.0, 0.0, 0.0, 0.0, 0.0, 0.0, 0.0, 0.0, 0.0, 0.0, 0.0, 0.0, 0.0, 0.0, 0.0, 0.0, 0.0, 0.0, 0.0, 0.0, 0.0, 0.0, 0.0, 0.0, 0.0, 0.0, 0.0, 0.0, 0.0, 0.0, 0.0, 0.0, 0.0, 0.0, 0.0, 0.0, 0.0, 0.0, 0.0, 0.0, 0.0, 0.0, 0.0, 0.0], [0.0, 0.0, 0.0, 0.0, 0.0, 0.0, 0.0, 0.0, 0.0, 0.0, 0.0, 0.0, 0.0, 0.0, 0.0, 0.0, 1.0, 0.0, 0.0, 0.0, 0.0, 0.0, 0.0, 0.0, 0.0, 0.0, 0.0, 0.0, 0.0, 0.0, 0.0, 0.0, 0.0, 0.0, 0.0, 0.0, 0.0, 0.0, 0.0, 0.0, 0.0, 0.0, 0.0, 0.0, 0.0, 0.0, 0.0, 0.0, 0.0, 0.0, 0.0, 0.0, 0.0, 0.0, 0.0, 0.0, 0.0, 0.0, 0.0, 0.0, 0.0, 0.0, 0.0, 0.0, 0.0, 0.0, 0.0, 0.0, 0.0, 0.0, 0.0, 0.0, 0.0, 0.0, 0.0, 0.0, 0.0, 0.0, 0.0, 0.0, 0.0, 0.0, 0.0, 0.0], [0.0, 0.0006817716231915755, 0.0, 0.6260561654550553, 0.0, 0.0, 0.4404440878176811, 0.0, 0.0014441119622146154, 0.530374123341991, 0.007603882848170481, 0.5690276521713139, 1.6473252711355168e-10, 0.0, 0.22733175766754476, 0.0, 0.0, 1.0, 0.2610025707350954, 0.48149908136226477, 0.001213032413851954, 9.701688477233391e-05, 4.1296788487797735e-11, 0.0, 2.4170737289922312e-05, 7.777865206133399e-06, 0.004933857469863312, 0.10494277692210782, 0.0, 0.4803640219283738, 0.0, 6.153288535763146e-09, 0.0, 2.2330499135014937e-10, 0.0, 0.0, 0.03205029297942495, 0.0, 0.0, 0.615757019330064, 0.007185135448330023, 0.46614591390371984, 0.0, 0.021815639534893794, 0.3303615223328632, 0.004834340731222755, 3.5181093846105473e-06, 7.78020760222543e-06, 0.3593618367838239, 0.0, 0.00011075956496113029, 0.3492013424646519, 1.284920284665345e-10, 0.4673400254848372, 0.013822683389521605, 0.6221149516487248, 0.0, 3.695920357317642e-09, 0.0, 7.598355703785681e-07, 6.944765173941947e-05, 0.6754345270215592, 0.0, 3.6531641320882133e-10, 0.0, 0.4229868601787069, 2.9232738608680295e-07, 1.6180424695052095e-10, 0.0, 0.17338773316797731, 0.34961149609872527, 0.0, 1.559382264581785e-10, 2.3753022107365017e-07, 0.0, 0.5001144722239487, 0.4035115982542519, 0.03261238948811966, 1.768870357061546e-10, 0.0, 0.007185133518357137, 0.5619609665688556, 0.43822098031947854, 0.0], [0.0, 0.0011791426111901998, 0.0, 0.12870873758034446, 0.0, 0.0, 0.24325482542929588, 0.0, 0.0011300712358879948, 0.2347009603765792, 0.002991058429867494, 0.18992683478857775, 8.731149137020111e-11, 0.0, 0.06567676064039073, 0.0, 0.0, 0.2610025707350954, 1.0, 0.25265228609274043, 0.0037230285861639422, 6.352771018355611e-06, 2.269447631092337e-11, 0.0, 0.0, 0.0, 0.0018697812995655619, 0.07003700595937182, 0.0, 0.23869496031831502, 0.0, 0.0, 0.0, 3.6379788070917125e-12, 0.0, 0.0, 0.08815074786130475, 0.0, 0.0, 0.15463525785350424, 0.009483493238960338, 0.004973834002130764, 0.0, 0.0009420326613962585, 0.16971286560307658, 0.008338586691691859, 3.747708374340039e-06, 5.685680552550305e-06, 0.0, 0.0, 0.0, 7.622071951070405e-06, 3.8528404945263635e-11, 0.11582541240385055, 0.015625, 0.2792980262612006, 0.0, 6.534873966451405e-11, 0.0, 1.149902315013677e-06, 5.820766091346742e-11, 0.22504064359158743, 0.0, 8.853724168690557e-11, 0.0, 0.24325482542929588, 0.0, 5.820766091346741e-11, 0.0, 0.29169186013712517, 1.6410271794647144e-07, 0.0, 4.9922173236803225e-11, 0.0, 0.0, 0.1397202452391113, 0.15274896552467168, 0.01765644138686928, 9.487360389805975e-11, 0.0, 0.009483493240779328, 0.33421100133555914, 0.2744677541000967, 0.0], [0.0, 0.0007199975416950311, 0.0, 0.5740425726548041, 0.0, 0.0, 0.4230650518688701, 0.0, 0.0015989329331369357, 0.702480615456615, 0.007539307023362942, 0.6097213762740513, 1.1815925801330965e-10, 0.0, 0.20267932848671605, 0.0, 0.0, 0.48149908136226477, 0.25265228609274043, 1.0, 0.004051016216369425, 0.00017305277310604742, 1.9294278439270648e-11, 0.0, 2.9277286065705586e-05, 4.971236091754325e-06, 0.002344954183431793, 0.05066899429937744, 0.0, 0.27900697883535736, 0.0, 3.844295838071282e-09, 0.0, 5.137795735550697e-11, 0.0, 0.0, 0.10656873752608959, 0.0, 0.0, 0.6078377679863058, 0.004885444876168685, 0.3517854873852555, 0.0, 0.010098607555346313, 0.20292702460008766, 0.006325691461834754, 7.512466242292608e-06, 1.3625910849395673e-05, 0.28471204886931667, 0.0, 1.2986794170859318e-05, 0.3421798548132867, 3.044657188914859e-11, 0.5417114264178853, 0.01930841404414581, 0.3139034907623097, 0.0, 3.798958594871053e-09, 0.0, 1.8862361626481908e-06, 8.135919799633004e-05, 0.5570415044109636, 0.0, 1.8612476892082628e-10, 0.0, 0.4275640362003239, 1.1146177092444048e-07, 4.109887235245554e-11, 0.0, 0.5600313072839384, 0.31739627464091513, 0.0, 2.9120230328620694e-11, 1.3964048933746383e-07, 0.0, 0.368531000025116, 0.5329611466986396, 0.012630418662273286, 1.2679817274462594e-10, 0.0, 0.004885441977714207, 0.5393812640598958, 0.5613918078975099, 0.0], [0.0, 3.934559807810947e-07, 0.0, 0.003749381879278666, 0.0, 0.0, 0.0, 0.0, 0.0, 0.004901342535581152, 0.0009798014029129512, 0.008351326372856026, 5.820766091346742e-11, 0.0, 0.0032364584350566663, 0.0, 0.0, 0.001213032413851954, 0.0037230285861639422, 0.004051016216369425, 1.0, 4.9100088153442764e-06, 0.0, 0.0, 0.0, 2.082039300824283e-08, 0.0009765625, 0.0009776660139303348, 0.0, 0.009726363258560019, 0.0, 1.862645149230957e-09, 0.0, 0.0, 0.0, 0.0, 0.0, 0.0, 0.0, 0.006567742290652092, 0.0029296875, 2.8394356880389256e-06, 0.0, 5.587935447692871e-09, 0.007634421521231142, 1.2847684711890226e-06, 9.130924306017286e-06, 3.820558547286229e-06, 0.0, 0.0, 0.0, 2.3607358846865687e-06, 0.0, 0.004412729622904508, 0.0, 0.005415808178105137, 0.0, 3.7906390381264276e-09, 0.0, 4.768371582031251e-07, 5.820766091346741e-11, 0.0027843161577642346, 0.0, 5.820766091346742e-11, 0.0, 0.0, 0.0, 2.3283064365386963e-10, 0.0, 0.0018688932926167936, 0.0, 0.0, 0.0, 0.0, 0.0, 0.00661878889750222, 0.0, 0.0019618662750384426, 1.5360488250162053e-10, 0.0, 0.0029296875, 0.0008596688812965143, 0.003752095613427454, 0.0], [0.0, 2.9048049135546594e-05, 0.0, 8.352736297427957e-05, 0.0, 0.0, 0.0, 0.0, 6.6151649030981e-05, 7.8638451193836e-05, 7.569103892641151e-05, 0.00012672303853486388, 0.0, 0.0, 1.4754599279291057e-07, 0.0, 0.0, 9.701688477233391e-05, 6.352771018355611e-06, 0.00017305277310604742, 4.9100088153442764e-06, 1.0, 0.0, 0.0, 7.214192484145251e-05, 1.1560748673174936e-05, 5.6402212393824614e-05, 3.7177021531857006e-05, 0.0, 0.0001148615376012228, 0.0, 0.0, 0.0, 0.0, 0.0, 0.0, 0.0, 0.0, 0.0, 4.297221649811038e-05, 0.0, 1.181598682262312e-05, 0.0, 6.103515625e-05, 0.00011987370919752075, 5.363849547299932e-06, 5.86369943756184e-06, 7.870873427045693e-06, 0.0, 0.0, 1.5258789062500003e-05, 3.522307439537956e-06, 2.5465851649641987e-11, 7.63183744330208e-05, 0.0, 0.00014434147170575655, 0.0, 0.0, 0.0, 7.138866929685417e-07, 0.00010535714628399525, 6.813317639766788e-05, 0.0, 2.2348956845260357e-12, 0.0, 0.0, 1.489479772804212e-07, 0.0, 0.0, 5.9084299792634916e-05, 9.298485459803463e-07, 0.0, 0.0, 6.996240456240199e-08, 0.0, 6.523410387818811e-05, 0.0, 0.00012637626490999933, 0.0, 0.0, 2.2348956845260353e-12, 1.9977109349389954e-05, 0.00012000654645293108, 0.0], [0.0, 0.0, 0.0, 1.861703137805846e-11, 0.0, 0.0, 0.0, 0.0, 0.0, 4.293159532413678e-11, 0.0, 4.59828727304396e-11, 0.0, 0.0, 0.0, 0.0, 0.0, 4.1296788487797735e-11, 2.269447631092337e-11, 1.9294278439270648e-11, 0.0, 0.0, 1.0, 0.0, 0.0, 0.0, 0.0, 1.375948664065662e-11, 0.0, 5.118366284125547e-12, 0.0, 0.0, 0.0, 3.637978807091713e-12, 0.0, 0.0, 0.0, 0.0, 0.0, 8.134767913360663e-12, 0.0, 1.8189894035458565e-11, 0.0, 0.0, 1.713637914462435e-12, 5.693750908827721e-12, 1.899854483520717e-11, 0.0, 0.0, 0.0, 0.0, 0.0, 3.6379788070917125e-12, 5.820766091346739e-11, 0.0, 0.0, 0.0, 0.0, 0.0, 3.637978807091713e-12, 0.0, 3.982246980522657e-11, 0.0, 2.9103830456733704e-11, 0.0, 0.0, 0.0, 0.0, 0.0, 1.1346671769250055e-11, 1.6865827131468142e-11, 0.0, 2.313441104729766e-11, 0.0, 0.0, 7.157402314342348e-11, 0.0, 0.0, 0.0, 0.0, 0.0, 0.0, 4.2346033116593e-11, 0.0], [0.0, 0.0, 0.0, 0.0, 0.0, 0.0, 0.0, 0.0, 0.0, 0.0, 0.0, 0.0, 0.0, 0.0, 0.0, 0.0, 0.0, 0.0, 0.0, 0.0, 0.0, 0.0, 0.0, 1.0, 0.0, 0.0, 0.0, 0.0, 0.0, 0.0, 0.0, 0.0, 0.0, 0.0, 0.0, 0.0, 0.0, 0.0, 0.0, 0.0, 0.0, 0.0, 0.0, 0.0, 0.0, 0.0, 0.0, 0.0, 0.0, 0.0, 0.0, 0.0, 0.0, 0.0, 0.0, 0.0, 0.0, 0.0, 0.0, 0.0, 0.0, 0.0, 0.0, 0.0, 0.0, 0.0, 0.0, 0.0, 0.0, 0.0, 0.0, 0.0, 0.0, 0.0, 0.0, 0.0, 0.0, 0.0, 0.0, 0.0, 0.0, 0.0, 0.0, 0.0], [0.0, 5.576879607020631e-06, 0.0, 1.5160854768490779e-05, 0.0, 0.0, 0.0, 0.0, 6.697442298036377e-05, 4.31670351595859e-05, 6.873660018708367e-05, 3.3738591514019814e-05, 0.0, 0.0, 0.0, 0.0, 0.0, 2.4170737289922312e-05, 0.0, 2.9277286065705586e-05, 0.0, 7.214192484145251e-05, 0.0, 0.0, 1.0, 2.8683620104096428e-05, 2.4126263886782677e-05, 2.4126500304620878e-05, 0.0, 8.399123046216518e-05, 0.0, 0.0, 0.0, 0.0, 0.0, 0.0, 0.0, 0.0, 0.0, 2.1146986403316426e-05, 0.0, 0.0, 0.0, 5.629461573582625e-05, 6.80073320116356e-05, 0.0, 0.0, 0.0, 0.0, 0.0, 1.6084175924521787e-05, 0.0, 0.0, 1.5972080284610268e-05, 0.0, 4.980207685682008e-05, 0.0, 0.0, 0.0, 0.0, 3.3820512200841865e-05, 4.737203588322873e-05, 0.0, 0.0, 0.0, 0.0, 0.0, 0.0, 0.0, 2.8412534218241338e-05, 0.0, 0.0, 0.0, 0.0, 0.0, 4.5847163377342196e-05, 0.0, 3.621047075154053e-05, 0.0, 0.0, 0.0, 0.0, 3.8460900826381264e-05, 0.0], [0.0, 4.672030911985737e-06, 0.0, 1.3203593537119185e-05, 0.0, 0.0, 0.0, 0.0, 3.036820092790729e-05, 1.4942954943773834e-05, 9.771532351370324e-06, 2.366371446498145e-05, 0.0, 0.0, 3.265849338883322e-07, 0.0, 0.0, 7.777865206133399e-06, 0.0, 4.971236091754325e-06, 2.082039300824283e-08, 1.1560748673174936e-05, 0.0, 0.0, 2.8683620104096428e-05, 1.0, 0.0, 3.145827993633189e-07, 0.0, 2.934159527128526e-05, 0.0, 7.450580596923828e-09, 0.0, 0.0, 0.0, 0.0, 0.0, 0.0, 0.0, 9.918399415126711e-06, 0.0, 1.191371391949513e-07, 0.0, 1.50698439091427e-08, 1.4348530752157185e-05, 0.0, 2.3361448858877513e-07, 1.2989092361934106e-07, 0.0, 0.0, 0.0, 0.0, 0.0, 9.80499066749516e-06, 0.0, 1.153517218645542e-05, 0.0, 6.0379067757206154e-09, 0.0, 0.0, 1.3987223307291666e-05, 2.0239777352034634e-05, 0.0, 0.0, 0.0, 0.0, 3.531593341888222e-07, 0.0, 0.0, 1.9500425907579193e-05, 0.0, 0.0, 0.0, 2.7715749627953876e-07, 0.0, 2.631631763482041e-05, 0.0, 1.7208399792198216e-07, 0.0, 0.0, 0.0, 4.3232469042179966e-07, 2.3601172119260183e-05, 0.0], [0.0, 0.0002602602815560163, 0.0, 0.004629126612264688, 0.0, 0.0, 0.0, 0.0, 0.0004151009878774327, 0.0018626986125702852, 0.0010528564453124998, 0.00445774746018238, 0.0, 0.0, 0.0017050582592429196, 0.0, 0.0, 0.004933857469863312, 0.0018697812995655619, 0.002344954183431793, 0.0009765625, 5.6402212393824614e-05, 0.0, 0.0, 2.4126263886782677e-05, 0.0, 1.0, 0.004689363190049696, 0.0, 0.0030406068964080124, 0.0, 0.0, 0.0, 0.0, 0.0, 0.0, 0.0, 0.0, 0.0, 0.0015076463562344285, 0.0009765624999999998, 6.103515624999999e-05, 0.0, 1.5258789062500003e-05, 0.0012653851488308248, 0.0003457017651327052, 0.0, 0.0, 0.0, 0.0, 7.629394531249999e-05, 0.0, 0.0, 0.004891001871840249, 0.0, 0.0034449541752307952, 0.0, 0.0, 0.0, 0.0, 0.00012118713059028365, 0.001196859982266627, 0.0, 0.0, 0.0, 0.0, 0.0, 0.0, 0.0, 0.004496294761804177, 0.0, 0.0, 0.0, 0.0, 0.0, 0.001601744789275493, 0.0, 0.0010801445087670687, 0.0, 0.0, 0.0009765624999999999, 0.0, 0.0014202600545778897, 0.0], [0.0, 0.001792965858058953, 0.0, 0.042023320449914636, 0.0, 0.0, 0.0, 0.0, 0.0015619736512686732, 0.09684735485068767, 0.0012326561018542186, 0.142609589924615, 2.732216444535515e-10, 0.0, 0.018251808385493923, 0.0, 0.0, 0.10494277692210782, 0.07003700595937182, 0.05066899429937744, 0.0009776660139303348, 3.7177021531857006e-05, 1.375948664065662e-11, 0.0, 2.4126500304620878e-05, 3.145827993633189e-07, 0.004689363190049696, 1.0, 0.0, 0.10436616100091972, 0.0, 0.0, 0.0, 1.793647043781778e-10, 0.0, 0.0, 0.0, 0.0, 0.0, 0.08266243315928415, 0.0009765624999999998, 8.273193112915878e-05, 0.0, 0.010377618064421345, 0.21094381540901358, 0.008240802637910292, 2.0571828500192444e-06, 5.1767923178338964e-06, 0.0, 0.0, 9.047478419972222e-05, 7.515875814933576e-06, 8.392652634113199e-11, 0.10737371514468766, 0.015625, 0.06492400445101909, 0.0, 6.518061811078462e-11, 0.0, 2.385493912605824e-07, 7.927489818675472e-05, 0.09178108671225295, 0.0, 2.4507175656633776e-10, 0.0, 0.0, 4.7195972634585955e-07, 7.125289088011783e-11, 0.0, 0.09542763929308906, 9.298609219233508e-07, 0.0, 7.19116176016278e-11, 4.722697963387663e-07, 0.0, 0.03796127913588352, 0.0, 0.03323010370562084, 1.1941344726173983e-10, 0.0, 0.00097656250433882, 0.04845120534996497, 0.12694837920748, 0.0], [0.0, 0.0, 0.0, 0.0, 0.0, 0.0, 0.0, 0.0, 0.0, 0.0, 0.0, 0.0, 0.0, 0.0, 0.0, 0.0, 0.0, 0.0, 0.0, 0.0, 0.0, 0.0, 0.0, 0.0, 0.0, 0.0, 0.0, 0.0, 1.0, 0.0, 0.0, 0.0, 0.0, 0.0, 0.0, 0.0, 0.0, 0.0, 0.0, 0.0, 0.0, 0.0, 0.0, 0.0, 0.0, 0.0, 0.0, 0.0, 0.0, 0.0, 0.0, 0.0, 0.0, 0.0, 0.0, 0.0, 0.0, 0.0, 0.0, 0.0, 0.0, 0.0, 0.0, 0.0, 0.0, 0.0, 0.0, 0.0, 0.0, 0.0, 0.0, 0.0, 0.0, 0.0, 0.0, 0.0, 0.0, 0.0, 0.0, 0.0, 0.0, 0.0, 0.0, 0.0], [0.0, 0.0009296918445726623, 0.0, 0.448100354469399, 0.0, 0.0, 0.22431515221996365, 0.0, 0.0010145755108864826, 0.3558775224987596, 0.0027720204776566218, 0.40284688719819056, 7.748944959147976e-11, 0.0, 0.533135422376384, 0.0, 0.0, 0.4803640219283738, 0.23869496031831502, 0.27900697883535736, 0.009726363258560019, 0.0001148615376012228, 5.118366284125547e-12, 0.0, 8.399123046216518e-05, 2.934159527128526e-05, 0.0030406068964080124, 0.10436616100091972, 0.0, 1.0, 0.0, 1.293315772976211e-09, 0.0, 4.845992229713492e-11, 0.0, 0.0, 0.11176372648665367, 0.0, 0.0, 0.22098721570698496, 0.0036509284638283957, 0.19118342259883642, 0.0, 0.0019012263001707667, 0.29656974578660567, 0.0020840537814228372, 5.623910139123039e-06, 5.786153152138154e-06, 0.11849287583000462, 0.0, 0.00025791582649899923, 0.14664731089742203, 9.074206764979347e-11, 0.3278430807751338, 0.017425835090774146, 0.7430006123038979, 0.0, 4.018956927283276e-09, 0.0, 1.2079860632208972e-06, 7.210811181562377e-05, 0.34255244652395656, 0.0, 3.262647953572441e-10, 0.0, 0.25863062095621225, 5.874619516738644e-07, 9.119045296181482e-11, 0.0, 0.24699677538977044, 0.13602684252777772, 0.0, 8.826842883385752e-11, 4.6045345390794383e-07, 0.0, 0.30416982165770784, 0.12618972105168122, 0.03392809193947387, 6.820379007823077e-11, 0.0, 0.003650926707617662, 0.1430074652212237, 0.3057138299202433, 0.0], [0.0, 0.0, 0.0, 0.0, 0.0, 0.0, 0.0, 0.0, 0.0, 0.0, 0.0, 0.0, 0.0, 0.0, 0.0, 0.0, 0.0, 0.0, 0.0, 0.0, 0.0, 0.0, 0.0, 0.0, 0.0, 0.0, 0.0, 0.0, 0.0, 0.0, 1.0, 0.0, 0.0, 0.0, 0.0, 0.0, 0.0, 0.0, 0.0, 0.0, 0.0, 0.0, 0.0, 0.0, 0.0, 0.0, 0.0, 0.0, 0.0, 0.0, 0.0, 0.0, 0.0, 0.0, 0.0, 0.0, 0.0, 0.0, 0.0, 0.0, 0.0, 0.0, 0.0, 0.0, 0.0, 0.0, 0.0, 0.0, 0.0, 0.0, 0.0, 0.0, 0.0, 0.0, 0.0, 0.0, 0.0, 0.0, 0.0, 0.0, 0.0, 0.0, 0.0, 0.0], [0.0, 0.0, 0.0, 4.963387326826979e-09, 0.0, 0.0, 0.0, 0.0, 0.0, 4.277793611967633e-09, 0.0, 5.352948057610356e-09, 0.0, 0.0, 1.1175870895385742e-08, 0.0, 0.0, 6.153288535763146e-09, 0.0, 3.844295838071282e-09, 1.862645149230957e-09, 0.0, 0.0, 0.0, 0.0, 7.450580596923828e-09, 0.0, 0.0, 0.0, 1.293315772976211e-09, 0.0, 1.0, 0.0, 0.0, 0.0, 0.0, 0.0, 0.0, 0.0, 5.7532699901432425e-09, 9.313225746154787e-10, 7.450580596923828e-09, 0.0, 7.450580596923828e-09, 1.7850771218119422e-09, 0.0, 0.0, 3.154653470767477e-09, 0.0, 0.0, 0.0, 0.0, 0.0, 5.215567692792166e-09, 0.0, 2.9004161862627455e-09, 0.0, 0.0, 0.0, 0.0, 0.0, 3.980095038690282e-09, 0.0, 0.0, 0.0, 0.0, 0.0, 0.0, 0.0, 1.627961163558811e-09, 0.0, 0.0, 0.0, 0.0, 0.0, 5.815396316402383e-09, 0.0, 9.313225746154785e-10, 0.0, 0.0, 0.0, 2.919487398103976e-09, 9.448468017604852e-09, 0.0], [0.0, 0.0, 0.0, 0.0, 0.0, 0.0, 0.0, 0.0, 0.0, 0.0, 0.0, 0.0, 0.0, 0.0, 0.0, 0.0, 0.0, 0.0, 0.0, 0.0, 0.0, 0.0, 0.0, 0.0, 0.0, 0.0, 0.0, 0.0, 0.0, 0.0, 0.0, 0.0, 1.0, 0.0, 0.0, 0.0, 0.0, 0.0, 0.0, 0.0, 0.0, 0.0, 0.0, 0.0, 0.0, 0.0, 0.0, 0.0, 0.0, 0.0, 0.0, 0.0, 0.0, 0.0, 0.0, 0.0, 0.0, 0.0, 0.0, 0.0, 0.0, 0.0, 0.0, 0.0, 0.0, 0.0, 0.0, 0.0, 0.0, 0.0, 0.0, 0.0, 0.0, 0.0, 0.0, 0.0, 0.0, 0.0, 0.0, 0.0, 0.0, 0.0, 0.0, 0.0], [0.0, 0.0, 0.0, 1.5518913188909447e-10, 0.0, 0.0, 0.0, 0.0, 0.0, 7.35014315928017e-11, 0.0, 1.734786564259403e-10, 0.0, 0.0, 0.0, 0.0, 0.0, 2.2330499135014937e-10, 3.6379788070917125e-12, 5.137795735550697e-11, 0.0, 0.0, 3.637978807091713e-12, 0.0, 0.0, 0.0, 0.0, 1.793647043781778e-10, 0.0, 4.845992229713492e-11, 0.0, 0.0, 0.0, 1.0, 0.0, 0.0, 0.0, 0.0, 0.0, 1.1783075473471772e-10, 0.0, 3.6379788070917125e-12, 0.0, 0.0, 3.0136038122274476e-10, 3.5920307746966824e-12, 1.4298965794545359e-11, 0.0, 0.0, 0.0, 0.0, 0.0, 3.637978807091713e-12, 2.1588518900224853e-10, 0.0, 0.0, 0.0, 0.0, 0.0, 4.556829725915415e-10, 1.2298405496422647e-10, 1.1077939696499033e-10, 0.0, 4.688385345413397e-10, 0.0, 0.0, 0.0, 0.0, 0.0, 2.3343586872794964e-10, 0.0, 0.0, 0.0, 0.0, 0.0, 1.189268711891113e-10, 0.0, 1.6224621586466529e-10, 0.0, 0.0, 0.0, 0.0, 8.817979505146545e-12, 0.0], [0.0, 0.0, 0.0, 0.0, 0.0, 0.0, 0.0, 0.0, 0.0, 0.0, 0.0, 0.0, 0.0, 0.0, 0.0, 0.0, 0.0, 0.0, 0.0, 0.0, 0.0, 0.0, 0.0, 0.0, 0.0, 0.0, 0.0, 0.0, 0.0, 0.0, 0.0, 0.0, 0.0, 0.0, 1.0, 0.0, 0.0, 0.0, 0.0, 0.0, 0.0, 0.0, 0.0, 0.0, 0.0, 0.0, 0.0, 0.0, 0.0, 0.0, 0.0, 0.0, 0.0, 0.0, 0.0, 0.0, 0.0, 0.0, 0.0, 0.0, 0.0, 0.0, 0.0, 0.0, 0.0, 0.0, 0.0, 0.0, 0.0, 0.0, 0.0, 0.0, 0.0, 0.0, 0.0, 0.0, 0.0, 0.0, 0.0, 0.0, 0.0, 0.0, 0.0, 0.0], [0.0, 0.0, 0.0, 0.0, 0.0, 0.0, 0.0, 0.0, 0.0, 0.0, 0.0, 0.0, 0.0, 0.0, 0.0, 0.0, 0.0, 0.0, 0.0, 0.0, 0.0, 0.0, 0.0, 0.0, 0.0, 0.0, 0.0, 0.0, 0.0, 0.0, 0.0, 0.0, 0.0, 0.0, 0.0, 1.0, 0.0, 0.0, 0.0, 0.0, 0.0, 0.0, 0.0, 0.0, 0.0, 0.0, 0.0, 0.0, 0.0, 0.0, 0.0, 0.0, 0.0, 0.0, 0.0, 0.0, 0.0, 0.0, 0.0, 0.0, 0.0, 0.0, 0.0, 0.0, 0.0, 0.0, 0.0, 0.0, 0.0, 0.0, 0.0, 0.0, 0.0, 0.0, 0.0, 0.0, 0.0, 0.0, 0.0, 0.0, 0.0, 0.0, 0.0, 0.0], [0.0, 0.0, 0.0, 0.0804195332273404, 0.0, 0.0, 0.0965034398728085, 0.0, 0.0, 0.2263525983344358, 0.0, 0.2251746930365532, 0.0, 0.0, 0.0, 0.0, 0.0, 0.03205029297942495, 0.08815074786130475, 0.10656873752608959, 0.0, 0.0, 0.0, 0.0, 0.0, 0.0, 0.0, 0.0, 0.0, 0.11176372648665367, 0.0, 0.0, 0.0, 0.0, 0.0, 0.0, 1.0, 0.0, 0.0, 0.017032308178213183, 0.0, 0.04825171993640426, 0.0, 0.0, 0.0804195332273404, 0.0, 0.0, 0.0, 0.0, 0.0, 0.0, 0.0, 0.0, 0.0, 0.0, 0.05237900108384646, 0.0, 0.0, 0.0, 0.0, 0.0, 0.1461490640957984, 0.0, 0.0, 0.0, 0.0965034398728085, 0.0, 0.0, 0.0, 0.15173205986240573, 0.0, 0.0, 0.0, 0.0, 0.0, 0.13634585887269882, 0.15694274981991177, 0.0, 0.0, 0.0, 0.0, 0.05136650873308063, 0.23036019882847428, 0.0], [0.0, 0.0, 0.0, 0.0, 0.0, 0.0, 0.0, 0.0, 0.0, 0.0, 0.0, 0.0, 0.0, 0.0, 0.0, 0.0, 0.0, 0.0, 0.0, 0.0, 0.0, 0.0, 0.0, 0.0, 0.0, 0.0, 0.0, 0.0, 0.0, 0.0, 0.0, 0.0, 0.0, 0.0, 0.0, 0.0, 0.0, 1.0, 0.0, 0.0, 0.0, 0.0, 0.0, 0.0, 0.0, 0.0, 0.0, 0.0, 0.0, 0.0, 0.0, 0.0, 0.0, 0.0, 0.0, 0.0, 0.0, 0.0, 0.0, 0.0, 0.0, 0.0, 0.0, 0.0, 0.0, 0.0, 0.0, 0.0, 0.0, 0.0, 0.0, 0.0, 0.0, 0.0, 0.0, 0.0, 0.0, 0.0, 0.0, 0.0, 0.0, 0.0, 0.0, 0.0], [0.0, 0.0, 0.0, 0.0, 0.0, 0.0, 0.0, 0.0, 0.0, 0.0, 0.0, 0.0, 0.0, 0.0, 0.0, 0.0, 0.0, 0.0, 0.0, 0.0, 0.0, 0.0, 0.0, 0.0, 0.0, 0.0, 0.0, 0.0, 0.0, 0.0, 0.0, 0.0, 0.0, 0.0, 0.0, 0.0, 0.0, 0.0, 1.0, 0.0, 0.0, 0.0, 0.0, 0.0, 0.0, 0.0, 0.0, 0.0, 0.0, 0.0, 0.0, 0.0, 0.0, 0.0, 0.0, 0.0, 0.0, 0.0, 0.0, 0.0, 0.0, 0.0, 0.0, 0.0, 0.0, 0.0, 0.0, 0.0, 0.0, 0.0, 0.0, 0.0, 0.0, 0.0, 0.0, 0.0, 0.0, 0.0, 0.0, 0.0, 0.0, 0.0, 0.0, 0.0], [0.0, 0.0009197655218498847, 0.0, 0.8148449310354442, 0.0, 0.0, 0.5589334372364203, 0.0, 0.0019329411473358736, 0.3879447480852849, 0.005854377812382499, 0.22152480188772233, 7.876920379772122e-11, 0.0, 0.2119822771006651, 0.0, 0.0, 0.615757019330064, 0.15463525785350424, 0.6078377679863058, 0.006567742290652092, 4.297221649811038e-05, 8.134767913360663e-12, 0.0, 2.1146986403316426e-05, 9.918399415126711e-06, 0.0015076463562344285, 0.08266243315928415, 0.0, 0.22098721570698496, 0.0, 5.7532699901432425e-09, 0.0, 1.1783075473471772e-10, 0.0, 0.0, 0.017032308178213183, 0.0, 0.0, 1.0, 0.0064466761347718, 0.5707400466073145, 0.0, 0.026206717194226046, 0.2770992755483169, 0.002267963952008599, 4.289061018770883e-06, 1.5236756687741201e-05, 0.49865751911793627, 0.0, 0.0002456384931923481, 0.4949379384881702, 3.7918649881268995e-11, 0.4477122981360431, 0.019823054344662732, 0.08175490010804262, 0.0, 5.1782984002717835e-09, 0.0, 2.386326127494573e-07, 3.388895499771441e-05, 0.663402343313217, 0.0, 2.128416330815836e-10, 0.0, 0.5601685152857871, 3.123097142580318e-07, 5.308811096557211e-11, 0.0, 0.33678035717166777, 0.4987652227839861, 0.0, 1.8874924759639866e-11, 2.6665197955660616e-07, 0.0, 0.6296967284521231, 0.6262070864492523, 0.020903249450622587, 9.181177792036205e-11, 0.0, 0.006446674286147886, 0.6179055459429887, 0.5510215482273495, 0.0], [0.0, 0.0, 0.0, 0.0024815252388425057, 0.0, 0.0, 0.0, 0.0, 0.0, 0.006487837549428001, 0.0009765625, 0.002913979639049766, 0.0, 0.0, 0.0057113790206208175, 0.0, 0.0, 0.007185135448330023, 0.009483493238960338, 0.004885444876168685, 0.0029296875, 0.0, 0.0, 0.0, 0.0, 0.0, 0.0009765624999999998, 0.0009765624999999998, 0.0, 0.0036509284638283957, 0.0, 9.313225746154787e-10, 0.0, 0.0, 0.0, 0.0, 0.0, 0.0, 0.0, 0.0064466761347718, 1.0, 0.0, 0.0, 0.0, 0.004309734123302811, 0.0, 0.0, 1.895562953340203e-09, 0.0, 0.0, 0.0, 0.0, 0.0, 0.006222855358325965, 0.0, 0.0013074353244362093, 0.0, 0.0, 0.0, 0.0, 0.0, 0.0011587071715311163, 0.0, 0.0, 0.0, 0.0, 0.0, 0.0, 0.0, 0.0040401864259771185, 0.0, 0.0, 0.0, 0.0, 0.0, 0.0029130119913331606, 0.0, 0.007812501396983862, 0.0, 0.0, 0.01171875, 0.002291362661148495, 0.007491696053608672, 0.0], [0.0, 6.78199868124876e-05, 0.0, 0.4826000750893591, 0.0, 0.0, 0.5005939135502608, 0.0, 6.103515625e-05, 0.36322740437199913, 6.172117863419793e-05, 0.3189084370097329, 0.0, 0.0, 0.15753151690373168, 0.0, 0.0, 0.46614591390371984, 0.004973834002130764, 0.3517854873852555, 2.8394356880389256e-06, 1.181598682262312e-05, 1.8189894035458565e-11, 0.0, 0.0, 1.191371391949513e-07, 6.103515624999999e-05, 8.273193112915878e-05, 0.0, 0.19118342259883642, 0.0, 7.450580596923828e-09, 0.0, 3.6379788070917125e-12, 0.0, 0.0, 0.04825171993640426, 0.0, 0.0, 0.5707400466073145, 0.0, 1.0, 0.0, 7.450580596923828e-09, 0.06251021748303197, 6.367016207718394e-05, 2.837599424422773e-06, 1.190928329049544e-05, 0.42241284929058, 0.0, 0.000244140625, 0.4030011846882416, 3.274180926382541e-11, 0.2539937668091018, 0.0, 0.2561321068215782, 0.0, 0.0, 0.0, 4.76840796181932e-07, 0.0, 0.5427639752388895, 0.0, 6.366462912410499e-11, 0.0, 0.48258402520840293, 0.0, 0.0, 0.0, 0.22660728161407426, 0.4126971649555172, 0.0, 2.313441104729766e-11, 0.0, 0.0, 0.5505739524162867, 0.5402752963614379, 8.981483243104233e-05, 0.0, 0.0, 1.818989403545856e-12, 0.6006935546288106, 0.32851329674198665, 0.0], [0.0, 0.0, 0.0, 0.0, 0.0, 0.0, 0.0, 0.0, 0.0, 0.0, 0.0, 0.0, 0.0, 0.0, 0.0, 0.0, 0.0, 0.0, 0.0, 0.0, 0.0, 0.0, 0.0, 0.0, 0.0, 0.0, 0.0, 0.0, 0.0, 0.0, 0.0, 0.0, 0.0, 0.0, 0.0, 0.0, 0.0, 0.0, 0.0, 0.0, 0.0, 0.0, 1.0, 0.0, 0.0, 0.0, 0.0, 0.0, 0.0, 0.0, 0.0, 0.0, 0.0, 0.0, 0.0, 0.0, 0.0, 0.0, 0.0, 0.0, 0.0, 0.0, 0.0, 0.0, 0.0, 0.0, 0.0, 0.0, 0.0, 0.0, 0.0, 0.0, 0.0, 0.0, 0.0, 0.0, 0.0, 0.0, 0.0, 0.0, 0.0, 0.0, 0.0, 0.0], [0.0, 0.0, 0.0, 0.008435752410728335, 0.0, 0.0, 0.0, 0.0, 2.634133930885785e-05, 1.5263089008678845e-05, 6.103515625e-05, 0.01454795456613766, 0.0, 0.0, 1.117587089538574e-08, 0.0, 0.0, 0.021815639534893794, 0.0009420326613962585, 0.010098607555346313, 5.587935447692871e-09, 6.103515625e-05, 0.0, 0.0, 5.629461573582625e-05, 1.50698439091427e-08, 1.5258789062500003e-05, 0.010377618064421345, 0.0, 0.0019012263001707667, 0.0, 7.450580596923828e-09, 0.0, 0.0, 0.0, 0.0, 0.0, 0.0, 0.0, 0.026206717194226046, 0.0, 7.450580596923828e-09, 0.0, 1.0, 0.01581820664449441, 0.008792304839698414, 0.0, 1.2706308357907183e-08, 0.0, 0.0, 1.5258789062499997e-05, 0.0, 0.0, 0.003482747384257328, 0.0, 0.02402708214936811, 0.0, 3.7252902984619132e-09, 0.0, 0.0, 1.5309098077564084e-05, 0.017005606664941508, 0.0, 0.0, 0.0, 0.0, 0.0, 0.0, 0.0, 0.010366946650794464, 0.0, 0.0, 0.0, 0.0, 0.0, 0.005881403441577182, 0.0, 0.011266843306977449, 0.0, 0.0, 0.0, 5.441775821656439e-09, 0.01259743507411518, 0.0], [0.0, 0.001494457153419809, 0.0, 0.33298863424334185, 0.0, 0.0, 0.062499999999999986, 0.0, 0.0016570479405565233, 0.13343694907173112, 0.005008778338230222, 0.20532074863692137, 1.7081980509701096e-10, 0.0, 0.03326276930626364, 0.0, 0.0, 0.3303615223328632, 0.16971286560307658, 0.20292702460008766, 0.007634421521231142, 0.00011987370919752075, 1.713637914462435e-12, 0.0, 6.80073320116356e-05, 1.4348530752157185e-05, 0.0012653851488308248, 0.21094381540901358, 0.0, 0.29656974578660567, 0.0, 1.7850771218119422e-09, 0.0, 3.0136038122274476e-10, 0.0, 0.0, 0.0804195332273404, 0.0, 0.0, 0.2770992755483169, 0.004309734123302811, 0.06251021748303197, 0.0, 0.01581820664449441, 1.0, 0.008835239150906763, 1.1279946133964714e-06, 1.0567692369337829e-05, 0.0, 0.0, 3.411968959808029e-05, 6.155941241911915e-06, 1.2546294433214886e-10, 0.10079430246726545, 0.025366403440109875, 0.22049566955202216, 0.0, 4.630066198993248e-09, 0.0, 1.077507730318002e-06, 0.00010126815849626966, 0.20886069977151078, 0.0, 3.8932686701600173e-10, 0.0, 0.06249999999999999, 2.6616760038295994e-07, 5.528546138331795e-11, 0.0, 0.1686867802033193, 1.7743697539210785e-07, 0.0, 1.2795887214263032e-10, 1.430785676670039e-07, 0.0, 0.15052496859864353, 0.08012751410202329, 0.03295880664646214, 9.01106638248167e-11, 0.0, 0.004309732887215219, 0.15303289290451855, 0.18002309225430518, 0.0], [0.0, 0.0009654909580211088, 0.0, 0.03068998562466659, 0.0, 0.0, 0.0, 0.0, 0.00039000075041660895, 0.0003109510958058057, 6.39108592794677e-05, 0.0016686782891570683, 0.0, 0.0, 0.0004893757539177504, 0.0, 0.0, 0.004834340731222755, 0.008338586691691859, 0.006325691461834754, 1.2847684711890226e-06, 5.363849547299932e-06, 5.693750908827721e-12, 0.0, 0.0, 0.0, 0.0003457017651327052, 0.008240802637910292, 0.0, 0.0020840537814228372, 0.0, 0.0, 0.0, 3.5920307746966824e-12, 0.0, 0