"{\"names\": [\"172.217.10.1\", \"104.88.86.240\", \"38.93.140.48\", \"192.168.10.15\", \"104.88.108.223\", \"195.142.105.15\", \"172.217.12.163\", \"206.217.206.48\", \"172.217.6.228\", \"178.255.83.1\", \"74.119.118.82\", \"192.168.10.9\", \"172.217.7.6\", \"35.186.227.40\", \"31.13.71.36\", \"206.126.112.142\", \"151.101.2.49\", \"192.168.10.25\", \"172.217.3.98\", \"192.168.10.16\", \"72.30.202.150\", \"172.217.12.132\", \"50.31.164.173\", \"162.208.20.178\", \"23.15.4.16\", \"216.58.217.99\", \"172.217.6.198\", \"172.217.12.174\", \"169.46.44.40\", \"192.168.10.17\", \"52.84.143.130\", \"104.19.195.102\", \"216.200.232.61\", \"104.97.73.166\", \"152.163.13.79\", \"192.229.163.25\", \"74.119.118.86\", \"54.225.188.92\", \"188.165.145.88\", \"192.168.10.14\", \"8.43.72.98\", \"199.96.57.6\", \"68.67.178.110\", \"104.88.70.158\", \"192.168.10.19\", \"69.172.216.56\", \"157.240.18.35\", \"172.217.11.34\", \"185.54.150.20\", \"69.169.85.7\", \"198.232.124.194\", \"74.119.118.72\", \"172.217.12.134\", \"192.168.10.5\", \"23.111.9.30\", \"192.168.10.8\", \"151.101.66.2\", \"68.67.178.199\", \"213.239.195.215\", \"138.108.7.20\", \"52.84.145.87\", \"192.168.10.50\", \"52.84.145.198\", \"52.40.24.51\", \"212.77.100.137\", \"185.54.150.115\", \"172.217.10.138\", \"152.163.66.165\", \"52.84.137.78\", \"192.168.10.51\", \"68.67.178.109\", \"129.146.14.96\", \"54.152.24.232\", \"172.217.10.33\", \"52.8.229.108\", \"192.168.10.12\", \"64.147.131.201\", \"172.217.12.206\", \"68.67.180.12\", \"172.217.10.134\", \"38.69.238.16\", \"172.217.10.142\", \"192.168.10.3\", \"172.217.6.202\"], \"funcEdges\": [[1.0, 0.0, 0.0, 0.0, 0.0, 0.0, 0.0, 0.0, 0.0, 0.0, 0.0, 0.0, 0.0, 0.0, 0.0, 0.0, 0.0, 0.0, 0.0, 0.0, 0.0, 0.0, 0.0, 0.0, 0.0, 0.0, 0.0, 0.0, 0.0, 0.0, 0.0, 0.0, 0.0, 0.0, 0.0, 0.0, 0.0, 0.0, 0.0, 0.0, 0.0, 0.0, 0.0, 0.0, 0.0, 0.0, 0.0, 0.0, 0.0, 0.0, 0.0, 0.0, 0.0, 0.0, 0.0, 0.0, 0.0, 0.0, 0.0, 0.0, 0.0, 0.0, 0.0, 0.0, 0.0, 0.0, 0.0, 0.0, 0.0, 0.0, 0.0, 0.0, 0.0, 0.0, 0.0, 0.0, 0.0, 0.0, 0.0, 0.0, 0.0, 0.0, 0.0, 0.0], [0.0, 1.0, 0.0, 2.79974187353187e-21, 0.0, 0.0, 0.0, 0.0, 1.8079729775298728e-21, 3.1276659037373697e-21, 4.426493964968735e-22, 1.5969034228033195e-21, 0.0, 0.0, 1.1567371023485231e-21, 0.0, 0.0, 1.1826852400052397e-21, 2.045486369156232e-21, 1.2489966382239604e-21, 6.825373266244444e-25, 5.0390332766760474e-23, 0.0, 0.0, 9.674343976995e-24, 8.104681703510989e-24, 4.514796202795551e-22, 3.1102999655997654e-21, 0.0, 1.6127582682043782e-21, 0.0, 0.0, 0.0, 0.0, 0.0, 0.0, 0.0, 0.0, 0.0, 1.595538843147054e-21, 0.0, 1.176489232640597e-22, 0.0, 0.0, 2.5924699078788156e-21, 1.6748598307225554e-21, 4.095223959746668e-24, 1.251062307454023e-23, 0.0, 0.0, 1.0587911840678754e-22, 3.308722450212111e-24, 0.0, 3.075736638613395e-21, 0.0, 2.0520116769653768e-21, 0.0, 0.0, 0.0, 0.0, 2.1612484542695967e-23, 2.2263202244261327e-21, 0.0, 0.0, 0.0, 0.0, 0.0, 0.0, 0.0, 2.022603065973067e-21, 0.0, 0.0, 0.0, 0.0, 0.0, 1.1543938630662563e-21, 0.0, 1.8259769187117984e-21, 0.0, 0.0, 0.0, 3.894356326845398e-23, 3.649774765452548e-21, 0.0], [0.0, 0.0, 1.0, 1.2680022640194674e-10, 0.0, 3.52659600292738e-11, 2.394528810766488e-10, 0.0, 0.0, 1.3508536551342297e-10, 0.0, 1.2852911592923155e-10, 0.0, 1.1641532182693481e-10, 0.0, 0.0, 0.0, 3.272324767088516e-10, 0.0, 2.5233937608964666e-10, 0.0, 0.0, 0.0, 0.0, 0.0, 0.0, 0.0, 0.0, 0.0, 1.659995239149918e-10, 0.0, 2.722627795618891e-10, 9.31465211323684e-11, 0.0, 0.0, 0.0, 0.0, 0.0, 2.910383045673369e-11, 1.9773517852051966e-10, 1.0528010297355233e-10, 5.9284564029564395e-12, 0.0, 0.0, 1.3927885734274445e-10, 0.0, 2.321222271323965e-10, 5.2446409828079395e-11, 0.0, 0.0, 0.0, 5.8207660913467394e-11, 0.0, 9.716814934499948e-11, 0.0, 1.0543739109276977e-10, 0.0, 4.5482229804262994e-11, 0.0, 5.928456402956439e-12, 0.0, 2.423543497955182e-10, 0.0, 0.0, 5.8207660913467394e-11, 0.0, 0.0, 0.0, 0.0, 1.3163330219573088e-10, 3.4059316178175585e-11, 0.0, 0.0, 0.0, 0.0, 1.3010874594190829e-10, 0.0, 1.314599651117088e-10, 0.0, 5.9284564029564395e-12, 8.012322997696131e-11, 8.151627554065105e-12, 2.789279161608666e-10, 0.0], [0.0, 2.79974187353187e-21, 1.2680022640194674e-10, 1.0, 0.009143239916273513, 9.13724750763123e-11, 2.777584918670819e-07, 1.983253060617476e-16, 4.329413591265073e-21, 0.34461600087188826, 0.02618050002687622, 0.16563324065395454, 1.5149615866025947e-13, 3.256752257589202e-11, 0.02941583892321418, 0.0, 3.749205485447279e-12, 0.44680109624053177, 1.4474218091320764e-14, 0.2884846424325071, 0.011590583787522446, 2.02648090888511e-13, 0.25996935845067637, 0.0, 2.442862736396361e-05, 2.2904583676096298e-23, 0.691357178475037, 5.72041103175009e-07, 5.488562372283594e-11, 0.24055228668107098, 7.920139822147964e-06, 4.373488325097617e-09, 2.614789318260909e-10, 0.12475075521302967, 0.0, 0.0028989770974424864, 0.2903987298934787, 6.488570717910746e-12, 4.48585749658263e-11, 0.6168845082941319, 2.467573943372435e-10, 0.22314465325073324, 0.05705281655010404, 0.001820305907193715, 0.2857560613509071, 0.34513172516729207, 0.1786105566035066, 1.6239024770661802e-06, 0.1270442785017273, 0.0020928419203156195, 0.01755278242999189, 0.031230212955466827, 1.9530550486374332e-28, 0.5262808367003988, 4.408796905080413e-20, 0.5463524818566625, 0.0005759244957708098, 0.2868822325556574, 0.025887246197065478, 0.26754594792339614, 3.174690295113808e-05, 0.47728863084849527, 0.00016898478867068196, 1.2694761471130527e-13, 1.5712864547493435e-10, 0.22021840920486535, 0.002096846704288829, 0.00027157116600411374, 1.5577794700088712e-06, 0.3933358329289117, 3.370705727178496e-07, 0.0021496075486700785, 0.00011726496366417776, 3.7714971921986256e-14, 0.0, 0.464145682079056, 0.0019116950162457935, 0.007056706740643317, 0.06677618816293594, 5.01535061152678e-12, 9.11166375349943e-11, 3.136905703584429e-11, 0.5155206850715115, 3.8980552848475166e-05], [0.0, 0.0, 0.0, 0.009143239916273513, 1.0, 0.0, 0.0, 0.0, 0.0, 0.060252979231474, 0.0, 0.008978892940683516, 0.0, 0.0, 0.0, 0.0, 0.0, 0.020328828353100594, 0.0, 0.03974238022439605, 0.0, 0.0, 0.05400423915860297, 0.0, 0.0, 0.0, 0.0, 0.0, 0.0, 0.03001397728456476, 0.0, 0.0, 0.0, 0.0, 0.0, 0.0, 0.0, 0.0, 0.0, 0.058094677823579466, 0.0, 0.016433717262174657, 0.0, 0.0, 0.01461310341265798, 0.0, 0.013146973809739726, 0.0, 0.0, 0.0, 0.0253652333318548, 0.0, 0.0, 0.004553975862793826, 0.0, 0.02141953036912183, 0.0, 0.0, 0.023697266533587537, 0.0, 0.0, 0.007845754821042734, 0.0, 0.0, 0.0, 0.0, 0.0, 0.0, 0.0, 0.016541021794021806, 0.0, 0.0, 0.0, 0.0, 0.0, 0.020881055709379388, 0.0, 0.0, 0.0, 0.0, 0.0, 0.0, 0.018547181317123535, 0.0], [0.0, 0.0, 3.52659600292738e-11, 9.13724750763123e-11, 0.0, 1.0, 1.8207771480436904e-11, 0.0, 0.0, 1.1224295644957936e-10, 2.3063429606035016e-12, 3.1933100265088974e-11, 1.3073513647174157e-13, 2.9103830456733694e-11, 2.1508130381273217e-13, 0.0, 1.6761111320474129e-12, 8.389770436699968e-11, 0.0, 6.167425404550435e-11, 1.1488990654468385e-13, 4.2795504013357383e-13, 0.0, 0.0, 6.387589726359813e-12, 0.0, 0.0, 0.0, 1.878644177829564e-11, 1.0073408177275455e-10, 4.997698917271312e-13, 2.936387214131895e-11, 3.4938860218901005e-11, 2.4284389036074052e-12, 0.0, 0.0, 0.0, 5.673631368248796e-12, 4.057712180497252e-11, 6.012205414254998e-11, 1.0504892490587902e-10, 1.22217527514408e-11, 0.0, 0.0, 5.464934306721445e-11, 0.0, 1.8627437381214417e-11, 7.553257254365666e-11, 0.0, 0.0, 5.888268131608962e-11, 5.0919450174444516e-11, 0.0, 1.368866867309392e-10, 0.0, 1.1082578248162472e-10, 0.0, 0.0, 0.0, 1.8620041141006432e-11, 0.0, 7.949514475554418e-11, 0.0, 8.575452693644047e-14, 1.415898358141649e-11, 0.0, 2.0118628097709717e-13, 0.0, 2.382100529094037e-12, 7.21637464566487e-11, 5.2845757956471214e-11, 0.0, 0.0, 0.0, 0.0, 7.411510899117211e-11, 0.0, 2.9532060700624383e-11, 0.0, 5.596394604957639e-12, 6.094300328012864e-11, 5.477405388987195e-12, 6.01223139784201e-11, 0.0], [0.0, 0.0, 2.394528810766488e-10, 2.777584918670819e-07, 0.0, 1.8207771480436904e-11, 1.0, 6.938893903907228e-18, 0.0, 1.1696537998195885e-07, 1.8251789495162483e-08, 3.4352638617165093e-07, 1.751666117789699e-14, 0.0, 3.6491225617686245e-15, 0.0, 9.58245791986772e-13, 3.248118811970109e-07, 4.959612315474848e-15, 2.2275102684585003e-07, 1.2015046766519533e-07, 1.4060356395902017e-14, 1.1066499664569284e-13, 0.0, 1.192617216563391e-07, 0.0, 5.876746247551256e-15, 1.955526040689877e-07, 0.0, 1.8313514196990862e-07, 4.163336342344337e-17, 4.775340000996613e-08, 5.03223518217172e-10, 1.9620163434802078e-08, 0.0, 1.6627157100253616e-08, 5.764280057763823e-09, 4.726599283739291e-12, 9.950511178324546e-12, 4.772334948962817e-07, 9.342886982661089e-11, 1.3364914614170955e-07, 1.0784720081890087e-13, 0.0, 2.025462362790983e-07, 3.4542727833880066e-14, 1.638820784576177e-07, 4.234100564425546e-07, 8.636728227737689e-19, 4.836450404526785e-07, 7.741713055843482e-10, 5.5795474413557434e-11, 0.0, 2.2176751376133697e-07, 0.0, 4.0237320299208447e-07, 0.0, 8.522938507146235e-12, 0.0, 1.6006599607300615e-11, 0.0, 1.5253603424014676e-07, 0.0, 0.0, 1.6060658198046926e-10, 1.2989000880957046e-18, 0.0, 1.650512386212389e-08, 1.1072109412887823e-12, 4.696522106521692e-07, 4.614749428060504e-08, 1.1920928955078125e-07, 0.0, 3.89942636371663e-14, 0.0, 2.5127420165399275e-07, 1.9466795467776336e-07, 3.491726884247866e-09, 1.1920928955078128e-07, 1.709220970705209e-11, 1.5752342964965356e-11, 1.2093142208637858e-11, 4.318092393499295e-07, 0.0], [0.0, 0.0, 0.0, 1.983253060617476e-16, 0.0, 0.0, 6.938893903907228e-18, 1.0, 0.0, 1.3144496569414343e-16, 1.381275746257521e-16, 1.6371038767871844e-16, 0.0, 0.0, 0.0, 0.0, 0.0, 1.309551057367985e-16, 4.2674382624935407e-17, 1.0001824040549138e-16, 0.0, 0.0, 0.0, 0.0, 1.0312805240531774e-16, 0.0, 2.6367796834847463e-16, 0.0, 0.0, 1.3778728299939008e-16, 6.9388939039072276e-18, 0.0, 8.510115152500451e-17, 0.0, 0.0, 0.0, 0.0, 0.0, 0.0, 3.5140965823435573e-16, 0.0, 4.7531148882748096e-18, 0.0, 0.0, 1.3108911016351532e-16, 0.0, 2.6367796834847463e-16, 0.0, 0.0, 0.0, 0.0, 0.0, 0.0, 1.5090898606535022e-16, 0.0, 6.927937138558219e-17, 0.0, 0.0, 0.0, 2.6367796834847463e-16, 0.0, 2.035729929533047e-16, 0.0, 0.0, 5.0307475650307184e-17, 0.0, 0.0, 0.0, 0.0, 1.2647931213507458e-16, 0.0, 0.0, 0.0, 0.0, 0.0, 2.6891803075812033e-16, 0.0, 0.0, 0.0, 0.0, 0.0, 1.040834085586084e-16, 8.8398671673105e-17, 0.0], [0.0, 1.8079729775298728e-21, 0.0, 4.329413591265073e-21, 0.0, 0.0, 0.0, 0.0, 1.0, 2.3838162658327383e-21, 4.838048064338949e-22, 3.3212408298764843e-21, 0.0, 0.0, 3.465215022173286e-21, 0.0, 0.0, 2.505134922792625e-21, 1.9603611024210286e-21, 2.773706495625097e-21, 0.0, 1.1475481854862115e-22, 0.0, 0.0, 1.161821038340376e-22, 5.268043107282143e-23, 7.200854285721465e-22, 2.709592361712978e-21, 0.0, 1.760007956885944e-21, 0.0, 0.0, 0.0, 0.0, 0.0, 0.0, 0.0, 0.0, 0.0, 3.3531183859650843e-21, 0.0, 1.0587911840678754e-22, 0.0, 4.5694939687746395e-23, 2.8745199633024218e-21, 6.765434573962631e-22, 0.0, 0.0, 0.0, 0.0, 1.2720342359440252e-22, 0.0, 0.0, 8.295352912091947e-22, 0.0, 3.641223592154413e-21, 0.0, 0.0, 0.0, 0.0, 7.350368870533978e-23, 2.234881102042412e-21, 0.0, 0.0, 0.0, 0.0, 0.0, 0.0, 0.0, 2.869972249546725e-21, 0.0, 0.0, 0.0, 0.0, 0.0, 4.4367812232321845e-21, 0.0, 1.28554477570078e-21, 0.0, 0.0, 0.0, 0.0, 2.082239984029104e-21, 0.0], [0.0, 3.1276659037373697e-21, 1.3508536551342297e-10, 0.34461600087188826, 0.060252979231474, 1.1224295644957936e-10, 1.1696537998195885e-07, 1.3144496569414343e-16, 2.3838162658327383e-21, 1.0, 0.019472871223838457, 0.40754016711678986, 2.37322217358206e-13, 4.7135186042806356e-11, 0.02673030520770131, 0.0, 3.834766369944045e-12, 0.4916866012804204, 4.070581101504643e-15, 0.29072324245926534, 0.01559703945367069, 1.3198022679359158e-13, 0.34993153997795695, 0.0, 7.910697263965097e-05, 2.592189474142816e-23, 0.3641248974546175, 3.32073205094391e-07, 9.325468797935194e-13, 0.5453555852240316, 6.508166441379543e-06, 5.1869957017474564e-08, 2.3108168017022835e-10, 0.07074429340336179, 0.0, 0.0011484476442898599, 0.3533014193206937, 3.3225376197232613e-12, 6.386647495207475e-11, 0.35994239962674324, 1.8413903709640527e-10, 0.19358337404939818, 0.29166666666672514, 0.0053087569182508725, 0.5990948359211586, 0.4748440308320979, 0.07713211158522579, 7.802853990811172e-07, 0.4125231957886522, 0.004029962687676021, 0.03921240130212839, 0.027537054060085202, 1.0352552725622451e-28, 0.0407707886815971, 1.1393104117172044e-21, 0.5782689418173298, 0.00017329037029949424, 0.3103412726377542, 0.04234299179031465, 0.31964273932021064, 4.488869218796713e-05, 0.5693479733729929, 0.0001056484090273743, 8.959761443085835e-15, 2.5273974366439624e-10, 0.4790186701642388, 0.004052987594377815, 0.000353338821343432, 3.866432012691213e-06, 0.16412236047766285, 5.635440974835663e-09, 0.001292347139719589, 6.509865216067734e-05, 6.375690277902334e-14, 0.0, 0.3988944765004311, 0.002326084174051706, 0.008860237202507537, 0.08278301781901727, 9.036381414754744e-12, 1.0890308893240502e-10, 6.628265351583146e-11, 0.3761796794059847, 7.737546903872759e-06], [0.0, 4.426493964968735e-22, 0.0, 0.02618050002687622, 0.0, 2.3063429606035016e-12, 1.8251789495162483e-08, 1.381275746257521e-16, 4.838048064338949e-22, 0.019472871223838457, 1.0, 0.015996527143696315, 1.2155949815000633e-14, 0.0, 0.0350850054193409, 0.0, 9.055909627550788e-13, 0.01419318646219564, 5.787316248510516e-17, 0.036363309291012606, 0.006994411777508183, 1.3130302214672039e-22, 0.0, 0.0, 1.8404985523296925e-12, 1.6950906566188952e-23, 1.2852132366852824e-16, 7.450580596925967e-09, 0.0, 0.012241382090971305, 0.0, 9.09494701772928e-13, 5.414980964235713e-17, 7.4505805969238265e-09, 0.0, 0.000976569950580597, 0.004064724277508182, 1.893264197375295e-12, 0.0, 0.02720133239270541, 1.6940658945086007e-21, 7.450594807778651e-09, 0.0, 1.0587911840678754e-22, 0.012106052390965703, 1.108676679619428e-22, 3.822149359900908e-06, 2.1578464075167757e-12, 0.0, 0.00390625, 1.3234889800848443e-22, 1.1348824376812647e-24, 0.0, 0.031226355325367362, 0.0, 0.02787867685205799, 0.0, 0.0009765624999999999, 0.021295470725935312, 0.0009765625000001284, 4.580509546977574e-23, 0.03271493540359839, 0.0, 0.0, 9.09550212924159e-13, 0.0, 0.00390625, 1.031888917078963e-08, 9.09494701772928e-13, 0.0009793187689476539, 1.6130301018150059e-24, 0.00042234148297991075, 3.814697265624999e-06, 1.4210854715582295e-14, 0.0, 0.02290089020488815, 8.999142831719796e-06, 0.0030881617775081827, 0.0, 0.0, 1.694065894508601e-21, 9.097440373410364e-13, 0.027743150007001255, 0.0], [0.0, 1.5969034228033195e-21, 1.2852911592923155e-10, 0.16563324065395454, 0.008978892940683516, 3.1933100265088974e-11, 3.4352638617165093e-07, 1.6371038767871844e-16, 3.3212408298764843e-21, 0.40754016711678986, 0.015996527143696315, 1.0, 1.3950180460300903e-13, 2.9103830456733694e-11, 0.022673081361133746, 0.0, 0.0, 0.3291175802087684, 8.034558631707484e-15, 0.11920632225197499, 0.012409209898389728, 1.9464517431473271e-13, 0.20934684378552565, 0.0, 5.176916672190147e-05, 4.105000101121527e-23, 0.09848893609562007, 4.207409797514447e-07, 0.0, 0.6022668172967014, 6.835079966720467e-06, 1.777376709960482e-08, 3.925452741950129e-10, 0.05103105641887445, 0.0, 0.0011072026017512424, 0.2509634125319766, 0.0, 3.525955256803551e-11, 0.27101081113213166, 1.441792989696407e-10, 0.09208174761836738, 0.0673694449908578, 0.00757887805019683, 0.20180775920530358, 0.4359171047961299, 0.06181404191255942, 1.4501786999833038e-06, 0.1183762960495005, 0.0018630518088013437, 0.011952462682298123, 0.07666094551801542, 2.010298026082048e-28, 0.11104008244825014, 6.831077667305214e-20, 0.3416128832023065, 0.00040107406316510516, 0.2595871922866737, 0.031397338224567736, 0.26405300321289504, 0.00010529179280419509, 0.5411377041901944, 0.00013410254530577835, 2.2699474010610248e-13, 3.739256503464107e-10, 0.06738923550591944, 0.0014517471694679594, 6.936044666854007e-05, 2.745903791263838e-07, 0.07026175316452174, 8.149068779574058e-06, 0.0018845361290370116, 5.990256210758426e-05, 2.9245253436972407e-14, 0.0, 0.3799597239867508, 0.0020630510697053346, 0.008795516131235546, 0.028669194423498592, 4.421823394881258e-12, 1.090396983189161e-10, 1.4618303569460463e-11, 0.48927711550268094, 3.8830287213218844e-05], [0.0, 0.0, 0.0, 1.5149615866025947e-13, 0.0, 1.3073513647174157e-13, 1.751666117789699e-14, 0.0, 0.0, 2.37322217358206e-13, 1.2155949815000633e-14, 1.3950180460300903e-13, 1.0, 0.0, 6.251830859179989e-14, 0.0, 0.0, 1.5325896702722482e-13, 1.4925143168346637e-14, 2.218563812372986e-13, 8.817821420102132e-14, 8.682994898439718e-16, 2.888079097235483e-14, 0.0, 5.780916940591848e-14, 0.0, 1.2459356856626014e-14, 4.739640007785642e-28, 0.0, 1.6995251521610988e-13, 6.550248596090931e-14, 4.1093065389468024e-15, 0.0, 0.0, 0.0, 0.0, 0.0, 0.0, 0.0, 1.4551636538092888e-13, 0.0, 1.2734052755258641e-13, 4.118805302359207e-14, 0.0, 1.8476482248628457e-13, 7.372615595621408e-14, 2.1265458712941554e-13, 6.550248596090931e-14, 0.0, 0.0, 0.0, 0.0, 2.0194839173657902e-28, 1.60294390927149e-13, 0.0, 1.0136557089592111e-13, 0.0, 1.133619928215292e-28, 0.0, 1.4694884218761718e-14, 1.0097419586828949e-28, 2.1017661581949928e-13, 0.0, 5.2921958070035864e-14, 3.3883256158601914e-13, 0.0, 0.0, 1.009741958682895e-28, 0.0, 1.5469627332204702e-13, 0.0, 0.0, 2.0194839173657902e-28, 6.906656483866158e-14, 0.0, 3.7210528478353606e-13, 0.0, 1.009741958682895e-28, 2.272764080972466e-28, 6.550248596090931e-14, 0.0, 1.036691311454143e-13, 1.3826493339486305e-13, 0.0], [0.0, 0.0, 1.1641532182693481e-10, 3.256752257589202e-11, 0.0, 2.9103830456733694e-11, 0.0, 0.0, 0.0, 4.7135186042806356e-11, 0.0, 2.9103830456733694e-11, 0.0, 1.0, 0.0, 0.0, 0.0, 8.978297553021679e-11, 0.0, 1.0099350675424899e-10, 0.0, 0.0, 0.0, 0.0, 0.0, 0.0, 0.0, 0.0, 0.0, 1.0186340659856798e-10, 0.0, 3.9432135908019447e-11, 3.493886021890101e-11, 0.0, 0.0, 0.0, 0.0, 0.0, 2.91038304567337e-11, 1.1488841256021379e-10, 4.234798469514073e-11, 0.0, 0.0, 0.0, 1.1613817335338984e-10, 0.0, 0.0, 3.806821601933558e-11, 0.0, 0.0, 0.0, 0.0, 0.0, 2.996714484798541e-11, 0.0, 2.8481013853976148e-11, 0.0, 0.0, 0.0, 0.0, 0.0, 3.734877167601352e-12, 0.0, 0.0, 0.0, 0.0, 0.0, 0.0, 0.0, 2.9103830456733694e-11, 3.4059316178175585e-11, 0.0, 0.0, 0.0, 0.0, 9.132369195026533e-11, 0.0, 2.9103830456733694e-11, 0.0, 0.0, 7.128953417946987e-11, 0.0, 4.470491416168579e-11, 0.0], [0.0, 1.1567371023485231e-21, 0.0, 0.02941583892321418, 0.0, 2.1508130381273217e-13, 3.6491225617686245e-15, 0.0, 3.465215022173286e-21, 0.02673030520770131, 0.0350850054193409, 0.022673081361133746, 6.251830859179989e-14, 0.0, 1.0, 0.0, 0.0, 0.013252069066662058, 6.424215569649294e-15, 0.03902472497124364, 0.007741255419326687, 1.5961778361532833e-13, 3.0526706191446593e-15, 0.0, 7.562749095628965e-15, 5.665345517164234e-25, 6.453495208360863e-15, 3.1661840485346653e-20, 0.0, 0.017958347020827256, 1.3481600519334532e-13, 7.105427357620389e-15, 0.0, 0.0, 0.0, 0.0011984391935395897, 0.00023968783870791793, 0.0, 1.348160051933453e-13, 0.03750481772019489, 9.907663267272357e-21, 0.000534612618101162, 5.961365846818254e-15, 0.004501296560140873, 0.011034652625207642, 0.00043016840633358606, 2.718879106534389e-13, 3.3030362747632393e-13, 2.055523734383138e-19, 0.004369618037397041, 2.02224007790018e-13, 1.3481625958553843e-13, 0.0, 0.03330408924017598, 2.710505431213761e-20, 0.03059681344366063, 0.0, 0.0017330518116099435, 0.025201720725935305, 0.0011984391935431424, 0.0, 0.03253141799147218, 0.0, 0.0, 4.8491382076582277e-14, 2.1684043449710093e-19, 0.003835005419371626, 0.0, 0.0, 0.0074338430741138365, 2.359688779367735e-19, 0.0022556874727378984, 0.0, 2.131628207309231e-14, 0.0, 0.02964836551174614, 0.0005346126180703543, 0.00034367954018808475, 0.0, 4.493866839778177e-14, 9.907660843891656e-21, 1.931801521707379e-13, 0.03355050324494689, 0.0], [0.0, 0.0, 0.0, 0.0, 0.0, 0.0, 0.0, 0.0, 0.0, 0.0, 0.0, 0.0, 0.0, 0.0, 0.0, 1.0, 0.0, 0.0, 0.0, 0.0, 0.0, 0.0, 0.0, 0.0, 0.0, 0.0, 0.0, 0.0, 0.0, 0.0, 0.0, 0.0, 0.0, 0.0, 0.0, 0.0, 0.0, 0.0, 0.0, 0.0, 0.0, 0.0, 0.0, 0.0, 0.0, 0.0, 0.0, 0.0, 0.0, 0.0, 0.0, 0.0, 0.0, 0.0, 0.0, 0.0, 0.0, 0.0, 0.0, 0.0, 0.0, 0.0, 0.0, 0.0, 0.0, 0.0, 0.0, 0.0, 0.0, 0.0, 0.0, 0.0, 0.0, 0.0, 0.0, 0.0, 0.0, 0.0, 0.0, 0.0, 0.0, 0.0, 0.0, 0.0], [0.0, 0.0, 0.0, 3.749205485447279e-12, 0.0, 1.6761111320474129e-12, 9.58245791986772e-13, 0.0, 0.0, 3.834766369944045e-12, 9.055909627550788e-13, 0.0, 0.0, 0.0, 0.0, 0.0, 1.0, 3.909470330085895e-12, 0.0, 5.656591838266246e-13, 0.0, 0.0, 0.0, 0.0, 5.359910762935714e-12, 0.0, 0.0, 0.0, 0.0, 2.9671794066173e-12, 0.0, 0.0, 0.0, 4.455595886216866e-12, 0.0, 0.0, 0.0, 4.826895543401606e-12, 2.9703972574779114e-12, 3.0052696993315597e-12, 0.0, 0.0, 0.0, 0.0, 4.075351415749203e-12, 0.0, 1.074792002578886e-12, 3.773441510240795e-12, 0.0, 0.0, 2.9703972574779106e-12, 0.0, 0.0, 1.357554156404717e-12, 0.0, 1.258380936698587e-12, 0.0, 0.0, 0.0, 4.455595886216867e-12, 0.0, 3.978725236694269e-12, 0.0, 0.0, 4.455595886216867e-12, 0.0, 0.0, 0.0, 0.0, 3.3117758594000735e-12, 0.0, 0.0, 0.0, 0.0, 0.0, 5.0532821167189496e-12, 0.0, 0.0, 0.0, 2.292385171358926e-12, 4.455595886216867e-12, 2.970397257477911e-12, 6.052385558204577e-12, 0.0], [0.0, 1.1826852400052397e-21, 3.272324767088516e-10, 0.44680109624053177, 0.020328828353100594, 8.389770436699968e-11, 3.248118811970109e-07, 1.309551057367985e-16, 2.505134922792625e-21, 0.4916866012804204, 0.01419318646219564, 0.3291175802087684, 1.5325896702722482e-13, 8.978297553021679e-11, 0.013252069066662058, 0.0, 3.909470330085895e-12, 1.0, 1.5493383750906203e-14, 0.3718562194895551, 0.01611599468008302, 1.978032880050356e-13, 0.11144748509077931, 0.0, 0.0001139225988264606, 1.3492445366062795e-23, 0.3977355978697084, 6.637791384217047e-07, 7.220905441584693e-12, 0.36141568419531855, 5.670137362009861e-06, 1.8632269104380936e-08, 2.450168045157868e-10, 0.05103105102526035, 0.0, 0.002950028552451765, 0.3139302288789742, 7.646271620682963e-12, 2.8279895986072226e-11, 0.3194094784970669, 2.45258149398014e-10, 0.16531537987688733, 0.35139100679102986, 0.002323405943981936, 0.4085786624590929, 0.5141949036850004, 0.11402015457065237, 1.7920067540698265e-06, 0.4901352179700246, 0.0024140740528094933, 0.011380492398373708, 0.051205718581051315, 2.2289813825677755e-28, 0.19052189942710035, 2.3978533376797792e-20, 0.3213178887417032, 0.0005759349022575736, 0.14620349654908824, 0.06962952746695106, 0.1416342515236373, 2.182445948139819e-05, 0.7075866365664865, 0.0002729951817030313, 1.3508447957908047e-13, 4.0981637536299955e-10, 0.6012118468926557, 0.0019018985070180174, 0.00023868492804167565, 4.759983689502169e-06, 0.15619766316411282, 2.1154773640824642e-05, 0.002311425820830281, 7.99489212741226e-05, 1.007336217307529e-13, 0.0, 0.34680354820816184, 0.0034263575582335476, 0.0032899065672794244, 0.040599193267092916, 1.2211371955210438e-11, 9.841034971912217e-11, 1.817930316553638e-11, 0.3454861088322742, 9.88028842579189e-06], [0.0, 2.045486369156232e-21, 0.0, 1.4474218091320764e-14, 0.0, 0.0, 4.959612315474848e-15, 4.2674382624935407e-17, 1.9603611024210286e-21, 4.070581101504643e-15, 5.787316248510516e-17, 8.034558631707484e-15, 1.4925143168346637e-14, 0.0, 6.424215569649294e-15, 0.0, 0.0, 1.5493383750906203e-14, 1.0, 4.226210677735934e-15, 6.4584250901513315e-21, 4.264997596335365e-15, 3.7176977519492335e-15, 0.0, 2.8241101147319632e-15, 0.0, 6.199261018158433e-15, 1.2149483842484983e-19, 0.0, 1.2666238459783172e-14, 1.0408340855860843e-17, 3.571688153043104e-15, 2.783443296294908e-16, 6.310887241768094e-30, 0.0, 0.0, 1.6724610694839647e-16, 0.0, 0.0, 1.4489605170606047e-14, 1.6451238355891827e-20, 1.5414581808645306e-14, 6.629465460589944e-15, 1.634166172861e-21, 1.527550335612494e-14, 3.8915225984377843e-16, 4.1491890022768325e-15, 9.863083531413798e-24, 0.0, 0.0, 0.0, 1.3222187149106177e-23, 6.683612855048974e-29, 1.975668417017524e-14, 2.710505431213761e-20, 6.104009891711017e-15, 0.0, 1.6709318977676993e-16, 0.0, 1.548865575314208e-14, 1.0097419586828953e-28, 9.572725499246853e-15, 0.0, 1.535876316525075e-28, 3.718492603973029e-15, 4.2197985631683956e-19, 0.0, 1.0097419586828951e-28, 0.0, 8.141606146194554e-15, 2.846728372933445e-25, 0.0, 8.660116588566362e-29, 0.0, 0.0, 9.364364170911793e-15, 8.881778644737867e-18, 3.933756864323827e-18, 1.6457946793248897e-28, 0.0, 1.645123835904727e-20, 1.7556272051143123e-14, 1.7732060906690546e-14, 0.0], [0.0, 1.2489966382239604e-21, 2.5233937608964666e-10, 0.2884846424325071, 0.03974238022439605, 6.167425404550435e-11, 2.2275102684585003e-07, 1.0001824040549138e-16, 2.773706495625097e-21, 0.29072324245926534, 0.036363309291012606, 0.11920632225197499, 2.218563812372986e-13, 1.0099350675424899e-10, 0.03902472497124364, 0.0, 5.656591838266246e-13, 0.3718562194895551, 4.226210677735934e-15, 1.0, 0.01697103926104544, 5.1148687527573536e-14, 0.23161972934039535, 0.0, 5.946465044553082e-05, 8.62371995298942e-24, 0.14171858207462268, 7.973293464678143e-07, 2.186579844901373e-11, 0.26350562345043904, 4.501255255291438e-06, 1.408458626253648e-08, 4.117564306663287e-10, 1.2174466161342609e-08, 0.0, 0.0046799511599907705, 0.2413389339261782, 7.52678368042498e-12, 2.1962276148572452e-11, 0.3416388847729356, 2.4502752959719963e-10, 0.1213257226574244, 0.4732853895965737, 0.005080928375994343, 0.5145496259598009, 0.14305165439322376, 0.2597235893802349, 1.0636355051827459e-06, 0.5589474832435656, 0.0016300123936810295, 0.0400307585901386, 8.96170338186761e-05, 5.281638301912158e-29, 0.20403731068002418, 3.349475912626002e-20, 0.3030185272264131, 0.00040113006092187695, 0.22578131203751875, 0.055360175127455474, 0.20175917432111534, 1.1312872608669693e-05, 0.12806780924194994, 0.000127793389766638, 8.7471778667656e-14, 3.8452209630409817e-10, 0.5590128768202223, 0.0016511800952890726, 0.0001320988962477158, 7.085157098952092e-06, 0.4281165352770463, 1.4323598609061752e-05, 0.0027412628875925346, 7.146764289608968e-05, 9.120373307811227e-14, 0.0, 0.21894471599462062, 0.00182661576286072, 0.005529142007410437, 7.015540073951465e-05, 1.4003591864832635e-11, 4.400789710519821e-11, 3.5104426854505176e-11, 0.4268101313148933, 3.017228069060666e-05], [0.0, 6.825373266244444e-25, 0.0, 0.011590583787522446, 0.0, 1.1488990654468385e-13, 1.2015046766519533e-07, 0.0, 0.0, 0.01559703945367069, 0.006994411777508183, 0.012409209898389728, 8.817821420102132e-14, 0.0, 0.007741255419326687, 0.0, 0.0, 0.01611599468008302, 6.4584250901513315e-21, 0.01697103926104544, 1.0, 8.517507559230788e-24, 0.0, 0.0, 1.8502710283292506e-07, 3.611762453046221e-26, 1.6940658945086007e-21, 2.8690327091878734e-07, 0.0, 0.011456943331641626, 1.1725901984605033e-14, 3.2311742677852644e-27, 0.0, 0.0, 0.0, 0.0010768877923706083, 0.0029296875, 0.0, 0.0, 0.0084371041281543, 5.082197683525802e-21, 2.797336738889205e-10, 7.105427357601001e-15, 0.002000576248951499, 0.008850409298410133, 2.2287180281664297e-24, 1.202369338354951e-07, 3.220335226765066e-07, 0.0, 0.003906631934383629, 9.60585890578845e-11, 4.0952239597466674e-24, 0.0, 0.007385552595125891, 0.0, 0.005297590112470141, 0.0, 0.0009766132174884414, 0.0039062499999999996, 0.001953125, 1.0097419586828951e-28, 0.01350926694078249, 0.0, 1.6074404620572672e-14, 7.035541190763025e-14, 0.0, 0.004733421598629022, 4.0389678347315804e-28, 0.0, 0.001934317058733041, 0.0, 0.00041870784760905216, 0.0, 0.0, 0.0, 0.008749209940357609, 0.00024478137792548866, 0.001953125857268015, 1.4112951125582254e-06, 2.2279213770749576e-13, 5.082197683525802e-21, 7.035541339891803e-14, 0.013383738304510201, 0.0], [0.0, 5.0390332766760474e-23, 0.0, 2.02648090888511e-13, 0.0, 4.2795504013357383e-13, 1.4060356395902017e-14, 0.0, 1.1475481854862115e-22, 1.3198022679359158e-13, 1.3130302214672039e-22, 1.9464517431473271e-13, 8.682994898439718e-16, 0.0, 1.5961778361532833e-13, 0.0, 0.0, 1.978032880050356e-13, 4.264997596335365e-15, 5.1148687527573536e-14, 8.517507559230788e-24, 1.0, 1.3884891398893192e-15, 0.0, 1.2514629062462207e-22, 2.0054702123224286e-23, 4.264997683157306e-15, 6.449185201820759e-23, 0.0, 3.7159471068999667e-13, 4.5123934773070863e-13, 0.0, 0.0, 0.0, 0.0, 0.0, 0.0, 0.0, 4.5123934773070863e-13, 3.8450174458535147e-13, 0.0, 5.424273403281414e-15, 2.6605681311637368e-15, 1.0587911840678754e-22, 1.3165632558771197e-13, 9.304795731308762e-24, 2.1065831436350233e-13, 8.596645837191792e-14, 0.0, 0.0, 4.22127131774552e-13, 4.5123934773681883e-13, 4.4176210692376655e-29, 1.50494951718846e-13, 0.0, 4.5237332664004043e-13, 0.0, 0.0, 0.0, 4.26499758655346e-15, 1.827655150207692e-22, 1.603512984587661e-14, 0.0, 3.8769260103065704e-30, 1.4501853541642527e-13, 0.0, 1.31004971922077e-13, 0.0, 0.0, 1.3526996960962864e-13, 1.6130301018150063e-24, 0.0, 0.0, 1.213654256301856e-25, 0.0, 2.1223734370119614e-13, 0.0, 2.1922787354563983e-22, 0.0, 1.3100497192181862e-13, 3.87692601030657e-30, 4.131922302618912e-13, 3.9054373538381604e-14, 0.0], [0.0, 0.0, 0.0, 0.25996935845067637, 0.05400423915860297, 0.0, 1.1066499664569284e-13, 0.0, 0.0, 0.34993153997795695, 0.0, 0.20934684378552565, 2.888079097235483e-14, 0.0, 3.0526706191446593e-15, 0.0, 0.0, 0.11144748509077931, 3.7176977519492335e-15, 0.23161972934039535, 0.0, 1.3884891398893192e-15, 1.0, 0.0, 2.8421709430404004e-14, 0.0, 0.1250000000000037, 2.3868904492936293e-29, 0.0, 0.3125228784285704, 0.0, 0.0, 0.0, 6.310887241768095e-30, 0.0, 0.0, 0.125, 0.0, 0.0, 0.37360261768672715, 0.0, 0.0007398651935688507, 0.1250000000001273, 0.0, 0.13327048775813258, 0.20412414523199396, 0.030334472931630788, 0.0, 0.12499999999999997, 0.0, 0.04056117156156247, 0.0, 6.310887241768094e-30, 0.1914209675653774, 0.0, 0.24574269874251736, 0.0, 0.4979841337079854, 0.011603680560160277, 0.5000000000000037, 0.0, 0.17616977024747477, 0.0, 5.048709793414476e-29, 4.885595860669731e-14, 0.12499999999999997, 0.0, 0.0, 0.0, 0.2261197210534437, 2.9257546266724356e-29, 0.0, 4.013180594664444e-29, 2.8421709430404004e-14, 0.0, 0.28636003048491276, 6.488643189495074e-18, 4.336808689942017e-19, 0.0, 0.0, 0.0, 1.0177302744946948e-13, 0.3194100976411271, 0.0], [0.0, 0.0, 0.0, 0.0, 0.0, 0.0, 0.0, 0.0, 0.0, 0.0, 0.0, 0.0, 0.0, 0.0, 0.0, 0.0, 0.0, 0.0, 0.0, 0.0, 0.0, 0.0, 0.0, 1.0, 0.0, 0.0, 0.0, 0.0, 0.0, 0.0, 0.0, 0.0, 0.0, 0.0, 0.0, 0.0, 0.0, 0.0, 0.0, 0.0, 0.0, 0.0, 0.0, 0.0, 0.0, 0.0, 0.0, 0.0, 0.0, 0.0, 0.0, 0.0, 0.0, 0.0, 0.0, 0.0, 0.0, 0.0, 0.0, 0.0, 0.0, 0.0, 0.0, 0.0, 0.0, 0.0, 0.0, 0.0, 0.0, 0.0, 0.0, 0.0, 0.0, 0.0, 0.0, 0.0, 0.0, 0.0, 0.0, 0.0, 0.0, 0.0, 0.0, 0.0], [0.0, 9.674343976995e-24, 0.0, 2.442862736396361e-05, 0.0, 6.387589726359813e-12, 1.192617216563391e-07, 1.0312805240531774e-16, 1.161821038340376e-22, 7.910697263965097e-05, 1.8404985523296925e-12, 5.176916672190147e-05, 5.780916940591848e-14, 0.0, 7.562749095628965e-15, 0.0, 5.359910762935714e-12, 0.0001139225988264606, 2.8241101147319632e-15, 5.946465044553082e-05, 1.8502710283292506e-07, 1.2514629062462207e-22, 2.8421709430404004e-14, 0.0, 1.0, 4.975814917057638e-23, 2.913384916356115e-15, 4.769642173077176e-07, 0.0, 7.093356285752385e-05, 0.0, 1.3661013779866083e-12, 8.324628403564878e-11, 3.637978807091713e-12, 0.0, 0.0, 1.8873791418627657e-15, 4.849121978137311e-12, 1.8189894035458563e-12, 4.698282265727481e-05, 0.0, 0.00012213545039670785, 2.8421709430404004e-14, 9.765559148803118e-23, 5.4758534883026536e-05, 6.294555314083627e-14, 5.297733872897764e-07, 1.891255087563248e-06, 0.0, 1.071614577695085e-06, 3.410605131676382e-12, 1.2705910459250712e-10, 0.0, 0.00010756357778157154, 0.0, 1.2000361197704866e-06, 3.365007350414924e-05, 3.3650945290264926e-05, 0.0, 3.845445383490815e-05, 2.5916637824148976e-05, 1.916148895897755e-05, 0.0001216579580534626, 0.0, 4.67197168028896e-10, 0.00012165795805346264, 0.0, 0.000103389010752549, 2.726838903676541e-12, 1.5325601826680222e-06, 8.324562025026329e-11, 4.76837158203125e-07, 3.365007350414923e-05, 1.6746638684608866e-13, 0.0, 0.00012356428469337103, 2.2944655810948142e-05, 0.00012191171616090723, 0.00010001867831296103, 6.239082181946606e-13, 7.275957614183425e-12, 3.226475318570588e-12, 9.823884783342073e-05, 0.0], [0.0, 8.104681703510989e-24, 0.0, 2.2904583676096298e-23, 0.0, 0.0, 0.0, 0.0, 5.268043107282143e-23, 2.592189474142816e-23, 1.6950906566188952e-23, 4.105000101121527e-23, 0.0, 0.0, 5.665345517164234e-25, 0.0, 0.0, 1.3492445366062795e-23, 0.0, 8.62371995298942e-24, 3.611762453046221e-26, 2.0054702123224286e-23, 0.0, 0.0, 4.975814917057638e-23, 1.0, 0.0, 5.45714167194051e-25, 0.0, 5.089955413970861e-23, 0.0, 1.2924697071141057e-26, 0.0, 0.0, 0.0, 0.0, 0.0, 0.0, 0.0, 1.7205680309534938e-23, 0.0, 2.0666999222219861e-25, 0.0, 2.6142012008495937e-26, 2.4890733141542223e-23, 0.0, 4.0525653768326413e-25, 2.253248345187813e-25, 0.0, 0.0, 0.0, 0.0, 0.0, 1.700894749263736e-23, 0.0, 2.0010333991278933e-23, 0.0, 1.0474098629601982e-26, 0.0, 0.0, 2.426396463488881e-23, 3.5110416921118177e-23, 0.0, 0.0, 0.0, 0.0, 6.126337877776885e-25, 0.0, 0.0, 3.382784661342396e-23, 0.0, 0.0, 0.0, 4.807916153390705e-25, 0.0, 4.565153400238541e-23, 0.0, 2.9851815103520655e-25, 0.0, 0.0, 0.0, 7.499637897191013e-25, 4.094150733584993e-23, 0.0], [0.0, 4.514796202795551e-22, 0.0, 0.691357178475037, 0.0, 0.0, 5.876746247551256e-15, 2.6367796834847463e-16, 7.200854285721465e-22, 0.3641248974546175, 1.2852132366852824e-16, 0.09848893609562007, 1.2459356856626014e-14, 0.0, 6.453495208360863e-15, 0.0, 0.0, 0.3977355978697084, 6.199261018158433e-15, 0.14171858207462268, 1.6940658945086007e-21, 4.264997683157306e-15, 0.1250000000000037, 0.0, 2.913384916356115e-15, 0.0, 1.0, 8.134748413160697e-21, 0.0, 0.32638165250953793, 0.0, 5.791665371789715e-15, 5.5511151231257815e-17, 0.03125000000000001, 0.0, 0.0, 0.2648088569029407, 0.0, 0.0, 0.6613036370690845, 1.6940658945086003e-21, 0.27973330248310196, 0.12500000000000877, 2.646977960169689e-23, 0.4334454295666992, 0.4224268429682384, 0.07099522928088818, 0.0, 0.2272452292808831, 0.0, 1.323488980084844e-22, 0.031249999999999997, 0.0, 0.4576386629474509, 0.0, 0.33123788249104225, 0.0, 0.17022231638362392, 0.0, 0.15625000000000572, 2.102261604212321e-22, 0.3368008683636742, 0.0, 0.0, 3.6637359812630166e-15, 0.19599522928088306, 0.0, 0.0, 0.0, 0.22013013987417437, 0.0, 0.0, 0.0, 0.0, 0.0, 0.4687500000000221, 0.0, 1.8737520368056703e-21, 0.05512830352131226, 0.0, 1.6940658945086005e-21, 8.479809730458458e-15, 0.33098236294259126, 0.0], [0.0, 3.1102999655997654e-21, 0.0, 5.72041103175009e-07, 0.0, 0.0, 1.955526040689877e-07, 0.0, 2.709592361712978e-21, 3.32073205094391e-07, 7.450580596925967e-09, 4.207409797514447e-07, 4.739640007785642e-28, 0.0, 3.1661840485346653e-20, 0.0, 0.0, 6.637791384217047e-07, 1.2149483842484983e-19, 7.973293464678143e-07, 2.8690327091878734e-07, 6.449185201820759e-23, 2.3868904492936293e-29, 0.0, 4.769642173077176e-07, 5.45714167194051e-25, 8.134748413160697e-21, 1.0, 0.0, 7.462893608171279e-07, 0.0, 1.6053486256176424e-08, 1.164153218269348e-10, 7.450580596923828e-09, 0.0, 1.1175870895385742e-08, 1.201256487991957e-08, 0.0, 0.0, 2.883781284754956e-07, 1.6940658945086003e-21, 1.0107030933127717e-07, 0.0, 1.80022976810727e-20, 7.207036626529024e-07, 1.4295513796874584e-20, 1.6577591177774087e-07, 2.273103271736384e-07, 0.0, 2.584366719687959e-07, 1.348330691085589e-09, 1.1641532182694782e-10, 1.4558931550114754e-28, 7.191673474605323e-07, 2.710505431213761e-20, 1.814664685718543e-07, 0.0, 9.512081306929659e-08, 0.0, 4.138172291997089e-25, 1.3752002694023463e-22, 6.696593104637015e-07, 0.0, 4.251317294144993e-28, 1.1641532182693479e-10, 0.0, 8.187196170077521e-25, 3.1167522592996475e-08, 0.0, 3.642741637757497e-07, 1.869031032519051e-08, 5.771535183720079e-07, 1.2474677124901073e-28, 8.192575027036435e-25, 0.0, 6.683975287821863e-07, 3.1824478640226137e-07, 2.191382647868708e-09, 1.1920928955078124e-07, 0.0, 1.6940659020352538e-21, 8.404944335995731e-20, 5.243147847767986e-07, 0.0], [0.0, 0.0, 0.0, 5.488562372283594e-11, 0.0, 1.878644177829564e-11, 0.0, 0.0, 0.0, 9.325468797935194e-13, 0.0, 0.0, 0.0, 0.0, 0.0, 0.0, 0.0, 7.220905441584693e-12, 0.0, 2.186579844901373e-11, 0.0, 0.0, 0.0, 0.0, 0.0, 0.0, 0.0, 0.0, 1.0, 2.376317805982329e-11, 0.0, 0.0, 1.4551915228366852e-11, 0.0, 0.0, 0.0, 0.0, 0.0, 0.0, 2.02295080297786e-11, 1.1011143118133156e-11, 0.0, 0.0, 0.0, 0.0, 0.0, 0.0, 1.6529864929822064e-11, 0.0, 0.0, 2.182787284255028e-11, 7.452727291552348e-12, 0.0, 0.0, 0.0, 9.37434476680308e-12, 0.0, 0.0, 0.0, 0.0, 0.0, 1.2873377082423872e-11, 0.0, 0.0, 0.0, 0.0, 0.0, 0.0, 0.0, 1.4551915228366855e-11, 1.455191522836685e-11, 0.0, 0.0, 0.0, 0.0, 1.6754455258718886e-11, 0.0, 0.0, 0.0, 0.0, 0.0, 1.4551915228366852e-11, 8.096979595745036e-12, 0.0], [0.0, 1.6127582682043782e-21, 1.659995239149918e-10, 0.24055228668107098, 0.03001397728456476, 1.0073408177275455e-10, 1.8313514196990862e-07, 1.3778728299939008e-16, 1.760007956885944e-21, 0.5453555852240316, 0.012241382090971305, 0.6022668172967014, 1.6995251521610988e-13, 1.0186340659856798e-10, 0.017958347020827256, 0.0, 2.9671794066173e-12, 0.36141568419531855, 1.2666238459783172e-14, 0.26350562345043904, 0.011456943331641626, 3.7159471068999667e-13, 0.3125228784285704, 0.0, 7.093356285752385e-05, 5.089955413970861e-23, 0.32638165250953793, 7.462893608171279e-07, 2.376317805982329e-11, 1.0, 2.477552495038895e-06, 1.7550453674609988e-08, 3.0840604022302703e-10, 0.03344472429419838, 0.0, 0.0007356777146854736, 0.4437868344006113, 4.856908080729952e-12, 5.32975043268821e-11, 0.6158966332090439, 1.873411132055061e-10, 0.24631690660837025, 0.03223724643176313, 0.00039744751557962244, 0.3333191464368888, 0.588292427509725, 0.07409004397779875, 1.270786207344896e-06, 0.21762666836448208, 0.002824068546686728, 0.03881450506118578, 0.032250633946588496, 1.5741239501077231e-28, 0.09883447663763606, 3.0229005220466346e-20, 0.34198703706229805, 0.000677636486308478, 0.34075086163455415, 0.05269439405959028, 0.32025624130288005, 6.463048012866761e-05, 0.8021286139452585, 0.00016363079224412735, 2.1373168595390213e-13, 6.939050469252938e-10, 0.09138469528404679, 0.00243631040893251, 0.0001390795522417943, 3.4424575339542577e-06, 0.12110750486796876, 1.7888728930606886e-05, 0.0036087169166103984, 0.0001221304058886201, 9.41314406393011e-14, 0.0, 0.5230901230034466, 0.0026981969333950313, 0.008798035461440357, 0.05636659204737157, 1.0861540006061588e-11, 1.197409593074057e-10, 4.2703397833701175e-11, 0.6099462751838401, 2.3065282416294608e-05], [0.0, 0.0, 0.0, 7.920139822147964e-06, 0.0, 4.997698917271312e-13, 4.163336342344337e-17, 6.9388939039072276e-18, 0.0, 6.508166441379543e-06, 0.0, 6.835079966720467e-06, 6.550248596090931e-14, 0.0, 1.3481600519334532e-13, 0.0, 0.0, 5.670137362009861e-06, 1.0408340855860843e-17, 4.501255255291438e-06, 1.1725901984605033e-14, 4.5123934773070863e-13, 0.0, 0.0, 0.0, 0.0, 0.0, 0.0, 0.0, 2.477552495038895e-06, 1.0, 0.0, 2.7755575615628914e-17, 0.0, 0.0, 0.0, 8.64871359432194e-06, 0.0, 4.547473508864641e-13, 2.2777934784352156e-06, 0.0, 5.685378929329154e-14, 0.0, 0.0, 1.0326022854811043e-06, 0.0, 3.8090346634979393e-06, 1.3307445419625938e-13, 0.0, 0.0, 7.629394929153932e-06, 4.547473508864641e-13, 0.0, 8.347015907733985e-06, 0.0, 3.3943808481943865e-06, 0.0, 0.0, 0.0, 0.0, 0.0, 4.890200840495086e-06, 0.0, 2.2699474010610197e-13, 1.7056148160499163e-13, 0.0, 1.13686837721616e-13, 0.0, 1.9985260194846143e-06, 2.806397672500854e-06, 0.0, 2.9044608597827176e-06, 1.9073486328124998e-06, 0.0, 0.0, 3.7768808344187514e-06, 3.5718896925638816e-06, 8.985412390435432e-06, 0.0, 1.7053025658242404e-13, 0.0, 4.796997985388131e-13, 4.99525947825424e-06, 1.0159379291136873e-05], [0.0, 0.0, 2.722627795618891e-10, 4.373488325097617e-09, 0.0, 2.936387214131895e-11, 4.775340000996613e-08, 0.0, 0.0, 5.1869957017474564e-08, 9.09494701772928e-13, 1.777376709960482e-08, 4.1093065389468024e-15, 3.9432135908019447e-11, 7.105427357620389e-15, 0.0, 0.0, 1.8632269104380936e-08, 3.571688153043104e-15, 1.408458626253648e-08, 3.2311742677852644e-27, 0.0, 0.0, 0.0, 1.3661013779866083e-12, 1.2924697071141057e-26, 5.791665371789715e-15, 1.6053486256176424e-08, 0.0, 1.7550453674609988