"{\"names\": [\"172.217.10.1\", \"104.88.86.240\", \"38.93.140.48\", \"192.168.10.15\", \"104.88.108.223\", \"195.142.105.15\", \"172.217.12.163\", \"206.217.206.48\", \"172.217.6.228\", \"178.255.83.1\", \"74.119.118.82\", \"192.168.10.9\", \"172.217.7.6\", \"35.186.227.40\", \"31.13.71.36\", \"206.126.112.142\", \"151.101.2.49\", \"192.168.10.25\", \"172.217.3.98\", \"192.168.10.16\", \"72.30.202.150\", \"172.217.12.132\", \"50.31.164.173\", \"162.208.20.178\", \"23.15.4.16\", \"216.58.217.99\", \"172.217.6.198\", \"172.217.12.174\", \"169.46.44.40\", \"192.168.10.17\", \"52.84.143.130\", \"104.19.195.102\", \"216.200.232.61\", \"104.97.73.166\", \"152.163.13.79\", \"192.229.163.25\", \"74.119.118.86\", \"54.225.188.92\", \"188.165.145.88\", \"192.168.10.14\", \"8.43.72.98\", \"199.96.57.6\", \"68.67.178.110\", \"104.88.70.158\", \"192.168.10.19\", \"69.172.216.56\", \"157.240.18.35\", \"172.217.11.34\", \"185.54.150.20\", \"69.169.85.7\", \"198.232.124.194\", \"74.119.118.72\", \"172.217.12.134\", \"192.168.10.5\", \"23.111.9.30\", \"192.168.10.8\", \"151.101.66.2\", \"68.67.178.199\", \"213.239.195.215\", \"138.108.7.20\", \"52.84.145.87\", \"192.168.10.50\", \"52.84.145.198\", \"52.40.24.51\", \"212.77.100.137\", \"185.54.150.115\", \"172.217.10.138\", \"152.163.66.165\", \"52.84.137.78\", \"192.168.10.51\", \"68.67.178.109\", \"129.146.14.96\", \"54.152.24.232\", \"172.217.10.33\", \"52.8.229.108\", \"192.168.10.12\", \"64.147.131.201\", \"172.217.12.206\", \"68.67.180.12\", \"172.217.10.134\", \"38.69.238.16\", \"172.217.10.142\", \"192.168.10.3\", \"172.217.6.202\"], \"funcEdges\": [[1.0, 0.0, 0.0, 0.0, 0.0, 0.0, 0.0, 0.0, 0.0, 0.0, 0.0, 0.0, 0.0, 0.0, 0.0, 0.0, 0.0, 0.0, 0.0, 0.0, 0.0, 0.0, 0.0, 0.0, 0.0, 0.0, 0.0, 0.0, 0.0, 0.0, 0.0, 0.0, 0.0, 0.0, 0.0, 0.0, 0.0, 0.0, 0.0, 0.0, 0.0, 0.0, 0.0, 0.0, 0.0, 0.0, 0.0, 0.0, 0.0, 0.0, 0.0, 0.0, 0.0, 0.0, 0.0, 0.0, 0.0, 0.0, 0.0, 0.0, 0.0, 0.0, 0.0, 0.0, 0.0, 0.0, 0.0, 0.0, 0.0, 0.0, 0.0, 0.0, 0.0, 0.0, 0.0, 0.0, 0.0, 0.0, 0.0, 0.0, 0.0, 0.0, 0.0, 0.0], [0.0, 1.0, 0.0, 4.479586997650992e-20, 0.0, 0.0, 0.0, 0.0, 2.8927567640477964e-20, 5.0042654459797915e-20, 7.082390343949976e-21, 2.5550454764853112e-20, 0.0, 0.0, 1.850779363757637e-20, 0.0, 0.0, 1.8922963840083836e-20, 3.2727781906499714e-20, 1.9983946211583366e-20, 1.0920597225991111e-23, 8.062453242681676e-22, 0.0, 0.0, 1.5478950363192e-22, 1.2967490725617583e-22, 7.223673924472881e-21, 4.976479944959625e-20, 0.0, 2.5804132291270052e-20, 0.0, 0.0, 0.0, 0.0, 0.0, 0.0, 0.0, 0.0, 0.0, 2.5528621490352863e-20, 0.0, 1.8823827722249552e-21, 0.0, 0.0, 4.147951852606105e-20, 2.6797757291560886e-20, 6.552358335594669e-23, 2.001699691926437e-22, 0.0, 0.0, 1.6940658945086007e-21, 5.293955920339377e-23, 0.0, 4.921178621781432e-20, 0.0, 3.283218683144603e-20, 0.0, 0.0, 0.0, 0.0, 3.4579975268313547e-22, 3.5621123590818123e-20, 0.0, 0.0, 0.0, 0.0, 0.0, 0.0, 0.0, 3.2361649055569074e-20, 0.0, 0.0, 0.0, 0.0, 0.0, 1.84703018090601e-20, 0.0, 2.9215630699388774e-20, 0.0, 0.0, 0.0, 6.230970122952636e-22, 5.839639624724077e-20, 0.0], [0.0, 0.0, 1.0, 2.0288036224311478e-09, 0.0, 5.642553604683808e-10, 3.831246097226381e-09, 0.0, 0.0, 2.1613658482147675e-09, 0.0, 2.0564658548677047e-09, 0.0, 1.862645149230957e-09, 0.0, 0.0, 0.0, 5.235719627341626e-09, 0.0, 4.0374300174343466e-09, 0.0, 0.0, 0.0, 0.0, 0.0, 0.0, 0.0, 0.0, 0.0, 2.6559923826398687e-09, 0.0, 4.3562044729902254e-09, 1.4903443381178944e-09, 0.0, 0.0, 0.0, 0.0, 0.0, 4.6566128730773905e-10, 3.1637628563283146e-09, 1.6844816475768373e-09, 9.485530244730303e-11, 0.0, 0.0, 2.228461717483911e-09, 0.0, 3.713955634118344e-09, 8.391425572492703e-10, 0.0, 0.0, 0.0, 9.313225746154783e-10, 0.0, 1.5546903895199917e-09, 0.0, 1.6869982574843163e-09, 0.0, 7.277156768682079e-10, 0.0, 9.485530244730302e-11, 0.0, 3.877669596728291e-09, 0.0, 0.0, 9.313225746154783e-10, 0.0, 0.0, 0.0, 0.0, 2.106132835131694e-09, 5.449490588508094e-10, 0.0, 0.0, 0.0, 0.0, 2.0817399350705326e-09, 0.0, 2.103359441787341e-09, 0.0, 9.485530244730303e-11, 1.281971679631381e-09, 1.3042604086504167e-10, 4.462846658573866e-09, 0.0], [0.0, 4.479586997650992e-20, 2.0288036224311478e-09, 1.0, 0.0, 1.4619596012209968e-09, 4.44413586987331e-06, 3.1732048969879617e-15, 6.927061746024117e-20, 0.42218387841977123, 0.4188880004300195, 0.6082188969590456, 2.4239385385641515e-12, 5.210803612142724e-10, 0.47065342277142685, 0.0, 5.998728776715647e-11, 0.4874037298064101, 2.3158748946113223e-13, 0.49964467780556443, 0.18544934060035914, 3.242369454216176e-12, 1.8958647704687243e-12, 0.0, 0.00039085803782341774, 3.6647333881754077e-22, 2.3756817996219715e-13, 9.152657650800144e-06, 8.78169979565375e-10, 0.8399638779325492, 0.00012672223715436742, 6.997581320156187e-08, 4.183662909217454e-09, 1.2326897671401953e-07, 0.0, 0.04638363355907978, 0.058870087700146054, 1.0381713148657194e-10, 7.177371994532208e-10, 0.6586486543521197, 3.948118309395896e-09, 0.011375046974713506, 0.006807414200437549, 0.02912489451509944, 0.44835259034822605, 0.016649978906141245, 0.00022603117281521214, 2.5982439633058883e-05, 0.0005583288105038047, 0.03348547072504991, 9.671887176858564e-05, 0.0006804172525947744, 3.124888077819893e-27, 0.49101105858119, 7.054075048128661e-19, 0.666214836889829, 0.009214791932332957, 0.05232094690514629, 0.08624257179587094, 0.054622750402597994, 0.0005079504472182093, 0.46949970594715074, 0.0027037566187309114, 2.0311618353808843e-12, 2.5140583275989496e-09, 0.0008966250799008744, 0.03354954726862126, 0.00434513865606582, 2.492447152014194e-05, 0.18377168700282054, 5.393129163485594e-06, 0.03439372077872126, 0.0018762394186268442, 6.034395507517801e-13, 0.0, 0.1928588559968421, 0.030587120259932696, 0.11290730785029307, 0.0027999272692856517, 8.024560978442848e-11, 1.4578662005599087e-09, 5.019049125735087e-10, 0.3838919217564976, 0.0006236888455756027], [0.0, 0.0, 0.0, 0.0, 1.0, 0.0, 0.0, 0.0, 0.0, 0.0, 0.0, 0.0, 0.0, 0.0, 0.0, 0.0, 0.0, 0.0, 0.0, 0.0, 0.0, 0.0, 0.0, 0.0, 0.0, 0.0, 0.0, 0.0, 0.0, 0.0, 0.0, 0.0, 0.0, 0.0, 0.0, 0.0, 0.0, 0.0, 0.0, 0.0, 0.0, 0.0, 0.0, 0.0, 0.0, 0.0, 0.0, 0.0, 0.0, 0.0, 0.0, 0.0, 0.0, 0.0, 0.0, 0.0, 0.0, 0.0, 0.0, 0.0, 0.0, 0.0, 0.0, 0.0, 0.0, 0.0, 0.0, 0.0, 0.0, 0.0, 0.0, 0.0, 0.0, 0.0, 0.0, 0.0, 0.0, 0.0, 0.0, 0.0, 0.0, 0.0, 0.0, 0.0], [0.0, 0.0, 5.642553604683808e-10, 1.4619596012209968e-09, 0.0, 1.0, 2.9132434368699047e-10, 0.0, 0.0, 1.7958873031932698e-09, 3.6901487369656025e-11, 5.109296042414236e-10, 2.091762183547865e-12, 4.656612873077391e-10, 3.4413008610037147e-12, 0.0, 2.6817778112758606e-11, 1.3423632698719948e-09, 0.0, 9.867880647280696e-10, 1.8382385047149416e-12, 6.847280642137181e-12, 0.0, 0.0, 1.02201435621757e-10, 0.0, 0.0, 0.0, 3.005830684527302e-10, 1.6117453083640728e-09, 7.996318267634099e-12, 4.698219542611032e-10, 5.590217635024161e-10, 3.8855022457718483e-11, 0.0, 0.0, 0.0, 9.077810189198073e-11, 6.492339488795603e-10, 9.619528662807997e-10, 1.6807827984940643e-09, 1.955480440230528e-10, 0.0, 0.0, 8.743894890754312e-10, 0.0, 2.9803899809943067e-10, 1.2085211606985065e-09, 0.0, 0.0, 9.42122901057434e-10, 8.147112027911123e-10, 0.0, 2.190186987695027e-09, 0.0, 1.7732125197059956e-09, 0.0, 0.0, 0.0, 2.979206582561029e-10, 0.0, 1.271922316088707e-09, 0.0, 1.3720724309830475e-12, 2.2654373730266384e-10, 0.0, 3.2189804956335546e-12, 0.0, 3.8113608465504595e-11, 1.1546199433063793e-09, 8.455321273035394e-10, 0.0, 0.0, 0.0, 0.0, 1.1858417438587537e-09, 0.0, 4.725129712099901e-10, 0.0, 8.954231367932223e-11, 9.750880524820582e-10, 8.763848622379512e-11, 9.619570236547216e-10, 0.0], [0.0, 0.0, 3.831246097226381e-09, 4.44413586987331e-06, 0.0, 2.9132434368699047e-10, 1.0, 1.1102230246251565e-16, 0.0, 1.8714460797113416e-06, 2.9202863192259973e-07, 5.496422178746415e-06, 2.8026657884635185e-13, 0.0, 5.838596098829799e-14, 0.0, 1.533193267178835e-11, 5.196990099152175e-06, 7.935379704759757e-14, 3.5640164295336006e-06, 1.9224074826431253e-06, 2.2496570233443227e-13, 1.7706399463310854e-12, 0.0, 1.9081875465014254e-06, 0.0, 9.402793996082009e-14, 3.1288416651038033e-06, 0.0, 2.930162271518538e-06, 6.661338147750939e-16, 7.640544001594581e-07, 8.051576291474751e-09, 3.1392261495683325e-07, 0.0, 2.6603451360405786e-07, 9.222848092422117e-08, 7.562558853982865e-11, 1.5920817885319274e-10, 7.635735918340507e-06, 1.4948619172257742e-09, 2.1383863382673527e-06, 1.725555213102414e-12, 0.0, 3.240739780465573e-06, 5.526836453420811e-13, 2.6221132553218833e-06, 6.7745609030808735e-06, 1.3818765164380302e-17, 7.738320647242855e-06, 1.2386740889349572e-08, 8.927275906169189e-10, 0.0, 3.5482802201813915e-06, 0.0, 6.4379712478733515e-06, 0.0, 1.3636701611433975e-10, 0.0, 2.5610559371680984e-10, 0.0, 2.440576547842348e-06, 0.0, 0.0, 2.5697053116875082e-09, 2.0782401409531274e-17, 0.0, 2.640819817939822e-07, 1.7715375060620516e-11, 7.514435370434707e-06, 7.383599084896807e-07, 1.9073486328125e-06, 0.0, 6.239082181946608e-13, 0.0, 4.020387226463884e-06, 3.114687274844214e-06, 5.586763014796586e-08, 1.9073486328125004e-06, 2.7347535531283346e-10, 2.520374874394457e-10, 1.9349027533820572e-10, 6.908947829598872e-06, 0.0], [0.0, 0.0, 0.0, 3.1732048969879617e-15, 0.0, 0.0, 1.1102230246251565e-16, 1.0, 0.0, 2.103119451106295e-15, 2.2100411940120335e-15, 2.619366202859495e-15, 0.0, 0.0, 0.0, 0.0, 0.0, 2.095281691788776e-15, 6.827901219989665e-16, 1.6002918464878622e-15, 0.0, 0.0, 0.0, 0.0, 1.6500488384850838e-15, 0.0, 4.218847493575594e-15, 0.0, 0.0, 2.2045965279902414e-15, 1.1102230246251564e-16, 0.0, 1.3616184244000722e-15, 0.0, 0.0, 0.0, 0.0, 0.0, 0.0, 5.622554531749692e-15, 0.0, 7.604983821239695e-17, 0.0, 0.0, 2.097425762616245e-15, 0.0, 4.218847493575594e-15, 0.0, 0.0, 0.0, 0.0, 0.0, 0.0, 2.4145437770456036e-15, 0.0, 1.108469942169315e-15, 0.0, 0.0, 0.0, 4.218847493575594e-15, 0.0, 3.257167887252875e-15, 0.0, 0.0, 8.0491961040491495e-16, 0.0, 0.0, 0.0, 0.0, 2.0236689941611933e-15, 0.0, 0.0, 0.0, 0.0, 0.0, 4.302688492129925e-15, 0.0, 0.0, 0.0, 0.0, 0.0, 1.6653345369377344e-15, 1.41437874676968e-15, 0.0], [0.0, 2.8927567640477964e-20, 0.0, 6.927061746024117e-20, 0.0, 0.0, 0.0, 0.0, 1.0, 3.8141060253323813e-20, 7.740876902942318e-21, 5.313985327802375e-20, 0.0, 0.0, 5.544344035477258e-20, 0.0, 0.0, 4.0082158764682e-20, 3.136577763873646e-20, 4.437930393000155e-20, 0.0, 1.8360770967779383e-21, 0.0, 0.0, 1.8589136613446015e-21, 8.428868971651429e-22, 1.1521366857154344e-20, 4.335347778740765e-20, 0.0, 2.8160127310175104e-20, 0.0, 0.0, 0.0, 0.0, 0.0, 0.0, 0.0, 0.0, 0.0, 5.364989417544135e-20, 0.0, 1.6940658945086007e-21, 0.0, 7.311190350039423e-22, 4.599231941283875e-20, 1.0824695318340209e-20, 0.0, 0.0, 0.0, 0.0, 2.0352547775104404e-21, 0.0, 0.0, 1.3272564659347115e-20, 0.0, 5.82595774744706e-20, 0.0, 0.0, 0.0, 0.0, 1.1760590192854365e-21, 3.5758097632678594e-20, 0.0, 0.0, 0.0, 0.0, 0.0, 0.0, 0.0, 4.59195559927476e-20, 0.0, 0.0, 0.0, 0.0, 0.0, 7.098849957171495e-20, 0.0, 2.056871641121248e-20, 0.0, 0.0, 0.0, 0.0, 3.331583974446566e-20, 0.0], [0.0, 5.0042654459797915e-20, 2.1613658482147675e-09, 0.42218387841977123, 0.0, 1.7958873031932698e-09, 1.8714460797113416e-06, 2.103119451106295e-15, 3.8141060253323813e-20, 1.0, 0.3115659395814153, 0.17854330203843022, 3.797155477731296e-12, 7.541629766849017e-10, 0.42768488332322097, 0.0, 6.135626191910472e-11, 0.4427276379176345, 6.512929762407429e-14, 0.6574132544236732, 0.24955263125873103, 2.1116836286974652e-12, 5.33236202268741e-13, 0.0, 0.0012657115622344156, 4.1475031586285054e-22, 1.9982292196869938e-13, 5.313171281510256e-06, 1.492075007669631e-11, 0.67159806886543, 0.00010413066306207269, 8.29919312279593e-07, 3.6973068827236536e-09, 2.843430579533627e-07, 0.0, 0.018375162308637758, 0.04485564605982348, 5.316060191557218e-11, 1.021863599233196e-09, 0.4560729714398105, 2.9462245935424843e-09, 0.006969766694504926, 9.350325394081643e-13, 0.08494011069201396, 0.3050324879079741, 0.01496205317598288, 4.279631389419048e-05, 1.2484566385297875e-05, 0.0018347880232758582, 0.06447940300281634, 8.787690982023693e-05, 0.0016896038980186085, 1.6564084360995922e-27, 0.3918624514959777, 1.822896658747527e-20, 0.31864055879937886, 0.0027726459247919078, 0.025212543872944006, 0.48557014532845205, 0.008713901393359962, 0.0007182190750074741, 0.5623675751426349, 0.0016903745444379887, 1.4335618308937337e-13, 4.04383589863034e-09, 0.00328710340220562, 0.06484780151004504, 0.005653421141494912, 6.186291220305941e-05, 0.10650989876128286, 9.016705559737061e-08, 0.020677554235513426, 0.0010415784345708375, 1.0201104444643735e-12, 0.0, 0.6111986879658158, 0.0372173467848273, 0.1417637952401206, 0.003333276526805689, 1.445821026360759e-10, 1.7424494229184804e-09, 1.0605224562533034e-09, 0.8480851414086503, 0.00012380075046196414], [0.0, 7.082390343949976e-21, 0.0, 0.4188880004300195, 0.0, 3.6901487369656025e-11, 2.9202863192259973e-07, 2.2100411940120335e-15, 7.740876902942318e-21, 0.3115659395814153, 1.0, 0.25594443429914104, 1.9449519704001012e-13, 0.0, 0.5613600867094544, 0.0, 1.4489455404081261e-11, 0.22709098339513023, 9.259705997616826e-16, 0.5818129486562017, 0.11191058844013092, 2.1008483543475262e-21, 0.0, 0.0, 2.944797683727508e-11, 2.7121450505902323e-22, 2.056341178696452e-15, 1.1920928955081548e-07, 0.0, 0.1958621134555409, 0.0, 1.4551915228366849e-11, 8.663969542777141e-16, 1.1920928955078122e-07, 0.0, 0.01562511920928955, 0.06503558844013091, 3.029222715800472e-11, 0.0, 0.4352213182832866, 2.710505431213761e-20, 1.1920951692445841e-07, 0.0, 1.6940658945086007e-21, 0.19369683825545125, 1.7738826873910847e-21, 6.115438975841453e-05, 3.452554252026841e-11, 0.0, 0.0625, 2.117582368135751e-21, 1.8158119002900235e-23, 0.0, 0.4996216852058778, 0.0, 0.44605882963292787, 0.0, 0.015624999999999998, 0.340727531614965, 0.015625000000002054, 7.328815275164118e-22, 0.5234389664575743, 0.0, 0.0, 1.4552803406786545e-11, 0.0, 0.0625, 1.6510222673263407e-07, 1.4551915228366849e-11, 0.015669100303162462, 2.5808481629040094e-23, 0.006757463727678572, 6.1035156249999986e-05, 2.273736754493167e-13, 0.0, 0.3664142432782104, 0.00014398628530751673, 0.04941058844013092, 0.0, 0.0, 2.7105054312137617e-20, 1.455590459745658e-11, 0.4438904001120201, 0.0], [0.0, 2.5550454764853112e-20, 2.0564658548677047e-09, 0.6082188969590456, 0.0, 5.109296042414236e-10, 5.496422178746415e-06, 2.619366202859495e-15, 5.313985327802375e-20, 0.17854330203843022, 0.25594443429914104, 1.0, 2.2320288736481444e-12, 4.656612873077391e-10, 0.36276930177813993, 0.0, 0.0, 0.31978768335703284, 1.2855293810731975e-13, 0.2491045358435895, 0.19854735837423565, 3.1143227890357234e-12, 4.636512902155786e-13, 0.0, 0.0008283066675504235, 6.568000161794443e-22, 1.9557099960847812e-13, 6.731855676023115e-06, 0.0, 0.6043689769931428, 0.00010936127946752747, 2.8438027359367713e-07, 6.280724387120206e-09, 3.2177426512379515e-07, 0.0, 0.01771524162801988, 0.03727942035928031, 0.0, 5.641528410885681e-10, 0.6030679055704946, 2.306868783514251e-09, 0.014113202909681868, 0.0021987246675589794, 0.12126204880314928, 0.4857335843267832, 0.015045293984737577, 0.0002577533625632588, 2.320285919973286e-05, 0.0018117606781165667, 0.0298088289408215, 0.00010655835247461665, 0.0018302568966575472, 3.2164768417312767e-27, 0.44051740702470665, 1.0929724267688342e-18, 0.49958551085437936, 0.006417185010641683, 0.030437584546071244, 0.09169761099546203, 0.026074793323569254, 0.0016846686848671214, 0.4791995391147297, 0.0021456407248924537, 3.6319158416976397e-12, 5.982810405542571e-09, 0.002515372908545468, 0.02322795471148735, 0.0011097671466966412, 4.393446066022141e-06, 0.20116130503405905, 0.00013038510047318493, 0.030152578064592185, 0.0009584409937213481, 4.679240549915585e-13, 0.0, 0.3723156552320087, 0.033008817115285354, 0.14072825809976874, 0.003848284628635374, 7.074917431810013e-11, 1.7446351731026576e-09, 2.338928571113674e-10, 0.15816930949818425, 0.0006212845954115015], [0.0, 0.0, 0.0, 2.4239385385641515e-12, 0.0, 2.091762183547865e-12, 2.8026657884635185e-13, 0.0, 0.0, 3.797155477731296e-12, 1.9449519704001012e-13, 2.2320288736481444e-12, 1.0, 0.0, 1.0002929374687982e-12, 0.0, 0.0, 2.452143472435597e-12, 2.388022906935462e-13, 3.5497020997967774e-12, 1.4108514272163412e-12, 1.3892791837503549e-14, 4.620926555576773e-13, 0.0, 9.249467104946956e-13, 0.0, 1.9934970970601622e-13, 7.583424012457027e-27, 0.0, 2.719240243457758e-12, 1.048039775374549e-12, 6.574890462314884e-14, 0.0, 0.0, 0.0, 0.0, 0.0, 0.0, 0.0, 2.328261846094862e-12, 0.0, 2.0374484408413826e-12, 6.590088483774731e-13, 0.0, 2.956237159780553e-12, 1.1796184952994253e-12, 3.4024733940706487e-12, 1.048039775374549e-12, 0.0, 0.0, 0.0, 0.0, 3.2311742677852644e-27, 2.564710254834384e-12, 0.0, 1.6218491343347378e-12, 0.0, 1.8137918851444674e-27, 0.0, 2.351181475001875e-13, 1.6155871338926318e-27, 3.3628258531119885e-12, 0.0, 8.467513291205738e-13, 5.421320985376306e-12, 0.0, 0.0, 1.615587133892632e-27, 0.0, 2.4751403731527523e-12, 0.0, 0.0, 3.2311742677852644e-27, 1.1050650374185853e-12, 0.0, 5.953684556536577e-12, 0.0, 1.615587133892632e-27, 3.636422529555946e-27, 1.048039775374549e-12, 0.0, 1.6587060983266288e-12, 2.2122389343178088e-12, 0.0], [0.0, 0.0, 1.862645149230957e-09, 5.210803612142724e-10, 0.0, 4.656612873077391e-10, 0.0, 0.0, 0.0, 7.541629766849017e-10, 0.0, 4.656612873077391e-10, 0.0, 1.0, 0.0, 0.0, 0.0, 1.4365276084834687e-09, 0.0, 1.6158961080679838e-09, 0.0, 0.0, 0.0, 0.0, 0.0, 0.0, 0.0, 0.0, 0.0, 1.6298145055770876e-09, 0.0, 6.309141745283111e-10, 5.590217635024162e-10, 0.0, 0.0, 0.0, 0.0, 0.0, 4.656612873077392e-10, 1.8382146009634206e-09, 6.775677551222517e-10, 0.0, 0.0, 0.0, 1.8582107736542375e-09, 0.0, 0.0, 6.090914563093693e-10, 0.0, 0.0, 0.0, 0.0, 0.0, 4.794743175677665e-10, 0.0, 4.5569622166361836e-10, 0.0, 0.0, 0.0, 0.0, 0.0, 5.975803468162164e-11, 0.0, 0.0, 0.0, 0.0, 0.0, 0.0, 0.0, 4.656612873077391e-10, 5.449490588508094e-10, 0.0, 0.0, 0.0, 0.0, 1.4611790712042452e-09, 0.0, 4.656612873077391e-10, 0.0, 0.0, 1.140632546871518e-09, 0.0, 7.152786265869726e-10, 0.0], [0.0, 1.850779363757637e-20, 0.0, 0.47065342277142685, 0.0, 3.4413008610037147e-12, 5.838596098829799e-14, 0.0, 5.544344035477258e-20, 0.42768488332322097, 0.5613600867094544, 0.36276930177813993, 1.0002929374687982e-12, 0.0, 1.0, 0.0, 0.0, 0.21203310506659293, 1.027874491143887e-13, 0.6243955995398982, 0.12386008670922699, 2.5538845378452532e-12, 4.884272990631455e-14, 0.0, 1.2100398553006343e-13, 9.064552827462774e-24, 1.032559233337738e-13, 5.065894477655465e-19, 0.0, 0.2873335523332361, 2.157056083093525e-12, 1.1368683772192622e-13, 0.0, 0.0, 0.0, 0.019175027096633435, 0.003835005419326687, 0.0, 2.1570560830935247e-12, 0.6000770835231183, 1.585226122763577e-19, 0.008553801889618592, 9.538185354909207e-14, 0.07202074496225397, 0.17655444200332227, 0.006882694501337377, 4.3502065704550225e-12, 5.284858039621183e-12, 3.288837975013021e-18, 0.06991388859835265, 3.235584124640288e-12, 2.157060153368615e-12, 0.0, 0.5328654278428157, 4.336808689942018e-19, 0.4895490150985701, 0.0, 0.027728828985759096, 0.4032275316149649, 0.019175027096690278, 0.0, 0.5205026878635549, 0.0, 0.0, 7.758621132253164e-13, 3.469446951953615e-18, 0.06136008670994601, 0.0, 0.0, 0.11894148918582138, 3.775502046988376e-18, 0.036090999563806375, 0.0, 3.4106051316947695e-13, 0.0, 0.47437384818793826, 0.008553801889125669, 0.005498872643009356, 0.0, 7.190186943645083e-13, 1.585225735022665e-19, 3.090882434731806e-12, 0.5368080519191503, 0.0], [0.0, 0.0, 0.0, 0.0, 0.0, 0.0, 0.0, 0.0, 0.0, 0.0, 0.0, 0.0, 0.0, 0.0, 0.0, 1.0, 0.0, 0.0, 0.0, 0.0, 0.0, 0.0, 0.0, 0.0, 0.0, 0.0, 0.0, 0.0, 0.0, 0.0, 0.0, 0.0, 0.0, 0.0, 0.0, 0.0, 0.0, 0.0, 0.0, 0.0, 0.0, 0.0, 0.0, 0.0, 0.0, 0.0, 0.0, 0.0, 0.0, 0.0, 0.0, 0.0, 0.0, 0.0, 0.0, 0.0, 0.0, 0.0, 0.0, 0.0, 0.0, 0.0, 0.0, 0.0, 0.0, 0.0, 0.0, 0.0, 0.0, 0.0, 0.0, 0.0, 0.0, 0.0, 0.0, 0.0, 0.0, 0.0, 0.0, 0.0, 0.0, 0.0, 0.0, 0.0], [0.0, 0.0, 0.0, 5.998728776715647e-11, 0.0, 2.6817778112758606e-11, 1.533193267178835e-11, 0.0, 0.0, 6.135626191910472e-11, 1.4489455404081261e-11, 0.0, 0.0, 0.0, 0.0, 0.0, 1.0, 6.255152528137431e-11, 0.0, 9.050546941225993e-12, 0.0, 0.0, 0.0, 0.0, 8.575857220697142e-11, 0.0, 0.0, 0.0, 0.0, 4.74748705058768e-11, 0.0, 0.0, 0.0, 7.128953417946986e-11, 0.0, 0.0, 0.0, 7.72303286944257e-11, 4.752635611964658e-11, 4.8084315189304955e-11, 0.0, 0.0, 0.0, 0.0, 6.520562265198724e-11, 0.0, 1.7196672041262177e-11, 6.037506416385271e-11, 0.0, 0.0, 4.752635611964657e-11, 0.0, 0.0, 2.1720866502475473e-11, 0.0, 2.0134094987177393e-11, 0.0, 0.0, 0.0, 7.128953417946987e-11, 0.0, 6.36596037871083e-11, 0.0, 0.0, 7.128953417946987e-11, 0.0, 0.0, 0.0, 0.0, 5.2988413750401176e-11, 0.0, 0.0, 0.0, 0.0, 0.0, 8.085251386750319e-11, 0.0, 0.0, 0.0, 3.6678162741742815e-11, 7.128953417946987e-11, 4.7526356119646576e-11, 9.683816893127323e-11, 0.0], [0.0, 1.8922963840083836e-20, 5.235719627341626e-09, 0.4874037298064101, 0.0, 1.3423632698719948e-09, 5.196990099152175e-06, 2.095281691788776e-15, 4.0082158764682e-20, 0.4427276379176345, 0.22709098339513023, 0.31978768335703284, 2.452143472435597e-12, 1.4365276084834687e-09, 0.21203310506659293, 0.0, 6.255152528137431e-11, 1.0, 2.4789414001449924e-13, 0.2588348861852124, 0.2578559148813283, 3.1648526080805696e-12, 1.3299597225293205e-12, 0.0, 0.0018227615812233696, 2.1587912585700473e-22, 1.4558346474943415e-13, 1.0620466214747275e-05, 1.1553448706535509e-10, 0.3928907060521513, 9.072219779215778e-05, 2.98116305670095e-07, 3.920268872252589e-09, 2.3547643954981294e-07, 0.0, 0.04720045683922824, 0.03133555118529636, 1.2234034593092741e-10, 4.524783357771556e-10, 0.42565691995611976, 3.924130390368224e-09, 0.015668667029351428, 0.007811524028599212, 0.03717449510371098, 0.4075139747960461, 0.017004932154546626, 0.0006062317830224236, 2.8672108065117225e-05, 0.0029740315009248604, 0.03862518484495189, 6.655607974642324e-05, 0.0027949163690949, 3.566370212108441e-27, 0.3113001447624089, 3.8365653402876467e-19, 0.5843836738753803, 0.009214958436121178, 0.03392346693550145, 0.29378262210869105, 0.04604029729350042, 0.00034919135170237105, 0.3991374823467813, 0.004367922907248501, 2.1613516732652876e-12, 6.557062005807993e-09, 0.0049449656546136315, 0.030430376112288278, 0.0038189588486668103, 7.61597390320347e-05, 0.21902102968519463, 0.00033847637825319427, 0.0369828131332845, 0.0012791827403859615, 1.6117379476920463e-12, 0.0, 0.16925285805893228, 0.05482172093173676, 0.05263850507647079, 0.005203755231418814, 1.95381951283367e-10, 1.5745655955059547e-09, 2.908688506485821e-10, 0.24160669920399214, 0.00015808461481267024], [0.0, 3.2727781906499714e-20, 0.0, 2.3158748946113223e-13, 0.0, 0.0, 7.935379704759757e-14, 6.827901219989665e-16, 3.136577763873646e-20, 6.512929762407429e-14, 9.259705997616826e-16, 1.2855293810731975e-13, 2.388022906935462e-13, 0.0, 1.027874491143887e-13, 0.0, 0.0, 2.4789414001449924e-13, 1.0, 6.761937084377495e-14, 1.033348014424213e-19, 6.823996154136584e-14, 5.948316403118774e-14, 0.0, 4.518576183571141e-14, 0.0, 9.918817629053493e-14, 1.9439174147975973e-18, 0.0, 2.0265981535653075e-13, 1.6653345369377348e-16, 5.714701044868967e-14, 4.4535092740718525e-15, 1.009741958682895e-28, 0.0, 0.0, 2.6759377111743436e-15, 0.0, 0.0, 2.3183368272969676e-13, 2.6321981369426923e-19, 2.466333089383249e-13, 1.0607144736943911e-13, 2.6146658765776e-20, 2.4440805369799903e-13, 6.226436157500455e-15, 6.638702403642932e-14, 1.5780933650262077e-22, 0.0, 0.0, 0.0, 2.1155499438569884e-22, 1.0693780568078358e-27, 3.161069467228038e-13, 4.336808689942018e-19, 9.766415826737627e-14, 0.0, 2.673491036428319e-15, 0.0, 2.478184920502733e-13, 1.6155871338926325e-27, 1.5316360798794965e-13, 0.0, 2.45740210644012e-27, 5.949588166356846e-14, 6.751677701069433e-18, 0.0, 1.6155871338926322e-27, 0.0, 1.3026569833911286e-13, 4.554765396693512e-24, 0.0, 1.385618654170618e-27, 0.0, 0.0, 1.4982982673458869e-13, 1.4210845831580587e-16, 6.294010982918123e-17, 2.6332714869198235e-27, 0.0, 2.6321981374475633e-19, 2.8090035281828997e-13, 2.8371297450704873e-13, 0.0], [0.0, 1.9983946211583366e-20, 4.0374300174343466e-09, 0.49964467780556443, 0.0, 9.867880647280696e-10, 3.5640164295336006e-06, 1.6002918464878622e-15, 4.437930393000155e-20, 0.6574132544236732, 0.5818129486562017, 0.2491045358435895, 3.5497020997967774e-12, 1.6158961080679838e-09, 0.6243955995398982, 0.0, 9.050546941225993e-12, 0.2588348861852124, 6.761937084377495e-14, 1.0, 0.271536628176727, 8.183790004411766e-13, 9.673998312429356e-13, 0.0, 0.0009514344071284932, 1.3797951924783072e-22, 1.982002882652786e-13, 1.2757269543485029e-05, 3.498527751842197e-10, 0.3118835130395442, 7.202008408466301e-05, 2.2535338020058367e-07, 6.588102890661259e-09, 1.9479145858148175e-07, 0.0, 0.07487921855985233, 0.0725655124839594, 1.2042853888679967e-10, 3.5139641837715924e-10, 0.4008062641002381, 3.920440473555194e-09, 0.010638008546772843, 0.0029715639274235485, 0.08129485401590948, 0.3931194682614473, 0.009117845591687672, 0.00026169212241787065, 1.7018168082923934e-05, 0.001576381139222631, 0.026080198298896472, 5.571871625852983e-05, 0.0014338725410988175, 8.450621283059453e-28, 0.5166689393681482, 5.359161460201603e-19, 0.5329151042115189, 0.006418080974750031, 0.06931840900361293, 0.4837806179861175, 0.06473409138714183, 0.0001810059617387151, 0.7837679141471334, 0.002044694236266208, 1.399548458682496e-12, 6.152353540865571e-09, 0.002622678365730194, 0.02641888152462516, 0.002113582339963453, 0.00011336251358323347, 0.0482019479923886, 0.00022917757774498803, 0.04386020620148055, 0.0011434822863374348, 1.4592597292497963e-12, 0.0, 0.6017979028991323, 0.02922585220577152, 0.08846627211856699, 0.0011224864118322343, 2.2405746983732216e-10, 7.041263536831714e-10, 5.616708296720828e-10, 0.80493028435082, 0.0004827564910497066], [0.0, 1.0920597225991111e-23, 0.0, 0.18544934060035914, 0.0, 1.8382385047149416e-12, 1.9224074826431253e-06, 0.0, 0.0, 0.24955263125873103, 0.11191058844013092, 0.19854735837423565, 1.4108514272163412e-12, 0.0, 0.12386008670922699, 0.0, 0.0, 0.2578559148813283, 1.033348014424213e-19, 0.271536628176727, 1.0, 1.362801209476926e-22, 0.0, 0.0, 2.960433645326801e-06, 5.778819924873954e-25, 2.710505431213761e-20, 4.5904523347005975e-06, 0.0, 0.18331109330626602, 1.8761443175368052e-13, 5.169878828456423e-26, 0.0, 0.0, 0.0, 0.017230204677929732, 0.046875, 0.0, 0.0, 0.1349936660504688, 8.131516293641283e-20, 4.475738782222728e-09, 1.1368683772161602e-13, 0.03200921998322399, 0.14160654877456214, 3.5659488450662875e-23, 1.9237909413679216e-06, 5.152536362824105e-06, 0.0, 0.06250611095013807, 1.536937424926152e-09, 6.552358335594668e-23, 0.0, 0.11816884152201426, 0.0, 0.08476144179952226, 0.0, 0.015625811479815063, 0.06249999999999999, 0.03125, 1.6155871338926322e-27, 0.21614827105251985, 0.0, 2.5719047392916276e-13, 1.125686590522084e-12, 0.0, 0.07573474557806435, 6.462348535570529e-27, 0.0, 0.030949072939728657, 0.0, 0.006699325561744835, 0.0, 0.0, 0.0, 0.13998735904572174, 0.0039165020468078186, 0.03125001371628824, 2.2580721800931607e-05, 3.564674203319932e-12, 8.131516293641283e-20, 1.1256866143826884e-12, 0.21413981287216322, 0.0], [0.0, 8.062453242681676e-22, 0.0, 3.242369454216176e-12, 0.0, 6.847280642137181e-12, 2.2496570233443227e-13, 0.0, 1.8360770967779383e-21, 2.1116836286974652e-12, 2.1008483543475262e-21, 3.1143227890357234e-12, 1.3892791837503549e-14, 0.0, 2.5538845378452532e-12, 0.0, 0.0, 3.1648526080805696e-12, 6.823996154136584e-14, 8.183790004411766e-13, 1.362801209476926e-22, 1.0, 2.2215826238229108e-14, 0.0, 2.002340649993953e-21, 3.2087523397158857e-22, 6.82399629305169e-14, 1.0318696322913214e-21, 0.0, 5.945515371039947e-12, 7.219829563691338e-12, 0.0, 0.0, 0.0, 0.0, 0.0, 0.0, 0.0, 7.219829563691338e-12, 6.1520279133656235e-12, 0.0, 8.678837445250262e-14, 4.256909009861979e-14, 1.6940658945086007e-21, 2.1065012094033915e-12, 1.4887673170094019e-22, 3.3705330298160373e-12, 1.3754633339506867e-12, 0.0, 0.0, 6.754034108392832e-12, 7.219829563789101e-12, 7.068193710780265e-28, 2.407919227501536e-12, 0.0, 7.237973226240647e-12, 0.0, 0.0, 0.0, 6.823996138485536e-14, 2.924248240332307e-21, 2.5656207753402576e-13, 0.0, 6.203081616490513e-29, 2.3202965666628044e-12, 0.0, 2.096079550753232e-12, 0.0, 0.0, 2.1643195137540582e-12, 2.58084816290401e-23, 0.0, 0.0, 1.9418468100829697e-24, 0.0, 3.395797499219138e-12, 0.0, 3.507645976730237e-21, 0.0, 2.096079550749098e-12, 6.203081616490511e-29, 6.611075684190259e-12, 6.248699766141057e-13, 0.0], [0.0, 0.0, 0.0, 1.8958647704687243e-12, 0.0, 0.0, 1.7706399463310854e-12, 0.0, 0.0, 5.33236202268741e-13, 0.0, 4.636512902155786e-13, 4.620926555576773e-13, 0.0, 4.884272990631455e-14, 0.0, 0.0, 1.3299597225293205e-12, 5.948316403118774e-14, 9.673998312429356e-13, 0.0, 2.2215826238229108e-14, 1.0, 0.0, 4.5474735088646407e-13, 0.0, 5.946071466855683e-14, 3.819024718869807e-28, 0.0, 1.214483980211479e-12, 0.0, 0.0, 0.0, 1.0097419586828951e-28, 0.0, 0.0, 0.0, 0.0, 0.0, 1.9636731450944365e-12, 0.0, 1.8421589426089123e-12, 2.0368608136816985e-12, 0.0, 5.330821867718079e-13, 9.996250332724392e-13, 4.547473508864646e-13, 0.0, 0.0, 0.0, 0.0, 0.0, 1.009741958682895e-28, 7.052284318658825e-13, 0.0, 1.2416839121670578e-12, 0.0, 0.0, 0.0, 5.946071466855693e-14, 0.0, 9.606331842542498e-13, 0.0, 8.077935669463161e-28, 7.81695337707157e-13, 0.0, 0.0, 0.0, 0.0, 8.513782926806683e-13, 4.681207402675897e-28, 0.0, 6.421088951463111e-28, 4.5474735088646407e-13, 0.0, 3.5338805521136883e-13, 1.0381829103192118e-16, 6.938893903907227e-18, 0.0, 0.0, 0.0, 1.6283684391915116e-12, 4.338421731633508e-13, 0.0], [0.0, 0.0, 0.0, 0.0, 0.0, 0.0, 0.0, 0.0, 0.0, 0.0, 0.0, 0.0, 0.0, 0.0, 0.0, 0.0, 0.0, 0.0, 0.0, 0.0, 0.0, 0.0, 0.0, 1.0, 0.0, 0.0, 0.0, 0.0, 0.0, 0.0, 0.0, 0.0, 0.0, 0.0, 0.0, 0.0, 0.0, 0.0, 0.0, 0.0, 0.0, 0.0, 0.0, 0.0, 0.0, 0.0, 0.0, 0.0, 0.0, 0.0, 0.0, 0.0, 0.0, 0.0, 0.0, 0.0, 0.0, 0.0, 0.0, 0.0, 0.0, 0.0, 0.0, 0.0, 0.0, 0.0, 0.0, 0.0, 0.0, 0.0, 0.0, 0.0, 0.0, 0.0, 0.0, 0.0, 0.0, 0.0, 0.0, 0.0, 0.0, 0.0, 0.0, 0.0], [0.0, 1.5478950363192e-22, 0.0, 0.00039085803782341774, 0.0, 1.02201435621757e-10, 1.9081875465014254e-06, 1.6500488384850838e-15, 1.8589136613446015e-21, 0.0012657115622344156, 2.944797683727508e-11, 0.0008283066675504235, 9.249467104946956e-13, 0.0, 1.2100398553006343e-13, 0.0, 8.575857220697142e-11, 0.0018227615812233696, 4.518576183571141e-14, 0.0009514344071284932, 2.960433645326801e-06, 2.002340649993953e-21, 4.5474735088646407e-13, 0.0, 1.0, 7.961303867292221e-22, 4.661415866169784e-14, 7.631427476923482e-06, 0.0, 0.0011349370057203816, 0.0, 2.1857622047785733e-11, 1.3319405445703805e-09, 5.820766091346741e-11, 0.0, 0.0, 3.019806626980425e-14, 7.758595165019698e-11, 2.91038304567337e-11, 0.000751725162516397, 0.0, 0.0019541672063473257, 4.5474735088646407e-13, 1.5624894638084988e-21, 0.0008761365581284246, 1.0071288502533803e-12, 8.476374196636423e-06, 3.0260081401011967e-05, 0.0, 1.714583324312136e-05, 5.4569682106822113e-11, 2.032945673480114e-09, 0.0, 0.0017210172445051447, 0.0, 1.9200577916327785e-05, 0.0005384011760663878, 0.0005384151246442388, 0.0, 0.0006152712613585304, 0.0004146662051863836, 0.0003065838233436408, 0.0019465273288554017, 0.0, 7.475154688462336e-09, 0.0019465273288554023, 0.0, 0.001654224172040784, 4.3629422458824657e-11, 2.4520962922688355e-05, 1.3319299240042126e-09, 7.62939453125e-06, 0.0005384011760663877, 2.6794621895374186e-12, 0.0, 0.0019770285550939366, 0.00036711449297517027, 0.0019505874585745158, 0.0016002988530073765, 9.98253149111457e-12, 1.164153218269348e-10, 5.162360509712941e-11, 0.0015718215653347317, 0.0], [0.0, 1.2967490725617583e-22, 0.0, 3.6647333881754077e-22, 0.0, 0.0, 0.0, 0.0, 8.428868971651429e-22, 4.1475031586285054e-22, 2.7121450505902323e-22, 6.568000161794443e-22, 0.0, 0.0, 9.064552827462774e-24, 0.0, 0.0, 2.1587912585700473e-22, 0.0, 1.3797951924783072e-22, 5.778819924873954e-25, 3.2087523397158857e-22, 0.0, 0.0, 7.961303867292221e-22, 1.0, 0.0, 8.731426675104817e-24, 0.0, 8.143928662353378e-22, 0.0, 2.0679515313825692e-25, 0.0, 0.0, 0.0, 0.0, 0.0, 0.0, 0.0, 2.75290884952559e-22, 0.0, 3.306719875555178e-24, 0.0, 4.18272192135935e-25, 3.9825173026467556e-22, 0.0, 6.484104602932226e-24, 3.6051973523005005e-24, 0.0, 0.0, 0.0, 0.0, 0.0, 2.7214315988219774e-22, 0.0, 3.2016534386046293e-22, 0.0, 1.675855780736317e-25, 0.0, 0.0, 3.8822343415822097e-22, 5.617666707378908e-22, 0.0, 0.0, 0.0, 0.0, 9.802140604443016e-24, 0.0, 0.0, 5.412455458147834e-22, 0.0, 0.0, 0.0, 7.692665845425127e-24, 0.0, 7.304245440381665e-22, 0.0, 4.776290416563305e-24, 0.0, 0.0, 0.0, 1.1999420635505622e-23, 6.550641173735989e-22, 0.0], [0.0, 7.223673924472881e-21, 0.0, 2.3756817996219715e-13, 0.0, 0.0, 9.402793996082009e-14, 4.218847493575594e-15, 1.1521366857154344e-20, 1.9982292196869938e-13, 2.056341178696452e-15, 1.9557099960847812e-13, 1.9934970970601622e-13, 0.0, 1.032559233337738e-13, 0.0, 0.0, 1.4558346474943415e-13, 9.918817629053493e-14, 1.982002882652786e-13, 2.710505431213761e-20, 6.82399629305169e-14, 5.946071466855683e-14, 0.0, 4.661415866169784e-14, 0.0, 1.0, 1.3015597461057115e-19, 0.0, 1.5526624255429528e-13, 0.0, 9.266664594863544e-14, 8.88178419700125e-16, 0.0, 0.0, 0.0, 8.88178419700125e-15, 0.0, 0.0, 2.5569927475430676e-13, 2.7105054312137605e-20, 1.7743192578946996e-13, 1.4090615836835808e-13, 4.235164736271503e-22, 1.1416083116218882e-13, 1.776366434551733e-15, 8.139051368913088e-14, 0.0, 0.0, 0.0, 2.1175823681357505e-21, 0.0, 0.0, 2.1274176615011898e-13, 0.0, 1.0444523624983016e-13, 0.0, 1.77635683940025e-15, 0.0, 9.182147540184654e-14, 3.3636185667397138e-21, 3.2323540245317507e-13, 0.0, 0.0, 5.861977570020827e-14, 0.0, 0.0, 0.0, 0.0, 3.970471622905559e-13, 0.0, 0.0, 0.0, 0.0, 0.0, 3.533627481695656e-13, 0.0, 2.9980032588890724e-20, 0.0, 0.0, 2.7105054312137608e-20, 1.3567695568733532e-13, 1.452277180529698e-13, 0.0], [0.0, 4.976479944959625e-20, 0.0, 9.152657650800144e-06, 0.0, 0.0, 3.1288416651038033e-06, 0.0, 4.335347778740765e-20, 5.313171281510256e-06, 1.1920928955081548e-07, 6.731855676023115e-06, 7.583424012457027e-27, 0.0, 5.065894477655465e-19, 0.0, 0.0, 1.0620466214747275e-05, 1.9439174147975973e-18, 1.2757269543485029e-05, 4.5904523347005975e-06, 1.0318696322913214e-21, 3.819024718869807e-28, 0.0, 7.631427476923482e-06, 8.731426675104817e-24, 1.3015597461057115e-19, 1.0, 0.0, 1.1940629773074047e-05, 0.0, 2.568557800988228e-07, 1.8626451492309568e-09, 1.1920928955078125e-07, 0.0, 1.7881393432617188e-07, 1.9220103807871312e-07, 0.0, 0.0, 4.614050055607929e-06, 2.7105054312137605e-20, 1.6171249493004347e-06, 0.0, 2.880367628971632e-19, 1.1531258602446438e-05, 2.2872822074999334e-19, 2.652414588443854e-06, 3.6369652347782144e-06, 0.0, 4.134986751500735e-06, 2.1573291057369423e-08, 1.862645149231165e-09, 2.3294290480183606e-27, 1.1506677559368517e-05, 4.336808689942018e-19, 2.903463497149669e-06, 0.0, 1.5219330091087455e-06, 0.0, 6.621075667195343e-24, 2.200320431043754e-21, 1.0714548967419224e-05, 0.0, 6.802107670631989e-27, 1.8626451492309566e-09, 0.0, 1.3099513872124034e-23, 4.986803614879436e-07, 0.0, 5.828386620411995e-06, 2.9904496520304816e-07, 9.234456293952126e-06, 1.9959483399841717e-27, 1.3108120043258295e-23, 0.0, 1.069436046051498e-05, 5.091916582436182e-06, 3.5062122365899326e-08, 1.9073486328124998e-06, 0.0, 2.710505443256406e-20, 1.344791093759317e-18, 8.389036556428778e-06, 0.0], [0.0, 0.0, 0.0, 8.78169979565375e-10, 0.0, 3.005830684527302e-10, 0.0, 0.0, 0.0, 1.492075007669631e-11, 0.0, 0.0, 0.0, 0.0, 0.0, 0.0, 0.0, 1.1553448706535509e-10, 0.0, 3.498527751842197e-10, 0.0, 0.0, 0.0, 0.0, 0.0, 0.0, 0.0, 0.0, 1.0, 3.8021084895717266e-10, 0.0, 0.0, 2.3283064365386963e-10, 0.0, 0.0, 0.0, 0.0, 0.0, 0.0, 3.236721284764576e-10, 1.761782898901305e-10, 0.0, 0.0, 0.0, 0.0, 0.0, 0.0, 2.6447783887715303e-10, 0.0, 0.0, 3.492459654808045e-10, 1.1924363666483758e-10, 0.0, 0.0, 0.0, 1.4998951626884928e-10, 0.0, 0.0, 0.0, 0.0, 0.0, 2.0597403331878195e-10, 0.0, 0.0, 0.0, 0.0, 0.0, 0.0, 0.0, 2.328306436538697e-10, 2.328306436538696e-10, 0.0, 0.0, 0.0, 0.0, 2.680712841395022e-10, 0.0, 0.0, 0.0, 0.0, 0.0, 2.3283064365386963e-10, 1.2955167353192057e-10, 0.0], [0.0, 2.5804132291270052e-20, 2.6559923826398687e-09, 0.8399638779325492, 0.0, 1.6117453083640728e-09, 2.930162271518538e-06, 2.2045965279902414e-15, 2.8160127310175104e-20, 0.67159806886543, 0.1958621134555409, 0.6043689769931428, 2.719240243457758e-12, 1.6298145055770876e-09, 0.2873335523332361, 0.0, 4.74748705058768e-11, 0.3928907060521513, 2.0265981535653075e-13, 0.3118835130395442, 0.18331109330626602, 5.945515371039947e-12, 1.214483980211479e-12, 0.0, 0.0011349370057203816, 8.143928662353378e-22, 1.5526624255429528e-13, 1.1940629773074047e-05, 3.8021084895717266e-10, 1.0, 3.964083992062232e-05, 2.808072587937598e-07, 4.9344966435684325e-09, 1.490437126053632e-07, 0.0, 0.011770843434967577, 0.08531755036143107, 7.771052929167924e-11, 8.527600692301136e-10, 0.7145687279546287, 2.9974578112880977e-09, 0.01871642302379222, 0.005734572457539524, 0.006359160249273959, 0.46700567794944015, 0.014943403425253295, 0.0003739991796911894, 2.0332579317518335e-05, 0.000974581493852358, 0.045185096746987646, 2.0607019670659437e-05, 0.001062370805954234, 2.518598320172357e-27, 0.24849039844371712, 4.836640835274615e-19, 0.6477670491839916, 0.010842183780935648, 0.012032168615484257, 0.29957350331474325, 0.01859975445058415, 0.0010340876820586818, 0.28750572809974867, 0.0026180926759060376, 3.419706975262434e-12, 1.11024807508047e-08, 0.0019692546427522006, 0.03898096654292016, 0.002225272835868709, 5.507932054326812e-05, 0.10693304145642175, 0.0002862196628897102, 0.057739470665766374, 0.0019540864942179216, 1.5061030502288176e-12, 0.0, 0.4088141993638388, 0.0431711509343205, 0.14076856738304572, 0.0028057703509656367, 1.737846400969854e-10, 1.9158553489184913e-09, 6.832543653392188e-10, 0.5484105941686221, 0.00036904451866071373], [0.0, 0.0, 0.0, 0.00012672223715436742, 0.0, 7.996318267634099e-12, 6.661338147750939e-16, 1.1102230246251564e-16, 0.0, 0.00010413066306207269, 0.0, 0.00010936127946752747, 1.048039775374549e-12, 0.0, 2.157056083093525e-12, 0.0, 0.0, 9.072219779215778e-05, 1.6653345369377348e-16, 7.202008408466301e-05, 1.8761443175368052e-13, 7.219829563691338e-12, 0.0, 0.0, 0.0, 0.0, 0.0, 0.0, 0.0, 3.964083992062232e-05, 1.0, 0.0, 4.440892098500626e-16, 0.0, 0.0, 0.0, 0.00013837941750915103, 0.0, 7.275957614183426e-12, 3.644469565496345e-05, 0.0, 9.096606286926647e-13, 0.0, 0.0, 1.652163656769767e-05, 0.0, 6.094455461596703e-05, 2.12919126714015e-12, 0.0, 0.0, 0.0001220703188664629, 7.275957614183426e-12, 0.0, 0.00013355225452374377, 0.0, 5.4310093571110184e-05, 0.0, 0.0, 0.0, 0.0, 0.0, 7.824321344792138e-05, 0.0, 3.6319158416976316e-12, 2.728983705679866e-12, 0.0, 1.818989403545856e-12, 0.0, 3.197641631175383e-05, 4.490236276001366e-05, 0.0, 4.647137375652348e-05, 3.0517578124999997e-05, 0.0, 0.0, 6.043009335070002e-05, 5.7150235081022106e-05, 0.00014376659824696692, 0.0, 2.7284841053187847e-12, 0.0, 7.675196776621009e-12, 7.992415165206785e-05, 0.00016255006865818997], [0.0, 0.0, 4.3562044729902254e-09, 6.997581320156187e-08, 0.0, 4.698219542611032e-10, 7.640544001594581e-07, 0.0, 0.0, 8.29919312279593e-07, 1.4551915228366849e-11, 2.8438027359367713e-07, 6.574890462314884e-14, 6.309141745283111e-10, 1.1368683772192622e-13, 0.0, 0.0, 2.98116305670095e-07, 5.714701044868967e-14, 2.2535338020058367e-07, 5.169878828456423e-26, 0.0, 0.0, 0.0, 2.1857622047785733e-11, 2.0679515313825692e-25, 9.266664594863544e-14, 2.568557800988228e-07, 0.0, 2.808072587937598e-07, 0.0, 1.0, 2.3499696346215893e-09, 2.9809598345309496e-08, 0.0, 0.0, 1.192092913271381e-07, 3.9612912437390794e-11, 9.463712617924668e-10, 2.0848952402289769e-07, 1.3693328609047542e-09, 3.672381246628951e-07, 3.7714971921163676e-14, 2.0679515313825692e-25, 9.725856830149436e-07, 6.780018961414155e-15, 2.420210097964125e-07, 7.699739686132327e-10, 0.0, 2.9802322387695312e-08, 7.275957614183426e-12, 9.313225746154783e-10, 0.0, 9.776994679969333e-07, 0.0, 5.755182834174445e-07, 0.0, 7.277174532250473e-10, 0.0, 1.598721155