"{\"names\": [\"172.217.10.1\", \"104.88.86.240\", \"38.93.140.48\", \"192.168.10.15\", \"104.88.108.223\", \"195.142.105.15\", \"172.217.12.163\", \"206.217.206.48\", \"172.217.6.228\", \"178.255.83.1\", \"74.119.118.82\", \"192.168.10.9\", \"172.217.7.6\", \"35.186.227.40\", \"31.13.71.36\", \"206.126.112.142\", \"151.101.2.49\", \"192.168.10.25\", \"172.217.3.98\", \"192.168.10.16\", \"72.30.202.150\", \"172.217.12.132\", \"50.31.164.173\", \"162.208.20.178\", \"23.15.4.16\", \"216.58.217.99\", \"172.217.6.198\", \"172.217.12.174\", \"169.46.44.40\", \"192.168.10.17\", \"52.84.143.130\", \"104.19.195.102\", \"216.200.232.61\", \"104.97.73.166\", \"152.163.13.79\", \"192.229.163.25\", \"74.119.118.86\", \"54.225.188.92\", \"188.165.145.88\", \"192.168.10.14\", \"8.43.72.98\", \"199.96.57.6\", \"68.67.178.110\", \"104.88.70.158\", \"192.168.10.19\", \"69.172.216.56\", \"157.240.18.35\", \"172.217.11.34\", \"185.54.150.20\", \"69.169.85.7\", \"198.232.124.194\", \"74.119.118.72\", \"172.217.12.134\", \"192.168.10.5\", \"23.111.9.30\", \"192.168.10.8\", \"151.101.66.2\", \"68.67.178.199\", \"213.239.195.215\", \"138.108.7.20\", \"52.84.145.87\", \"192.168.10.50\", \"52.84.145.198\", \"52.40.24.51\", \"212.77.100.137\", \"185.54.150.115\", \"172.217.10.138\", \"152.163.66.165\", \"52.84.137.78\", \"192.168.10.51\", \"68.67.178.109\", \"129.146.14.96\", \"54.152.24.232\", \"172.217.10.33\", \"52.8.229.108\", \"192.168.10.12\", \"64.147.131.201\", \"172.217.12.206\", \"68.67.180.12\", \"172.217.10.134\", \"38.69.238.16\", \"172.217.10.142\", \"192.168.10.3\", \"172.217.6.202\"], \"funcEdges\": [[1.0, 0.0, 0.0, 0.0, 0.0, 0.0, 0.0, 0.0, 0.0, 0.0, 0.0, 0.0, 0.0, 0.0, 0.0, 0.0, 0.0, 0.0, 0.0, 0.0, 0.0, 0.0, 0.0, 0.0, 0.0, 0.0, 0.0, 0.0, 0.0, 0.0, 0.0, 0.0, 0.0, 0.0, 0.0, 0.0, 0.0, 0.0, 0.0, 0.0, 0.0, 0.0, 0.0, 0.0, 0.0, 0.0, 0.0, 0.0, 0.0, 0.0, 0.0, 0.0, 0.0, 0.0, 0.0, 0.0, 0.0, 0.0, 0.0, 0.0, 0.0, 0.0, 0.0, 0.0, 0.0, 0.0, 0.0, 0.0, 0.0, 0.0, 0.0, 0.0, 0.0, 0.0, 0.0, 0.0, 0.0, 0.0, 0.0, 0.0, 0.0, 0.0, 0.0, 0.0], [0.0, 1.0, 0.0, 6.012399892030575e-12, 0.0, 0.0, 0.0, 0.0, 3.882592405271273e-12, 6.7166113846831434e-12, 9.505823407741044e-13, 3.429323987905359e-12, 0.0, 0.0, 2.484074012328356e-12, 0.0, 0.0, 2.5397972136422077e-12, 4.3926485299699e-12, 2.6821998569929267e-12, 1.4657377480756295e-15, 1.0821241563389672e-13, 0.0, 0.0, 2.077549549572405e-14, 1.7404671430534633e-14, 9.695451019555937e-13, 6.679318316500459e-12, 0.0, 3.4633720091457006e-12, 0.0, 0.0, 0.0, 0.0, 0.0, 0.0, 0.0, 0.0, 0.0, 3.426393575407135e-12, 0.0, 2.52649138914375e-13, 0.0, 0.0, 5.567286735101823e-12, 3.5967340991687357e-12, 8.79442648845378e-15, 2.686635847886663e-14, 0.0, 0.0, 2.2737367544323206e-13, 7.105427357601002e-15, 0.0, 6.605094136976751e-12, 0.0, 4.406661521788205e-12, 0.0, 0.0, 0.0, 0.0, 4.641245714809235e-14, 4.78098627716681e-12, 0.0, 0.0, 0.0, 0.0, 0.0, 0.0, 0.0, 4.343507010571827e-12, 0.0, 0.0, 0.0, 0.0, 0.0, 2.4790419442863366e-12, 0.0, 3.921255574559012e-12, 0.0, 0.0, 0.0, 8.363066531385835e-14, 7.837831627692382e-12, 0.0], [0.0, 0.0, 1.0, 0.2723014127608785, 0.0, 0.07573307249388708, 0.514221146578592, 0.0, 0.0, 0.29009361352417895, 0.0, 0.27601417474992107, 0.0, 0.25, 0.0, 0.0, 0.0, 0.7027263928267997, 0.0, 0.5418946838990384, 0.0, 0.0, 0.0, 0.0, 0.0, 0.0, 0.0, 0.0, 0.0, 0.3564812631832298, 0.0, 0.5846798670681854, 0.20003063099984758, 0.0, 0.0, 0.0, 0.0, 0.0, 0.06249999999999997, 0.4246330625071768, 0.2260872995954598, 0.012731263183229853, 0.0, 0.0, 0.29909906865566843, 0.0, 0.49847868710416343, 0.11262780750210699, 0.0, 0.0, 0.0, 0.12499999999999997, 0.0, 0.2086670118248083, 0.0, 0.22642507325950392, 0.0, 0.09767234477923302, 0.0, 0.012731263183229851, 0.0, 0.5204520032075475, 0.0, 0.0, 0.12499999999999997, 0.0, 0.0, 0.0, 0.0, 0.28268036399757457, 0.07314182455469392, 0.0, 0.0, 0.0, 0.0, 0.2794064043720344, 0.0, 0.28230812544404515, 0.0, 0.012731263183229853, 0.17206332620046783, 0.017505486876941048, 0.598993138926176, 0.0], [0.0, 6.012399892030575e-12, 0.2723014127608785, 1.0, 0.0, 0.19622089610366822, 0.24367595759473645, 4.2590035175219826e-07, 9.2973448926707e-12, 0.20060649383589152, 0.009326600933418413, 0.3884929370063471, 0.0003253355234577208, 0.06993822218759896, 0.0005277762630785788, 0.0, 0.008051357472989934, 0.3190160767748319, 3.108314666869711e-05, 0.3730982049392877, 0.00012747480750662014, 0.00043518346148149517, 0.00025445866208755367, 0.0, 0.018936172696799, 4.918721890866453e-14, 3.188586135962123e-05, 1.5654906798122315e-10, 0.11786597945507106, 0.3796695299788924, 0.000603804116383249, 0.29632254863133733, 0.2547669211216053, 0.0068359375, 0.0, 0.0, 2.910920188026743e-06, 0.013934099515604948, 0.09633305621169413, 0.5397211141800391, 0.5299074693623183, 0.031255640748780004, 0.0002897351210630465, 3.142562661591297e-11, 0.34652762095462175, 8.479446211575143e-05, 0.20430181653844393, 0.6038247550922897, 1.8576440182251344e-09, 0.0, 0.12198497630659454, 0.13181730871788422, 4.1941537805927324e-19, 0.30486578447001145, 9.467819261013195e-11, 0.5756645592552635, 0.0, 0.11576002395062676, 0.0, 0.04051528190972131, 5.896792619449559e-13, 0.4876550139833975, 0.0, 0.0002726179267451323, 0.23517959369933353, 2.0954757928848262e-09, 0.0007545144731272667, 1.2827339670846042e-19, 0.0034937148171823437, 0.4734271235861149, 0.07247934241063979, 0.0, 6.047633907366715e-19, 8.099228548724462e-05, 0.0, 0.43666831294390696, 2.654971705248978e-08, 0.3334953087675965, 1.2610865476658415e-19, 0.01077038342724056, 0.19567148916714328, 0.06736453703765496, 0.38514894225944296, 0.0], [0.0, 0.0, 0.0, 0.0, 1.0, 0.0, 0.0, 0.0, 0.0, 0.0, 0.0, 0.0, 0.0, 0.0, 0.0, 0.0, 0.0, 0.0, 0.0, 0.0, 0.0, 0.0, 0.0, 0.0, 0.0, 0.0, 0.0, 0.0, 0.0, 0.0, 0.0, 0.0, 0.0, 0.0, 0.0, 0.0, 0.0, 0.0, 0.0, 0.0, 0.0, 0.0, 0.0, 0.0, 0.0, 0.0, 0.0, 0.0, 0.0, 0.0, 0.0, 0.0, 0.0, 0.0, 0.0, 0.0, 0.0, 0.0, 0.0, 0.0, 0.0, 0.0, 0.0, 0.0, 0.0, 0.0, 0.0, 0.0, 0.0, 0.0, 0.0, 0.0, 0.0, 0.0, 0.0, 0.0, 0.0, 0.0, 0.0, 0.0, 0.0, 0.0, 0.0, 0.0], [0.0, 0.0, 0.07573307249388708, 0.19622089610366822, 0.0, 1.0, 0.039100891520759004, 0.0, 0.0, 0.24103991357864782, 0.004952833794575928, 0.06857581064922304, 0.00028075156779211344, 0.06249999999999998, 0.0004618835829283624, 0.0, 0.003599421248302588, 0.18016894823287, 0.0, 0.13244445206531844, 0.00024672419562495675, 0.0009190264507660335, 0.0, 0.0, 0.013717244487490492, 0.0, 0.0, 0.0, 0.040343576522993925, 0.21632479340328525, 0.0010732476702467447, 0.06305843526544519, 0.07503063099984761, 0.005215032835663951, 0.0, 0.0, 0.0, 0.012184030588094155, 0.08713870555908274, 0.12911112815529674, 0.22559084847535513, 0.026246014183618126, 0.0, 0.0, 0.1173585706107852, 0.0, 0.0400021171803019, 0.16220496442887644, 0.0, 0.0, 0.12644959527669758, 0.10934868661477035, 0.0, 0.2939619213835905, 0.0, 0.23799655565609396, 0.0, 0.0, 0.0, 0.039986233875398576, 0.0, 0.1707145234579241, 0.0, 0.00018415644433798144, 0.03040618571339239, 0.0, 0.0004320442486002496, 0.0, 0.005115521934121593, 0.15497046549407104, 0.11348540107768783, 0.0, 0.0, 0.0, 0.0, 0.15916098462827988, 0.0, 0.06341961744633429, 0.0, 0.01201816590190195, 0.1308741030040866, 0.011762638506317081, 0.12911168614857899, 0.0], [0.0, 0.0, 0.514221146578592, 0.24367595759473645, 0.0, 0.039100891520759004, 1.0, 1.4901161193847656e-08, 0.0, 0.192560126903665, 0.003583603068754392, 0.22009747389704648, 3.7616743447090206e-05, 0.0, 7.836431030945991e-06, 0.0, 0.002057817169056402, 0.5440978613741654, 1.0650686347901654e-05, 0.4336554099533201, 0.0, 3.0194385445251796e-05, 0.00023765127070260022, 0.0, 0.00834147972472618, 0.0, 1.2620216470061681e-05, 0.0, 0.0, 0.2385667760902442, 8.940696716308594e-08, 0.49599477504812645, 0.1491126347540328, 0.006089557637746985, 0.0, 0.0, 3.5950332832637616e-10, 0.01015029467247864, 0.021368560044693174, 0.27172632441188893, 0.20063697020376747, 0.015935043166354232, 0.00023160010024116183, 0.0, 0.11393188150324912, 7.41799431805719e-05, 0.5366241698566778, 0.08194196872708105, 1.8547232641286706e-09, 0.0, 0.029527057637746983, 0.04627631825869796, 0.0, 0.1948734967632378, 0.0, 0.2823888531603379, 0.0, 0.01830287107700607, 0.0, 0.03437391091676129, 0.0, 0.5288118564309527, 0.0, 0.0, 0.1732983903183182, 2.789366699571285e-09, 0.0, 0.0, 0.002377717391304348, 0.329895654761717, 1.8503909048281219e-09, 0.0, 0.0, 8.373954352661563e-05, 0.0, 0.09231291953048076, 2.5106236214588712e-08, 0.17945167851645974, 0.0, 0.036705240854081236, 0.03382789893495094, 0.025969825145988404, 0.5251669313074491, 0.0], [0.0, 0.0, 0.0, 4.2590035175219826e-07, 0.0, 0.0, 1.4901161193847656e-08, 1.0, 0.0, 2.82275914440094e-07, 2.9662670784670234e-07, 3.5156538054778853e-07, 0.0, 0.0, 0.0, 0.0, 0.0, 2.812239481918858e-07, 9.16425388755441e-08, 2.1478753577252564e-07, 0.0, 0.0, 0.0, 0.0, 2.214658061905069e-07, 0.0, 5.662441253662108e-07, 0.0, 0.0, 2.958959371435386e-07, 1.4901161193847655e-08, 0.0, 1.8275333132591745e-07, 0.0, 0.0, 0.0, 0.0, 0.0, 0.0, 7.546464948075475e-07, 0.0, 1.02072364996355e-08, 0.0, 0.0, 2.8151172050701976e-07, 0.0, 5.662441253662108e-07, 0.0, 0.0, 0.0, 0.0, 0.0, 0.0, 3.2407457991159947e-07, 0.0, 1.4877631719425686e-07, 0.0, 0.0, 0.0, 5.662441253662108e-07, 0.0, 4.3716967354164106e-07, 0.0, 0.0, 1.0803448133119284e-07, 0.0, 0.0, 0.0, 0.0, 2.7161225462036064e-07, 0.0, 0.0, 0.0, 0.0, 0.0, 5.774970737054244e-07, 0.0, 0.0, 0.0, 0.0, 0.0, 2.235174179077148e-07, 1.898347019229138e-07, 0.0], [0.0, 3.882592405271273e-12, 0.0, 9.2973448926707e-12, 0.0, 0.0, 0.0, 0.0, 1.0, 5.119206450712227e-12, 1.0389629106405944e-12, 7.1323103732297e-12, 0.0, 0.0, 7.44149259692109e-12, 0.0, 0.0, 5.379736282730905e-12, 4.209843411624412e-12, 5.956489343706279e-12, 0.0, 2.46434096362371e-13, 0.0, 0.0, 2.4949916817383384e-13, 1.1313036429847512e-13, 1.5463716830217566e-12, 5.8188052895243214e-12, 0.0, 3.779588307762454e-12, 0.0, 0.0, 0.0, 0.0, 0.0, 0.0, 0.0, 0.0, 0.0, 7.200766903668171e-12, 0.0, 2.2737367544323206e-13, 0.0, 9.812913577578161e-14, 6.172984617041511e-12, 1.4528660119198596e-12, 0.0, 0.0, 0.0, 0.0, 2.731672721385968e-13, 0.0, 0.0, 1.7814134733106637e-12, 0.0, 7.819468122863422e-12, 0.0, 0.0, 0.0, 0.0, 1.5784796956239947e-13, 4.799370621860299e-12, 0.0, 0.0, 0.0, 0.0, 0.0, 0.0, 0.0, 6.163218476115367e-12, 0.0, 0.0, 0.0, 0.0, 0.0, 9.527915126644554e-12, 0.0, 2.7606863845892528e-12, 0.0, 0.0, 0.0, 0.0, 4.471576316914282e-12, 0.0], [0.0, 6.7166113846831434e-12, 0.29009361352417895, 0.20060649383589152, 0.0, 0.24103991357864782, 0.192560126903665, 2.82275914440094e-07, 5.119206450712227e-12, 1.0, 0.0027340331687481633, 0.5796063939393583, 0.0005096455810838491, 0.10122204127236448, 0.0002087051860085912, 0.0, 0.008235098073355155, 0.1408850410947202, 8.74150635333905e-06, 0.3935260368944923, 4.552815099689431e-05, 0.0002834253788985694, 7.156975155585887e-05, 0.0, 0.009450746757754116, 5.566684508239416e-14, 2.6819778588960118e-05, 3.6078451145696517e-10, 0.0020026291753500046, 0.5100915906516608, 0.00024976705471784177, 0.3275606747386054, 0.44467306720499156, 0.016105403696122726, 0.0, 0.0, 7.523446437370735e-07, 0.007135095208220546, 0.13715221061498212, 0.4536290058659362, 0.3954355711229957, 0.01258550828604508, 0.00012549794304543427, 5.685943740859197e-14, 0.4162152293033675, 0.00016602847480299627, 0.15049886792533748, 0.33734415830740005, 7.300499010326147e-10, 0.0, 0.14377972845708162, 0.4177795855129388, 2.2231937693332045e-19, 0.40539886327075614, 2.446650479158844e-12, 0.40711870753316626, 0.0, 0.39941371497033973, 0.0, 0.07997605798913006, 4.4997469868020177e-13, 0.44730834541820996, 0.0, 1.9240941189007714e-05, 0.23332809284136458, 1.0831386751625096e-09, 0.0009765625000010146, 1.9794732892213925e-19, 0.007442364663848601, 0.5676533961442046, 0.13772190887708105, 0.0, 1.806634431960492e-19, 0.0001369169061650784, 0.0, 0.534652858243116, 2.2275348496343577e-08, 0.22876289510310538, 3.9945600085321516e-19, 0.01940548132527692, 0.23386760269902956, 0.14234091457129777, 0.4279965453862089, 0.0], [0.0, 9.505823407741044e-13, 0.0, 0.009326600933418413, 0.0, 0.004952833794575928, 0.003583603068754392, 2.9662670784670234e-07, 1.0389629106405944e-12, 0.0027340331687481633, 1.0, 3.0448169570382926e-07, 2.6104703453622484e-05, 0.0, 3.051759745904255e-05, 0.0, 0.0019447417842931088, 0.005704003206384566, 1.2428167009481038e-07, 0.004453109659750186, 3.65004466069099e-12, 2.819710929930639e-13, 0.0, 0.0, 0.003952440545295687, 3.6401794669666604e-14, 2.759974409974798e-07, 4.5920018175774015e-12, 0.0, 0.0021611485967233065, 0.0, 0.0019531249999999996, 1.1628583074927467e-07, 0.0, 0.0, 0.0, 0.0, 0.00406575390520729, 0.0, 0.0022734277715026176, 3.637978807091713e-12, 3.051757835492931e-05, 0.0, 2.2737367544323206e-13, 0.002673918610582166, 2.3808650404016564e-13, 0.003250600866256709, 0.00463393987503782, 0.0, 0.0, 2.8421709430404007e-13, 2.437141477322895e-15, 0.0, 0.004395525856137853, 0.0, 0.007687201662560994, 0.0, 0.0, 0.0, 2.759935196897568e-07, 9.836569351642228e-14, 0.003841292129006644, 0.0, 0.0, 0.00195324420928955, 0.0, 6.558044407146145e-16, 0.0, 0.0019531249999999996, 0.0040950413166816035, 3.4639557673795003e-15, 0.0, 0.0, 3.051757812581667e-05, 0.0, 0.0034910667976070916, 0.0, 4.994275346760204e-13, 0.0, 0.0, 3.637978807091714e-12, 0.001953660444055377, 0.004725181671652681, 0.0], [0.0, 3.429323987905359e-12, 0.27601417474992107, 0.3884929370063471, 0.0, 0.06857581064922304, 0.22009747389704648, 3.5156538054778853e-07, 7.1323103732297e-12, 0.5796063939393583, 3.0448169570382926e-07, 1.0, 0.000299577844251453, 0.06249999999999998, 0.0002959082339902036, 0.0, 0.0, 0.1404992630157318, 1.7254083280489077e-05, 0.3560825639416234, 3.3337379710952117e-05, 0.0004179973290029981, 6.223022275700359e-05, 0.0, 6.980831837601059e-05, 8.815420592196826e-14, 2.6249095230138823e-05, 5.312621218138002e-10, 0.0, 0.297315568620058, 0.0008431054017411895, 0.2977660393441087, 0.2156952930609244, 6.46258355773763e-19, 0.0, 0.0, 1.9067932310004826e-06, 0.0, 0.07571931257565266, 0.24440843037038038, 0.30962268691740663, 0.010463716603152606, 9.926079558378147e-05, 5.4195354007697327e-11, 0.3484056600496432, 0.00018556492240273803, 0.2338360320254989, 0.18621092027399014, 5.38041153712911e-10, 0.0, 0.029249956046398334, 0.17032981871752922, 4.3170821386178755e-19, 0.5148418058220728, 1.4669627588755931e-10, 0.2821258847893017, 0.0, 0.16092403749076162, 0.0, 0.05666800851845165, 2.7273858491343273e-13, 0.5119282373034659, 0.0, 0.00048746749255986486, 0.2082682216310543, 7.624875665778535e-10, 0.0009108406585758753, 7.377970251170102e-19, 0.0, 0.5679403012898668, 0.07314182514908954, 0.0, 4.778613803586663e-19, 6.280370353751404e-05, 0.0, 0.33375625475752563, 1.6935006358357248e-08, 0.3283512664347676, 8.274837820786402e-19, 0.009495793434851348, 0.2341609691227254, 0.031392567876916376, 0.4264837014487145, 0.0], [0.0, 0.0, 0.0, 0.0003253355234577208, 0.0, 0.00028075156779211344, 3.7616743447090206e-05, 0.0, 0.0, 0.0005096455810838491, 2.6104703453622484e-05, 0.000299577844251453, 1.0, 0.0, 0.00013425704540150817, 0.0, 0.0, 0.0003291211256003365, 3.2051500898083314e-05, 0.00047643295091155273, 0.00018936127310653468, 1.8646589560066715e-06, 6.202102635443802e-05, 0.0, 0.0001241442460036718, 0.0, 2.6756265114201045e-05, 1.0178299414126259e-18, 0.0, 0.00036497024736306715, 0.0001406655175044023, 8.824668597007733e-06, 0.0, 0.0, 0.0, 0.0, 0.0, 0.0, 0.0, 0.00031249401517193805, 0.0, 0.0002734617006468728, 8.845067036112092e-05, 0.0, 0.0003967794350149188, 0.00015832571434586755, 0.00045667224853261114, 0.0001406655175044023, 0.0, 0.0, 0.0, 0.0, 4.336808689942018e-19, 0.00034422958338217204, 0.0, 0.0002176809059691753, 0.0, 2.4344302588892736e-19, 0.0, 3.1557023569044045e-05, 2.1684043449710084e-19, 0.00045135084566435283, 0.0, 0.00011364903957554366, 0.000727637385415929, 0.0, 0.0, 2.1684043449710086e-19, 0.0, 0.0003322077173656346, 0.0, 0.0, 4.336808689942018e-19, 0.0001483193186145575, 0.0, 0.0007990900144070269, 0.0, 2.1684043449710086e-19, 4.880723699650119e-19, 0.0001406655175044023, 0.0, 0.00022262776393714473, 0.0002969216835572775, 0.0], [0.0, 0.0, 0.25, 0.06993822218759896, 0.0, 0.06249999999999998, 0.0, 0.0, 0.0, 0.10122204127236448, 0.0, 0.06249999999999998, 0.0, 1.0, 0.0, 0.0, 0.0, 0.1928074718199247, 0.0, 0.21688190430892726, 0.0, 0.0, 0.0, 0.0, 0.0, 0.0, 0.0, 0.0, 0.0, 0.21875000000000003, 0.0, 0.0846798670681854, 0.07503063099984762, 0.0, 0.0, 0.0, 0.0, 0.0, 0.06249999999999999, 0.24672098731773692, 0.09094160465856899, 0.0, 0.0, 0.0, 0.24940482818499402, 0.0, 0.0, 0.08175087141005481, 0.0, 0.0, 0.0, 0.0, 0.0, 0.06435395353829611, 0.0, 0.06116251152987524, 0.0, 0.0, 0.0, 0.0, 0.0, 0.00802058764471246, 0.0, 0.0, 0.0, 0.0, 0.0, 0.0, 0.0, 0.06249999999999998, 0.07314182455469392, 0.0, 0.0, 0.0, 0.0, 0.19611613513818402, 0.0, 0.06249999999999998, 0.0, 0.0, 0.15309310892394865, 0.0, 0.09600307214746386, 0.0], [0.0, 2.484074012328356e-12, 0.0, 0.0005277762630785788, 0.0, 0.0004618835829283624, 7.836431030945991e-06, 0.0, 7.44149259692109e-12, 0.0002087051860085912, 3.051759745904255e-05, 0.0002959082339902036, 0.00013425704540150817, 0.0, 1.0, 0.0, 0.0, 0.0007183545840982675, 1.3795897887048864e-05, 0.0003238267919189252, 1.2056747209491828e-11, 0.0003427765802439199, 6.5555602373431915e-06, 0.0, 1.624088001678999e-05, 1.2166236858380296e-15, 1.3858775432401306e-05, 6.799328470786632e-11, 0.0, 2.5551245150613768e-05, 0.00028951516664139215, 1.5258789062541633e-05, 0.0, 0.0, 0.0, 0.0, 0.0, 0.0, 0.0002895151666413921, 0.00046020892576015943, 2.127654485635764e-11, 6.615943974606552e-05, 1.2801935675787874e-05, 4.1633363423443364e-17, 0.00012511288869122679, 1.8230667483722806e-12, 0.000583874842217145, 0.0007093216388804892, 4.4142036076636843e-10, 0.0, 0.0004342727499620883, 0.00028951571294446704, 0.0, 0.00018345038138857202, 5.820766091346741e-11, 0.0003593174296019465, 0.0, 1.3877787807814454e-17, 0.0, 7.629394531249999e-06, 0.0, 0.000913078470881214, 0.0, 0.0, 0.00010413445007838072, 4.656612873077394e-10, 9.650505554797244e-05, 0.0, 0.0, 0.0010737880421720263, 5.067393068061291e-10, 0.0, 0.0, 4.5776367188121275e-05, 0.0, 0.0008835453676481347, 4.656612873077393e-10, 9.661566012014586e-12, 0.0, 9.650505554713071e-05, 2.1276539652187212e-11, 0.0004148512179048113, 0.0007775279452315892, 0.0], [0.0, 0.0, 0.0, 0.0, 0.0, 0.0, 0.0, 0.0, 0.0, 0.0, 0.0, 0.0, 0.0, 0.0, 0.0, 1.0, 0.0, 0.0, 0.0, 0.0, 0.0, 0.0, 0.0, 0.0, 0.0, 0.0, 0.0, 0.0, 0.0, 0.0, 0.0, 0.0, 0.0, 0.0, 0.0, 0.0, 0.0, 0.0, 0.0, 0.0, 0.0, 0.0, 0.0, 0.0, 0.0, 0.0, 0.0, 0.0, 0.0, 0.0, 0.0, 0.0, 0.0, 0.0, 0.0, 0.0, 0.0, 0.0, 0.0, 0.0, 0.0, 0.0, 0.0, 0.0, 0.0, 0.0, 0.0, 0.0, 0.0, 0.0, 0.0, 0.0, 0.0, 0.0, 0.0, 0.0, 0.0, 0.0, 0.0, 0.0, 0.0, 0.0, 0.0, 0.0], [0.0, 0.0, 0.0, 0.008051357472989934, 0.0, 0.003599421248302588, 0.002057817169056402, 0.0, 0.0, 0.008235098073355155, 0.0019447417842931088, 0.0, 0.0, 0.0, 0.0, 0.0, 1.0, 0.008395523606200621, 0.0, 0.0012147438476087023, 0.0, 0.0, 0.0, 0.0, 0.01151032071814365, 0.0, 0.0, 0.0, 0.0, 0.006371969256392994, 0.0, 0.0, 0.0, 0.009568319307746789, 0.0, 0.0, 0.0, 0.010365679250059023, 0.0063788795384978605, 0.006453767537144401, 0.0, 0.0, 0.0, 0.0, 0.008751750525175062, 0.0, 0.0023080982505393316, 0.008103403939926531, 0.0, 0.0, 0.006378879538497859, 0.0, 0.0, 0.0029153253521535644, 0.0, 0.002702352484515139, 0.0, 0.0, 0.0, 0.00956831930774679, 0.0, 0.008544247385685872, 0.0, 0.0, 0.00956831930774679, 0.0, 0.0, 0.0, 0.0, 0.007111984503902805, 0.0, 0.0, 0.0, 0.0, 0.0, 0.010851840714384772, 0.0, 0.0, 0.0, 0.0049228596704109714, 0.00956831930774679, 0.00637887953849786, 0.012997399017635681, 0.0], [0.0, 2.5397972136422077e-12, 0.7027263928267997, 0.3190160767748319, 0.0, 0.18016894823287, 0.5440978613741654, 2.812239481918858e-07, 5.379736282730905e-12, 0.1408850410947202, 0.005704003206384566, 0.1404992630157318, 0.0003291211256003365, 0.1928074718199247, 0.0007183545840982675, 0.0, 0.008395523606200621, 1.0, 3.3271788257259975e-05, 0.7243214733278385, 0.0002798646894956001, 0.0004247793265114485, 0.00017850417228939581, 0.0, 0.014336952253895727, 2.897480579515323e-14, 1.953988187303714e-05, 3.909423087615811e-10, 0.015506776359557347, 0.44129844869904106, 0.0007400556994838369, 0.5455542083190382, 0.3553192939083527, 0.0009779091875679298, 0.0, 0.0, 4.031584137895436e-06, 0.016420243273583122, 0.06073061419723094, 0.6331473803210781, 0.5266878653709761, 0.01477556930714285, 0.0001949857721075501, 8.126959031408203e-11, 0.3089860992834382, 0.00016267103874859553, 0.5324728701306222, 0.2295127952931567, 1.338727164208233e-09, 0.0, 0.0949906037577066, 0.12891554786476797, 4.78670107076073e-19, 0.18521457879456574, 5.149350832969548e-11, 0.6170519997205893, 0.0, 0.022747740973166758, 0.0, 0.025375936678842942, 2.5871266327582103e-13, 0.6512729409714655, 0.0, 0.00029009171099466524, 0.1529669282343066, 1.575748846600603e-09, 0.00026419064952682775, 6.0276779141471145e-19, 0.0011211388133497862, 0.38966924662659663, 0.2203154241418471, 0.0, 5.809151621840093e-19, 0.0002163238054706093, 0.0, 0.3885175293163795, 1.6681330457760674e-08, 0.18779234924761623, 6.589555580398239e-19, 0.026223721593460203, 0.21133461681577626, 0.03903975628002401, 0.7736754684508289, 0.0], [0.0, 4.3926485299699e-12, 0.0, 3.108314666869711e-05, 0.0, 0.0, 1.0650686347901654e-05, 9.16425388755441e-08, 4.209843411624412e-12, 8.74150635333905e-06, 1.2428167009481038e-07, 1.7254083280489077e-05, 3.2051500898083314e-05, 0.0, 1.3795897887048864e-05, 0.0, 0.0, 3.3271788257259975e-05, 1.0, 9.075718323440916e-06, 1.386936227293291e-11, 9.159012596889501e-06, 7.98369513051734e-06, 0.0, 6.064730291538295e-06, 0.0, 1.3312811666179066e-05, 2.609081788337671e-10, 0.0, 2.7200539974053068e-05, 2.2351741790771484e-08, 7.670141904415388e-06, 5.977398963928533e-07, 1.3552527156068804e-20, 0.0, 0.0, 3.591582798633406e-07, 0.0, 0.0, 3.1116190169852737e-05, 3.5328765358628103e-11, 3.310256237482406e-05, 1.4236668671597694e-05, 3.509345134333739e-12, 3.280389367224743e-05, 8.356981145967612e-07, 8.910315534850933e-06, 2.1180810602569226e-14, 0.0, 0.0, 0.0, 2.8394430693501253e-14, 1.4352949315780265e-19, 4.2427156194151775e-05, 5.820766091346741e-11, 1.310826142967966e-05, 0.0, 3.588298927377742e-07, 0.0, 3.326163495937374e-05, 2.1684043449710093e-19, 2.0557271476425253e-05, 0.0, 3.2982692750880707e-19, 7.98540206224102e-06, 9.061948412258025e-10, 0.0, 2.168404344971009e-19, 0.0, 1.7483966067409102e-05, 6.113302631172219e-16, 0.0, 1.8597458763719806e-19, 0.0, 0.0, 2.0109818930950152e-05, 1.907347440473017e-08, 8.447678541343173e-09, 3.5343171618156043e-19, 0.0, 3.532876536540437e-11, 3.7701807149669276e-05, 3.8079310842458e-05, 0.0], [0.0, 2.6821998569929267e-12, 0.5418946838990384, 0.3730982049392877, 0.0, 0.13244445206531844, 0.4336554099533201, 2.1478753577252564e-07, 5.956489343706279e-12, 0.3935260368944923, 0.004453109659750186, 0.3560825639416234, 0.00047643295091155273, 0.21688190430892726, 0.0003238267919189252, 0.0, 0.0012147438476087023, 0.7243214733278385, 9.075718323440916e-06, 1.0, 0.0004007736646546761, 0.00010984097008212572, 0.00012984220741701024, 0.0, 0.013260669434169172, 1.8519297583976108e-14, 2.6601992379910755e-05, 1.887567128962928e-10, 0.04695644461972075, 0.5674127604869275, 0.0003568177590573313, 0.4174582727201227, 0.3965315672488033, 0.006377069313193052, 0.0, 0.0, 1.1173341769006783e-06, 0.0161636448757459, 0.04716362890191976, 0.7333746944455928, 0.5261926131198222, 0.0013494330207247762, 0.0001900928793828835, 3.762024475390581e-11, 0.496854424641332, 7.72209156889518e-05, 0.4613475913908526, 0.22106781907146258, 1.0606350335080798e-09, 0.0, 0.13149417185942117, 0.3204629375895972, 1.1342231888006847e-19, 0.11945949321056856, 7.192944751734216e-11, 0.5230373709184855, 0.0, 0.27321241760279963, 0.0, 0.06447093256100261, 3.030866309863703e-13, 0.4671594389024506, 0.0, 0.00018784421435026649, 0.28503447143675054, 1.5928001560282853e-09, 0.0008045075247579713, 1.531052304523272e-19, 0.002076606309095512, 0.7383666009551236, 0.08775018989678121, 0.0, 1.0848131153218707e-19, 0.0001958585254218028, 0.0, 0.43323354686884424, 6.478092566621922e-09, 0.2408792862299544, 4.723600027882529e-19, 0.03007248454299391, 0.0945062394162797, 0.07538618264246194, 0.4222369427318597, 0.0], [0.0, 1.4657377480756295e-15, 0.0, 0.00012747480750662014, 0.0, 0.00024672419562495675, 0.0, 0.0, 0.0, 4.552815099689431e-05, 3.65004466069099e-12, 3.3337379710952117e-05, 0.00018936127310653468, 0.0, 1.2056747209491828e-11, 0.0, 0.0, 0.0002798646894956001, 1.386936227293291e-11, 0.0004007736646546761, 1.0, 1.829120820516451e-14, 0.0, 0.0, 0.0, 7.756200808377127e-17, 3.637978807091713e-12, 3.642089716830607e-12, 0.0, 5.7660849417139084e-05, 2.5181182769990055e-05, 6.938893903907228e-18, 0.0, 0.0, 0.0, 0.0, 0.0, 0.0, 0.0, 0.00030798615666591744, 1.0913936421275139e-11, 0.0004784424726403892, 1.5258789062499998e-05, 2.0816681711721685e-17, 0.0004282689634008027, 4.786135521490211e-15, 0.00047541245404626145, 0.00015108709663417313, 0.0, 0.0, 0.0, 8.794426488453778e-15, 0.0, 0.0005228729994304793, 0.0, 0.00019546454414256335, 0.0, 1.4121230833703382e-17, 0.0, 1.776356839400251e-15, 2.168404344971009e-19, 0.00030318519536373515, 0.0, 3.451952107401546e-05, 0.00015108709661994045, 0.0, 0.0, 8.673617379884035e-19, 0.0, 5.118678852166698e-05, 0.0, 0.0, 0.0, 0.0, 0.0, 0.00024396290803789536, 0.0, 7.308521401280323e-12, 5.722227785796692e-19, 0.00047844247262981136, 1.0913936421275139e-11, 0.00015108709982245656, 0.0002000054127994723, 0.0], [0.0, 1.0821241563389672e-13, 0.0, 0.00043518346148149517, 0.0, 0.0009190264507660335, 3.0194385445251796e-05, 0.0, 2.46434096362371e-13, 0.0002834253788985694, 2.819710929930639e-13, 0.0004179973290029981, 1.8646589560066715e-06, 0.0, 0.0003427765802439199, 0.0, 0.0, 0.0004247793265114485, 9.159012596889501e-06, 0.00010984097008212572, 1.829120820516451e-14, 1.0, 2.9817577233378976e-06, 0.0, 2.687496127242316e-13, 4.3067144875135034e-14, 9.1590127833382e-06, 1.384951976383366e-13, 0.0, 0.0007979935648900587, 0.0009690291205858827, 0.0, 0.0, 0.0, 0.0, 0.0, 0.0, 0.0, 0.0009690291205858827, 0.0008257112091245148, 0.0, 1.1648538435828146e-05, 5.713526556064044e-06, 2.2737367544323206e-13, 0.00028272980635537544, 1.9981896680965767e-14, 0.0004523852854108648, 0.00018461156363016644, 0.0, 0.0, 0.0009065111128629917, 0.0009690291205990042, 9.486769009248163e-20, 0.0003231854479227713, 0.0, 0.0009714643217508496, 0.0, 0.0, 0.0, 9.15901257588302e-06, 3.924859549254002e-13, 3.443517913757678e-05, 0.0, 8.32563521163924e-21, 0.00031142493346368214, 0.0, 0.0002813310350093595, 0.0, 0.0, 0.00029049004780213445, 3.463955767379501e-15, 0.0, 0.0, 2.606302669733837e-16, 0.0, 0.0004557762250932745, 0.0, 4.707882736250733e-13, 0.0, 0.0002813310350088046, 8.325635211639238e-21, 0.0008873235579680621, 8.38686285565584e-05, 0.0], [0.0, 0.0, 0.0, 0.00025445866208755367, 0.0, 0.0, 0.00023765127070260022, 0.0, 0.0, 7.156975155585887e-05, 0.0, 6.223022275700359e-05, 6.202102635443802e-05, 0.0, 6.5555602373431915e-06, 0.0, 0.0, 0.00017850417228939581, 7.98369513051734e-06, 0.00012984220741701024, 0.0, 2.9817577233378976e-06, 1.0, 0.0, 6.103515624999999e-05, 0.0, 7.980682028069971e-06, 5.125808209425442e-20, 0.0, 0.00016300528051638166, 0.0, 0.0, 0.0, 1.3552527156068805e-20, 0.0, 0.0, 0.0, 0.0, 0.0, 0.0002635597480691896, 0.0, 0.0002472503878918506, 0.0002733828306645889, 0.0, 7.15490799457837e-05, 0.0001341674008177512, 6.103515625000007e-05, 0.0, 0.0, 0.0, 0.0, 0.0, 1.3552527156068804e-20, 9.465415784604155e-05, 0.0, 0.00016665599358521406, 0.0, 0.0, 0.0, 7.980682028069985e-06, 0.0, 0.0001289340034320108, 0.0, 1.0842021724855044e-19, 0.00010491737221524734, 0.0, 0.0, 0.0, 0.0, 0.00011427006011211833, 6.2830102188394e-20, 0.0, 8.61823970351281e-20, 6.103515624999999e-05, 0.0, 4.7430941872808484e-05, 1.3934255147147236e-08, 9.313225746154783e-10, 0.0, 0.0, 0.0, 0.00021855591225519085, 5.822931079256752e-05, 0.0], [0.0, 0.0, 0.0, 0.0, 0.0, 0.0, 0.0, 0.0, 0.0, 0.0, 0.0, 0.0, 0.0, 0.0, 0.0, 0.0, 0.0, 0.0, 0.0, 0.0, 0.0, 0.0, 0.0, 1.0, 0.0, 0.0, 0.0, 0.0, 0.0, 0.0, 0.0, 0.0, 0.0, 0.0, 0.0, 0.0, 0.0, 0.0, 0.0, 0.0, 0.0, 0.0, 0.0, 0.0, 0.0, 0.0, 0.0, 0.0, 0.0, 0.0, 0.0, 0.0, 0.0, 0.0, 0.0, 0.0, 0.0, 0.0, 0.0, 0.0, 0.0, 0.0, 0.0, 0.0, 0.0, 0.0, 0.0, 0.0, 0.0, 0.0, 0.0, 0.0, 0.0, 0.0, 0.0, 0.0, 0.0, 0.0, 0.0, 0.0, 0.0, 0.0, 0.0, 0.0], [0.0, 2.077549549572405e-14, 0.0, 0.018936172696799, 0.0, 0.013717244487490492, 0.00834147972472618, 2.214658061905069e-07, 2.4949916817383384e-13, 0.009450746757754116, 0.003952440545295687, 6.980831837601059e-05, 0.0001241442460036718, 0.0, 1.624088001678999e-05, 0.0, 0.01151032071814365, 0.014336952253895727, 6.064730291538295e-06, 0.013260669434169172, 0.0, 2.687496127242316e-13, 6.103515624999999e-05, 0.0, 1.0, 1.0685481169855754e-13, 6.2564464682046046e-06, 8.987821752064257e-14, 0.0, 0.005813428144856837, 0.0, 0.0029336803707365085, 1.4254682611292573e-06, 0.0078125, 0.0, 0.0, 4.053115844726562e-06, 0.01041341015520729, 0.0039062499999999996, 0.011017049628487634, 0.0, 0.00010035671585800448, 6.103515624999999e-05, 2.0971378585631494e-13, 0.008023974520342075, 0.00013517454608426093, 0.009779045604689306, 0.009957615511940458, 0.0, 0.0, 0.007324218750059917, 0.0, 0.0, 0.00857743684973047, 0.0, 0.0172228826812926, 0.0, 9.5367431640625e-07, 0.0, 0.003911283781711829, 1.25991225990809e-13, 0.012250788553517654, 0.0, 0.0, 0.005957622153112231, 0.0, 0.0, 0.0, 0.005855841956375619, 0.010735151785520801, 0.0, 0.0, 0.0, 0.0003596313273416177, 0.0, 0.012027366224864899, 0.0, 1.3489451539345284e-13, 0.0, 0.0013398326964258497, 0.015624999999999998, 0.006928802987305928, 0.00904326916499037, 0.0], [0.0, 1.7404671430534633e-14, 0.0, 4.918721890866453e-14, 0.0, 0.0, 0.0, 0.0, 1.1313036429847512e-13, 5.566684508239416e-14, 3.6401794669666604e-14, 8.815420592196826e-14, 0.0, 0.0, 1.2166236858380296e-15, 0.0, 0.0, 2.897480579515323e-14, 0.0, 1.8519297583976108e-14, 7.756200808377127e-17, 4.3067144875135034e-14, 0.0, 0.0, 1.0685481169855754e-13, 1.0, 0.0, 1.1719122505311627e-15, 0.0, 1.0930596020551495e-13, 0.0, 2.7755575615628914e-17, 0.0, 0.0, 0.0, 0.0, 0.0, 0.0, 0.0, 3.694891711744186e-14, 0.0, 4.438204288294587e-16, 0.0, 5.613954331406466e-17, 5.345244240819359e-14, 0.0, 8.702817879199055e-16, 4.838813976173887e-16, 0.0, 0.0, 0.0, 0.0, 0.0, 3.652643661012933e-14, 0.0, 4.2971865037290084e-14, 0.0, 2.2492955534609465e-17, 0.0, 0.0, 5.210646728907401e-14, 7.539904621256379e-14, 0.0, 0.0, 0.0, 0.0, 1.3156210414648884e-15, 0.0, 0.0, 7.264474744938013e-14, 0.0, 0.0, 0.0, 1.0324921320361598e-15, 0.0, 9.803592277623866e-14, 0.0, 6.410628479793003e-16, 0.0, 0.0, 0.0, 1.6105349750138807e-15, 8.792121752820977e-14, 0.0], [0.0, 9.695451019555937e-13, 0.0, 3.188586135962123e-05, 0.0, 0.0, 1.2620216470061681e-05, 5.662441253662108e-07, 1.5463716830217566e-12, 2.6819778588960118e-05, 2.759974409974798e-07, 2.6249095230138823e-05, 2.6756265114201045e-05, 0.0, 1.3858775432401306e-05, 0.0, 0.0, 1.953988187303714e-05, 1.3312811666179066e-05, 2.6601992379910755e-05, 3.637978807091713e-12, 9.1590127833382e-06, 7.980682028069971e-06, 0.0, 6.2564464682046046e-06, 0.0, 1.0, 1.7469239197856545e-11, 0.0, 2.083948231073443e-05, 0.0, 1.2437506680606254e-05, 1.1920928955078122e-07, 0.0, 0.0, 0.0, 1.1920928955078123e-06, 0.0, 0.0, 3.431937570877081e-05, 3.637978807091712e-12, 2.3814509954127265e-05, 1.891210443740921e-05, 5.684341886080803e-14, 1.5322407385180582e-05, 2.384198669409943e-07, 1.0924049828108046e-05, 0.0, 0.0, 0.0, 2.8421709430404e-13, 0.0, 0.0, 2.8553716503376276e-05, 0.0, 1.4018402309875445e-05, 0.0, 2.3841857910156245e-07, 0.0, 1.232406981004373e-05, 4.5145724188642075e-13, 4.3383921326430784e-05, 0.0, 0.0, 7.867813110351562e-06, 0.0, 0.0, 0.0, 0.0, 5.3290768031485686e-05, 0.0, 0.0, 0.0, 0.0, 0.0, 4.7427545219155256e-05, 0.0, 4.023851859446871e-12, 0.0, 0.0, 3.6379788070917125e-12, 1.8210252734310825e-05, 1.949213435969419e-05, 0.0], [0.0, 6.679318316500459e-12, 0.0, 1.5654906798122315e-10, 0.0, 0.0, 0.0, 0.0, 5.8188052895243214e-12, 3.6078451145696517e-10, 4.5920018175774015e-12, 5.312621218138002e-10, 1.0178299414126259e-18, 0.0, 6.799328470786632e-11, 0.0, 0.0, 3.909423087615811e-10, 2.609081788337671e-10, 1.887567128962928e-10, 3.642089716830607e-12, 1.384951976383366e-13, 5.125808209425442e-20, 0.0, 8.987821752064257e-14, 1.1719122505311627e-15, 1.7469239197856545e-11, 1.0, 0.0, 3.887942470644404e-10, 0.0, 0.0, 0.0, 6.681855931065149e-19, 0.0, 0.0, 0.0, 0.0, 0.0, 3.0794156029553767e-10, 3.637978807091712e-12, 3.0820046040847443e-13, 0.0, 3.865963989653194e-11, 7.858269490637391e-10, 3.069938211854656e-11, 7.663603313338922e-15, 1.928505419877878e-14, 0.0, 0.0, 3.3704483583466047e-13, 2.7998819257816583e-14, 3.1265067436222726e-19, 3.9999825933831803e-10, 5.820766091346741e-11, 2.4186076391867954e-10, 0.0, 2.4281672429585687e-19, 0.0, 8.88665732967043e-16, 2.9532200912667335e-13, 3.419111919114476e-10, 0.0, 9.12963437163598e-19, 0.0, 0.0, 1.7581869898209704e-15, 2.6543770313306836e-19, 0.0, 3.5549565886366763e-10, 3.46400187135991e-15, 0.0, 2.678916513980471e-19, 1.7593420905573901e-15, 0.0, 1.4141678488211155e-10, 0.0, 1.2379178295143263e-10, 4.448497565900528e-19, 0.0, 3.637978823255077e-12, 1.804948052390105e-10, 4.729195654670894e-10, 0.0], [0.0, 0.0, 0.0, 0.11786597945507106, 0.0, 0.040343576522993925, 0.0, 0.0, 0.0, 0.0020026291753500046, 0.0, 0.0, 0.0, 0.0, 0.0, 0.0, 0.0, 0.015506776359557347, 0.0, 0.04695644461972075, 0.0, 0.0, 0.0, 0.0, 0.0, 0.0, 0.0, 0.0, 1.0, 0.051031036307982884, 0.0, 0.0, 0.03125, 0.0, 0.0, 0.0, 0.0, 0.0, 0.0, 0.04344253770103424, 0.023646249791978685, 0.0, 0.0, 0.0, 0.0, 0.0, 0.0, 0.03549761464044155, 0.0, 0.0, 0.04687500000000001, 0.016004609991611997, 0.0, 0.0, 0.0, 0.020131252097423988, 0.0, 0.0, 0.0, 0.0, 0.0, 0.027645366779043213, 0.0, 0.0, 0.0, 0.0, 0.0, 0.0, 0.0, 0.03125000000000001, 0.031249999999999997, 0.0, 0.0, 0.0, 0.0, 0.03597991869924642, 0.0, 0.0, 0.0, 0.0, 0.0, 0.03125, 0.017388131280052115, 0.0], [0.0, 3.4633720091457006e-12, 0.3564812631832298, 0.3796695299788924, 0.0, 0.21632479340328525, 0.2385667760902442, 2.958959371435386e-07, 3.779588307762454e-12, 0.5100915906516608, 0.0021611485967233065, 0.297315568620058, 0.00036497024736306715, 0.21875000000000003, 2.5551245150613768e-05, 0.0, 0.006371969256392994, 0.44129844869904106, 2.7200539974053068e-05, 0.5674127604869275, 5.7660849417139084e-05, 0.0007979935648900587, 0.00016300528051638166, 0.0, 0.005813428144856837, 1.0930596020551495e-13, 2.083948231073443e-05, 3.887942470644404e-10, 0.051031036307982884, 1.0, 0.0012345727692876804, 0.15960957069287873, 0.6622969283233808, 0.004308478576811524, 0.0, 0.0, 1.3117185373845941e-06, 0.010430130683206636, 0.11445551902118856, 0.48750505410025813, 0.40231197720694123, 0.008123810682544906, 0.00018001930698385328, 7.082619891206796e-12, 0.7552265363903967, 1.4267641235021354e-05, 0.204073256253185, 0.5774268536706545, 4.4142036076636843e-10, 0.0, 0.14252493022892, 0.18457673300822897, 3.3804054427815033e-19, 0.2422147493501448, 6.491629440625811e-11, 0.40174213142552295, 0.0, 0.13384764491792872, 0.0, 0.0511970063869274, 2.6862364938715015e-13, 0.25375385612071033, 0.0, 0.0004589853006454761, 0.5219039049848868, 9.634741431333581e-10, 2.188466309286149e-15, 3.3971090973099625e-19, 0.0016693483408042507, 0.5169166396184828, 0.16074377364676323, 0.0, 3.288255215952453e-19, 0.00020214572953558178, 0.0, 0.8116436149468206, 2.2588816686739935e-08, 0.4203818267150772, 2.5407891749676605e-19, 0.02332497955511508, 0.25714175210848716, 0.0917048485619119, 0.38515213226565437, 0.0], [0.0, 0.0, 0.0, 0.000603804116383249, 0.0, 0.0010732476702467447, 8.940696716308594e-08, 1.4901161193847655e-08, 0.0, 0.00024976705471784177, 0.0, 0.0008431054017411895, 0.0001406655175044023, 0.0, 0.00028951516664139215, 0.0, 0.0, 0.0007400556994838369, 2.2351741790771484e-08, 0.0003568177590573313, 2.5181182769990055e-05, 0.0009690291205858827, 0.0, 0.0, 0.0, 0.0, 0.0, 0.0, 0.0, 0.0012345727692876804, 1.0, 0.0, 5.960464477539063e-08, 0.0, 0.0, 0.0, 0.0, 0.0, 0.0009765625, 0.0009648857756228285, 0.0, 0.00012209258283418106, 0.0, 0.0, 0.00040961295479427365, 0.0, 0.0005796344425687206, 0.000285775214352992, 0.0, 0.0, 0.0008544921875, 0.0009765625, 0.0, 0.00039771769318326194, 0.0, 0.0010732031197186014, 0.0, 0.0, 0.0, 0.0, 0.0, 0.00015628043086648292, 0.0, 0.0004874674925598638, 0.0003662779927253723, 0.0, 0.00024414062499999995, 0.0, 0.0, 0.00039688783443058134, 0.0, 0.0, 0.0, 0.0, 0.0, 0.0005175634270018197, 1.2878312759802458e-08, 2.9802322387695306e-08, 0.0, 0.0003662109375, 0.0, 0.0010301474733109954, 0.00042623203255763673, 0.0], [0.0, 0.0, 0.5846798670681854, 0.29632254863133733, 0.0, 0.06305843526544519, 0.49599477504812645, 0.0, 0.0, 0.3275606747386054, 0.0019531249999999996, 0.2977660393441087, 8.824668597007733e-06, 0.0846798670681854, 1.5258789062541633e-05, 0.0, 0.0, 0.5455542083190382, 7.670141904415388e-06, 0.4174582727201227, 6.938893903907228e-18, 0.0, 0.0, 0.0, 0.0029336803707365085, 2.7755575615628914e-17, 1.2437506680606254e-05, 0.0, 0.0, 0.15960957069287873, 0.0, 1.0, 0.31540758522789986, 0.0009765624999999999, 0.0, 0.0, 2.384185791015625e-07, 0.005316755106809535, 0.1270198006022781, 0.24360930611292814, 0.18378874546637614, 7.769448604298836e-06, 5.062017842842384e-06, 2.7755575615628914e-17, 0.10852676004271389, 9.099987407979275e-07, 0.48351006314023565, 0.1033441566864114, 0.0, 0.0, 0.0009765625, 0.12499999999999997, 0.0, 0.19072695915227997, 0.0, 0.3307857237491284, 0.0, 0.09767258319781212, 0.0, 2.1457672119140625e-06, 0.0, 0.5554139567206478, 0.0, 0.0, 0.13281273841857907, 0.0, 0.0, 0.0, 0.008841787988494668, 0.3104091948054124, 0.18930304760656144, 0.0, 0.0, 0.0, 0.0, 0.14798078837033324, 0.0, 0.306155912727646, 0.0, 0.0, 0.015364627096575049, 0.002933740615844737, 0.5922201140995076, 0.0], [0.0, 0.0, 0.20003063099984758, 0.2547669211216053, 0.0, 0.07503063099984761, 0.1491126347540328, 1.8275333132591745e-07, 0.0, 0.44467306720499156, 1.1628583074927467e-07, 0.2156952930609244, 0.0, 0.07503063099984762, 0.0, 0.0, 0.0, 0.3553192939083527, 5.977398963928533e-07, 0.3965315672488033, 0.0, 0.0, 0.0, 0.0, 1.4254682611292573e-06, 0.0, 1.1920928955078122e-07, 0.0, 0.03125, 0.6622969283233808, 5.960464477539063e-08, 0.31540758522789986, 1.0, 0.0, 0.0, 0.0, 0.0, 0.0, 0.07503063099984761, 0.3000325427806321, 0.3705865894088076, 1.9296189669935227e-06, 0.0, 0.0, 0.5809946213410729, 4.7683715820312495e-07, 0.16426325827166577, 0.449274765815734, 0.0, 0.0, 0.10937499999999999, 0.16901267747693297, 0.0, 0.20097495366982682, 0.0, 0.3721830033799509, 0.0, 0.13384728729006007, 0.0, 1.1920928955078122e-07, 0.0, 0.10167245192342317, 0.0, 0.0, 0.5000000894069672, 0.0, 0.0, 0.0, 0.0, 0.35468350650894787, 0.273440275068752, 0.0, 0.0, 0.0, 0.0, 0.5381402573012288, 0.0, 0.3727117053410961, 0.0, 0.0, 0.07876575472657556, 0.1250001788139343, 0.34318929340632254, 0.0], [0.0, 0.0, 0.0, 0.0068359375, 0.0, 0.005215032835663951, 0.006089557637746985, 0.0, 0.0, 0.016105403696122726, 0.0, 6.46258355773763e-19, 0.0, 0.0, 0.0, 0.0, 0.009568319307746789, 0.0009779091875679298, 1.3552527156068804e-20, 0.006377069313193052, 0.0, 0.0, 1.3552527156068805e-20, 0.0, 0.0078125, 0.0, 0.0, 6.681855931065149e-19, 0.0, 0.004308478576811524, 0.0, 0.0009765624999999999, 0.0, 1.0, 0.0, 0.0, 0.0, 0.006347656250000001, 0.0039062499999999996, 0.0023710541597155048, 0.0, 1.3552527156068804e-20, 0.0, 0.0, 0.0053593307857034015, 1.3381357396754185e-20, 0.00830078125, 0.004844878674339882, 0.0, 0.0, 0.007324218749999998, 0.0, 1.3552527156068805e-20, 0.003986799711561163, 0.0, 0.013105648283305328, 0.0, 0.0, 0.0, 0.015625, 4.581513068237397e-19, 0.01579212243439254, 0.0, 1.746559644271954e-18, 0.015625, 0.0, 0.0, 0.0, 0.0039027169563756207, 0.0067219815215618685, 0.0, 0.0, 0.0, 0.0, 0.0, 0.003140743172685038, 0.0, 6.044142539227951e-19, 0.0, 0.004689414437490475, 0.0039062499999999996, 0.004882812499999999, 0.01645230391419323, 0.0], [0.0, 0.0, 0.0, 0.0, 0.0, 0.0, 0.0