"{\"names\": [\"172.217.10.1\", \"104.88.86.240\", \"38.93.140.48\", \"192.168.10.15\", \"104.88.108.223\", \"195.142.105.15\", \"172.217.12.163\", \"206.217.206.48\", \"172.217.6.228\", \"178.255.83.1\", \"74.119.118.82\", \"192.168.10.9\", \"172.217.7.6\", \"35.186.227.40\", \"31.13.71.36\", \"206.126.112.142\", \"151.101.2.49\", \"192.168.10.25\", \"172.217.3.98\", \"192.168.10.16\", \"72.30.202.150\", \"172.217.12.132\", \"50.31.164.173\", \"162.208.20.178\", \"23.15.4.16\", \"216.58.217.99\", \"172.217.6.198\", \"172.217.12.174\", \"169.46.44.40\", \"192.168.10.17\", \"52.84.143.130\", \"104.19.195.102\", \"216.200.232.61\", \"104.97.73.166\", \"152.163.13.79\", \"192.229.163.25\", \"74.119.118.86\", \"54.225.188.92\", \"188.165.145.88\", \"192.168.10.14\", \"8.43.72.98\", \"199.96.57.6\", \"68.67.178.110\", \"104.88.70.158\", \"192.168.10.19\", \"69.172.216.56\", \"157.240.18.35\", \"172.217.11.34\", \"185.54.150.20\", \"69.169.85.7\", \"198.232.124.194\", \"74.119.118.72\", \"172.217.12.134\", \"192.168.10.5\", \"23.111.9.30\", \"192.168.10.8\", \"151.101.66.2\", \"68.67.178.199\", \"213.239.195.215\", \"138.108.7.20\", \"52.84.145.87\", \"192.168.10.50\", \"52.84.145.198\", \"52.40.24.51\", \"212.77.100.137\", \"185.54.150.115\", \"172.217.10.138\", \"152.163.66.165\", \"52.84.137.78\", \"192.168.10.51\", \"68.67.178.109\", \"129.146.14.96\", \"54.152.24.232\", \"172.217.10.33\", \"52.8.229.108\", \"192.168.10.12\", \"64.147.131.201\", \"172.217.12.206\", \"68.67.180.12\", \"172.217.10.134\", \"38.69.238.16\", \"172.217.10.142\", \"192.168.10.3\", \"172.217.6.202\"], \"funcEdges\": [[1.0, 0.0, 0.0, 0.0, 0.0, 0.0, 0.0, 0.0, 0.0, 0.0, 0.0, 0.0, 0.0, 0.0, 0.0, 0.0, 0.0, 0.0, 0.0, 0.0, 0.0, 0.0, 0.0, 0.0, 0.0, 0.0, 0.0, 0.0, 0.0, 0.0, 0.0, 0.0, 0.0, 0.0, 0.0, 0.0, 0.0, 0.0, 0.0, 0.0, 0.0, 0.0, 0.0, 0.0, 0.0, 0.0, 0.0, 0.0, 0.0, 0.0, 0.0, 0.0, 0.0, 0.0, 0.0, 0.0, 0.0, 0.0, 0.0, 0.0, 0.0, 0.0, 0.0, 0.0, 0.0, 0.0, 0.0, 0.0, 0.0, 0.0, 0.0, 0.0, 0.0, 0.0, 0.0, 0.0, 0.0, 0.0, 0.0, 0.0, 0.0, 0.0, 0.0, 0.0], [0.0, 1.0, 0.0, 0.413168974507924, 0.0, 0.0, 0.0, 0.0, 0.26680971846940954, 0.461562019794486, 0.06532352105247849, 0.23566135000706906, 0.0, 0.0, 0.17070426630070062, 0.0, 0.0, 0.17453353553704332, 0.30186050846469115, 0.18431937067392795, 0.00010072473107996025, 0.007436300578699928, 0.0, 0.0, 0.0014276811793972816, 0.0011960399134683486, 0.06662663207834017, 0.45899925966309196, 0.0, 0.23800111221060155, 0.0, 0.0, 0.0, 0.0, 0.0, 0.0, 0.0, 0.0, 0.0, 0.2354599735935705, 0.0, 0.017361916623996825, 0.0, 0.0, 0.3825810312754711, 0.24716568525340385, 0.0006043483864797617, 0.0018462420964695117, 0.0, 0.0, 0.015625, 0.00048828125, 0.0, 0.45389861288506383, 0.0, 0.3028234739299509, 0.0, 0.0, 0.0, 0.0, 0.003189439769248929, 0.32854687524889986, 0.0, 0.0, 0.0, 0.0, 0.0, 0.0, 0.0, 0.29848352896564356, 0.0, 0.0, 0.0, 0.0, 0.0, 0.17035846521795311, 0.0, 0.26946663123181835, 0.0, 0.0, 0.0, 0.005747055559451891, 0.5386116881998917, 0.0], [0.0, 0.0, 1.0, 0.0, 0.0, 0.0, 0.0, 0.0, 0.0, 0.0, 0.0, 0.0, 0.0, 0.0, 0.0, 0.0, 0.0, 0.0, 0.0, 0.0, 0.0, 0.0, 0.0, 0.0, 0.0, 0.0, 0.0, 0.0, 0.0, 0.0, 0.0, 0.0, 0.0, 0.0, 0.0, 0.0, 0.0, 0.0, 0.0, 0.0, 0.0, 0.0, 0.0, 0.0, 0.0, 0.0, 0.0, 0.0, 0.0, 0.0, 0.0, 0.0, 0.0, 0.0, 0.0, 0.0, 0.0, 0.0, 0.0, 0.0, 0.0, 0.0, 0.0, 0.0, 0.0, 0.0, 0.0, 0.0, 0.0, 0.0, 0.0, 0.0, 0.0, 0.0, 0.0, 0.0, 0.0, 0.0, 0.0, 0.0, 0.0, 0.0, 0.0, 0.0], [0.0, 0.413168974507924, 0.0, 1.0, 0.0, 0.0, 0.0, 0.0, 0.6389086760584526, 0.4321375758602797, 0.06379369349534074, 0.7061248334465686, 2.920287936850321e-08, 0.0, 0.3041198582777154, 0.0, 0.0, 0.6557143148695279, 0.4309425147676957, 0.5864217386636952, 0.0009766284740330433, 0.02138300492141557, 4.765960032782966e-09, 0.0, 0.0038811788207336394, 0.0033801199455025114, 0.1852928249513905, 0.3518283690608606, 0.0, 0.22881938468625576, 0.0, 1.2706271556677066e-06, 0.0, 3.972841776360818e-08, 0.0, 0.0, 0.0, 0.0, 0.0, 0.5721446249906101, 1.084124720585737e-06, 0.00410876952475931, 0.0, 0.0022435475222657847, 0.5336338825190508, 0.07320787080881462, 0.0011003015970481548, 0.0015367868162954627, 0.0, 0.0, 0.009765313823888807, 0.0013967822457079302, 2.8822005315264872e-08, 0.40778467497565896, 0.0, 0.7349201121083178, 0.0, 1.5469525904503904e-06, 0.0, 0.0005124629319855732, 0.04052245032292805, 0.7294916755103137, 0.0, 5.345558020497652e-08, 0.0, 0.0, 0.00012091334636861929, 8.814880700954745e-09, 0.0, 0.4994259273406767, 9.233202172347616e-05, 0.0, 4.1559023760513176e-08, 0.000121389244373813, 0.0, 0.6248309830360721, 0.0, 0.23441382891179577, 8.666120767440535e-09, 0.0, 1.2603727133659822e-10, 0.004967946273876873, 0.5309428303603119, 0.0], [0.0, 0.0, 0.0, 0.0, 1.0, 0.0, 0.0, 0.0, 0.0, 0.0, 0.0, 0.0, 0.0, 0.0, 0.0, 0.0, 0.0, 0.0, 0.0, 0.0, 0.0, 0.0, 0.0, 0.0, 0.0, 0.0, 0.0, 0.0, 0.0, 0.0, 0.0, 0.0, 0.0, 0.0, 0.0, 0.0, 0.0, 0.0, 0.0, 0.0, 0.0, 0.0, 0.0, 0.0, 0.0, 0.0, 0.0, 0.0, 0.0, 0.0, 0.0, 0.0, 0.0, 0.0, 0.0, 0.0, 0.0, 0.0, 0.0, 0.0, 0.0, 0.0, 0.0, 0.0, 0.0, 0.0, 0.0, 0.0, 0.0, 0.0, 0.0, 0.0, 0.0, 0.0, 0.0, 0.0, 0.0, 0.0, 0.0, 0.0, 0.0, 0.0, 0.0, 0.0], [0.0, 0.0, 0.0, 0.0, 0.0, 1.0, 0.0, 0.0, 0.0, 0.0, 0.0, 0.0, 0.0, 0.0, 0.0, 0.0, 0.0, 0.0, 0.0, 0.0, 0.0, 0.0, 0.0, 0.0, 0.0, 0.0, 0.0, 0.0, 0.0, 0.0, 0.0, 0.0, 0.0, 0.0, 0.0, 0.0, 0.0, 0.0, 0.0, 0.0, 0.0, 0.0, 0.0, 0.0, 0.0, 0.0, 0.0, 0.0, 0.0, 0.0, 0.0, 0.0, 0.0, 0.0, 0.0, 0.0, 0.0, 0.0, 0.0, 0.0, 0.0, 0.0, 0.0, 0.0, 0.0, 0.0, 0.0, 0.0, 0.0, 0.0, 0.0, 0.0, 0.0, 0.0, 0.0, 0.0, 0.0, 0.0, 0.0, 0.0, 0.0, 0.0, 0.0, 0.0], [0.0, 0.0, 0.0, 0.0, 0.0, 0.0, 1.0, 0.0, 0.0, 0.0, 0.0, 0.0, 0.0, 0.0, 0.0, 0.0, 0.0, 0.0, 0.0, 0.0, 0.0, 0.0, 0.0, 0.0, 0.0, 0.0, 0.0, 0.0, 0.0, 0.0, 0.0, 0.0, 0.0, 0.0, 0.0, 0.0, 0.0, 0.0, 0.0, 0.0, 0.0, 0.0, 0.0, 0.0, 0.0, 0.0, 0.0, 0.0, 0.0, 0.0, 0.0, 0.0, 0.0, 0.0, 0.0, 0.0, 0.0, 0.0, 0.0, 0.0, 0.0, 0.0, 0.0, 0.0, 0.0, 0.0, 0.0, 0.0, 0.0, 0.0, 0.0, 0.0, 0.0, 0.0, 0.0, 0.0, 0.0, 0.0, 0.0, 0.0, 0.0, 0.0, 0.0, 0.0], [0.0, 0.0, 0.0, 0.0, 0.0, 0.0, 0.0, 1.0, 0.0, 0.0, 0.0, 0.0, 0.0, 0.0, 0.0, 0.0, 0.0, 0.0, 0.0, 0.0, 0.0, 0.0, 0.0, 0.0, 0.0, 0.0, 0.0, 0.0, 0.0, 0.0, 0.0, 0.0, 0.0, 0.0, 0.0, 0.0, 0.0, 0.0, 0.0, 0.0, 0.0, 0.0, 0.0, 0.0, 0.0, 0.0, 0.0, 0.0, 0.0, 0.0, 0.0, 0.0, 0.0, 0.0, 0.0, 0.0, 0.0, 0.0, 0.0, 0.0, 0.0, 0.0, 0.0, 0.0, 0.0, 0.0, 0.0, 0.0, 0.0, 0.0, 0.0, 0.0, 0.0, 0.0, 0.0, 0.0, 0.0, 0.0, 0.0, 0.0, 0.0, 0.0, 0.0, 0.0], [0.0, 0.26680971846940954, 0.0, 0.6389086760584526, 0.0, 0.0, 0.0, 0.0, 1.0, 0.3517891885965, 0.07139698756733318, 0.49012863676708984, 0.0, 0.0, 0.511375477395235, 0.0, 0.0, 0.36969266232694153, 0.28929823638732666, 0.40932683088305555, 0.0, 0.016934822151931136, 0.0, 0.0, 0.017145452282973126, 0.007774259437544266, 0.10626585289662277, 0.39986525472478035, 0.0, 0.25973133078693955, 0.0, 0.0, 0.0, 0.0, 0.0, 0.0, 0.0, 0.0, 0.0, 0.49483293371798365, 0.0, 0.015625, 0.0, 0.00674338286306761, 0.42420427278246997, 0.09984019210665189, 0.0, 0.0, 0.0, 0.0, 0.018771912002764884, 0.0, 0.0, 0.12241780173636911, 0.0, 0.5373497577570066, 0.0, 0.0, 0.0, 0.0, 0.010847229872168147, 0.3298102377963707, 0.0, 0.0, 0.0, 0.0, 0.0, 0.0, 0.0, 0.42353314868829534, 0.0, 0.0, 0.0, 0.0, 0.0, 0.6547533418880329, 0.0, 0.1897129237811731, 0.0, 0.0, 0.0, 0.0, 0.30728438468343955, 0.0], [0.0, 0.461562019794486, 0.0, 0.4321375758602797, 0.0, 0.0, 0.0, 0.0, 0.3517891885965, 1.0, 0.020339891441351045, 0.30973677852689785, 3.118841755855815e-08, 0.0, 0.05640479943997417, 0.0, 0.0, 0.4466601049871289, 0.35998405228586483, 0.29613508768227503, 0.000906881857887147, 0.020131443505622015, 1.0990488402979016e-08, 0.0, 0.01105076100085399, 0.0038253964656061014, 0.10939867507829272, 0.16717366151630406, 0.0, 0.5253471261540298, 0.0, 1.0951151646637141e-06, 0.0, 1.8816366487757235e-08, 0.0, 0.0, 0.0, 0.0, 0.0, 0.5075341892618344, 4.306948246535268e-07, 0.06633780434380791, 0.0, 0.003907350786221784, 0.6336770451963382, 0.07960348052628625, 0.0005328538810967718, 0.0031095228883226277, 0.0, 0.0, 0.06629559780344815, 0.00048828125, 1.527767125113133e-08, 0.35363366712075106, 0.0, 0.579351973660369, 0.0, 3.840381439516784e-06, 0.0, 0.0002487375321217605, 0.030922025837742735, 0.49013807140760585, 0.0, 5.3070761129962455e-08, 0.0, 0.0, 6.972759727359387e-05, 1.3602836864818288e-08, 0.0, 0.44279731107232817, 4.2011888025448194e-05, 0.0, 1.241509728175656e-08, 3.8807231113366776e-05, 0.0, 0.3176370268745625, 0.0, 0.496056222401386, 2.7450407357688115e-08, 0.0, 4.656612873077392e-10, 0.0026001701292521035, 0.6383707512683011, 0.0], [0.0, 0.06532352105247849, 0.0, 0.06379369349534074, 0.0, 0.0, 0.0, 0.0, 0.07139698756733318, 0.020339891441351045, 1.0, 0.01731718309587022, 0.0, 0.0, 9.900899980910431e-05, 0.0, 0.0, 0.02978355000241037, 0.00017914222196712545, 0.04008824232348825, 0.000829159145715498, 0.019376905965161347, 0.0, 0.0, 0.01759656964789342, 0.002501512281950803, 0.019531250000000003, 0.06555996207468005, 0.0, 0.026618212826911566, 0.0, 0.0, 0.0, 0.0, 0.0, 0.0, 0.0, 0.0, 0.0, 0.04574767160860878, 0.0, 0.01580062173035467, 0.0, 0.015625, 0.010193660795682524, 0.016361179975543733, 0.0005550753046433118, 0.0003298759459432356, 0.0, 0.0, 0.01953125, 0.00016747908705323135, 0.0, 0.026158098383307647, 0.0, 0.027140815601520457, 0.0, 0.0, 0.0, 6.103515624999999e-05, 0.006759638987222287, 0.02807209149509037, 0.0, 0.0, 0.0, 0.0, 4.5066538007053443e-05, 0.0, 0.0, 0.05300261901593877, 0.0002380412277709686, 0.0, 0.0, 5.612108625738147e-05, 0.0, 0.02437622702649472, 0.0, 0.03432039885048662, 0.0, 0.0, 0.0, 0.000789654132119705, 0.05016057029881742, 0.0], [0.0, 0.23566135000706906, 0.0, 0.7061248334465686, 0.0, 0.0, 0.0, 0.0, 0.49012863676708984, 0.30973677852689785, 0.01731718309587022, 1.0, 4.321896952587605e-08, 0.0, 0.29202325522566214, 0.0, 0.0, 0.6885775674581895, 0.455472703189468, 0.6493603007690947, 0.0005629921613123691, 0.032441097864925154, 1.1771615418992538e-08, 0.0, 0.008637079427589072, 0.006057910903035251, 0.30644225624053434, 0.39940013510115313, 0.0, 0.6149447186113115, 0.0, 1.3703547027482512e-06, 0.0, 4.4410536045040716e-08, 0.0, 0.0, 0.0, 0.0, 0.0, 0.6110636543353083, 1.1920928955078124e-07, 0.020496315348733057, 0.0, 0.0034667057483605004, 0.3423152893411248, 0.13764529167647602, 0.0008368502791404235, 0.0019649755197628307, 0.0, 0.0, 0.03154843233758017, 0.001923903770691014, 2.9666762559215222e-08, 0.6926382715334838, 0.0, 0.8003305563895928, 0.0, 3.6076284602946056e-06, 0.0, 0.00039454362699664007, 0.0187424528409682, 0.6495155551743301, 0.0, 7.841792266651369e-08, 0.0, 0.0, 8.860529120333258e-05, 5.070102550341839e-08, 0.0, 0.33571567928795165, 0.00023797092412742985, 0.0, 3.283838401059022e-08, 6.03939984894118e-05, 0.0, 0.6085045239911113, 0.0, 0.6013299101363345, 5.686425251197041e-08, 0.0, 7.518554863908806e-10, 0.0035405315639723454, 0.1801470171963165, 0.0], [0.0, 0.0, 0.0, 2.920287936850321e-08, 0.0, 0.0, 0.0, 0.0, 0.0, 3.118841755855815e-08, 0.0, 4.321896952587605e-08, 1.0, 0.0, 0.0, 0.0, 0.0, 4.217152694106923e-08, 2.2351741790771484e-08, 3.024877005140727e-08, 1.490116119384766e-08, 0.0, 0.0, 0.0, 0.0, 0.0, 0.0, 6.994474098010919e-08, 0.0, 1.9837299095418818e-08, 0.0, 0.0, 0.0, 0.0, 0.0, 0.0, 0.0, 0.0, 0.0, 2.0164916172216633e-08, 0.0, 0.0, 0.0, 0.0, 4.3729870104834806e-08, 0.0, 2.9802322387695312e-08, 0.0, 0.0, 0.0, 0.0, 0.0, 2.9802322387695312e-08, 4.5608588562072663e-08, 0.0, 2.4223051310467226e-08, 0.0, 1.672927735411559e-08, 0.0, 7.4505805969238265e-09, 1.4901161193847653e-08, 5.24285793242418e-08, 0.0, 1.4901161193847656e-08, 0.0, 0.0, 0.0, 1.4901161193847655e-08, 0.0, 2.78719213481037e-08, 0.0, 0.0, 2.9802322387695312e-08, 0.0, 0.0, 2.539983002339441e-08, 0.0, 1.4901161193847655e-08, 3.354007787329502e-08, 0.0, 0.0, 0.0, 5.622636519708461e-08, 0.0], [0.0, 0.0, 0.0, 0.0, 0.0, 0.0, 0.0, 0.0, 0.0, 0.0, 0.0, 0.0, 0.0, 1.0, 0.0, 0.0, 0.0, 0.0, 0.0, 0.0, 0.0, 0.0, 0.0, 0.0, 0.0, 0.0, 0.0, 0.0, 0.0, 0.0, 0.0, 0.0, 0.0, 0.0, 0.0, 0.0, 0.0, 0.0, 0.0, 0.0, 0.0, 0.0, 0.0, 0.0, 0.0, 0.0, 0.0, 0.0, 0.0, 0.0, 0.0, 0.0, 0.0, 0.0, 0.0, 0.0, 0.0, 0.0, 0.0, 0.0, 0.0, 0.0, 0.0, 0.0, 0.0, 0.0, 0.0, 0.0, 0.0, 0.0, 0.0, 0.0, 0.0, 0.0, 0.0, 0.0, 0.0, 0.0, 0.0, 0.0, 0.0, 0.0, 0.0, 0.0], [0.0, 0.17070426630070062, 0.0, 0.3041198582777154, 0.0, 0.0, 0.0, 0.0, 0.511375477395235, 0.05640479943997417, 9.900899980910431e-05, 0.29202325522566214, 0.0, 0.0, 1.0, 0.0, 0.0, 0.3585704590218066, 0.22058656823586725, 0.36215378659839603, 7.081249754340804e-06, 3.777177415498511e-05, 0.0, 0.0, 0.0, 8.360574307541305e-05, 0.10796863624143509, 0.34393666856169236, 0.0, 0.23502184647186652, 0.0, 2.86102294921875e-06, 0.0, 0.0, 0.0, 0.0, 0.0, 0.0, 0.0, 0.21955383089488098, 3.5762786865234364e-07, 1.9073486328125e-06, 0.0, 2.8610229492187496e-06, 0.3835428064880395, 0.1252801930029441, 7.967262400727068e-06, 1.8574004441203416e-05, 0.0, 0.0, 0.0, 0.0, 0.0, 0.12703731858131537, 0.0, 0.29652157450966987, 0.0, 9.536743164062498e-07, 0.0, 0.0, 0.0, 0.33856511656691174, 0.0, 0.0, 0.0, 0.0, 5.784238168992044e-05, 0.0, 0.0, 0.10000710947756561, 0.0, 0.0, 0.0, 4.2693483477455715e-05, 0.0, 0.4489066723929289, 0.0, 0.1639377607959645, 0.0, 0.0, 0.0, 3.773139619079928e-05, 0.2228338093885346, 0.0], [0.0, 0.0, 0.0, 0.0, 0.0, 0.0, 0.0, 0.0, 0.0, 0.0, 0.0, 0.0, 0.0, 0.0, 0.0, 1.0, 0.0, 0.0, 0.0, 0.0, 0.0, 0.0, 0.0, 0.0, 0.0, 0.0, 0.0, 0.0, 0.0, 0.0, 0.0, 0.0, 0.0, 0.0, 0.0, 0.0, 0.0, 0.0, 0.0, 0.0, 0.0, 0.0, 0.0, 0.0, 0.0, 0.0, 0.0, 0.0, 0.0, 0.0, 0.0, 0.0, 0.0, 0.0, 0.0, 0.0, 0.0, 0.0, 0.0, 0.0, 0.0, 0.0, 0.0, 0.0, 0.0, 0.0, 0.0, 0.0, 0.0, 0.0, 0.0, 0.0, 0.0, 0.0, 0.0, 0.0, 0.0, 0.0, 0.0, 0.0, 0.0, 0.0, 0.0, 0.0], [0.0, 0.0, 0.0, 0.0, 0.0, 0.0, 0.0, 0.0, 0.0, 0.0, 0.0, 0.0, 0.0, 0.0, 0.0, 0.0, 1.0, 0.0, 0.0, 0.0, 0.0, 0.0, 0.0, 0.0, 0.0, 0.0, 0.0, 0.0, 0.0, 0.0, 0.0, 0.0, 0.0, 0.0, 0.0, 0.0, 0.0, 0.0, 0.0, 0.0, 0.0, 0.0, 0.0, 0.0, 0.0, 0.0, 0.0, 0.0, 0.0, 0.0, 0.0, 0.0, 0.0, 0.0, 0.0, 0.0, 0.0, 0.0, 0.0, 0.0, 0.0, 0.0, 0.0, 0.0, 0.0, 0.0, 0.0, 0.0, 0.0, 0.0, 0.0, 0.0, 0.0, 0.0, 0.0, 0.0, 0.0, 0.0, 0.0, 0.0, 0.0, 0.0, 0.0, 0.0], [0.0, 0.17453353553704332, 0.0, 0.6557143148695279, 0.0, 0.0, 0.0, 0.0, 0.36969266232694153, 0.4466601049871289, 0.02978355000241037, 0.6885775674581895, 4.217152694106923e-08, 0.0, 0.3585704590218066, 0.0, 0.0, 1.0, 0.3824531570040761, 0.6418705074666626, 0.0008732630498629558, 0.02483632250171748, 1.057197785287622e-08, 0.0, 0.006187708746220112, 0.00199113349277015, 0.28740205890302184, 0.5272397752414484, 0.0, 0.4320055740012855, 0.0, 1.5752418651553654e-06, 0.0, 5.716607778563824e-08, 0.0, 0.0, 0.0, 0.0, 0.0, 0.4376007650916222, 4.94410675631751e-07, 0.025763793341322755, 0.0, 0.004321378371464227, 0.6055483572161724, 0.10063564026730246, 0.0009006360024603001, 0.00199173314616971, 0.0, 0.0, 0.028354448630049354, 7.651636196126521e-05, 3.289395928743283e-08, 0.4837482298697927, 0.0, 0.7157837638618554, 0.0, 9.461556114733164e-07, 0.0, 0.00019451790601691344, 0.017778598845291385, 0.7036642832885958, 0.0, 9.352100178145826e-08, 0.0, 0.0, 7.483581083822155e-05, 4.1421887219333364e-08, 0.0, 0.5767113523779992, 4.151816891411562e-05, 0.0, 3.9920185973293696e-08, 6.080773659485444e-05, 0.0, 0.4820845705036563, 0.0, 0.652890421007728, 4.528308114077558e-08, 0.0, 3.376168345010494e-10, 0.0025602933360146084, 0.4880549273060623, 0.0], [0.0, 0.30186050846469115, 0.0, 0.4309425147676957, 0.0, 0.0, 0.0, 0.0, 0.28929823638732666, 0.35998405228586483, 0.00017914222196712545, 0.455472703189468, 2.2351741790771484e-08, 0.0, 0.22058656823586725, 0.0, 0.0, 0.3824531570040761, 1.0, 0.4146289842815142, 0.0008786418147597683, 0.0016263093806990364, 5.8097859355963826e-09, 0.0, 0.0, 0.0, 0.10261329614360643, 0.14810383880999142, 0.0, 0.3103718057503184, 0.0, 0.0, 0.0, 9.313225746154784e-10, 0.0, 0.0, 0.0, 0.0, 0.0, 0.5100468576099653, 0.0, 0.0024191512822168784, 0.0, 0.0, 0.3698061419204218, 0.13467819307311582, 0.00095941334383105, 0.001455534221452878, 0.0, 0.0, 0.0, 0.0019512504194740237, 9.86327166598749e-09, 0.7603056223737208, 0.0, 0.5407071272663917, 0.0, 1.6729277354115596e-08, 0.0, 0.00029437499264350133, 1.490116119384766e-08, 0.37322271166177234, 0.0, 2.2665533871847826e-08, 0.0, 0.0, 0.0, 1.4901161193847656e-08, 0.0, 0.4535147411217165, 4.201029579429669e-05, 0.0, 1.2780076348621626e-08, 0.0, 0.0, 0.21783361476101296, 0.0, 0.3457040724624781, 2.4287642597903296e-08, 0.0, 4.656612873077393e-10, 0.0009399920121619483, 0.1766354727714502, 0.0], [0.0, 0.18431937067392795, 0.0, 0.5864217386636952, 0.0, 0.0, 0.0, 0.0, 0.40932683088305555, 0.29613508768227503, 0.04008824232348825, 0.6493603007690947, 3.024877005140727e-08, 0.0, 0.36215378659839603, 0.0, 0.0, 0.6418705074666626, 0.4146289842815142, 1.0, 0.0018475080669838005, 0.04430150991514814, 4.939335280453286e-09, 0.0, 0.00749498523282063, 0.0012726364394891072, 0.19205998049467604, 0.3373451818047508, 0.0, 0.3823226949013705, 0.0, 9.841397345462481e-07, 0.0, 1.3152757083009784e-08, 0.0, 0.0, 0.0, 0.0, 0.0, 0.5779278971448942, 7.431449789001771e-07, 0.0029708537037254072, 0.0, 0.003325930261189839, 0.32956193800923284, 0.05825298573473532, 0.0019231913580269077, 0.0034882331774452923, 0.0, 0.0, 0.0033246193077399854, 0.0008327927797004622, 7.794322403622039e-09, 0.398618391979622, 0.0, 0.5182386350265358, 0.0, 9.725334002869896e-07, 0.0, 0.00048287645763793685, 0.02082795468706049, 0.43602476936296025, 0.0, 4.764794084373153e-08, 0.0, 0.0, 2.8534213356656762e-05, 1.0521311322228618e-08, 0.0, 0.37821915382040056, 0.00010629575297421337, 0.0, 7.454778964126898e-09, 3.574796527039074e-05, 0.0, 0.49353759176813977, 0.0, 0.49239794697529315, 3.246033222262424e-08, 0.0, 1.1406325468715177e-09, 0.003939573738395554, 0.34328937041193686, 0.0], [0.0, 0.00010072473107996025, 0.0, 0.0009766284740330433, 0.0, 0.0, 0.0, 0.0, 0.0, 0.000906881857887147, 0.000829159145715498, 0.0005629921613123691, 1.490116119384766e-08, 0.0, 7.081249754340804e-06, 0.0, 0.0, 0.0008732630498629558, 0.0008786418147597683, 0.0018475080669838005, 1.0, 0.0012569622567281348, 0.0, 0.0, 0.0, 5.330020610110164e-06, 0.0, 0.00028249956616574034, 0.0, 0.0014000483153685458, 0.0, 4.76837158203125e-07, 0.0, 0.0, 0.0, 0.0, 0.0, 0.0, 0.0, 0.000658915426159356, 0.0, 0.0007268955361379649, 0.0, 1.430511474609375e-06, 0.0005511518100642704, 0.0003289007286243898, 0.0023375166223404253, 0.0009780629881052747, 0.0, 0.0, 0.0, 0.0006043483864797616, 0.0, 0.0007509199348139529, 0.0, 0.0009965785572838308, 0.0, 9.704035937603655e-07, 0.0, 0.00012207031250000003, 1.4901161193847656e-08, 0.00016331986439573661, 0.0, 1.490116119384766e-08, 0.0, 0.0, 0.0, 5.960464477539063e-08, 0.0, 0.0012602204100250981, 0.0, 0.0, 0.0, 0.0, 0.0, 0.0009606450490527924, 0.0, 0.002237766409841371, 3.9322849920414855e-08, 0.0, 0.0, 0.0001045610798777827, 0.0013383071143831943, 0.0], [0.0, 0.007436300578699928, 0.0, 0.02138300492141557, 0.0, 0.0, 0.0, 0.0, 0.016934822151931136, 0.020131443505622015, 0.019376905965161347, 0.032441097864925154, 0.0, 0.0, 3.777177415498511e-05, 0.0, 0.0, 0.02483632250171748, 0.0016263093806990364, 0.04430150991514814, 0.0012569622567281348, 1.0, 0.0, 0.0, 0.018468332759411843, 0.0029595516603327836, 0.014438966372819101, 0.009517317512155394, 0.0, 0.029404553625913037, 0.0, 0.0, 0.0, 0.0, 0.0, 0.0, 0.0, 0.0, 0.0, 0.011000887423516258, 0.0, 0.0030248926265915186, 0.0, 0.015625, 0.03068766955456531, 0.0013731454841087827, 0.001501107056015831, 0.0020149435973236974, 0.0, 0.0, 0.003906250000000001, 0.0009017107045217167, 6.519258022308349e-09, 0.019537503854853325, 0.0, 0.036951416756673676, 0.0, 0.0, 0.0, 0.00018275499339994667, 0.026971429448702785, 0.017442093157802978, 0.0, 5.721332952386651e-10, 0.0, 0.0, 3.813068218378783e-05, 0.0, 0.0, 0.015125580746914538, 0.00023804122777096865, 0.0, 0.0, 1.791037556797491e-05, 0.0, 0.016699930592816156, 0.0, 0.03235232381695983, 0.0, 0.0, 5.72133295238665e-10, 0.005114139993443828, 0.030721675891950358, 0.0], [0.0, 0.0, 0.0, 4.765960032782966e-09, 0.0, 0.0, 0.0, 0.0, 0.0, 1.0990488402979016e-08, 0.0, 1.1771615418992538e-08, 0.0, 0.0, 0.0, 0.0, 0.0, 1.057197785287622e-08, 5.8097859355963826e-09, 4.939335280453286e-09, 0.0, 0.0, 1.0, 0.0, 0.0, 0.0, 0.0, 3.522428580008095e-09, 0.0, 1.3103017687361401e-09, 0.0, 0.0, 0.0, 9.313225746154785e-10, 0.0, 0.0, 0.0, 0.0, 0.0, 2.0825005858203297e-09, 0.0, 4.6566128730773926e-09, 0.0, 0.0, 4.386913061023834e-10, 1.4576002326598967e-09, 4.863627477813036e-09, 0.0, 0.0, 0.0, 0.0, 0.0, 9.313225746154784e-10, 1.4901161193847651e-08, 0.0, 0.0, 0.0, 0.0, 0.0, 9.313225746154785e-10, 0.0, 1.0194552270138002e-08, 0.0, 7.450580596923828e-09, 0.0, 0.0, 0.0, 0.0, 0.0, 2.904747972928014e-09, 4.317651745655844e-09, 0.0, 5.922409228108201e-09, 0.0, 0.0, 1.8322949924716412e-08, 0.0, 0.0, 0.0, 0.0, 0.0, 0.0, 1.0840584477847808e-08, 0.0], [0.0, 0.0, 0.0, 0.0, 0.0, 0.0, 0.0, 0.0, 0.0, 0.0, 0.0, 0.0, 0.0, 0.0, 0.0, 0.0, 0.0, 0.0, 0.0, 0.0, 0.0, 0.0, 0.0, 1.0, 0.0, 0.0, 0.0, 0.0, 0.0, 0.0, 0.0, 0.0, 0.0, 0.0, 0.0, 0.0, 0.0, 0.0, 0.0, 0.0, 0.0, 0.0, 0.0, 0.0, 0.0, 0.0, 0.0, 0.0, 0.0, 0.0, 0.0, 0.0, 0.0, 0.0, 0.0, 0.0, 0.0, 0.0, 0.0, 0.0, 0.0, 0.0, 0.0, 0.0, 0.0, 0.0, 0.0, 0.0, 0.0, 0.0, 0.0, 0.0, 0.0, 0.0, 0.0, 0.0, 0.0, 0.0, 0.0, 0.0, 0.0, 0.0, 0.0, 0.0], [0.0, 0.0014276811793972816, 0.0, 0.0038811788207336394, 0.0, 0.0, 0.0, 0.0, 0.017145452282973126, 0.01105076100085399, 0.01759656964789342, 0.008637079427589072, 0.0, 0.0, 0.0, 0.0, 0.0, 0.006187708746220112, 0.0, 0.00749498523282063, 0.0, 0.018468332759411843, 0.0, 0.0, 1.0, 0.007343006746648686, 0.006176323555016365, 0.006176384077982945, 0.0, 0.021501754998314287, 0.0, 0.0, 0.0, 0.0, 0.0, 0.0, 0.0, 0.0, 0.0, 0.005413628519249005, 0.0, 0.0, 0.0, 0.01441142162837152, 0.017409876994978715, 0.0, 0.0, 0.0, 0.0, 0.0, 0.0041175490366775775, 0.0, 0.0, 0.0040888525528602285, 0.0, 0.01274933167534594, 0.0, 0.0, 0.0, 0.0, 0.008658051123415517, 0.012127241186106554, 0.0, 0.0, 0.0, 0.0, 0.0, 0.0, 0.0, 0.0072736087598697825, 0.0, 0.0, 0.0, 0.0, 0.0, 0.011736873824599602, 0.0, 0.009269880512394376, 0.0, 0.0, 0.0, 0.0, 0.009845990611553604, 0.0], [0.0, 0.0011960399134683486, 0.0, 0.0033801199455025114, 0.0, 0.0, 0.0, 0.0, 0.007774259437544266, 0.0038253964656061014, 0.002501512281950803, 0.006057910903035251, 0.0, 0.0, 8.360574307541305e-05, 0.0, 0.0, 0.00199113349277015, 0.0, 0.0012726364394891072, 5.330020610110164e-06, 0.0029595516603327836, 0.0, 0.0, 0.007343006746648686, 1.0, 0.0, 8.053319663700964e-05, 0.0, 0.007511448389449026, 0.0, 1.9073486328125e-06, 0.0, 0.0, 0.0, 0.0, 0.0, 0.0, 0.0, 0.002539110250272438, 0.0, 3.049910763390753e-05, 0.0, 3.857880040740531e-06, 0.0036732238725522394, 0.0, 5.980530907872643e-05, 3.325207644655131e-05, 0.0, 0.0, 0.0, 0.0, 0.0, 0.002510077610878761, 0.0, 0.0029530040797325877, 0.0, 1.5457041345844776e-06, 0.0, 0.0, 0.0035807291666666665, 0.005181383002120866, 0.0, 0.0, 0.0, 0.0, 9.040878955233849e-05, 0.0, 0.0, 0.0049921090323402735, 0.0, 0.0, 0.0, 7.095231904756192e-05, 0.0, 0.006736977314514025, 0.0, 4.4053503468027434e-05, 0.0, 0.0, 0.0, 0.00011067512074798071, 0.006041900062530607, 0.0], [0.0, 0.06662663207834017, 0.0, 0.1852928249513905, 0.0, 0.0, 0.0, 0.0, 0.10626585289662277, 0.10939867507829272, 0.019531250000000003, 0.30644225624053434, 0.0, 0.0, 0.10796863624143509, 0.0, 0.0, 0.28740205890302184, 0.10261329614360643, 0.19205998049467604, 0.0, 0.014438966372819101, 0.0, 0.0, 0.006176323555016365, 0.0, 1.0, 0.20047697665272218, 0.0, 0.2860294015631203, 0.0, 0.0, 0.0, 0.0, 0.0, 0.0, 0.0, 0.0, 0.0, 0.09283796925777217, 0.0, 0.015624999999999998, 0.0, 0.003906250000000001, 0.14256953557318827, 0.08849965187397253, 0.0, 0.0, 0.0, 0.0, 0.019531249999999997, 0.0, 0.0, 0.25209647919110384, 0.0, 0.20675201868797663, 0.0, 0.0, 0.0, 0.0, 0.031023905431112615, 0.15449011403685303, 0.0, 0.0, 0.0, 0.0, 0.0, 0.0, 0.0, 0.1849151954886752, 0.0, 0.0, 0.0, 0.0, 0.0, 0.16004666605452628, 0.0, 0.2765169942443696, 0.0, 0.0, 0.0, 0.0, 0.17540462697905643, 0.0], [0.0, 0.45899925966309196, 0.0, 0.3518283690608606, 0.0, 0.0, 0.0, 0.0, 0.39986525472478035, 0.16717366151630406, 0.06555996207468005, 0.39940013510115313, 6.994474098010919e-08, 0.0, 0.34393666856169236, 0.0, 0.0, 0.5272397752414484, 0.14810383880999142, 0.3373451818047508, 0.00028249956616574034, 0.009517317512155394, 3.522428580008095e-09, 0.0, 0.006176384077982945, 8.053319663700964e-05, 0.20047697665272218, 1.0, 0.0, 0.4164998088399757, 0.0, 0.0, 0.0, 4.5917364320813514e-08, 0.0, 0.0, 0.0, 0.0, 0.0, 0.16600948923075748, 0.0, 0.021179374369064648, 0.0, 0.003906250000000001, 0.21331695414247143, 0.10964547530503528, 0.0005266388096049266, 0.0013252588333654775, 0.0, 0.0, 0.02316154475512889, 0.0019240642086229955, 2.1485190743329788e-08, 0.4179755576325622, 0.0, 0.35784411692976437, 0.0, 1.6686238236360862e-08, 0.0, 6.10686441627091e-05, 0.02029437393580921, 0.2620240600799308, 0.0, 6.273836968098247e-08, 0.0, 0.0, 0.00012082168994454005, 1.8240740065310165e-08, 0.0, 0.5511635368827499, 0.0002380443960123778, 0.0, 1.8409374106016718e-08, 0.00012090106786272417, 0.0, 0.25576456018025717, 0.0, 0.5298753011800307, 3.05698424990054e-08, 0.0, 1.1107379800761376e-09, 0.0010261068600814875, 0.4951254193580902, 0.0], [0.0, 0.0, 0.0, 0.0, 0.0, 0.0, 0.0, 0.0, 0.0, 0.0, 0.0, 0.0, 0.0, 0.0, 0.0, 0.0, 0.0, 0.0, 0.0, 0.0, 0.0, 0.0, 0.0, 0.0, 0.0, 0.0, 0.0, 0.0, 1.0, 0.0, 0.0, 0.0, 0.0, 0.0, 0.0, 0.0, 0.0, 0.0, 0.0, 0.0, 0.0, 0.0, 0.0, 0.0, 0.0, 0.0, 0.0, 0.0, 0.0, 0.0, 0.0, 0.0, 0.0, 0.0, 0.0, 0.0, 0.0, 0.0, 0.0, 0.0, 0.0, 0.0, 0.0, 0.0, 0.0, 0.0, 0.0, 0.0, 0.0, 0.0, 0.0, 0.0, 0.0, 0.0, 0.0, 0.0, 0.0, 0.0, 0.0, 0.0, 0.0, 0.0, 0.0, 0.0], [0.0, 0.23800111221060155, 0.0, 0.22881938468625576, 0.0, 0.0, 0.0, 0.0, 0.25973133078693955, 0.5253471261540298, 0.026618212826911566, 0.6149447186113115, 1.9837299095418818e-08, 0.0, 0.23502184647186652, 0.0, 0.0, 0.4320055740012855, 0.3103718057503184, 0.3823226949013705, 0.0014000483153685458, 0.029404553625913037, 1.3103017687361401e-09, 0.0, 0.021501754998314287, 0.007511448389449026, 0.2860294015631203, 0.4164998088399757, 0.0, 1.0, 0.0, 3.3108883788191e-07, 0.0, 1.240574010806654e-08, 0.0, 0.0, 0.0, 0.0, 0.0, 0.3926258098955363, 4.5027107033308076e-07, 0.06253002409786562, 0.0, 0.013084385546539184, 0.3985788344386468, 0.09708198757226166, 0.001439720995615498, 0.0014812552069473673, 0.0, 0.0, 0.0660264515837438, 5.014427360798004e-05, 2.322996931834713e-08, 0.5561640248133135, 0.0, 0.4734775220887551, 0.0, 1.0288529733845186e-06, 0.0, 0.00030924443218454967, 0.018459676624799685, 0.32028798030867167, 0.0, 8.352378761145449e-08, 0.0, 0.0, 0.00015039025962850929, 2.3344755958224593e-08, 0.0, 0.3935405096135979, 1.1681830541845048e-05, 0.0, 2.2596717781467524e-08, 0.00011787608420043362, 0.0, 0.4286558454773059, 0.0, 0.8020079248206554, 1.7460170260027078e-08, 0.0, 6.81122431385885e-10, 0.0030987810974434887, 0.6056815407966694, 0.0], [0.0, 0.0, 0.0, 0.0, 0.0, 0.0, 0.0, 0.0, 0.0, 0.0, 0.0, 0.0, 0.0, 0.0, 0.0, 0.0, 0.0, 0.0, 0.0, 0.0, 0.0, 0.0, 0.0, 0.0, 0.0, 0.0, 0.0, 0.0, 0.0, 0.0, 1.0, 0.0, 0.0, 0.0, 0.0, 0.0, 0.0, 0.0, 0.0, 0.0, 0.0, 0.0, 0.0, 0.0, 0.0, 0.0, 0.0, 0.0, 0.0, 0.0, 0.0, 0.0, 0.0, 0.0, 0.0, 0.0, 0.0, 0.0, 0.0, 0.0, 0.0, 0.0, 0.0, 0.0, 0.0, 0.0, 0.0, 0.0, 0.0, 0.0, 0.0, 0.0, 0.0, 0.0, 0.0, 0.0, 0.0, 0.0, 0.0, 0.0, 0.0, 0.0, 0.0, 0.0], [0.0, 0.0, 0.0, 1.2706271556677066e-06, 0.0, 0.0, 0.0, 0.0, 0.0, 1.0951151646637141e-06, 0.0, 1.3703547027482512e-06, 0.0, 0.0, 2.86102294921875e-06, 0.0, 0.0, 1.5752418651553654e-06, 0.0, 9.841397345462481e-07, 4.76837158203125e-07, 0.0, 0.0, 0.0, 0.0, 1.9073486328125e-06, 0.0, 0.0, 0.0, 3.3108883788191e-07, 0.0, 1.0, 0.0, 0.0, 0.0, 0.0, 0.0, 0.0, 0.0, 1.47283711747667e-06, 2.3841857910156255e-07, 1.9073486328125e-06, 0.0, 1.9073486328125e-06, 4.569797431838572e-07, 0.0, 0.0, 8.075912885164742e-07, 0.0, 0.0, 0.0, 0.0, 0.0, 1.3351853293547946e-06, 0.0, 7.425065436832628e-07, 0.0, 0.0, 0.0, 0.0, 0.0, 1.0189043299047121e-06, 0.0, 0.0, 0.0, 0.0, 0.0, 0.0, 0.0, 4.167580578710556e-07, 0.0, 0.0, 0.0, 0.0, 0.0, 1.48874145699901e-06, 0.0, 2.384185791015625e-07, 0.0, 0.0, 0.0, 7.473887739146179e-07, 2.418807812506842e-06, 0.0], [0.0, 0.0, 0.0, 0.0, 0.0, 0.0, 0.0, 0.0, 0.0, 0.0, 0.0, 0.0, 0.0, 0.0, 0.0, 0.0, 0.0, 0.0, 0.0, 0.0, 0.0, 0.0, 0.0, 0.0, 0.0, 0.0, 0.0, 0.0, 0.0, 0.0, 0.0, 0.0, 1.0, 0.0, 0.0, 0.0, 0.0, 0.0, 0.0, 0.0, 0.0, 0.0, 0.0, 0.0, 0.0, 0.0, 0.0, 0.0, 0.0, 0.0, 0.0, 0.0, 0.0, 0.0, 0.0, 0.0, 0.0, 0.0, 0.0, 0.0, 0.0, 0.0, 0.0, 0.0, 0.0, 0.0, 0.0, 0.0, 0.0, 0.0, 0.0, 0.0, 0.0, 0.0, 0.0, 0.0, 0.0, 0.0, 0.0, 0.0, 0.0, 0.0, 0.0, 0.0], [0.0, 0.0, 0.0, 3.972841776360818e-08, 0.0, 0.0, 0.0, 0.0, 0.0, 1.8816366487757235e-08, 0.0, 4.4410536045040716e-08, 0.0, 0.0, 0.0, 0.0, 0.0, 5.716607778563824e-08, 9.313225746154784e-10, 1.3152757083009784e-08, 0.0, 0.0, 9.313225746154785e-10, 0.0, 0.0, 0.0, 0.0, 4.5917364320813514e-08, 0.0, 1.240574010806654e-08, 0.0, 0.0, 0.0, 1.0, 0.0, 0.0, 0.0, 0.0, 0.0, 3.016467321208774e-08, 0.0, 9.313225746154784e-10, 0.0, 0.0, 7.714825759302266e-08, 9.195598783223507e-10, 3.660535243403612e-09, 0.0, 0.0, 0.0, 0.0, 0.0, 9.313225746154785e-10, 5.5266608384575625e-08, 0.0, 0.0, 0.0, 0.0, 0.0, 1.1665484098343463e-07, 3.148391807084198e-08, 2.8359525623037524e-08, 0.0, 1.2002266484258297e-07, 0.0, 0.0, 0.0, 0.0, 0.0, 5.975958239435511e-08, 0.0, 0.0, 0.0, 0.0, 0.0, 3.0445279024412494e-08, 0.0, 4.153503126135431e-08, 0.0, 0.0, 0.0, 0.0, 2.2574027533175155e-09, 0.0], [0.0, 0.0, 0.0, 0.0, 0.0, 0.0, 0.0, 0.0, 0.0, 0.0, 0.0, 0.0, 0.0, 0.0, 0.0, 0.0, 0.0, 0.0, 0.0, 0.0, 0.0, 0.0, 0.0, 0.0, 0.0, 0.0, 0.0, 0.0, 0.0, 0.0, 0.0, 0.0, 0.0, 0.0, 1.0, 0.0, 0.0, 0.0, 0.0, 0.0, 0.0, 0.0, 0.0, 0.0, 0.0, 0.0, 0.0, 0.0, 0.0, 0.0, 0.0, 0.0, 0.0, 0.0, 0.0, 0.0, 0.0, 0.0, 0.0, 0.0, 0.0, 0.0, 0.0, 0.0, 0.0, 0.0, 0.0, 0.0, 0.0, 0.0, 0.0, 0.0, 0.0, 0.0, 0.0, 0.0, 0.0, 0.0, 0.0, 0.0, 0.0, 0.0, 0.0, 0.0], [0.0, 0.0, 0.0, 0.0, 0.0, 0.0, 0.0, 0.0, 0.0, 0.0, 0.0, 0.0, 0.0, 0.0, 0.0, 0.0, 0.0, 0.0, 0.0, 0.0, 0.0, 0.0, 0.0, 0.0, 0.0, 0.0, 0.0, 0.0, 0.0, 0.0, 0.0, 0.0, 0.0, 0.0, 0.0, 1.0, 0.0, 0.0, 0.0, 0.0, 0.0, 0.0, 0.0, 0.0, 0.0, 0.0, 0.0, 0.0, 0.0, 0.0, 0.0, 0.0, 0.0, 0.0, 0.0, 0.0, 0.0, 0.0, 0.0, 0.0, 0.0, 0.0, 0.0, 0.0, 0.0, 0.0, 0.0, 0.0, 0.0, 0.0, 0.0, 0.0, 0.0, 0.0, 0.0, 0.0, 0.0, 0.0, 0.0, 0.0, 0.0, 0.0, 0.0, 0.0], [0.0, 0.0, 0.0, 0.0, 0.0, 0.0, 0.0, 0.0, 0.0, 0.0, 0.0, 0.0, 0.0, 0.0, 0.0, 0.0, 0.0, 0.0, 0.0, 0.0, 0.0, 0.0, 0.0, 0.0, 0.0, 0.0, 0.0, 0.0, 0.0, 0.0, 0.0, 0.0, 0.0, 0.0, 0.0, 0.0, 1.0, 0.0, 0.0, 0.0, 0.0, 0.0, 0.0, 0.0, 0.0, 0.0, 0.0, 0.0, 0.0, 0.0, 0.0, 0.0, 0.0, 0.0, 0.0, 0.0, 0.0, 0.0, 0.0, 0.0, 0.0, 0.0, 0.0, 0.0, 0.0, 0.0, 0.0, 0.0, 0.0, 0.0, 0.0, 0.0, 0.0, 0.0, 0.0, 0.0, 0.0, 0.0, 0.0, 0.0, 0.0, 0.0, 0.0, 0.0], [0.0, 0.0, 0.0, 0.0, 0.0, 0.0, 0.0, 0.0, 0.0, 0.0, 0.0, 0.0, 0.0, 0.0, 0.0, 0.0, 0.0, 0.0, 0.0, 0.0, 0.0, 0.0, 0.0, 0.0, 0.0, 0.0, 0.0, 0.0, 0.0, 0.0, 0.0, 0.0, 0.0, 0.0, 0.0, 0.0, 0.0, 1.0, 0.0, 0.0, 0.0, 0.0, 0.0, 0.0, 0.0, 0.0, 0.0, 0.0, 0.0, 0.0, 0.0, 0.0, 0.0, 0.0, 0.0, 0.0, 0.0, 0.0, 0.0, 0.0, 0.0, 0.0, 0.0, 0.0, 0.0, 0.0, 0.0, 0.0, 0.0, 0.0, 0.0, 0.0, 0.0, 0.0, 0.0, 0.0, 0.0, 0.0, 0.0, 0.0, 0.0, 0.0, 0.0, 0.0], [0.0, 0.0, 0.0, 0.0, 0.0, 0.0, 0.0, 0.0, 0.0, 0.0, 0.0, 0.0, 0.0, 0.0, 0.0, 0.0, 0.0, 0.0, 0.0, 0.0, 0.0, 0.0, 0.0, 0.0, 0.0, 0.0, 0.0, 0.0, 0.0, 0.0, 0.0, 0.0, 0.0, 0.0, 0.0, 0.0, 0.0, 0.0, 1.0, 0.0, 0.0, 0.0, 0.0, 0.0, 0.0, 0.0, 0.0, 0.0, 0.0, 0.0, 0.0, 0.0, 0.0, 0.0, 0.0, 0.0, 0.0, 0.0, 0.0, 0.0, 0.0, 0.0, 0.0, 0.0, 0.0, 0.0, 0.0, 0.0, 0.0, 0.0, 0.0, 0.0, 0.0, 0.0, 0.0, 0.0, 0.0, 0.0, 0.0, 0.0, 0.0, 0.0, 0.0, 0.0], [0.0, 0.2354599735935705, 0.0, 0.5721446249906101, 0.0, 0.0, 0.0, 0.0, 0.49483293371798365, 0.5075341892618344, 0.04574767160860878, 0.6110636543353083, 2.0164916172216633e-08, 0.0, 0.21955383089488098, 0.0, 0.0, 0.4376007650916222, 0.5100468576099653, 0.5779278971448942, 0.000658915426159356, 0.011000887423516258, 2.0825005858203297e-09, 0.0, 0.005413628519249005, 0.002539110250272438, 0.09283796925777217, 0.16600948923075748, 0.0, 0.3926258098955363, 0.0, 1.47283711747667e-06, 0.0, 3.016467321208774e-08, 0.0, 0.0, 0.0, 0.0, 0.0, 1.0, 4.737133833139701e-07, 0.06009169521751094, 0.0, 0.005060752360403181, 0.3627255592282562, 0.0705374012635306, 0.001097999620805346, 0.0039006097120617474, 0.0, 0.0, 0.06288345425724111, 0.0010048745223193876, 9.707174369604863e-09, 0.5039549302096276, 0.0, 0.7699994836838876, 0.0, 1.3256443904695766e-06, 0.0, 6.108994886386107e-05, 0.00867557247941489, 0.42207679551888655, 0.0, 5.44874580688854e-08, 0.0, 0.0, 7.995128685005614e-05, 1.359055640718646e-08, 0.0, 0.32832771803647126, 7.701333839648984e-05, 0.0, 4.8319807384678056e-09, 6.826290676649118e-05, 0.0, 0.5735603083332825, 0.0, 0.25022720926394904, 2.3503815147612684e-08, 0.0, 4.656612873077392e-10, 0.0012359117505627835, 0.17576854535566333, 0.0], [0.0, 0.0, 0.0, 1.084124720585737e-06, 0.0, 0.0, 0.0, 0.0, 0.0, 4.306948246535268e-07, 0.0, 1.1920928955078124e-07, 0.0, 0.0, 3.5762786865234364e-07, 0.0, 0.0, 4.94410675631751e-07, 0.0, 7.431449789001771e-07, 0.0, 0.0, 0.0, 0.0, 0.0, 0.0, 0.0, 0.0, 0.0, 4.5027107033308076e-07, 0.0, 2.3841857910156255e-07, 0.0, 0.0, 0.0, 0.0, 0.0, 0.0, 0.0, 4.737133833139701e-07, 1.0, 0.0, 0.0, 0.0, 3.1827017681238385e-07, 0.0, 0.0, 4.85264116055092e-07, 0.0, 0.0, 0.0, 0.0, 0.0, 7.533055071439094e-07, 0.0, 7.261463512941832e-07, 0.0, 0.0, 0.0, 0.0, 0.0, 7.128436401038739e-07, 0.0, 0.0, 0.0, 0.0, 0.0, 0.0, 0.0, 1.2190903936388173e-06, 0.0, 0.0, 0.0, 0.0, 0.0, 1.0027894555594493e-06, 0.0, 3.5762786865234375e-07, 0.0, 0.0, 0.0, 3.81168601543407e-07, 9.183211288589085e-07, 0.0], [0.0, 0.017361916623996825, 0.0, 0.00410876952475931, 0.0, 0.0, 0.0, 0.0, 0.015625, 0.06633780434380791, 0.01580062173035467, 0.020496315348733057, 0.0, 0.0, 1.9073486328125e-06, 0.0, 0.0, 0.025763793341322755, 0.0024191512822168784, 0.0029708537037254072, 0.0007268955361379649, 0.0030248926265915186, 4.6566128730773926e-09, 0.0, 0.0, 3.049910763390753e-05, 0.015624999999999998, 0.021179374369064648, 0.0, 0.06253002409786562, 0.0, 1.9073486328125e-06, 0.0, 9.313225746154784e-10, 0.0, 0.0, 0.0, 0.0, 0.0, 0.06009169521751094, 0.0, 1.0, 0.0, 1.9073486328125e-06, 0.0026156756561900073, 0.01629956149175909, 0.0007264254526522299, 0.0030487765223668325, 0.0, 0.0, 0.0625, 0.0019531250000000004, 8.381903171539305e-09, 0.06525332721559511, 0.0, 0.0658558499323878, 0.0, 0.0, 0.0, 0.0001220712438225746, 0.0, 0.015560894603280624, 0.0, 1.6298145055770877e-08, 0.0, 0.0, 0.0, 0.0, 0.0, 0.005782999011938597, 4.317651745655845e-09, 0.0, 5.922409228108201e-09, 0.0, 0.0, 0.06545151470608132, 0.0, 0.022992597102346836, 0.0, 0.0, 4.6566128730773915e-10, 0.0014765669730217369, 0.05392550756252269, 0.0], [0.0, 0.0, 0.0, 0.0, 0.0, 0.0, 0.0, 0.0, 0.0, 0.0, 0.0, 0.0, 0.0, 0.0, 0.0, 0.0, 0.0, 0.0, 0.0, 0.0, 0.0, 0.0, 0.0, 0.0, 0.0, 0.0, 0.0, 0.0, 0.0, 0.0, 0.0, 0.0, 0.0, 0.0, 0.0, 0.0, 0.0, 0.0, 0.0, 0.0, 0.0, 0.0, 1.0, 0.0, 0.0, 0.0, 0.0, 0.0, 0.0, 0.0, 0.0, 0.0, 0.0, 0.0, 0.0, 0.0, 0.0, 0.0, 0.0, 0.0, 0.0, 0.0, 0.0, 0.0, 0.0, 0.0, 0.0, 0.0, 0.0, 0.0, 0.0, 0.0, 0.0, 0.0, 0.0, 0.0, 0.0, 0.0, 0.0, 0.0, 0.0, 0.0, 0.0, 0.0], [0.0, 0.0, 0.0, 0.0022435475222657847, 0.0, 0.0, 0.0, 0.0, 0.00674338286306761, 0.003907350786221784, 0.015625, 0.0034667057483605004, 0.0, 0.0, 2.8610229492187496e-06, 0.0, 0.0, 0.004321378371464227, 0.0, 0.003325930261189839, 1.430511474609375e-06, 0.015625, 0.0, 0.0, 0.01441142162837152, 3.857880040740531e-06, 0.003906250000000001, 0.003906250000000001, 0.0, 0.013084385546539184, 0.0, 1.9073486328125e-06, 0.0, 0.0, 0.0, 0.0, 0.0, 0.0, 0.0, 0.005060752360403181, 0.0, 1.9073486328125e-06, 0.0, 1.0, 0.008736147007688608, 0.0, 0.0, 3.252814939624239e-06, 0.0, 0.0, 0.003906249999999999, 0.0, 0.0, 0.005503583250435985, 0.0, 0.013536617939047977, 0.0, 9.536743164062498e-07, 0.0, 0.0, 0.003919129107856406, 0.005584610214336931, 0.0, 0.0, 0.0, 0.0, 0.0, 0.0, 0.0, 0.0011743681115184228, 0.0, 0.0, 0.0, 0.0, 0.0, 0.005243715227752409, 0.0, 0.01126976825251322, 0.0, 0.0, 0.0, 1.3930946103440485e-06, 0.002205881618204632, 0.0], [0.0, 0.3825810312754711, 0.0, 0.5336338825190508, 0.0, 0.0, 0.0, 0.0, 0.42420427278246997, 0.6336770451963382, 0.010193660795682524, 0.3423152893411248, 4.3729870104834806e-08, 0.0, 0.3835428064880395, 0.0, 0.0, 0.6055483572161724, 0.3698061419204218, 0.32956193800923284, 0.0005511518100642704, 0.03068766955456531, 4.386913061023834e-10, 0.0, 0.017409876994978715, 0.0036732238725522394, 0.14256953557318827, 0.21331695414247143, 0.0, 0.3985788344386468, 0.0, 4.569797431838572e-07, 0.0, 7.714825759302266e-08, 0.0, 0.0, 0.0, 0.0, 0.0, 0.3627255592282562, 3.1827017681238385e-07, 0.0026156756561900073, 0.0, 0.008736147007688608, 1.0, 0.04682908442852936, 0.0002887666210294967, 0.0027053292465504843, 0.0, 0.0, 0.008734640537108554, 0.0015759209579294501, 3.211851374903011e-08, 0.3624181034303391, 0.0, 0.40615073147157665, 0.0, 1.1852969469422715e-06, 0.0, 0.0002758419789614085, 0.025924648575045034, 0.6006794096520651, 0.0, 9.966767795609644e-08, 0.0, 0.0, 6.813890569803774e-05, 1.4153078114129396e-08, 0.0, 0.5635807349620798, 4.542386570037961e-05, 0.0, 3.275747126851336e-08, 3.6628113322753e-05, 0.0, 0.2306900521875175, 0.0, 0.45924315172902747, 2.3068329939153075e-08, 0.0, 1.8317533697202404e-09, 0.0023722876149496626, 0.7440931053842532, 0.0], [0.0, 0.24716568525340385, 0.0, 0.07320787080881462, 0.0, 0.0, 0.0, 0.0, 0.09984019210665189, 0.07960348052628625, 0.016361179975543733, 0.13764529167647602, 0.0, 0.0, 0.1252801930029441, 0.0, 0.0, 0.10063564026730246, 0.13467819307311582, 0.05825298573473532, 0.0003289007286243898, 0.0013731454841087827, 1.4576002326598967e-09, 0.0, 0.0, 0.0, 0.08849965187397253, 0.10964547530503528, 0.0, 0.09708198757226166, 0.0, 0.0, 0.0, 9.195598783223507e-10, 0.0, 0.0, 0.0, 0.0, 0.0, 0.0705374012635306, 0.0, 0.01629956149175909, 0.0, 0.0, 0.04682908442852936, 1.0, 0.00016445787967913782, 0.0010879570240192296, 0.0, 0.0, 0.015624999999999998, 0.0006745561465254652, 3.3202453818908535e-09, 0.1712357089613596, 0.0, 0.06966340104927793, 0.0, 0.0, 0.0, 3.5217186829366634e-10, 0.0, 0.14916626886515544, 0.0, 1.4576002326598967e-09, 0.0, 0.0, 0.0, 0.0, 0.0, 0.2186918375819967, 0.0, 0.0, 0.0, 0.0, 0.0, 0.04653425679467651, 0.0, 0.151086770952334, 0.0, 0.0, 0.0, 0.0028775843674808564, 0.12540278814422604, 0.0], [0.0, 0.0006043483864797617, 0.0, 0.0011003015970481548, 0.0, 0.0, 0.0, 0.0, 0.0, 0.0005328538810967718, 0.0005550753046433118, 0.0008368502791404235, 2.9802322387695312e-08, 0.0, 7.967262400727068e-06, 0.0, 0.0, 0.0009006360024603001, 0.00095941334383105, 0.0019231913580269077, 0.0023375166223404253, 0.001501107056015831, 4.863627477813036e-09, 0.0, 0.0, 5.980530907872643e-05, 0.0, 0.0005266388096049266, 0.0, 0.001439720995615498, 0.0, 0.0, 0.0, 3.660535243403612e-09, 0.0, 0.0, 0.0, 0.0, 0.0, 0.001097999620805346, 0.0, 0.0007264254526522299, 0.0, 0.0, 0.0002887666210294967, 0.00016445787967913782, 1.0, 0.0009786165188154436, 0.0, 0.0, 0.0, 0.0006043483864797616, 3.37235180312949e-08, 0.0006546688844476274, 0.0, 0.0011483828933243076, 0.0, 0.0, 0.0, 0.0001831140576677763, 0.0, 0.0002432324999590876, 0.0, 4.863627477813037e-09, 0.0, 0.0, 1.8885887077492553e-05, 0.0, 0.0, 0.0016821522289609816, 0.00023804527215361642, 0.0, 4.1377940424452256e-08, 0.0, 0.0, 0.0010330176426600589, 0.0, 0.002491830791682261, 0.0, 0.0, 0.0, 0.000668958354506238, 0.0014873311080882236, 0.0], [0.0, 0.0018462420964695117, 0.0, 0.0015367868162954627, 0.0, 0.0, 0.0, 0.0, 0.0, 0.0031095228883226277, 0.0003298759459432356, 0.0019649755197628307, 0.0, 0.0, 1.8574004441203416e-05, 0.0, 0.0, 0.00199173314616971, 0.001455534221452878, 0.0034882331774452923, 0.0009780629881052747, 0.0020149435973236974, 0.0, 0.0, 0.0, 3.325207644655131e-05, 0.0, 0.0013252588333654775, 0.0, 0.0014812552069473673, 0.0, 8.075912885164742e-07, 0.0, 0.0, 0.0, 0.0, 0.0, 0.0, 0.0, 0.0039006097120617474, 4.85264116055092e-07, 0.0030487765223668325, 0.0, 3.252814939624239e-06, 0.0027053292465504843, 0.0010879570240192296, 0.0009786165188154436, 1.0, 0.0, 0.0, 0.0, 0.0014230693115808634, 0.0, 0.002305668044982622, 0.0, 0.002323722297554145, 0.0, 2.6659262001595e-07, 0.0, 0.0, 0.0, 0.00246308753