"{\"names\": [\"172.217.10.1\", \"104.88.86.240\", \"38.93.140.48\", \"192.168.10.15\", \"104.88.108.223\", \"195.142.105.15\", \"172.217.12.163\", \"206.217.206.48\", \"172.217.6.228\", \"178.255.83.1\", \"74.119.118.82\", \"192.168.10.9\", \"172.217.7.6\", \"35.186.227.40\", \"31.13.71.36\", \"206.126.112.142\", \"151.101.2.49\", \"192.168.10.25\", \"172.217.3.98\", \"192.168.10.16\", \"72.30.202.150\", \"172.217.12.132\", \"50.31.164.173\", \"162.208.20.178\", \"23.15.4.16\", \"216.58.217.99\", \"172.217.6.198\", \"172.217.12.174\", \"169.46.44.40\", \"192.168.10.17\", \"52.84.143.130\", \"104.19.195.102\", \"216.200.232.61\", \"104.97.73.166\", \"152.163.13.79\", \"192.229.163.25\", \"74.119.118.86\", \"54.225.188.92\", \"188.165.145.88\", \"192.168.10.14\", \"8.43.72.98\", \"199.96.57.6\", \"68.67.178.110\", \"104.88.70.158\", \"192.168.10.19\", \"69.172.216.56\", \"157.240.18.35\", \"172.217.11.34\", \"185.54.150.20\", \"69.169.85.7\", \"198.232.124.194\", \"74.119.118.72\", \"172.217.12.134\", \"192.168.10.5\", \"23.111.9.30\", \"192.168.10.8\", \"151.101.66.2\", \"68.67.178.199\", \"213.239.195.215\", \"138.108.7.20\", \"52.84.145.87\", \"192.168.10.50\", \"52.84.145.198\", \"52.40.24.51\", \"212.77.100.137\", \"185.54.150.115\", \"172.217.10.138\", \"152.163.66.165\", \"52.84.137.78\", \"192.168.10.51\", \"68.67.178.109\", \"129.146.14.96\", \"54.152.24.232\", \"172.217.10.33\", \"52.8.229.108\", \"192.168.10.12\", \"64.147.131.201\", \"172.217.12.206\", \"68.67.180.12\", \"172.217.10.134\", \"38.69.238.16\", \"172.217.10.142\", \"192.168.10.3\", \"172.217.6.202\"], \"funcEdges\": [[1.0, 0.0, 0.0, 0.0, 0.0, 0.0, 0.0, 0.0, 0.0, 0.0, 0.0, 0.0, 0.0, 0.0, 0.0, 0.0, 0.0, 0.0, 0.0, 0.0, 0.0, 0.0, 0.0, 0.0, 0.0, 0.0, 0.0, 0.0, 0.0, 0.0, 0.0, 0.0, 0.0, 0.0, 0.0, 0.0, 0.0, 0.0, 0.0, 0.0, 0.0, 0.0, 0.0, 0.0, 0.0, 0.0, 0.0, 0.0, 0.0, 0.0, 0.0, 0.0, 0.0, 0.0, 0.0, 0.0, 0.0, 0.0, 0.0, 0.0, 0.0, 0.0, 0.0, 0.0, 0.0, 0.0, 0.0, 0.0, 0.0, 0.0, 0.0, 0.0, 0.0, 0.0, 0.0, 0.0, 0.0, 0.0, 0.0, 0.0, 0.0, 0.0, 0.0, 0.0], [0.0, 1.0, 0.0, 2.521783291674341e-05, 0.0, 0.0, 0.0, 0.0, 1.6284772855798922e-05, 2.8171509997222047e-05, 3.987031314238189e-06, 1.4383627319767399e-05, 0.0, 0.0, 1.0418961566204872e-05, 0.0, 0.0, 1.0652681612368366e-05, 1.8424103299846872e-05, 1.124996158898486e-05, 6.147749699704605e-09, 4.5387576774291553e-07, 0.0, 0.0, 8.713874385969736e-08, 7.300048299977713e-08, 4.066566899312755e-06, 2.801509153217114e-05, 0.0, 1.4526435071447849e-05, 0.0, 0.0, 0.0, 0.0, 0.0, 0.0, 0.0, 0.0, 0.0, 1.4371336278904449e-05, 0.0, 1.0596872939451187e-06, 0.0, 0.0, 2.3350893022184516e-05, 1.5085796219079825e-05, 3.6886498198227643e-08, 1.1268567483334422e-07, 0.0, 0.0, 9.5367431640625e-07, 2.9802322387695312e-08, 0.0, 2.7703772759098134e-05, 0.0, 1.8482878047482355e-05, 0.0, 0.0, 0.0, 0.0, 1.9466795466607232e-07, 2.005290986626586e-05, 0.0, 0.0, 0.0, 0.0, 0.0, 0.0, 0.0, 1.8217988828469456e-05, 0.0, 0.0, 0.0, 0.0, 0.0, 1.0397855543087959e-05, 0.0, 1.6446937941395163e-05, 0.0, 0.0, 0.0, 3.5077243404857734e-07, 3.287424854735667e-05, 0.0], [0.0, 0.0, 1.0, 0.0, 0.0, 0.0, 0.0, 0.0, 0.0, 0.0, 0.0, 0.0, 0.0, 0.0, 0.0, 0.0, 0.0, 0.0, 0.0, 0.0, 0.0, 0.0, 0.0, 0.0, 0.0, 0.0, 0.0, 0.0, 0.0, 0.0, 0.0, 0.0, 0.0, 0.0, 0.0, 0.0, 0.0, 0.0, 0.0, 0.0, 0.0, 0.0, 0.0, 0.0, 0.0, 0.0, 0.0, 0.0, 0.0, 0.0, 0.0, 0.0, 0.0, 0.0, 0.0, 0.0, 0.0, 0.0, 0.0, 0.0, 0.0, 0.0, 0.0, 0.0, 0.0, 0.0, 0.0, 0.0, 0.0, 0.0, 0.0, 0.0, 0.0, 0.0, 0.0, 0.0, 0.0, 0.0, 0.0, 0.0, 0.0, 0.0, 0.0, 0.0], [0.0, 2.521783291674341e-05, 0.0, 1.0, 0.0, 0.0, 0.20157929260809376, 0.09210523275103491, 3.899589087270829e-05, 0.3792095795822354, 0.26874760142202836, 0.4346160699898617, 1.7824023052064948e-12, 0.0, 0.002538147550295111, 0.0, 0.0, 0.3090027639032651, 0.5993704403151133, 0.3479619928555718, 5.8584091863729155e-05, 1.3051150464731183e-06, 0.044517395523047835, 0.0, 0.15708054484420866, 2.0630614901748727e-07, 7.233010331663574e-05, 0.0006566143820299162, 0.0, 0.6166953722997688, 0.17384880982433, 7.755292698167155e-11, 0.525198265043324, 2.424830185767101e-12, 0.0, 0.0, 0.0012565552066771937, 0.0, 0.0, 0.3928536957592456, 3.877383185691415e-05, 0.059242194489899855, 0.0, 0.00013180863141763023, 0.32431864774405983, 0.00047953102538541545, 6.715707989795866e-08, 9.379802345553361e-08, 0.007791523736217754, 0.0, 5.960274550713383e-07, 0.0077334292090267915, 1.759155597855522e-12, 0.4947053968786741, 0.0003971091219774469, 0.5085361179913799, 0.0, 9.441849306948184e-11, 0.0, 3.1278255126072585e-08, 2.4732940870927763e-06, 0.5498966174096451, 0.0, 3.262669690245149e-12, 0.45122903899982375, 0.008789062499999998, 7.3799649883190486e-09, 5.380176209078824e-13, 0.0, 0.4156235191645571, 0.007793207540978013, 0.0, 2.5365615088203843e-12, 7.40901149742511e-09, 0.0, 0.33913370612036026, 0.1113575844321261, 0.03942905430063294, 5.28938035122103e-13, 0.0, 3.8773765694885144e-05, 0.23963354225033048, 0.42077570949079146, 0.0], [0.0, 0.0, 0.0, 0.0, 1.0, 0.0, 0.0, 0.0, 0.0, 0.0, 0.0, 0.0, 0.0, 0.0, 0.0, 0.0, 0.0, 0.0, 0.0, 0.0, 0.0, 0.0, 0.0, 0.0, 0.0, 0.0, 0.0, 0.0, 0.0, 0.0, 0.0, 0.0, 0.0, 0.0, 0.0, 0.0, 0.0, 0.0, 0.0, 0.0, 0.0, 0.0, 0.0, 0.0, 0.0, 0.0, 0.0, 0.0, 0.0, 0.0, 0.0, 0.0, 0.0, 0.0, 0.0, 0.0, 0.0, 0.0, 0.0, 0.0, 0.0, 0.0, 0.0, 0.0, 0.0, 0.0, 0.0, 0.0, 0.0, 0.0, 0.0, 0.0, 0.0, 0.0, 0.0, 0.0, 0.0, 0.0, 0.0, 0.0, 0.0, 0.0, 0.0, 0.0], [0.0, 0.0, 0.0, 0.0, 0.0, 1.0, 0.0, 0.0, 0.0, 0.0, 0.0, 0.0, 0.0, 0.0, 0.0, 0.0, 0.0, 0.0, 0.0, 0.0, 0.0, 0.0, 0.0, 0.0, 0.0, 0.0, 0.0, 0.0, 0.0, 0.0, 0.0, 0.0, 0.0, 0.0, 0.0, 0.0, 0.0, 0.0, 0.0, 0.0, 0.0, 0.0, 0.0, 0.0, 0.0, 0.0, 0.0, 0.0, 0.0, 0.0, 0.0, 0.0, 0.0, 0.0, 0.0, 0.0, 0.0, 0.0, 0.0, 0.0, 0.0, 0.0, 0.0, 0.0, 0.0, 0.0, 0.0, 0.0, 0.0, 0.0, 0.0, 0.0, 0.0, 0.0, 0.0, 0.0, 0.0, 0.0, 0.0, 0.0, 0.0, 0.0, 0.0, 0.0], [0.0, 0.0, 0.0, 0.20157929260809376, 0.0, 0.0, 1.0, 0.0625, 0.0, 0.3087550090163137, 0.0, 0.20439230610586032, 0.0, 0.0, 0.0014169458009961164, 0.0, 0.0, 0.13853678077917098, 0.16308941068292182, 0.2115810291882992, 0.0, 0.0, 0.04821464402720824, 0.0, 0.0, 0.0, 0.0, 0.0, 0.0, 0.20447142067163582, 0.375, 0.0, 0.25000000000000006, 0.0, 0.0, 0.0, 0.0015078662480126329, 0.0, 0.0, 0.328559612727945, 0.0, 0.10123033163602393, 0.0, 0.0, 0.36527213169138417, 0.0, 0.0, 0.0, 0.00777927320562794, 0.0, 0.0, 0.007688267512734939, 0.0, 0.2570788139287449, 0.0, 0.06325784769070877, 0.0, 0.0, 0.0, 0.0, 0.0, 0.20120896038034164, 0.0, 0.0, 0.28125, 0.01169945190547864, 0.0, 0.0, 0.0, 0.26074914857670317, 0.007761101973684211, 0.0, 0.0, 0.0, 0.0, 0.12363183370290112, 0.1053031869797943, 0.140625, 0.0, 0.0, 0.0, 0.4269006620623399, 0.14143554230855704, 0.0], [0.0, 0.0, 0.0, 0.09210523275103491, 0.0, 0.0, 0.0625, 1.0, 0.0, 0.14874988988634255, 0.3906294571853474, 0.4745720818931116, 0.0, 0.0, 0.0, 0.0, 0.0, 0.6061856404296906, 0.13437666737585016, 0.17449174080671587, 0.0, 0.0, 0.0, 0.0, 0.41160208997904235, 0.0, 0.0, 0.0, 0.0, 0.33282922228102985, 0.06249999999999999, 0.0, 0.2665230285936209, 0.0, 0.0, 0.0, 0.0, 0.0, 0.0, 0.5532085848666475, 0.0, 0.04281225287936718, 0.0, 0.0, 0.0773565934694095, 0.0, 0.0, 0.0, 0.0, 0.0, 0.0, 0.0, 0.0, 0.6198471983166978, 0.0, 0.3136944180703142, 0.0, 0.0, 0.0, 0.0, 0.0, 0.5255271256767882, 0.0, 0.0, 0.4531294571853475, 0.0, 0.0, 0.0, 0.0, 0.45677182698579316, 0.0, 0.0, 0.0, 0.0, 0.0, 0.7352392603301569, 0.0, 0.0, 0.0, 0.0, 0.0, 0.062499999999999986, 0.5529241300550436, 0.0], [0.0, 1.6284772855798922e-05, 0.0, 3.899589087270829e-05, 0.0, 0.0, 0.0, 0.0, 1.0, 2.1471508093048095e-05, 4.357726291951488e-06, 2.9915077927678823e-05, 0.0, 0.0, 3.121188216523651e-05, 0.0, 0.0, 2.2564249409603365e-05, 1.7657363060749918e-05, 2.498332708026462e-05, 0.0, 1.0336195161090782e-06, 0.0, 0.0, 1.046475359068184e-06, 4.745031394985514e-07, 6.485952935584886e-06, 2.440583830107302e-05, 0.0, 1.585274235760129e-05, 0.0, 0.0, 0.0, 0.0, 0.0, 0.0, 0.0, 0.0, 0.0, 3.0202205427123025e-05, 0.0, 9.5367431640625e-07, 0.0, 4.115834267009039e-07, 2.5891374071195677e-05, 6.093761725259515e-06, 0.0, 0.0, 0.0, 0.0, 1.1457465822000051e-06, 0.0, 0.0, 7.47178965676081e-06, 0.0, 3.2797226425598544e-05, 0.0, 0.0, 0.0, 0.0, 6.620623701274504e-07, 2.013001939675114e-05, 0.0, 0.0, 0.0, 0.0, 0.0, 0.0, 0.0, 2.585041190724459e-05, 0.0, 0.0, 0.0, 0.0, 0.0, 3.996297252734576e-05, 0.0, 1.1579157945628241e-05, 0.0, 0.0, 0.0, 0.0, 1.875515043233884e-05, 0.0], [0.0, 2.8171509997222047e-05, 0.0, 0.3792095795822354, 0.0, 0.0, 0.3087550090163137, 0.14874988988634255, 2.1471508093048095e-05, 1.0, 0.008159794965736636, 0.20448685369281816, 1.90358993887684e-12, 0.0, 0.004408296590032598, 0.0, 0.0, 0.20085572046922864, 0.3890065547807009, 0.35209193519915816, 7.65834771184555e-05, 1.2287257999036875e-06, 0.051236997217361954, 0.0, 0.20288265404267145, 2.3348367099646615e-07, 2.9104665821410706e-05, 0.0015132399195419948, 0.0, 0.42473951066516774, 0.25376613877996324, 6.684052518699427e-11, 0.2545582055855633, 1.1484598686375265e-12, 0.0, 0.0, 0.0035367593489755594, 0.0, 0.0, 0.25387534772643255, 0.00010137246170981252, 0.1018565815602602, 0.0, 2.3848576576060695e-07, 0.27622507190572004, 4.858610871965714e-06, 3.252281989116039e-08, 1.8979021535172288e-07, 0.0030620512201007, 0.0, 4.046362170620615e-06, 0.0037038953408050157, 9.324750519489337e-13, 0.4998668922140639, 1.0261995891337857e-05, 0.4224352965618503, 0.0, 2.3439828122050683e-10, 0.0, 1.5181734138291047e-08, 1.887330678573165e-06, 0.1305143721523057, 0.0, 3.239182197873685e-12, 0.35552665548136325, 0.004543012877788815, 4.255834794530876e-09, 8.302512734874444e-13, 0.0, 0.4195497792082924, 0.0034356307745391033, 0.0, 7.577574024509619e-13, 2.3686054146342026e-09, 0.0, 0.29895022688887546, 0.09342958329960785, 0.03230354477176633, 1.6754399022026438e-12, 0.0, 0.0001013724354507083, 0.32618677498592064, 0.20363946708157404, 0.0], [0.0, 3.987031314238189e-06, 0.0, 0.26874760142202836, 0.0, 0.0, 0.0, 0.3906294571853474, 4.357726291951488e-06, 0.008159794965736636, 1.0, 0.5001662297614078, 0.0, 0.0, 8.10928519973487e-05, 0.0, 0.0, 0.4319433193784139, 0.23319212615632773, 0.06693311215034613, 1.5309396920514863e-05, 1.1826724832251798e-06, 0.0, 0.0, 0.339201336659362, 1.5268019299016132e-07, 1.645088195800781e-05, 1.9260251591472165e-05, 0.0, 0.06685862329806946, 0.0, 0.0, 0.12499999999999996, 0.0, 0.0, 0.0, 0.0, 0.0, 0.0, 0.46439980798402897, 1.52587890625e-05, 9.643934161593426e-07, 0.0, 9.5367431640625e-07, 7.826216153484722e-05, 9.98607176241683e-07, 3.3879107949420887e-08, 2.013402990376194e-08, 0.0, 0.0, 1.1920928955078125e-06, 1.0222112246901328e-08, 0.0, 0.4202989206004775, 0.0, 0.23596925009755293, 0.0, 0.0, 0.0, 3.7252902984619136e-09, 4.12575621778704e-07, 0.4893065730922159, 0.0, 0.0, 0.4999999999999999, 0.0, 2.7506431889070705e-09, 0.0, 0.0, 0.2042634506412757, 1.4528883530942908e-08, 0.0, 0.0, 3.425359268639006e-09, 0.0, 0.4446112300445019, 0.0, 2.0947509064017713e-06, 0.0, 0.0, 1.5258789062500003e-05, 4.819666333738434e-08, 0.47274752930934977, 0.0], [0.0, 1.4383627319767399e-05, 0.0, 0.4346160699898617, 0.0, 0.0, 0.20439230610586032, 0.4745720818931116, 2.9915077927678823e-05, 0.20448685369281816, 0.5001662297614078, 1.0, 2.637876557975833e-12, 0.0, 0.003610459881060306, 0.0, 0.0, 0.6024143514714497, 0.4237155149524296, 0.2701459234850236, 0.00013048947457587541, 1.980047477107248e-06, 0.032478491625311544, 0.0, 0.33920078981547647, 3.6974553851533516e-07, 6.965230406534968e-05, 0.0022282748425721094, 0.0, 0.26863969578471336, 0.13423681856126626, 8.363981340016181e-11, 0.2266997183959451, 2.710604006655317e-12, 0.0, 0.0, 0.0035183545786961435, 0.0, 0.0, 0.7900637340186343, 4.553093186015259e-05, 0.24855529899646886, 0.0, 0.00022731179009590093, 0.2288725098363018, 2.6073098268079193e-05, 5.1077287545191867e-08, 1.1993258787614934e-07, 0.0022567081631826775, 0.0, 1.9255634971667586e-06, 0.002759090066638055, 1.810715488233351e-12, 0.6582631879721761, 0.0006152887767402936, 0.429026855571242, 0.0, 2.2019216676602817e-10, 0.0, 2.4081031921181645e-08, 1.1439485376567506e-06, 0.671320482044447, 0.0, 4.7862501627510794e-12, 0.6156441898953685, 0.003198104650447757, 5.408037793172154e-09, 3.0945450136363764e-12, 0.0, 0.5441850277654361, 0.0024930759434683004, 0.0, 2.0042958990838756e-12, 3.6861571343635132e-09, 0.0, 0.6132487258054872, 0.07103056490888324, 0.03616115880714721, 3.470718537107569e-12, 0.0, 4.5530924630084594e-05, 0.1516704724172045, 0.7727706625683071, 0.0], [0.0, 0.0, 0.0, 1.7824023052064948e-12, 0.0, 0.0, 0.0, 0.0, 0.0, 1.90358993887684e-12, 0.0, 2.637876557975833e-12, 1.0, 0.0, 0.0, 0.0, 0.0, 2.573945736149245e-12, 1.3642420526593924e-12, 1.8462384064579633e-12, 9.094947017729284e-13, 0.0, 0.0, 0.0, 0.0, 0.0, 0.0, 4.269088194586742e-12, 0.0, 1.2107726498668712e-12, 0.0, 0.0, 0.0, 0.0, 0.0, 0.0, 0.0, 0.0, 0.0, 1.2307688093393941e-12, 0.0, 0.0, 0.0, 0.0, 2.6690594546407963e-12, 0.0, 1.8189894035458565e-12, 0.0, 0.0, 0.0, 0.0, 0.0, 1.8189894035458565e-12, 2.783727329228068e-12, 0.0, 1.4784577215861344e-12, 0.0, 1.0210740572580316e-12, 0.0, 4.54747350886464e-13, 9.09494701772928e-13, 3.1999865310206175e-12, 0.0, 9.094947017729282e-13, 0.0, 0.0, 0.0, 9.094947017729281e-13, 0.0, 1.7011670744692199e-12, 0.0, 0.0, 1.8189894035458565e-12, 0.0, 0.0, 1.550282594201319e-12, 0.0, 9.094947017729281e-13, 2.0471238936337293e-12, 0.0, 0.0, 0.0, 3.4317849851736214e-12, 0.0], [0.0, 0.0, 0.0, 0.0, 0.0, 0.0, 0.0, 0.0, 0.0, 0.0, 0.0, 0.0, 0.0, 1.0, 0.0, 0.0, 0.0, 0.0, 0.0, 0.0, 0.0, 0.0, 0.0, 0.0, 0.0, 0.0, 0.0, 0.0, 0.0, 0.0, 0.0, 0.0, 0.0, 0.0, 0.0, 0.0, 0.0, 0.0, 0.0, 0.0, 0.0, 0.0, 0.0, 0.0, 0.0, 0.0, 0.0, 0.0, 0.0, 0.0, 0.0, 0.0, 0.0, 0.0, 0.0, 0.0, 0.0, 0.0, 0.0, 0.0, 0.0, 0.0, 0.0, 0.0, 0.0, 0.0, 0.0, 0.0, 0.0, 0.0, 0.0, 0.0, 0.0, 0.0, 0.0, 0.0, 0.0, 0.0, 0.0, 0.0, 0.0, 0.0, 0.0, 0.0], [0.0, 1.0418961566204872e-05, 0.0, 0.002538147550295111, 0.0, 0.0, 0.0014169458009961164, 0.0, 3.121188216523651e-05, 0.004408296590032598, 8.10928519973487e-05, 0.003610459881060306, 0.0, 0.0, 1.0, 0.0, 0.0, 0.003552058713555387, 0.0010261993850061051, 0.0031668645076049383, 5.056966304776041e-05, 2.3054061373892277e-09, 0.0, 0.0, 0.0, 5.102889592005191e-09, 2.664153530067062e-05, 0.00028518450602334254, 0.0, 0.008330240974631, 0.0, 1.7462298274040222e-10, 0.0, 0.0, 0.0, 0.0, 0.0, 0.0, 0.0, 0.0033122230796978924, 8.924029719720027e-05, 0.0024614299516208075, 0.0, 1.746229827404022e-10, 0.0005197307704103693, 7.64649615496485e-06, 4.862831055131267e-10, 1.1336672632570444e-09, 0.0018514511848438222, 0.0, 0.0, 0.0022913611722086445, 0.0, 0.0036709320793566836, 0.000244140625, 0.00644816888581445, 0.0, 5.8207660913467394e-11, 0.0, 0.0, 0.0, 0.0032755100728428027, 0.0, 0.0, 0.0, 0.0019531250000000004, 3.530418804316433e-09, 0.0, 0.0, 0.001328778690282202, 0.0021254187014941744, 0.0, 0.0, 2.605803434903303e-09, 0.0, 0.00114318074452248, 0.001953125, 4.052354497045683e-05, 0.0, 0.0, 8.924027536932743e-05, 9.13174307773537e-05, 0.0043471739150533, 0.0], [0.0, 0.0, 0.0, 0.0, 0.0, 0.0, 0.0, 0.0, 0.0, 0.0, 0.0, 0.0, 0.0, 0.0, 0.0, 1.0, 0.0, 0.0, 0.0, 0.0, 0.0, 0.0, 0.0, 0.0, 0.0, 0.0, 0.0, 0.0, 0.0, 0.0, 0.0, 0.0, 0.0, 0.0, 0.0, 0.0, 0.0, 0.0, 0.0, 0.0, 0.0, 0.0, 0.0, 0.0, 0.0, 0.0, 0.0, 0.0, 0.0, 0.0, 0.0, 0.0, 0.0, 0.0, 0.0, 0.0, 0.0, 0.0, 0.0, 0.0, 0.0, 0.0, 0.0, 0.0, 0.0, 0.0, 0.0, 0.0, 0.0, 0.0, 0.0, 0.0, 0.0, 0.0, 0.0, 0.0, 0.0, 0.0, 0.0, 0.0, 0.0, 0.0, 0.0, 0.0], [0.0, 0.0, 0.0, 0.0, 0.0, 0.0, 0.0, 0.0, 0.0, 0.0, 0.0, 0.0, 0.0, 0.0, 0.0, 0.0, 1.0, 0.0, 0.0, 0.0, 0.0, 0.0, 0.0, 0.0, 0.0, 0.0, 0.0, 0.0, 0.0, 0.0, 0.0, 0.0, 0.0, 0.0, 0.0, 0.0, 0.0, 0.0, 0.0, 0.0, 0.0, 0.0, 0.0, 0.0, 0.0, 0.0, 0.0, 0.0, 0.0, 0.0, 0.0, 0.0, 0.0, 0.0, 0.0, 0.0, 0.0, 0.0, 0.0, 0.0, 0.0, 0.0, 0.0, 0.0, 0.0, 0.0, 0.0, 0.0, 0.0, 0.0, 0.0, 0.0, 0.0, 0.0, 0.0, 0.0, 0.0, 0.0, 0.0, 0.0, 0.0, 0.0, 0.0, 0.0], [0.0, 1.0652681612368366e-05, 0.0, 0.3090027639032651, 0.0, 0.0, 0.13853678077917098, 0.6061856404296906, 2.2564249409603365e-05, 0.20085572046922864, 0.4319433193784139, 0.6024143514714497, 2.573945736149245e-12, 0.0, 0.003552058713555387, 0.0, 0.0, 1.0, 0.3302531915306701, 0.3921329557547334, 1.895363146643678e-05, 1.5158888245677173e-06, 0.019794347738009765, 0.0, 0.42378857469223485, 1.2152914384583436e-07, 7.709152296661425e-05, 0.0016397308894079347, 0.0, 0.532560064492348, 0.10258644330636932, 9.614513337129916e-11, 0.21259344282827444, 3.489140489846084e-12, 0.0, 0.0, 0.0005007858278035149, 0.0, 0.0, 0.6764914300483756, 0.00011226774138015661, 0.0187353785977957, 0.0, 0.0003408693677327155, 0.10784923820484141, 7.553657392535555e-05, 5.49704591345398e-08, 1.2156574378477233e-07, 0.005615028699747248, 0.0, 1.7306182025176608e-06, 0.005456270976010186, 2.0076879447896014e-12, 0.7180681807989074, 0.00021597942796127507, 0.3576034993854618, 0.0, 5.7748755583088157e-11, 0.0, 1.1872430787165127e-08, 1.0851195584284293e-06, 0.7742945860655421, 0.0, 5.708068956387833e-12, 0.578830759256232, 0.006609169690292295, 4.567615407606296e-09, 2.52819135860189e-12, 0.0, 0.4850625847844372, 0.005462679626542582, 0.0, 2.436534788409039e-12, 3.711409704275784e-09, 0.0, 0.6941265768082538, 0.06996657106430743, 0.03379799891211769, 2.7638599329086656e-12, 0.0, 0.00011226771122433027, 0.17326489218334182, 0.6463475032736491, 0.0], [0.0, 1.8424103299846872e-05, 0.0, 0.5993704403151133, 0.0, 0.0, 0.16308941068292182, 0.13437666737585016, 1.7657363060749918e-05, 0.3890065547807009, 0.23319212615632773, 0.4237155149524296, 1.3642420526593924e-12, 0.0, 0.0010261993850061051, 0.0, 0.0, 0.3302531915306701, 1.0, 0.5498334479117641, 5.81723216588116e-05, 9.926204716180642e-08, 0.012637867647413425, 0.0, 0.05231328765233696, 0.0, 2.9215332805711904e-05, 0.0010943282181151846, 0.0, 0.4635654702867231, 0.09375, 0.0, 0.5071028384001304, 5.684341886080801e-14, 0.0, 0.0, 0.0013773554353328867, 0.0, 0.0, 0.2037647402467599, 0.0001481795818587553, 0.08375621042050096, 0.0, 1.4719260334316539e-05, 0.14118661378860772, 0.0001302904170576853, 5.855794334906311e-08, 8.883875863359851e-08, 0.0, 0.0, 0.0, 1.1909487423547508e-07, 6.020063272697443e-13, 0.23509949423616197, 0.000244140625, 0.7300971620066575, 0.0, 1.021074057258032e-12, 0.0, 1.7967223672088704e-08, 9.094947017729284e-13, 0.4848526244495549, 0.0, 1.3833944013578995e-12, 0.42064539086836117, 0.003800856647332748, 0.0, 9.094947017729282e-13, 0.0, 0.35934485132055105, 2.5641049679136163e-09, 0.0, 7.800339568250504e-13, 0.0, 0.0, 0.20082666560872367, 0.07999994998965737, 0.035432131896669834, 1.4824000609071836e-12, 0.0, 0.000148179581887177, 0.12342324247872516, 0.2637878290046283, 0.0], [0.0, 1.124996158898486e-05, 0.0, 0.3479619928555718, 0.0, 0.0, 0.2115810291882992, 0.17449174080671587, 2.498332708026462e-05, 0.35209193519915816, 0.06693311215034613, 0.2701459234850236, 1.8462384064579633e-12, 0.0, 0.0031668645076049383, 0.0, 0.0, 0.3921329557547334, 0.5498334479117641, 1.0, 6.329712838077227e-05, 2.703949579781991e-06, 0.046953345499038485, 0.0, 0.2820384948664778, 7.767556393366133e-08, 3.6639909116121765e-05, 0.0007917030359277725, 0.0, 0.450925847182265, 0.15691090877425293, 6.006712246986378e-11, 0.3272507446678707, 8.027805836797964e-13, 0.0, 0.0, 0.0016651365238451498, 0.0, 0.0, 0.17916016871513427, 7.633507619013571e-05, 0.0840628445074662, 0.0, 0.00015779074305228614, 0.20438030234508414, 9.883892909116803e-05, 1.17382285035822e-07, 2.129048570218074e-07, 0.004448625763583073, 0.0, 2.0291865891967684e-07, 0.005346560231457605, 4.757276857679467e-13, 0.3654149583119789, 0.0003016939694397783, 0.5212906593566236, 0.0, 5.935872804486021e-11, 0.0, 2.9472440041377982e-08, 1.271237468692657e-06, 0.31549162840637585, 0.0, 2.9081995143879107e-12, 0.20962028692098342, 0.006680688065630061, 1.7415901706943825e-09, 6.421698805071178e-13, 0.0, 0.3689715132768431, 0.004959316791264299, 0.0, 4.550035988846983e-13, 2.1818826458978723e-09, 0.0, 0.15585239401594836, 0.027171089564552595, 0.10297813131040459, 1.9812214491347803e-12, 0.0, 7.633503090178449e-05, 0.23026805883278012, 0.32682111024205407, 0.0], [0.0, 6.147749699704605e-09, 0.0, 5.8584091863729155e-05, 0.0, 0.0, 0.0, 0.0, 0.0, 7.65834771184555e-05, 1.5309396920514863e-05, 0.00013048947457587541, 9.094947017729284e-13, 0.0, 5.056966304776041e-05, 0.0, 0.0, 1.895363146643678e-05, 5.81723216588116e-05, 6.329712838077227e-05, 1.0, 7.671888773975432e-08, 0.0, 0.0, 0.0, 3.253186407537942e-10, 1.52587890625e-05, 1.5276031467661482e-05, 0.0, 0.0001519744259150003, 0.0, 2.9103830456733704e-11, 0.0, 0.0, 0.0, 0.0, 0.0, 0.0, 0.0, 0.00010262097329143894, 4.57763671875e-05, 4.436618262560821e-08, 0.0, 8.731149137020111e-11, 0.0001192878362692366, 2.007450736232848e-08, 1.426706922815201e-07, 5.969622730134733e-08, 0.0, 0.0, 0.0, 3.688649819822764e-08, 0.0, 6.894890035788294e-05, 0.0, 8.462200278289276e-05, 0.0, 5.922873497072543e-11, 0.0, 7.45058059692383e-09, 9.094947017729282e-13, 4.3504939965066166e-05, 0.0, 9.094947017729284e-13, 0.0, 0.0, 0.0, 3.637978807091713e-12, 0.0, 2.92014576971374e-05, 0.0, 0.0, 0.0, 0.0, 0.0, 0.00010341857652347218, 0.0, 3.0654160547475665e-05, 2.4000762890878207e-12, 0.0, 4.57763671875e-05, 1.3432326270258037e-05, 5.8626493959803966e-05, 0.0], [0.0, 4.5387576774291553e-07, 0.0, 1.3051150464731183e-06, 0.0, 0.0, 0.0, 0.0, 1.0336195161090782e-06, 1.2287257999036875e-06, 1.1826724832251798e-06, 1.980047477107248e-06, 0.0, 0.0, 2.3054061373892277e-09, 0.0, 0.0, 1.5158888245677173e-06, 9.926204716180642e-08, 2.703949579781991e-06, 7.671888773975432e-08, 1.0, 0.0, 0.0, 1.1272175756476955e-06, 1.8063669801835837e-07, 8.812845686535096e-07, 5.808909614352657e-07, 0.0, 1.7947115250191062e-06, 0.0, 0.0, 0.0, 0.0, 0.0, 0.0, 0.0, 0.0, 0.0, 6.714408827829747e-07, 0.0, 1.8462479410348624e-07, 0.0, 9.5367431640625e-07, 1.8730267062112617e-06, 8.381014917656144e-08, 9.162030371190375e-08, 1.2298239729758895e-07, 0.0, 0.0, 2.3841857910156255e-07, 5.503605374278056e-08, 3.9790393202565605e-13, 1.19247460051595e-06, 0.0, 2.255335495402446e-06, 0.0, 0.0, 0.0, 1.1154479577633464e-08, 1.6462054106874258e-06, 1.0645808812135607e-06, 0.0, 3.492024507071931e-14, 0.0, 0.0, 2.3273121450065813e-09, 0.0, 0.0, 9.231921842599206e-07, 1.452888353094291e-08, 0.0, 0.0, 1.093162571287531e-09, 0.0, 1.0192828730966892e-06, 0.0, 1.9746291392187395e-06, 0.0, 0.0, 3.49202450707193e-14, 3.1214233358421803e-07, 1.8751022883270482e-06, 0.0], [0.0, 0.0, 0.0, 0.044517395523047835, 0.0, 0.0, 0.04821464402720824, 0.0, 0.0, 0.051236997217361954, 0.0, 0.032478491625311544, 0.0, 0.0, 0.0, 0.0, 0.0, 0.019794347738009765, 0.012637867647413425, 0.046953345499038485, 0.0, 0.0, 1.0, 0.0, 0.0, 0.0, 0.0, 2.149919787602597e-13, 0.0, 0.08076894265116266, 0.0, 0.0, 0.0, 5.684341886080802e-14, 0.0, 0.0, 0.0, 0.0, 0.0, 0.03734965802259293, 0.0, 2.8421709430404007e-13, 0.0, 0.0, 0.030723793689291456, 8.896485795043315e-14, 2.9685226305011205e-13, 0.0, 0.0, 0.0, 0.0, 0.0, 5.684341886080801e-14, 0.03501655486090413, 0.0, 0.047838133093104626, 0.0, 0.0, 0.0, 5.684341886080802e-14, 0.0, 0.05378089801498599, 0.0, 4.547473508864641e-13, 0.0, 0.0, 0.0, 0.0, 0.0, 0.03793684211325371, 2.635285489291897e-13, 0.0, 3.6147517261402593e-13, 0.0, 0.0, 0.053321792665365665, 0.05844450210070024, 0.003906249999999999, 0.0, 0.0, 0.0, 0.048462594984725105, 0.05006143652689319, 0.0], [0.0, 0.0, 0.0, 0.0, 0.0, 0.0, 0.0, 0.0, 0.0, 0.0, 0.0, 0.0, 0.0, 0.0, 0.0, 0.0, 0.0, 0.0, 0.0, 0.0, 0.0, 0.0, 0.0, 1.0, 0.0, 0.0, 0.0, 0.0, 0.0, 0.0, 0.0, 0.0, 0.0, 0.0, 0.0, 0.0, 0.0, 0.0, 0.0, 0.0, 0.0, 0.0, 0.0, 0.0, 0.0, 0.0, 0.0, 0.0, 0.0, 0.0, 0.0, 0.0, 0.0, 0.0, 0.0, 0.0, 0.0, 0.0, 0.0, 0.0, 0.0, 0.0, 0.0, 0.0, 0.0, 0.0, 0.0, 0.0, 0.0, 0.0, 0.0, 0.0, 0.0, 0.0, 0.0, 0.0, 0.0, 0.0, 0.0, 0.0, 0.0, 0.0, 0.0, 0.0], [0.0, 8.713874385969736e-08, 0.0, 0.15708054484420866, 0.0, 0.0, 0.0, 0.41160208997904235, 1.046475359068184e-06, 0.20288265404267145, 0.339201336659362, 0.33920078981547647, 0.0, 0.0, 0.0, 0.0, 0.0, 0.42378857469223485, 0.05231328765233696, 0.2820384948664778, 0.0, 1.1272175756476955e-06, 0.0, 0.0, 1.0, 4.481815641265067e-07, 3.7697287323097933e-07, 3.769765672597012e-07, 0.0, 0.1880266706355647, 0.0, 0.0, 0.1507556722888818, 0.0, 0.0, 0.0, 0.0, 0.0, 0.0, 0.3935274175680363, 0.0, 0.0, 0.0, 8.796033708722852e-07, 1.0626145626818063e-06, 0.0, 0.0, 0.0, 0.0, 0.0, 2.513152488206529e-07, 0.0, 0.0, 0.4740577221964638, 0.0, 0.09475665209327774, 0.0, 0.0, 0.0, 0.0, 5.284455031381541e-07, 0.3892767107585068, 0.0, 0.0, 0.3392002626499841, 0.0, 0.0, 0.0, 0.0, 0.1641224319182908, 0.0, 0.0, 0.0, 0.0, 0.0, 0.3942539994277105, 0.0, 5.657886054928208e-07, 0.0, 0.0, 0.0, 0.0, 0.3635004388224225, 0.0], [0.0, 7.300048299977713e-08, 0.0, 2.0630614901748727e-07, 0.0, 0.0, 0.0, 0.0, 4.745031394985514e-07, 2.3348367099646615e-07, 1.5268019299016132e-07, 3.6974553851533516e-07, 0.0, 0.0, 5.102889592005191e-09, 0.0, 0.0, 1.2152914384583436e-07, 0.0, 7.767556393366133e-08, 3.253186407537942e-10, 1.8063669801835837e-07, 0.0, 0.0, 4.481815641265067e-07, 1.0, 0.0, 4.915356240051858e-09, 0.0, 4.584624261138322e-07, 0.0, 1.1641532182693481e-10, 0.0, 0.0, 0.0, 0.0, 0.0, 0.0, 0.0, 1.5497499086135486e-07, 0.0, 1.861517799921114e-09, 0.0, 2.3546631108035466e-10, 2.2419579300245602e-07, 0.0, 3.6502263841996114e-09, 2.029545681552204e-09, 0.0, 0.0, 0.0, 0.0, 0.0, 1.5320297917961188e-07, 0.0, 1.8023706541336595e-07, 0.0, 9.434229337063462e-11, 0.0, 0.0, 2.1855036417643228e-07, 3.1624652112554116e-07, 0.0, 0.0, 0.0, 0.0, 5.518114596700347e-09, 0.0, 0.0, 3.046941548059249e-07, 0.0, 0.0, 0.0, 4.330585879367793e-09, 0.0, 4.111924630440689e-07, 0.0, 2.6888124675309713e-09, 0.0, 0.0, 0.0, 6.75507328784062e-09, 3.6876831436344036e-07, 0.0], [0.0, 4.066566899312755e-06, 0.0, 7.233010331663574e-05, 0.0, 0.0, 0.0, 0.0, 6.485952935584886e-06, 2.9104665821410706e-05, 1.645088195800781e-05, 6.965230406534968e-05, 0.0, 0.0, 2.664153530067062e-05, 0.0, 0.0, 7.709152296661425e-05, 2.9215332805711904e-05, 3.6639909116121765e-05, 1.52587890625e-05, 8.812845686535096e-07, 0.0, 0.0, 3.7697287323097933e-07, 0.0, 1.0, 7.32712998445265e-05, 0.0, 4.7509482756375194e-05, 0.0, 0.0, 0.0, 0.0, 0.0, 0.0, 0.0, 0.0, 0.0, 2.3556974316162946e-05, 1.5258789062499997e-05, 9.536743164062499e-07, 0.0, 2.3841857910156255e-07, 1.9771642950481637e-05, 5.401590080198519e-06, 0.0, 0.0, 0.0, 0.0, 1.1920928955078123e-06, 0.0, 0.0, 7.642190424750389e-05, 0.0, 5.3827408987981175e-05, 0.0, 0.0, 0.0, 0.0, 1.893548915473182e-06, 1.8700937222916046e-05, 0.0, 0.0, 0.0, 0.0, 0.0, 0.0, 0.0, 7.025460565319026e-05, 0.0, 0.0, 0.0, 0.0, 0.0, 2.502726233242958e-05, 0.0, 1.687725794948545e-05, 0.0, 0.0, 1.5258789062499998e-05, 0.0, 2.2191563352779527e-05, 0.0], [0.0, 2.801509153217114e-05, 0.0, 0.0006566143820299162, 0.0, 0.0, 0.0, 0.0, 2.440583830107302e-05, 0.0015132399195419948, 1.9260251591472165e-05, 0.0022282748425721094, 4.269088194586742e-12, 0.0, 0.00028518450602334254, 0.0, 0.0, 0.0016397308894079347, 0.0010943282181151846, 0.0007917030359277725, 1.5276031467661482e-05, 5.808909614352657e-07, 2.149919787602597e-13, 0.0, 3.769765672597012e-07, 4.915356240051858e-09, 7.32712998445265e-05, 1.0, 0.0, 0.0016307212656393706, 0.0, 0.0, 0.0, 2.802573505909028e-12, 0.0, 0.0, 0.0, 0.0, 0.0, 0.0012916005181138148, 1.5258789062499997e-05, 1.292686423893106e-06, 0.0, 0.00016215028225658351, 0.003295997115765837, 0.00012876254121734832, 3.2143482031550694e-08, 8.088737996615463e-08, 0.0, 0.0, 1.4136685031206597e-06, 1.1743555960833713e-07, 1.3113519740801873e-12, 0.0016777142991357447, 0.000244140625, 0.0010144375695471733, 0.0, 1.0184471579810097e-12, 0.0, 3.7273342384466e-09, 1.2386702841680425e-06, 0.0014340794798789523, 0.0, 3.8292461963490274e-12, 0.0, 0.0, 7.3743707241540555e-09, 1.1133264200018411e-12, 0.0, 0.0014910568639545166, 1.4529076905052357e-08, 0.0, 1.1236190250254344e-12, 7.3792155677932236e-09, 0.0, 0.00059314498649818, 0.0, 0.0005192203704003257, 1.865835113464685e-12, 0.0, 1.5258789130294064e-05, 0.0007570500835932027, 0.001983568425116875, 0.0], [0.0, 0.0, 0.0, 0.0, 0.0, 0.0, 0.0, 0.0, 0.0, 0.0, 0.0, 0.0, 0.0, 0.0, 0.0, 0.0, 0.0, 0.0, 0.0, 0.0, 0.0, 0.0, 0.0, 0.0, 0.0, 0.0, 0.0, 0.0, 1.0, 0.0, 0.0, 0.0, 0.0, 0.0, 0.0, 0.0, 0.0, 0.0, 0.0, 0.0, 0.0, 0.0, 0.0, 0.0, 0.0, 0.0, 0.0, 0.0, 0.0, 0.0, 0.0, 0.0, 0.0, 0.0, 0.0, 0.0, 0.0, 0.0, 0.0, 0.0, 0.0, 0.0, 0.0, 0.0, 0.0, 0.0, 0.0, 0.0, 0.0, 0.0, 0.0, 0.0, 0.0, 0.0, 0.0, 0.0, 0.0, 0.0, 0.0, 0.0, 0.0, 0.0, 0.0, 0.0], [0.0, 1.4526435071447849e-05, 0.0, 0.6166953722997688, 0.0, 0.0, 0.20447142067163582, 0.33282922228102985, 1.585274235760129e-05, 0.42473951066516774, 0.06685862329806946, 0.26863969578471336, 1.2107726498668712e-12, 0.0, 0.008330240974631, 0.0, 0.0, 0.532560064492348, 0.4635654702867231, 0.450925847182265, 0.0001519744259150003, 1.7947115250191062e-06, 0.08076894265116266, 0.0, 0.1880266706355647, 4.584624261138322e-07, 4.7509482756375194e-05, 0.0016307212656393706, 0.0, 1.0, 0.17443631363086196, 2.0208058952753296e-11, 0.5352596105204226, 7.571862858927331e-13, 0.0, 0.0, 0.0017463082263539636, 0.0, 0.0, 0.43002128525305094, 5.704575724731868e-05, 0.18167844767018082, 0.0, 2.970666094016823e-05, 0.25597197854868464, 3.256334033473183e-05, 8.787359592379749e-08, 9.040864300215865e-08, 0.0018514511848438222, 0.0, 4.029934789046863e-06, 0.002291364232772219, 1.417844807028023e-12, 0.5341175118175951, 0.00027227867329334603, 0.5479492552621303, 0.0, 6.279620198880119e-11, 0.0, 1.8874782237826518e-08, 1.1266892471191214e-06, 0.4276078591517799, 0.0, 5.097887427456939e-12, 0.32503135297430874, 0.0040411034524408165, 9.179092994904131e-09, 1.4248508275283565e-12, 0.0, 0.441451712820168, 0.002125419414496527, 0.0, 1.3791942005290237e-12, 7.194585217311622e-09, 0.0, 0.37552879589872745, 0.09474436418446006, 0.04059869241563025, 1.0656842199723558e-12, 0.0, 5.704572980652597e-05, 0.22806037179932093, 0.25337352146695674, 0.0], [0.0, 0.0, 0.0, 0.17384880982433, 0.0, 0.0, 0.375, 0.06249999999999999, 0.0, 0.25376613877996324, 0.0, 0.13423681856126626, 0.0, 0.0, 0.0, 0.0, 0.0, 0.10258644330636932, 0.09375, 0.15691090877425293, 0.0, 0.0, 0.0, 0.0, 0.0, 0.0, 0.0, 0.0, 0.0, 0.17443631363086196, 1.0, 0.0, 0.25, 0.0, 0.0, 0.0, 0.0, 0.0, 0.0, 0.25022169233777763, 0.0, 0.09340855173680111, 0.0, 0.0, 0.3437837228667253, 0.0, 0.0, 0.0, 0.0, 0.0, 0.0, 0.0, 0.0, 0.20524147758394967, 0.0, 0.014086287573796048, 0.0, 0.0, 0.0, 0.0, 0.0, 0.14309370391368154, 0.0, 0.0, 0.28124999999999994, 0.0, 0.0, 0.0, 0.0, 0.19896588994481937, 0.0, 0.0, 0.0, 0.0, 0.0, 0.062499999999999986, 0.05401555872169049, 0.12499999999999997, 0.0, 0.0, 0.0, 0.375, 0.07997223432801957, 0.0], [0.0, 0.0, 0.0, 7.755292698167155e-11, 0.0, 0.0, 0.0, 0.0, 0.0, 6.684052518699427e-11, 0.0, 8.363981340016181e-11, 0.0, 0.0, 1.7462298274040222e-10, 0.0, 0.0, 9.614513337129916e-11, 0.0, 6.006712246986378e-11, 2.9103830456733704e-11, 0.0, 0.0, 0.0, 0.0, 1.1641532182693481e-10, 0.0, 0.0, 0.0, 2.0208058952753296e-11, 0.0, 1.0, 0.0, 0.0, 0.0, 0.0, 0.0, 0.0, 0.0, 8.989484359598816e-11, 1.4551915228366855e-11, 1.1641532182693481e-10, 0.0, 1.1641532182693481e-10, 2.7891830028311597e-11, 0.0, 0.0, 4.929146048074183e-11, 0.0, 0.0, 0.0, 0.0, 0.0, 8.14932451998776e-11, 0.0, 4.53190029103554e-11, 0.0, 0.0, 0.0, 0.0, 0.0, 6.218898497953565e-11, 0.0, 0.0, 0.0, 0.0, 0.0, 0.0, 0.0, 2.5436893180606422e-11, 0.0, 0.0, 0.0, 0.0, 0.0, 9.086556744378723e-11, 0.0, 1.4551915228366852e-11, 0.0, 0.0, 0.0, 4.561699059537463e-11, 1.476323127750758e-10, 0.0], [0.0, 0.0, 0.0, 0.525198265043324, 0.0, 0.0, 0.25000000000000006, 0.2665230285936209, 0.0, 0.2545582055855633, 0.12499999999999996, 0.2266997183959451, 0.0, 0.0, 0.0, 0.0, 0.0, 0.21259344282827444, 0.5071028384001304, 0.3272507446678707, 0.0, 0.0, 0.0, 0.0, 0.1507556722888818, 0.0, 0.0, 0.0, 0.0, 0.5352596105204226, 0.25, 0.0, 1.0, 0.0, 0.0, 0.0, 0.0, 0.0, 0.0, 0.30868072532835705, 0.0, 0.09340855173680113, 0.0, 0.0, 0.24496254598646347, 0.0, 0.0, 0.0, 0.0, 0.0, 0.0, 0.0, 0.0, 0.28208717139436856, 0.0, 0.4766679702976974, 0.0, 0.0, 0.0, 0.0, 0.0, 0.12083992715832423, 0.0, 0.0, 0.37500000000000006, 0.0, 0.0, 0.0, 0.0, 0.4010145278939856, 0.0, 0.0, 0.0, 0.0, 0.0, 0.16175602271546052, 0.0, 0.0, 0.0, 0.0, 0.0, 0.25000000000000006, 0.05962953367328422, 0.0], [0.0, 0.0, 0.0, 2.424830185767101e-12, 0.0, 0.0, 0.0, 0.0, 0.0, 1.1484598686375265e-12, 0.0, 2.710604006655317e-12, 0.0, 0.0, 0.0, 0.0, 0.0, 3.489140489846084e-12, 5.684341886080801e-14, 8.027805836797964e-13, 0.0, 0.0, 5.684341886080802e-14, 0.0, 0.0, 0.0, 0.0, 2.802573505909028e-12, 0.0, 7.571862858927331e-13, 0.0, 0.0, 0.0, 1.0, 0.0, 0.0, 0.0, 0.0, 0.0, 1.8411055427299644e-12, 0.0, 5.684341886080801e-14, 0.0, 0.0, 4.708755956605387e-12, 5.612548085463566e-14, 2.2342134053977123e-13, 0.0, 0.0, 0.0, 0.0, 0.0, 5.684341886080802e-14, 3.3732060781601333e-12, 0.0, 0.0, 0.0, 0.0, 0.0, 7.120046446742836e-12, 1.9216258588160387e-12, 1.7309280775779739e-12, 0.0, 7.325602102208433e-12, 0.0, 0.0, 0.0, 0.0, 0.0, 3.647435448874213e-12, 0.0, 0.0, 0.0, 0.0, 0.0, 1.858232362329864e-12, 0.0, 2.535097122885395e-12, 0.0, 0.0, 0.0, 0.0, 1.3778092976791477e-13, 0.0], [0.0, 0.0, 0.0, 0.0, 0.0, 0.0, 0.0, 0.0, 0.0, 0.0, 0.0, 0.0, 0.0, 0.0, 0.0, 0.0, 0.0, 0.0, 0.0, 0.0, 0.0, 0.0, 0.0, 0.0, 0.0, 0.0, 0.0, 0.0, 0.0, 0.0, 0.0, 0.0, 0.0, 0.0, 1.0, 0.0, 0.0, 0.0, 0.0, 0.0, 0.0, 0.0, 0.0, 0.0, 0.0, 0.0, 0.0, 0.0, 0.0, 0.0, 0.0, 0.0, 0.0, 0.0, 0.0, 0.0, 0.0, 0.0, 0.0, 0.0, 0.0, 0.0, 0.0, 0.0, 0.0, 0.0, 0.0, 0.0, 0.0, 0.0, 0.0, 0.0, 0.0, 0.0, 0.0, 0.0, 0.0, 0.0, 0.0, 0.0, 0.0, 0.0, 0.0, 0.0], [0.0, 0.0, 0.0, 0.0, 0.0, 0.0, 0.0, 0.0, 0.0, 0.0, 0.0, 0.0, 0.0, 0.0, 0.0, 0.0, 0.0, 0.0, 0.0, 0.0, 0.0, 0.0, 0.0, 0.0, 0.0, 0.0, 0.0, 0.0, 0.0, 0.0, 0.0, 0.0, 0.0, 0.0, 0.0, 1.0, 0.0, 0.0, 0.0, 0.0, 0.0, 0.0, 0.0, 0.0, 0.0, 0.0, 0.0, 0.0, 0.0, 0.0, 0.0, 0.0, 0.0, 0.0, 0.0, 0.0, 0.0, 0.0, 0.0, 0.0, 0.0, 0.0, 0.0, 0.0, 0.0, 0.0, 0.0, 0.0, 0.0, 0.0, 0.0, 0.0, 0.0, 0.0, 0.0, 0.0, 0.0, 0.0, 0.0, 0.0, 0.0, 0.0, 0.0, 0.0], [0.0, 0.0, 0.0, 0.0012565552066771937, 0.0, 0.0, 0.0015078662480126329, 0.0, 0.0, 0.0035367593489755594, 0.0, 0.0035183545786961435, 0.0, 0.0, 0.0, 0.0, 0.0, 0.0005007858278035149, 0.0013773554353328867, 0.0016651365238451498, 0.0, 0.0, 0.0, 0.0, 0.0, 0.0, 0.0, 0.0, 0.0, 0.0017463082263539636, 0.0, 0.0, 0.0, 0.0, 0.0, 0.0, 1.0, 0.0, 0.0, 0.000266129815284581, 0.0, 0.0007539331240063165, 0.0, 0.0, 0.0012565552066771937, 0.0, 0.0, 0.0, 0.0, 0.0, 0.0, 0.0, 0.0, 0.0, 0.0, 0.0008184218919351009, 0.0, 0.0, 0.0, 0.0, 0.0, 0.00228357912649685, 0.0, 0.0, 0.0, 0.0015078662480126329, 0.0, 0.0, 0.0, 0.0023708134353500896, 0.0, 0.0, 0.0, 0.0, 0.0, 0.002130404044885919, 0.0024522304659361214, 0.0, 0.0, 0.0, 0.0, 0.0008026016989543848, 0.0035993781066949106, 0.0], [0.0, 0.0, 0.0, 0.0, 0.0, 0.0, 0.0, 0.0, 0.0, 0.0, 0.0, 0.0, 0.0, 0.0, 0.0, 0.0, 0.0, 0.0, 0.0, 0.0, 0.0, 0.0, 0.0, 0.0, 0.0, 0.0, 0.0, 0.0, 0.0, 0.0, 0.0, 0.0, 0.0, 0.0, 0.0, 0.0, 0.0, 1.0, 0.0, 0.0, 0.0, 0.0, 0.0, 0.0, 0.0, 0.0, 0.0, 0.0, 0.0, 0.0, 0.0, 0.0, 0.0, 0.0, 0.0, 0.0, 0.0, 0.0, 0.0, 0.0, 0.0, 0.0, 0.0, 0.0, 0.0, 0.0, 0.0, 0.0, 0.0, 0.0, 0.0, 0.0, 0.0, 0.0, 0.0, 0.0, 0.0, 0.0, 0.0, 0.0, 0.0, 0.0, 0.0, 0.0], [0.0, 0.0, 0.0, 0.0, 0.0, 0.0, 0.0, 0.0, 0.0, 0.0, 0.0, 0.0, 0.0, 0.0, 0.0, 0.0, 0.0, 0.0, 0.0, 0.0, 0.0, 0.0, 0.0, 0.0, 0.0, 0.0, 0.0, 0.0, 0.0, 0.0, 0.0, 0.0, 0.0, 0.0, 0.0, 0.0, 0.0, 0.0, 1.0, 0.0, 0.0, 0.0, 0.0, 0.0, 0.0, 0.0, 0.0, 0.0, 0.0, 0.0, 0.0, 0.0, 0.0, 0.0, 0.0, 0.0, 0.0, 0.0, 0.0, 0.0, 0.0, 0.0, 0.0, 0.0, 0.0, 0.0, 0.0, 0.0, 0.0, 0.0, 0.0, 0.0, 0.0, 0.0, 0.0, 0.0, 0.0, 0.0, 0.0, 0.0, 0.0, 0.0, 0.0, 0.0], [0.0, 1.4371336278904449e-05, 0.0, 0.3928536957592456, 0.0, 0.0, 0.328559612727945, 0.5532085848666475, 3.0202205427123025e-05, 0.25387534772643255, 0.46439980798402897, 0.7900637340186343, 1.2307688093393941e-12, 0.0, 0.0033122230796978924, 0.0, 0.0, 0.6764914300483756, 0.2037647402467599, 0.17916016871513427, 0.00010262097329143894, 6.714408827829747e-07, 0.03734965802259293, 0.0, 0.3935274175680363, 1.5497499086135486e-07, 2.3556974316162946e-05, 0.0012916005181138148, 0.0, 0.43002128525305094, 0.25022169233777763, 8.989484359598816e-11, 0.30868072532835705, 1.8411055427299644e-12, 0.0, 0.0, 0.000266129815284581, 0.0, 0.0, 1.0, 0.00010072931460580937, 0.12105385446974488, 0.0, 0.00040947995615978197, 0.330861507001275, 3.543693675013436e-05, 6.701657841829505e-08, 2.3807432324595626e-07, 0.007791523736217754, 0.0, 3.838101456130439e-06, 0.007733405288877659, 5.92478904394828e-13, 0.7297298932098109, 0.0003097352241353552, 0.19193979105193598, 0.0, 8.091091250424662e-11, 0.0, 3.72863457421027e-09, 5.295149218392877e-07, 0.7348472070888573, 0.0, 3.3256505168997438e-12, 0.7163762637661988, 0.008752633051340424, 4.879839285281747e-09, 8.295017338370643e-13, 0.0, 0.667346361618193, 0.007793206605999783, 0.0, 2.949206993693729e-13, 4.166437180571971e-09, 0.0, 0.6489414038302834, 0.03976723330136521, 0.004019089468087172, 1.434559030005657e-12, 0.0, 0.00010072928572106072, 0.28116967400013704, 0.6691342722544893, 0.0], [0.0, 0.0, 0.0, 3.877383185691415e-05, 0.0, 0.0, 0.0, 0.0, 0.0, 0.00010137246170981252, 1.52587890625e-05, 4.553093186015259e-05, 0.0, 0.0, 8.924029719720027e-05, 0.0, 0.0, 0.00011226774138015661, 0.0001481795818587553, 7.633507619013571e-05, 4.57763671875e-05, 0.0, 0.0, 0.0, 0.0, 0.0, 1.5258789062499997e-05, 1.5258789062499997e-05, 0.0, 5.704575724731868e-05, 0.0, 1.4551915228366855e-11, 0.0, 0.0, 0.0, 0.0, 0.0, 0.0, 0.0, 0.00010072931460580937, 1.0, 0.0, 0.0, 0.0, 6.733959567660642e-05, 0.0, 0.0, 2.961817114594067e-11, 0.0, 0.0, 0.0, 0.0, 0.0, 9.72321149738432e-05, 0.0, 2.042867694431577e-05, 0.0, 0.0, 0.0, 0.0, 0.0, 1.8104799555173692e-05, 0.0, 0.0, 0.0, 0.0, 0.0, 0.0, 0.0, 6.312791290589248e-05, 0.0, 0.0, 0.0, 0.0, 0.0, 4.5515812364580634e-05, 0.0, 0.00012207033432787284, 0.0, 0.0, 0.00018310546875, 3.580254158044523e-05, 0.0001170577508376355, 0.0], [0.0, 1.0596872939451187e-06, 0.0, 0.059242194489899855, 0.0, 0.0, 0.10123033163602393, 0.04281225287936718, 9.5367431640625e-07, 0.1018565815602602, 9.643934161593426e-07, 0.24855529899646886, 0.0, 0.0, 0.0024614299516208075, 0.0, 0.0, 0.0187353785977957, 0.08375621042050096, 0.0840628445074662, 4.436618262560821e-08, 1.8462479410348624e-07, 2.8421709430404007e-13, 0.0, 0.0, 1.861517799921114e-09, 9.536743164062499e-07, 1.292686423893106e-06, 0.0, 0.18167844767018082, 0.09340855173680111, 1.1641532182693481e-10, 0.09340855173680113, 5.684341886080801e-14, 0.0, 0.0, 0.0007539331240063165, 0.0, 0.0, 0.12105385446974488, 0.0, 1.0, 0.0, 1.1641532182693481e-10, 0.11658899996049284, 9.94846282455999e-07, 4.433749100660583e-08, 1.8608255141399124e-07, 0.006600200770165312, 0.0, 3.814697265625e-06, 0.006296893510753775, 5.11590769747272e-13, 0.15122124725043595, 0.0, 0.020062669890629783, 0.0, 0.0, 0.0, 7.450637440342687e-09, 0.0, 0.03031831947339202, 0.0, 9.947598300641405e-13, 0.09340855173680111, 0.007540375393881296, 0.0, 0.0, 0.0, 0.1800091181712419, 0.006448393202429957, 0.0, 3.6147517261402593e-13, 0.0, 0.0, 0.05141497088587166, 0.008441801505647467, 1.4033567567350364e-06, 0.0, 0.0, 2.8421709430404e-14, 0.10279438852787628, 0.16133112998764473, 0.0], [0.0, 0.0, 0.0, 0.0, 0.0, 0.0, 0.0, 0.0, 0.0, 0.0, 0.0, 0.0, 0.0, 0.0, 0.0, 0.0, 0.0, 0.0, 0.0, 0.0, 0.0, 0.0, 0.0, 0.0, 0.0, 0.0, 0.0, 0.0, 0.0, 0.0, 0.0, 0.0, 0.0, 0.0, 0.0, 0.0, 0.0, 0.0, 0.0, 0.0, 0.0, 0.0, 1.0, 0.0, 0.0, 0.0, 0.0, 0.0, 0.0, 0.0, 0.0, 0.0, 0.0, 0.0, 0.0, 0.0, 0.0, 0.0, 0.0, 0.0, 0.0, 0.0, 0.0, 0.0, 0.0, 0.0, 0.0, 0.0, 0.0, 0.0, 0.0, 0.0, 0.0, 0.0, 0.0, 0.0, 0.0, 0.0, 0.0, 0.0, 0.0, 0.0, 0.0, 0.0], [0.0, 0.0, 0.0, 0.00013180863141763023, 0.0, 0.0, 0.0, 0.0, 4.115834267009039e-07, 2.3848576576060695e-07, 9.5367431640625e-07, 0.00022731179009590093, 0.0, 0.0, 1.746229827404022e-10, 0.0, 0.0, 0.0003408693677327155, 1.4719260334316539e-05, 0.00015779074305228614, 8.731149137020111e-11, 9.5367431640625e-07, 0.0, 0.0, 8.796033708722852e-07, 2.3546631108035466e-10, 2.3841857910156255e-07, 0.00016215028225658351, 0.0, 2.970666094016823e-05, 0.0, 1.1641532182693481e-10, 0.0, 0.0, 0.0, 0.0, 0.0, 0.0, 0.0, 0.00040947995615978197, 0.0, 1.1641532182693481e-10, 0.0, 1.0, 0.00024715947882022516, 0.00013737976312028772, 0.0, 