"{\"names\": [\"172.217.10.1\", \"104.88.86.240\", \"38.93.140.48\", \"192.168.10.15\", \"104.88.108.223\", \"195.142.105.15\", \"172.217.12.163\", \"206.217.206.48\", \"172.217.6.228\", \"178.255.83.1\", \"74.119.118.82\", \"192.168.10.9\", \"172.217.7.6\", \"35.186.227.40\", \"31.13.71.36\", \"206.126.112.142\", \"151.101.2.49\", \"192.168.10.25\", \"172.217.3.98\", \"192.168.10.16\", \"72.30.202.150\", \"172.217.12.132\", \"50.31.164.173\", \"162.208.20.178\", \"23.15.4.16\", \"216.58.217.99\", \"172.217.6.198\", \"172.217.12.174\", \"169.46.44.40\", \"192.168.10.17\", \"52.84.143.130\", \"104.19.195.102\", \"216.200.232.61\", \"104.97.73.166\", \"152.163.13.79\", \"192.229.163.25\", \"74.119.118.86\", \"54.225.188.92\", \"188.165.145.88\", \"192.168.10.14\", \"8.43.72.98\", \"199.96.57.6\", \"68.67.178.110\", \"104.88.70.158\", \"192.168.10.19\", \"69.172.216.56\", \"157.240.18.35\", \"172.217.11.34\", \"185.54.150.20\", \"69.169.85.7\", \"198.232.124.194\", \"74.119.118.72\", \"172.217.12.134\", \"192.168.10.5\", \"23.111.9.30\", \"192.168.10.8\", \"151.101.66.2\", \"68.67.178.199\", \"213.239.195.215\", \"138.108.7.20\", \"52.84.145.87\", \"192.168.10.50\", \"52.84.145.198\", \"52.40.24.51\", \"212.77.100.137\", \"185.54.150.115\", \"172.217.10.138\", \"152.163.66.165\", \"52.84.137.78\", \"192.168.10.51\", \"68.67.178.109\", \"129.146.14.96\", \"54.152.24.232\", \"172.217.10.33\", \"52.8.229.108\", \"192.168.10.12\", \"64.147.131.201\", \"172.217.12.206\", \"68.67.180.12\", \"172.217.10.134\", \"38.69.238.16\", \"172.217.10.142\", \"192.168.10.3\", \"172.217.6.202\"], \"funcEdges\": [[1.0, 0.0, 0.0, 0.0, 0.0, 0.0, 0.0, 0.0, 0.0, 0.0, 0.0, 0.0, 0.0, 0.0, 0.0, 0.0, 0.0, 0.0, 0.0, 0.0, 0.0, 0.0, 0.0, 0.0, 0.0, 0.0, 0.0, 0.0, 0.0, 0.0, 0.0, 0.0, 0.0, 0.0, 0.0, 0.0, 0.0, 0.0, 0.0, 0.0, 0.0, 0.0, 0.0, 0.0, 0.0, 0.0, 0.0, 0.0, 0.0, 0.0, 0.0, 0.0, 0.0, 0.0, 0.0, 0.0, 0.0, 0.0, 0.0, 0.0, 0.0, 0.0, 0.0, 0.0, 0.0, 0.0, 0.0, 0.0, 0.0, 0.0, 0.0, 0.0, 0.0, 0.0, 0.0, 0.0, 0.0, 0.0, 0.0, 0.0, 0.0, 0.0, 0.0, 0.0], [0.0, 1.0, 0.0, 1.8788749662595547e-13, 0.0, 0.0, 0.0, 0.0, 1.2133101266472729e-13, 2.0989410577134823e-13, 2.970569814919076e-14, 1.0716637462204247e-13, 0.0, 0.0, 7.762731288526112e-14, 0.0, 0.0, 7.936866292631899e-14, 1.3727026656155938e-13, 8.381874553102896e-14, 4.580430462736342e-17, 3.3816379885592724e-15, 0.0, 0.0, 6.492342342413766e-16, 5.438959822042073e-16, 3.0298284436112305e-14, 2.0872869739063934e-13, 0.0, 1.0823037528580314e-13, 0.0, 0.0, 0.0, 0.0, 0.0, 0.0, 0.0, 0.0, 0.0, 1.0707479923147297e-13, 0.0, 7.895285591074218e-15, 0.0, 0.0, 1.7397771047193196e-13, 1.1239794059902299e-13, 2.7482582776418063e-16, 8.395737024645822e-16, 0.0, 0.0, 7.105427357601002e-15, 2.220446049250313e-16, 0.0, 2.0640919178052347e-13, 0.0, 1.377081725558814e-13, 0.0, 0.0, 0.0, 0.0, 1.4503892858778858e-15, 1.4940582116146282e-13, 0.0, 0.0, 0.0, 0.0, 0.0, 0.0, 0.0, 1.357345940803696e-13, 0.0, 0.0, 0.0, 0.0, 0.0, 7.747006075894802e-14, 0.0, 1.2253923670496913e-13, 0.0, 0.0, 0.0, 2.6134582910580735e-15, 2.4493223836538695e-13, 0.0], [0.0, 0.0, 1.0, 0.008509419148777453, 0.0, 0.0023666585154339713, 0.016069410830581, 0.0, 0.0, 0.009065425422630592, 0.0, 0.008625442960935033, 0.0, 0.0078125, 0.0, 0.0, 0.0, 0.02196019977583749, 0.0, 0.01693420887184495, 0.0, 0.0, 0.0, 0.0, 0.0, 0.0, 0.0, 0.0, 0.0, 0.011140039474475932, 0.0, 0.018271245845880794, 0.006250957218745237, 0.0, 0.0, 0.0, 0.0, 0.0, 0.0019531249999999991, 0.013269783203349275, 0.007065228112358119, 0.0003978519744759329, 0.0, 0.0, 0.009346845895489638, 0.0, 0.015577458972005107, 0.0035196189844408435, 0.0, 0.0, 0.0, 0.003906249999999999, 0.0, 0.006520844119525259, 0.0, 0.007075783539359498, 0.0, 0.003052260774351032, 0.0, 0.00039785197447593284, 0.0, 0.01626412510023586, 0.0, 0.0, 0.003906249999999999, 0.0, 0.0, 0.0, 0.0, 0.008833761374924205, 0.002285682017334185, 0.0, 0.0, 0.0, 0.0, 0.008731450136626075, 0.0, 0.008822128920126411, 0.0, 0.0003978519744759329, 0.0053769789437646195, 0.0005470464649044078, 0.018718535591443, 0.0], [0.0, 1.8788749662595547e-13, 0.008509419148777453, 1.0, 0.0, 0.006131903003239632, 0.2568656879392735, 1.3309385992256196e-08, 2.9054202789595937e-13, 0.6367766297593858, 0.0002914562791693254, 0.2317985059348422, 1.0166735108053775e-05, 0.0021855694433624675, 1.6493008221205586e-05, 0.0, 0.00025160492103093544, 0.5722817359692266, 9.713483333967848e-07, 0.5251950710039559, 0.10795650525390563, 1.3599483171296724e-05, 7.951833190236052e-06, 0.0, 0.026644265530333104, 1.5371005908957665e-15, 9.964331674881633e-07, 0.14287420331641845, 0.0036833118579709706, 0.8303751480352056, 1.886887863697653e-05, 0.15986921225835155, 0.017547554074782406, 0.15082275566049722, 0.0, 0.0, 0.15060922357987813, 0.0004354406098626546, 0.0030104080066154417, 0.5222885258330274, 0.016559608417572445, 0.12109513896365232, 9.054222533220204e-06, 9.820508317472803e-13, 0.762505870873766, 2.649826941117232e-06, 0.16133360749473555, 0.07504538202077542, 5.805137556953545e-11, 0.13865602685063633, 0.09240218936840537, 0.01370537868716612, 1.3106730564352289e-20, 0.4874036648536958, 2.9586935190666236e-12, 0.8229023447861563, 0.0, 0.021035826105747526, 0.0, 0.001266102559678791, 1.8427476935779872e-14, 0.8101458107473788, 0.0, 8.519310210785384e-06, 0.010544724899681585, 6.548361852765082e-11, 2.3578577285227085e-05, 0.15060913261362224, 0.00010917858803694824, 0.8009509516193345, 0.011851067240064732, 0.0, 1.8898855960520985e-20, 2.5310089214763943e-06, 0.0, 0.831057304359982, 8.296786578903056e-10, 0.700340106532084, 3.940895461455755e-21, 0.0003365744821012675, 0.006114734036473227, 0.0021051417824267176, 0.48199091327161, 0.0], [0.0, 0.0, 0.0, 0.0, 1.0, 0.0, 0.0, 0.0, 0.0, 0.0, 0.0, 0.0, 0.0, 0.0, 0.0, 0.0, 0.0, 0.0, 0.0, 0.0, 0.0, 0.0, 0.0, 0.0, 0.0, 0.0, 0.0, 0.0, 0.0, 0.0, 0.0, 0.0, 0.0, 0.0, 0.0, 0.0, 0.0, 0.0, 0.0, 0.0, 0.0, 0.0, 0.0, 0.0, 0.0, 0.0, 0.0, 0.0, 0.0, 0.0, 0.0, 0.0, 0.0, 0.0, 0.0, 0.0, 0.0, 0.0, 0.0, 0.0, 0.0, 0.0, 0.0, 0.0, 0.0, 0.0, 0.0, 0.0, 0.0, 0.0, 0.0, 0.0, 0.0, 0.0, 0.0, 0.0, 0.0, 0.0, 0.0, 0.0, 0.0, 0.0, 0.0, 0.0], [0.0, 0.0, 0.0023666585154339713, 0.006131903003239632, 0.0, 1.0, 0.0012219028600237189, 0.0, 0.0, 0.007532497299332744, 0.00015477605608049775, 0.00214299408278822, 8.773486493503545e-06, 0.0019531249999999993, 1.4433861966511324e-05, 0.0, 0.00011248191400945587, 0.005630279632277187, 0.0, 0.004138889127041201, 7.710131113279898e-06, 2.8719576586438548e-05, 0.0, 0.0, 0.0004286638902340779, 0.0, 0.0, 0.0, 0.0012607367663435602, 0.006760149793852664, 3.353898969521077e-05, 0.001970576102045162, 0.0023447072187452378, 0.00016296977611449847, 0.0, 0.0, 0.0, 0.00038075095587794235, 0.0027230845487213355, 0.004034722754853023, 0.007049714014854848, 0.0008201879432380664, 0.0, 0.0, 0.0036674553315870374, 0.0, 0.0012500661618844344, 0.005068905138402389, 0.0, 0.0, 0.003951549852396799, 0.0034171464567115733, 0.0, 0.009186310043237203, 0.0, 0.007437392364252936, 0.0, 0.0, 0.0, 0.0012495698086062055, 0.0, 0.005334828858060128, 0.0, 5.75488888556192e-06, 0.0009501933035435122, 0.0, 1.35013827687578e-05, 0.0, 0.00015986006044129978, 0.00484282704668972, 0.0035464187836777446, 0.0, 0.0, 0.0, 0.0, 0.004973780769633746, 0.0, 0.0019818630451979465, 0.0, 0.00037556768443443593, 0.004089815718877707, 0.0003675824533224088, 0.004034740192143093, 0.0], [0.0, 0.0, 0.016069410830581, 0.2568656879392735, 0.0, 0.0012219028600237189, 1.0, 4.656612873077393e-10, 0.0, 0.25996649244979536, 0.00011198759589857474, 0.20955102729920988, 1.175523232721569e-06, 0.0, 2.448884697170622e-07, 0.0, 6.430678653301257e-05, 0.18506689884706504, 3.328339483719267e-07, 0.1930136677570197, 0.06316139407998893, 9.435745451641186e-07, 7.426602209456257e-06, 0.0, 0.0035186590411152813, 0.0, 3.9438176468942755e-07, 0.049335392959902954, 0.0, 0.18546425463713828, 2.7939677238464355e-09, 0.14049983672025396, 0.033770758645637715, 0.5001902986761795, 0.0, 0.0, 0.1250000000112345, 0.0003171967085149575, 0.0006677675013966617, 0.558260173161027, 0.0062699053188677335, 0.00586052066913329, 7.237503132536307e-06, 0.0, 0.47097191714673037, 2.318123224392872e-06, 0.03226412044199241, 0.04946501730613169, 5.796010200402096e-11, 0.12500000000000003, 0.05195375685916247, 0.0037443709042349056, 0.0, 0.5466714087126177, 0.0, 0.2785277998022152, 0.0, 0.0005719647211564397, 0.0, 0.0010741847161487904, 0.0, 0.30132131300345594, 0.0, 0.0, 0.010778125267632162, 8.716770936160266e-11, 0.0, 0.5, 7.430366847826087e-05, 0.14015380214417464, 0.02911098886739891, 0.0, 0.0, 2.6168607352067386e-06, 0.0, 0.05328336146427666, 7.845698817058973e-10, 0.2343258246001338, 0.0, 0.0011470387766900386, 0.0010571218417172168, 0.0008115570358121376, 0.3900276696386833, 0.0], [0.0, 0.0, 0.0, 1.3309385992256196e-08, 0.0, 0.0, 4.656612873077393e-10, 1.0, 0.0, 8.821122326252937e-09, 9.269584620209448e-09, 1.0986418142118392e-08, 0.0, 0.0, 0.0, 0.0, 0.0, 8.78824838099643e-09, 2.8638293398607532e-09, 6.712110492891426e-09, 0.0, 0.0, 0.0, 0.0, 6.920806443453341e-09, 0.0, 1.769512891769409e-08, 0.0, 0.0, 9.246748035735581e-09, 4.656612873077392e-10, 0.0, 5.71104160393492e-09, 0.0, 0.0, 0.0, 0.0, 0.0, 0.0, 2.358270296273586e-08, 0.0, 3.189761406136094e-10, 0.0, 0.0, 8.797241265844368e-09, 0.0, 1.769512891769409e-08, 0.0, 0.0, 0.0, 0.0, 0.0, 0.0, 1.0127330622237483e-08, 0.0, 4.649259912320527e-09, 0.0, 0.0, 0.0, 1.769512891769409e-08, 0.0, 1.3661552298176283e-08, 0.0, 0.0, 3.3760775415997764e-09, 0.0, 0.0, 0.0, 0.0, 8.48788295688627e-09, 0.0, 0.0, 0.0, 0.0, 0.0, 1.8046783553294514e-08, 0.0, 0.0, 0.0, 0.0, 0.0, 6.984919309616087e-09, 5.932334435091056e-09, 0.0], [0.0, 1.2133101266472729e-13, 0.0, 2.9054202789595937e-13, 0.0, 0.0, 0.0, 0.0, 1.0, 1.5997520158475708e-13, 3.2467590957518576e-14, 2.2288469916342812e-13, 0.0, 0.0, 2.3254664365378405e-13, 0.0, 0.0, 1.6811675883534078e-13, 1.3155760661326288e-13, 1.8614029199082122e-13, 0.0, 7.701065511324094e-15, 0.0, 0.0, 7.796849005432307e-15, 3.5353238843273475e-15, 4.8324115094429894e-14, 1.8183766529763504e-13, 0.0, 1.1811213461757668e-13, 0.0, 0.0, 0.0, 0.0, 0.0, 0.0, 0.0, 0.0, 0.0, 2.2502396573963035e-13, 0.0, 7.105427357601002e-15, 0.0, 3.0665354929931753e-15, 1.9290576928254721e-13, 4.540206287249561e-14, 0.0, 0.0, 0.0, 0.0, 8.53647725433115e-15, 0.0, 0.0, 5.566917104095824e-14, 0.0, 2.4435837883948195e-13, 0.0, 0.0, 0.0, 0.0, 4.9327490488249835e-15, 1.4998033193313436e-13, 0.0, 0.0, 0.0, 0.0, 0.0, 0.0, 0.0, 1.9260057737860522e-13, 0.0, 0.0, 0.0, 0.0, 0.0, 2.977473477076423e-13, 0.0, 8.627144951841415e-14, 0.0, 0.0, 0.0, 0.0, 1.397367599035713e-13, 0.0], [0.0, 2.0989410577134823e-13, 0.009065425422630592, 0.6367766297593858, 0.0, 0.007532497299332744, 0.25996649244979536, 8.821122326252937e-09, 1.5997520158475708e-13, 1.0, 8.54385365233801e-05, 0.6076026367790441, 1.5926424408870284e-05, 0.00316318878976139, 6.522037062768475e-06, 0.0, 0.0002573468147923486, 0.46322266473513074, 2.731720735418453e-07, 0.17936325632844874, 0.10109550130516656, 8.857043090580293e-06, 2.2365547361205896e-06, 0.0, 0.05687711274341281, 1.7395889088248175e-15, 8.381180809050037e-07, 0.29398308754567354, 6.258216172968764e-05, 0.5402090378240141, 7.805220459932555e-06, 0.20449344355703428, 0.015507629047435351, 0.17047831977802502, 0.0, 0.0, 0.19425719598222296, 0.00022297172525689206, 0.004286006581718191, 0.4232268381799584, 0.012357361597593616, 0.02848323317041077, 3.921810720169821e-06, 1.776857419018499e-15, 0.5258512524252877, 5.188389837593633e-06, 0.3256589192741329, 0.11706325452983472, 2.281405940726921e-11, 0.24282146558931605, 0.23216994427797177, 0.022725186230955523, 6.947480529166264e-21, 0.3702171374835064, 7.645782747371388e-14, 0.4937608073779912, 0.0, 0.045098724189314154, 0.0, 0.0024992518121603143, 1.4061709333756305e-14, 0.5049917892797124, 0.0, 6.012794121564911e-07, 0.01696107708496883, 3.3848083598828425e-11, 3.0517578125031706e-05, 0.16997502591252125, 0.00023257389574526878, 0.5753194448304746, 0.005915405349688147, 0.0, 5.645732599876537e-21, 4.2786533176587e-06, 0.0, 0.3698829680476873, 6.961046405107368e-10, 0.4054695214854987, 1.2483000026662974e-20, 0.0006064212914149037, 0.007308362584344674, 0.004448153580353055, 0.3265133901346378, 0.0], [0.0, 2.970569814919076e-14, 0.0, 0.0002914562791693254, 0.0, 0.00015477605608049775, 0.00011198759589857474, 9.269584620209448e-09, 3.2467590957518576e-14, 8.54385365233801e-05, 1.0, 9.515052990744664e-09, 8.157719829257026e-07, 0.0, 9.536749205950798e-07, 0.0, 6.077318075915965e-05, 0.00017825010019951768, 3.883802190462824e-09, 0.00013915967686719332, 1.1406389564659345e-13, 8.811596656033247e-15, 0.0, 0.0, 0.00012351376704049021, 1.1375560834270814e-15, 8.624920031171243e-09, 1.435000567992938e-13, 0.0, 6.753589364760333e-05, 0.0, 6.1035156249999986e-05, 3.6339322109148334e-09, 0.0, 0.0, 0.0, 0.0, 0.00012705480953772782, 0.0, 7.10446178594568e-05, 1.1368683772161603e-13, 9.53674323591541e-07, 0.0, 7.105427357601002e-15, 8.355995658069269e-05, 7.440203251255176e-15, 0.00010158127707052215, 0.00014481062109493188, 0.0, 0.0, 8.881784197001252e-15, 7.616067116634047e-17, 0.0, 0.00013736018300430791, 0.0, 0.00024022505195503107, 0.0, 0.0, 0.0, 8.6247974903049e-09, 3.073927922388196e-15, 0.00012004037903145762, 0.0, 0.0, 6.103888154029843e-05, 0.0, 2.0493888772331704e-17, 0.0, 6.1035156249999986e-05, 0.0001279700411463001, 1.0824861773060938e-16, 0.0, 0.0, 9.536743164317709e-07, 0.0, 0.00010909583742522161, 0.0, 1.560711045862564e-14, 0.0, 0.0, 1.1368683772161605e-13, 6.105188887673053e-05, 0.00014766192723914627, 0.0], [0.0, 1.0716637462204247e-13, 0.008625442960935033, 0.2317985059348422, 0.0, 0.00214299408278822, 0.20955102729920988, 1.0986418142118392e-08, 2.2288469916342812e-13, 0.6076026367790441, 9.515052990744664e-09, 1.0, 9.361807632857907e-06, 0.0019531249999999993, 9.247132312193863e-06, 0.0, 0.0, 0.3917411119928624, 5.391901025152837e-07, 0.4590814593202299, 0.16700823253989727, 1.306241653134369e-05, 1.944694461156362e-06, 0.0, 0.027508266389005193, 2.754818935061508e-15, 8.202842259418382e-07, 0.2927706727665005, 0.0, 0.2865828273199177, 2.6347043804412172e-05, 0.12394381317533186, 0.02634326741979583, 0.12487421591420603, 0.0, 0.0, 0.11463868403311697, 0.0, 0.0023662285179891457, 0.28281399685776787, 0.009675708966168957, 0.14332051369200904, 3.101899861993171e-06, 1.6936048127405415e-12, 0.40564193463135734, 5.798903825085563e-06, 0.297251412839414, 0.10656926569935216, 1.681378605352847e-11, 0.1453453988509611, 0.027884814382213494, 0.018956580855130502, 1.3490881683180861e-20, 0.30236838358804896, 4.5842586214862286e-12, 0.18638009406103334, 0.0, 0.02049600055137246, 0.0, 0.001770875266201614, 8.523080778544773e-15, 0.1609758382727828, 0.0, 1.5233359142495777e-05, 0.02509372561520883, 2.382773645555792e-11, 2.8463770580496102e-05, 0.124874215914206, 0.0, 0.3276621283118414, 0.021888471547550987, 0.0, 1.4933168136208322e-20, 1.962615735547314e-06, 0.0, 0.33050621312624173, 5.29218948698664e-10, 0.22779231684666362, 2.5858868189957507e-20, 0.00029674354483910463, 0.007317530285085169, 0.0009810177461536368, 0.4122436147871651, 0.0], [0.0, 0.0, 0.0, 1.0166735108053775e-05, 0.0, 8.773486493503545e-06, 1.175523232721569e-06, 0.0, 0.0, 1.5926424408870284e-05, 8.157719829257026e-07, 9.361807632857907e-06, 1.0, 0.0, 4.19553266879713e-06, 0.0, 0.0, 1.0285035175010515e-05, 1.0016094030651036e-06, 1.4888529715986023e-05, 5.917539784579209e-06, 5.8270592375208486e-08, 1.938157073576188e-06, 0.0, 3.879507687614744e-06, 0.0, 8.361332848187827e-07, 3.180718566914456e-20, 0.0, 1.1405320230095848e-05, 4.395797422012572e-06, 2.7577089365649167e-07, 0.0, 0.0, 0.0, 0.0, 0.0, 0.0, 0.0, 9.765437974123064e-06, 0.0, 8.545678145214775e-06, 2.764083448785029e-06, 0.0, 1.2399357344216213e-05, 4.947678573308361e-06, 1.4271007766644098e-05, 4.395797422012572e-06, 0.0, 0.0, 0.0, 0.0, 1.3552527156068805e-20, 1.0757174480692876e-05, 0.0, 6.802528311536728e-06, 0.0, 7.60759455902898e-21, 0.0, 9.861569865326264e-07, 6.776263578034401e-21, 1.4104713927011026e-05, 0.0, 3.5515324867357393e-06, 2.2738668294247783e-05, 0.0, 0.0, 6.776263578034402e-21, 0.0, 1.0381491167676082e-05, 0.0, 0.0, 1.3552527156068805e-20, 4.634978706704922e-06, 0.0, 2.497156295021959e-05, 0.0, 6.776263578034402e-21, 1.5252261561406622e-20, 4.395797422012572e-06, 0.0, 6.957117623035773e-06, 9.278802611164923e-06, 0.0], [0.0, 0.0, 0.0078125, 0.0021855694433624675, 0.0, 0.0019531249999999993, 0.0, 0.0, 0.0, 0.00316318878976139, 0.0, 0.0019531249999999993, 0.0, 1.0, 0.0, 0.0, 0.0, 0.006025233494372647, 0.0, 0.006777559509653977, 0.0, 0.0, 0.0, 0.0, 0.0, 0.0, 0.0, 0.0, 0.0, 0.006835937500000001, 0.0, 0.0026462458458807936, 0.002344707218745238, 0.0, 0.0, 0.0, 0.0, 0.0, 0.0019531249999999998, 0.007710030853679279, 0.002841925145580281, 0.0, 0.0, 0.0, 0.007793900880781063, 0.0, 0.0, 0.002554714731564213, 0.0, 0.0, 0.0, 0.0, 0.0, 0.0020110610480717534, 0.0, 0.0019113284853086011, 0.0, 0.0, 0.0, 0.0, 0.0, 0.00025064336389726436, 0.0, 0.0, 0.0, 0.0, 0.0, 0.0, 0.0, 0.0019531249999999993, 0.002285682017334185, 0.0, 0.0, 0.0, 0.0, 0.0061286292230682505, 0.0, 0.0019531249999999993, 0.0, 0.0, 0.004784159653873395, 0.0, 0.0030000960046082455, 0.0], [0.0, 7.762731288526112e-14, 0.0, 1.6493008221205586e-05, 0.0, 1.4433861966511324e-05, 2.448884697170622e-07, 0.0, 2.3254664365378405e-13, 6.522037062768475e-06, 9.536749205950798e-07, 9.247132312193863e-06, 4.19553266879713e-06, 0.0, 1.0, 0.0, 0.0, 2.244858075307086e-05, 4.31121808970277e-07, 1.0119587247466413e-05, 3.767733502966196e-13, 1.0711768132622497e-05, 2.0486125741697474e-07, 0.0, 5.075275005246872e-07, 3.8019490182438424e-17, 4.330867322625408e-07, 2.1247901471208225e-12, 0.0, 7.984764109566802e-07, 9.047348957543505e-06, 4.76837158204426e-07, 0.0, 0.0, 0.0, 0.0, 0.0, 0.0, 9.047348957543503e-06, 1.4381528930004982e-05, 6.648920267611762e-13, 2.0674824920645474e-06, 4.0006048986837105e-07, 1.3010426069826051e-18, 3.909777771600837e-06, 5.697083588663377e-14, 1.8246088819285783e-05, 2.2166301215015286e-05, 1.3794386273949013e-11, 0.0, 1.3571023436315259e-05, 9.047366029514595e-06, 0.0, 5.732824418392876e-06, 1.8189894035458565e-12, 1.1228669675060829e-05, 0.0, 4.336808689942017e-19, 0.0, 2.3841857910156247e-07, 0.0, 2.8533702215037938e-05, 0.0, 0.0, 3.2542015649493976e-06, 1.4551915228366855e-11, 3.015782985874139e-06, 0.0, 0.0, 3.355587631787582e-05, 1.5835603337691534e-11, 0.0, 0.0, 1.4305114746287898e-06, 0.0, 2.761079273900421e-05, 1.4551915228366852e-11, 3.0192393787545583e-13, 0.0, 3.0157829858478347e-06, 6.648918641308504e-13, 1.2964100559525354e-05, 2.429774828848716e-05, 0.0], [0.0, 0.0, 0.0, 0.0, 0.0, 0.0, 0.0, 0.0, 0.0, 0.0, 0.0, 0.0, 0.0, 0.0, 0.0, 1.0, 0.0, 0.0, 0.0, 0.0, 0.0, 0.0, 0.0, 0.0, 0.0, 0.0, 0.0, 0.0, 0.0, 0.0, 0.0, 0.0, 0.0, 0.0, 0.0, 0.0, 0.0, 0.0, 0.0, 0.0, 0.0, 0.0, 0.0, 0.0, 0.0, 0.0, 0.0, 0.0, 0.0, 0.0, 0.0, 0.0, 0.0, 0.0, 0.0, 0.0, 0.0, 0.0, 0.0, 0.0, 0.0, 0.0, 0.0, 0.0, 0.0, 0.0, 0.0, 0.0, 0.0, 0.0, 0.0, 0.0, 0.0, 0.0, 0.0, 0.0, 0.0, 0.0, 0.0, 0.0, 0.0, 0.0, 0.0, 0.0], [0.0, 0.0, 0.0, 0.00025160492103093544, 0.0, 0.00011248191400945587, 6.430678653301257e-05, 0.0, 0.0, 0.0002573468147923486, 6.077318075915965e-05, 0.0, 0.0, 0.0, 0.0, 0.0, 1.0, 0.0002623601126937694, 0.0, 3.796074523777195e-05, 0.0, 0.0, 0.0, 0.0, 0.00035969752244198905, 0.0, 0.0, 0.0, 0.0, 0.00019912403926228108, 0.0, 0.0, 0.0, 0.00029900997836708714, 0.0, 0.0, 0.0, 0.00032392747656434447, 0.00019933998557805814, 0.00020168023553576253, 0.0, 0.0, 0.0, 0.0, 0.0002734922039117207, 0.0, 7.212807032935411e-05, 0.0002532313731227041, 0.0, 0.0, 0.0001993399855780581, 0.0, 0.0, 9.110391725479889e-05, 0.0, 8.444851514109809e-05, 0.0, 0.0, 0.0, 0.0002990099783670872, 0.0, 0.0002670077308026835, 0.0, 0.0, 0.0002990099783670872, 0.0, 0.0, 0.0, 0.0, 0.00022224951574696265, 0.0, 0.0, 0.0, 0.0, 0.0, 0.0003391200223245241, 0.0, 0.0, 0.0, 0.00015383936470034286, 0.0002990099783670872, 0.00019933998557805811, 0.00040616871930111503, 0.0], [0.0, 7.936866292631899e-14, 0.02196019977583749, 0.5722817359692266, 0.0, 0.005630279632277187, 0.18506689884706504, 8.78824838099643e-09, 1.6811675883534078e-13, 0.46322266473513074, 0.00017825010019951768, 0.3917411119928624, 1.0285035175010515e-05, 0.006025233494372647, 2.244858075307086e-05, 0.0, 0.0002623601126937694, 1.0, 1.0397433830393742e-06, 0.5852234565237519, 0.07640751196261172, 1.3274353953482765e-05, 5.578255384043619e-06, 0.0, 0.06526728767511167, 9.054626810985383e-16, 6.106213085324106e-07, 0.22145473092575857, 0.0004845867612361671, 0.727216205576964, 2.3126740608869904e-05, 0.14204856900996998, 0.016442799411964523, 0.12503055966211152, 0.0, 0.0, 0.1250001259870043, 0.0005131326022994726, 0.001897831693663467, 0.3975372692856831, 0.016458995792843004, 0.05798508599084323, 6.093305378360941e-06, 2.5396746973150635e-12, 0.46620186971133726, 5.0834699608936104e-06, 0.17478544243677377, 0.08604586506930673, 4.183522388150728e-11, 0.12500000000000003, 0.21792917645164717, 0.010609326877713779, 1.4958440846127282e-20, 0.2772522836891965, 1.6091721353029838e-12, 0.7320398528985086, 0.0, 0.023460587526828846, 0.0, 0.0007929980212138419, 8.084770727369407e-15, 0.6379260948197034, 0.0, 9.065365968583289e-06, 0.027502311399208487, 4.924215145626884e-11, 8.255957797713367e-06, 0.12500000000000003, 3.503558791718082e-05, 0.6068916367444424, 0.012223928481761223, 0.0, 1.815359881825029e-20, 6.760118920956541e-06, 0.0, 0.601715100252127, 5.212915768050211e-10, 0.7271288554568441, 2.0592361188744497e-20, 0.0008194912997956313, 0.006604206775493008, 0.0012199923837507504, 0.32579129812341046, 0.0], [0.0, 1.3727026656155938e-13, 0.0, 9.713483333967848e-07, 0.0, 0.0, 3.328339483719267e-07, 2.8638293398607532e-09, 1.3155760661326288e-13, 2.731720735418453e-07, 3.883802190462824e-09, 5.391901025152837e-07, 1.0016094030651036e-06, 0.0, 4.31121808970277e-07, 0.0, 0.0, 1.0397433830393742e-06, 1.0, 2.8361619760752863e-07, 4.3341757102915345e-13, 2.862191436527969e-07, 2.4949047282866685e-07, 0.0, 1.8952282161057172e-07, 0.0, 4.160253645680958e-07, 8.153380588555222e-12, 0.0, 8.500168741891584e-07, 6.984919309616089e-10, 2.3969193451298086e-07, 1.8679371762276667e-08, 4.235164736271501e-22, 0.0, 0.0, 1.1223696245729394e-08, 0.0, 0.0, 9.72380942807898e-07, 1.1040239174571282e-12, 1.0344550742132519e-06, 4.448958959874279e-07, 1.0966703544792934e-13, 1.0251216772577321e-06, 2.6115566081148788e-08, 2.7844736046409164e-07, 6.619003313302883e-16, 0.0, 0.0, 0.0, 8.873259591719142e-16, 4.485296661181333e-21, 1.325848631067243e-06, 1.8189894035458565e-12, 4.0963316967748935e-07, 0.0, 1.1213434148055443e-08, 0.0, 1.0394260924804294e-06, 6.776263578034404e-21, 6.424147336382892e-07, 0.0, 1.0307091484650221e-20, 2.4954381444503187e-07, 2.8318588788306327e-11, 0.0, 6.776263578034403e-21, 0.0, 5.463739396065344e-07, 1.9104070722413184e-17, 0.0, 5.8117058636624395e-21, 0.0, 0.0, 6.284318415921923e-07, 5.960460751478178e-10, 2.6398995441697414e-10, 1.1044741130673763e-20, 0.0, 1.1040239176688865e-12, 1.1781814734271649e-06, 1.1899784638268125e-06, 0.0], [0.0, 8.381874553102896e-14, 0.01693420887184495, 0.5251950710039559, 0.0, 0.004138889127041201, 0.1930136677570197, 6.712110492891426e-09, 1.8614029199082122e-13, 0.17936325632844874, 0.00013915967686719332, 0.4590814593202299, 1.4888529715986023e-05, 0.006777559509653977, 1.0119587247466413e-05, 0.0, 3.796074523777195e-05, 0.5852234565237519, 2.8361619760752863e-07, 1.0, 0.03431342374920582, 3.4325303150664287e-06, 4.05756898178157e-06, 0.0, 0.06931582894578686, 5.787280494992534e-16, 8.313122618722111e-07, 0.2542459650085237, 0.0014673888943662733, 0.5341303010736389, 1.1150554970541603e-05, 0.28030681293492815, 0.02763250630671208, 0.06701459389414337, 0.0, 0.0, 0.26726127682911743, 0.0005051139023670594, 0.0014738634031849925, 0.17046105648414847, 0.016443519159994445, 0.2908138016005473, 5.94040248071511e-06, 1.1756326485595565e-12, 0.4488218391284513, 2.4131536152797437e-06, 0.24736556219183675, 0.09361817442349377, 3.314484479712749e-11, 0.06681531047810609, 0.032463248235462205, 0.013659028606893537, 3.54444746500214e-21, 0.23152027901083294, 2.2477952349169426e-12, 0.5063391653098266, 0.0, 0.051268447008365595, 0.0, 0.0020147166425313317, 9.471457218324072e-15, 0.6868891743080571, 0.0, 5.870131698445828e-06, 0.025804841065866627, 4.9775004875883915e-11, 2.5140860148686604e-05, 0.0668153104781061, 6.489394715923475e-05, 0.4884577783861673, 0.01798308826446139, 0.0, 3.390040985380846e-21, 6.120578919431338e-06, 0.0, 0.7542260411238169, 2.0244039270693507e-10, 0.6094743617277734, 1.4761250087132903e-20, 0.0009397651419685597, 0.0029533199817587405, 0.0023558182075769356, 0.5699669199053403, 0.0], [0.0, 4.580430462736342e-17, 0.0, 0.10795650525390563, 0.0, 7.710131113279898e-06, 0.06316139407998893, 0.0, 0.0, 0.10109550130516656, 1.1406389564659345e-13, 0.16700823253989727, 5.917539784579209e-06, 0.0, 3.767733502966196e-13, 0.0, 0.0, 0.07640751196261172, 4.3341757102915345e-13, 0.03431342374920582, 1.0, 5.716002564113909e-16, 0.0, 0.0, 0.02208396122817, 2.4238127526178523e-18, 1.1368683772161603e-13, 0.04816392147187357, 0.0, 0.03073033124959335, 7.869119615621892e-07, 2.168404344971009e-19, 0.0, 0.0, 0.0, 0.0, 0.0, 0.0, 0.0, 0.08295419338945198, 3.410605131648481e-13, 0.018772609077231918, 4.7683715820312495e-07, 6.505213034913027e-19, 0.11024766178050038, 1.495667350465691e-16, 0.06896404054323854, 0.09417149925238287, 0.0, 0.0, 0.006446382789117459, 2.748258277641806e-16, 0.0, 0.09915641107265487, 0.0, 0.08151402476019484, 0.0, 0.01741832535729044, 0.0, 5.551115123125784e-17, 6.776263578034403e-21, 0.03636856623655663, 0.0, 1.078735033562983e-06, 4.721471769373139e-06, 0.0, 0.0, 2.710505431213761e-20, 0.0, 0.0658460873699222, 0.0, 0.0, 0.0, 0.0, 0.0, 0.057080036771356105, 0.0, 0.05753028261157302, 1.7881961830614662e-20, 1.4951327269681605e-05, 3.410605131648481e-13, 4.7214718694517675e-06, 0.06302314476135294, 0.0], [0.0, 3.3816379885592724e-15, 0.0, 1.3599483171296724e-05, 0.0, 2.8719576586438548e-05, 9.435745451641186e-07, 0.0, 7.701065511324094e-15, 8.857043090580293e-06, 8.811596656033247e-15, 1.306241653134369e-05, 5.8270592375208486e-08, 0.0, 1.0711768132622497e-05, 0.0, 0.0, 1.3274353953482765e-05, 2.862191436527969e-07, 3.4325303150664287e-06, 5.716002564113909e-16, 1.0, 9.31799288543093e-08, 0.0, 8.398425397632237e-15, 1.3458482773479698e-15, 2.8621914947931875e-07, 4.3279749261980185e-15, 0.0, 2.4937298902814333e-05, 3.0282160018308834e-05, 0.0, 0.0, 0.0, 0.0, 0.0, 0.0, 0.0, 3.0282160018308834e-05, 2.5803475285141088e-05, 0.0, 3.6401682611962956e-07, 1.7854770487700137e-07, 7.105427357601002e-15, 8.835306448605482e-06, 6.244342712801802e-16, 1.4137040169089524e-05, 5.769111363442701e-06, 0.0, 0.0, 2.832847227696849e-05, 3.0282160018718883e-05, 2.9646153153900508e-21, 1.0099545247586602e-05, 0.0, 3.035826005471405e-05, 0.0, 0.0, 0.0, 2.8621914299634436e-07, 1.2265186091418757e-14, 1.0760993480492744e-06, 0.0, 2.6017610036372623e-22, 9.732029170740067e-06, 0.0, 8.791594844042485e-06, 0.0, 0.0, 9.077813993816702e-06, 1.0824861773060941e-16, 0.0, 0.0, 8.14469584291824e-18, 0.0, 1.4243007034164828e-05, 0.0, 1.471213355078354e-14, 0.0, 8.791594844025144e-06, 2.601761003637262e-22, 2.7728861186501942e-05, 2.62089464239245e-06, 0.0], [0.0, 0.0, 0.0, 7.951833190236052e-06, 0.0, 0.0, 7.426602209456257e-06, 0.0, 0.0, 2.2365547361205896e-06, 0.0, 1.944694461156362e-06, 1.938157073576188e-06, 0.0, 2.0486125741697474e-07, 0.0, 0.0, 5.578255384043619e-06, 2.4949047282866685e-07, 4.05756898178157e-06, 0.0, 9.31799288543093e-08, 1.0, 0.0, 1.9073486328124998e-06, 0.0, 2.493963133771866e-07, 1.6018150654454507e-21, 0.0, 5.093915016136927e-06, 0.0, 0.0, 0.0, 4.235164736271502e-22, 0.0, 0.0, 0.0, 0.0, 0.0, 8.236242127162176e-06, 0.0, 7.726574621620331e-06, 8.543213458268403e-06, 0.0, 2.235908748305741e-06, 4.192731275554725e-06, 1.907348632812502e-06, 0.0, 0.0, 0.0, 0.0, 0.0, 4.235164736271501e-22, 2.9579424326887986e-06, 0.0, 5.207999799537939e-06, 0.0, 0.0, 0.0, 2.49396313377187e-07, 0.0, 4.029187607250337e-06, 0.0, 3.3881317890172014e-21, 3.2786678817264793e-06, 0.0, 0.0, 0.0, 0.0, 3.5709393785036978e-06, 1.9634406933873126e-21, 0.0, 2.693199907347753e-21, 1.9073486328124998e-06, 0.0, 1.4822169335252651e-06, 4.3544547334835114e-10, 2.9103830456733697e-11, 0.0, 0.0, 0.0, 6.829872257974714e-06, 1.819665962267735e-06, 0.0], [0.0, 0.0, 0.0, 0.0, 0.0, 0.0, 0.0, 0.0, 0.0, 0.0, 0.0, 0.0, 0.0, 0.0, 0.0, 0.0, 0.0, 0.0, 0.0, 0.0, 0.0, 0.0, 0.0, 1.0, 0.0, 0.0, 0.0, 0.0, 0.0, 0.0, 0.0, 0.0, 0.0, 0.0, 0.0, 0.0, 0.0, 0.0, 0.0, 0.0, 0.0, 0.0, 0.0, 0.0, 0.0, 0.0, 0.0, 0.0, 0.0, 0.0, 0.0, 0.0, 0.0, 0.0, 0.0, 0.0, 0.0, 0.0, 0.0, 0.0, 0.0, 0.0, 0.0, 0.0, 0.0, 0.0, 0.0, 0.0, 0.0, 0.0, 0.0, 0.0, 0.0, 0.0, 0.0, 0.0, 0.0, 0.0, 0.0, 0.0, 0.0, 0.0, 0.0, 0.0], [0.0, 6.492342342413766e-16, 0.0, 0.026644265530333104, 0.0, 0.0004286638902340779, 0.0035186590411152813, 6.920806443453341e-09, 7.796849005432307e-15, 0.05687711274341281, 0.00012351376704049021, 0.027508266389005193, 3.879507687614744e-06, 0.0, 5.075275005246872e-07, 0.0, 0.00035969752244198905, 0.06526728767511167, 1.8952282161057172e-07, 0.06931582894578686, 0.02208396122817, 8.398425397632237e-15, 1.9073486328124998e-06, 0.0, 1.0, 3.339212865579923e-15, 1.955139521313939e-07, 0.008526792170063144, 0.0, 0.052821897007648694, 0.0, 9.167751158551589e-05, 0.005586563553853725, 0.000244140625, 0.0, 0.0, 1.2665987014770505e-07, 0.0003254190673502278, 0.00012207031249999999, 0.050979461538975396, 0.0, 0.043968723882328045, 1.9073486328124998e-06, 6.553555808009842e-15, 0.03079821506307448, 4.224204565133154e-06, 0.05647767271943413, 0.04844321959163657, 0.0, 0.0, 0.00022888183593937242, 0.008526792170060336, 0.0, 0.029605266266977542, 0.0, 0.042966271058854553, 0.0, 0.058504575874964854, 0.0, 0.00012222761817849465, 3.937225812212781e-15, 0.0439807517248271, 0.0, 0.0, 0.03135307121043633, 0.0, 0.0, 0.0, 0.0001829950611367381, 0.0638869822672077, 0.005586519007970565, 0.0, 0.0, 1.1238478979425553e-05, 0.0, 0.004223772322438911, 0.0, 0.03630915004396236, 0.0, 4.1869771763307804e-05, 0.00048828124999999995, 0.00021652509335331026, 0.04430505472768224, 0.0], [0.0, 5.438959822042073e-16, 0.0, 1.5371005908957665e-15, 0.0, 0.0, 0.0, 0.0, 3.5353238843273475e-15, 1.7395889088248175e-15, 1.1375560834270814e-15, 2.754818935061508e-15, 0.0, 0.0, 3.8019490182438424e-17, 0.0, 0.0, 9.054626810985383e-16, 0.0, 5.787280494992534e-16, 2.4238127526178523e-18, 1.3458482773479698e-15, 0.0, 0.0, 3.339212865579923e-15, 1.0, 0.0, 3.6622257829098833e-17, 0.0, 3.4158112564223422e-15, 0.0, 8.673617379884035e-19, 0.0, 0.0, 0.0, 0.0, 0.0, 0.0, 0.0, 1.154653659920058e-15, 0.0, 1.3869388400920585e-17, 0.0, 1.7543607285645206e-18, 1.6703888252560498e-15, 0.0, 2.7196305872497047e-17, 1.5121293675543398e-17, 0.0, 0.0, 0.0, 0.0, 0.0, 1.1414511440665415e-15, 0.0, 1.3428707824153151e-15, 0.0, 7.029048604565458e-19, 0.0, 0.0, 1.6283271027835629e-15, 2.3562201941426185e-15, 0.0, 0.0, 0.0, 0.0, 4.111315754577776e-17, 0.0, 0.0, 2.270148357793129e-15, 0.0, 0.0, 0.0, 3.2265379126129994e-17, 0.0, 3.063622586757458e-15, 0.0, 2.0033213999353136e-17, 0.0, 0.0, 0.0, 5.032921796918377e-17, 2.7475380477565553e-15, 0.0], [0.0, 3.0298284436112305e-14, 0.0, 9.964331674881633e-07, 0.0, 0.0, 3.9438176468942755e-07, 1.769512891769409e-08, 4.8324115094429894e-14, 8.381180809050037e-07, 8.624920031171243e-09, 8.202842259418382e-07, 8.361332848187827e-07, 0.0, 4.330867322625408e-07, 0.0, 0.0, 6.106213085324106e-07, 4.160253645680958e-07, 8.313122618722111e-07, 1.1368683772161603e-13, 2.8621914947931875e-07, 2.493963133771866e-07, 0.0, 1.955139521313939e-07, 0.0, 1.0, 5.45913724933017e-13, 0.0, 6.512338222104509e-07, 0.0, 3.8867208376894544e-07, 3.7252902984619132e-09, 0.0, 0.0, 0.0, 3.7252902984619134e-08, 0.0, 0.0, 1.0724804908990878e-06, 1.13686837721616e-13, 7.44203436066477e-07, 5.910032636690378e-07, 1.776356839400251e-15, 4.788252307868932e-07, 7.450620841906072e-09, 3.4137655712837643e-07, 0.0, 0.0, 0.0, 8.88178419700125e-15, 0.0, 0.0, 8.923036407305086e-07, 0.0, 4.3807507218360766e-07, 0.0, 7.4505805969238265e-09, 0.0, 3.8512718156386655e-07, 1.4108038808950648e-14, 1.355747541450962e-06, 0.0, 0.0, 2.4586915969848633e-07, 0.0, 0.0, 0.0, 0.0, 1.6653365009839277e-06, 0.0, 0.0, 0.0, 0.0, 0.0, 1.4821107880986018e-06, 0.0, 1.2574537060771472e-13, 0.0, 0.0, 1.1368683772161602e-13, 5.690703979472133e-07, 6.091291987404434e-07, 0.0], [0.0, 2.0872869739063934e-13, 0.0, 0.14287420331641845, 0.0, 0.0, 0.049335392959902954, 0.0, 1.8183766529763504e-13, 0.29398308754567354, 1.435000567992938e-13, 0.2927706727665005, 3.180718566914456e-20, 0.0, 2.1247901471208225e-12, 0.0, 0.0, 0.22145473092575857, 8.153380588555222e-12, 0.2542459650085237, 0.04816392147187357, 4.3279749261980185e-15, 1.6018150654454507e-21, 0.0, 0.008526792170063144, 3.6622257829098833e-17, 5.45913724933017e-13, 1.0, 0.0, 0.12283902087579107, 0.0, 0.0, 0.007812499999999999, 2.088079978457859e-20, 0.0, 0.0, 0.0, 0.0, 0.0, 0.14419496696919398, 1.13686837721616e-13, 0.08516909346941912, 0.0, 1.2081137467666232e-12, 0.18032386523887217, 9.5935569120458e-13, 0.3645640173390373, 0.061436045538262304, 0.0, 0.0, 0.0904849409750888, 0.007812500000000873, 9.770333573819602e-21, 0.1652351927957033, 1.8189894035458565e-12, 0.1104762633409519, 0.0, 7.588022634245527e-21, 0.0, 2.7770804155220094e-17, 9.228812785208542e-15, 0.15580558060475014, 0.0, 2.8530107411362435e-20, 0.007812499999999998, 0.0, 5.4943343431905325e-17, 8.294928222908386e-21, 0.0, 0.15219481473570584, 0.007812500000000108, 0.0, 8.371614106188971e-21, 5.497944032991844e-17, 0.0, 0.14875033247517228, 0.0, 0.147061200087781, 1.390155489343915e-20, 0.0, 1.1368683822672117e-13, 5.640462663719078e-12, 0.19622579852122057, 0.0], [0.0, 0.0, 0.0, 0.0036833118579709706, 0.0, 0.0012607367663435602, 0.0, 0.0, 0.0, 6.258216172968764e-05, 0.0, 0.0, 0.0, 0.0, 0.0, 0.0, 0.0, 0.0004845867612361671, 0.0, 0.0014673888943662733, 0.0, 0.0, 0.0, 0.0, 0.0, 0.0, 0.0, 0.0, 1.0, 0.0015947198846244651, 0.0, 0.0, 0.0009765625, 0.0, 0.0, 0.0, 0.0, 0.0, 0.0, 0.00135757930315732, 0.0007389453059993339, 0.0, 0.0, 0.0, 0.0, 0.0, 0.0, 0.0011093004575137985, 0.0, 0.0, 0.0014648437500000002, 0.0005001440622378749, 0.0, 0.0, 0.0, 0.0006291016280444996, 0.0, 0.0, 0.0, 0.0, 0.0, 0.0008639177118451004, 0.0, 0.0, 0.0, 0.0, 0.0, 0.0, 0.0, 0.0009765625000000002, 0.0009765624999999999, 0.0, 0.0, 0.0, 0.0, 0.0011243724593514505, 0.0, 0.0, 0.0, 0.0, 0.0, 0.0009765625, 0.0005433791025016286, 0.0], [0.0, 1.0823037528580314e-13, 0.011140039474475932, 0.8303751480352056, 0.0, 0.006760149793852664, 0.18546425463713828, 9.246748035735581e-09, 1.1811213461757668e-13, 0.5402090378240141, 6.753589364760333e-05, 0.2865828273199177, 1.1405320230095848e-05, 0.006835937500000001, 7.984764109566802e-07, 0.0, 0.00019912403926228108, 0.727216205576964, 8.500168741891584e-07, 0.5341303010736389, 0.03073033124959335, 2.4937298902814333e-05, 5.093915016136927e-06, 0.0, 0.052821897007648694, 3.4158112564223422e-15, 6.512338222104509e-07, 0.12283902087579107, 0.0015947198846244651, 1.0, 3.858039904024001e-05, 0.12998779908415248, 0.02069677901010565, 0.12513463995552537, 0.0, 0.0, 0.1250000409912043, 0.0003259415838502074, 0.0035767349694121424, 0.4510497939099094, 0.012572249287716913, 0.10584483264723644, 5.625603343245415e-06, 2.2133187160021238e-13, 0.6116072036649945, 4.458637885944173e-07, 0.15370916344230703, 0.08300754491339239, 1.3794386273949013e-11, 0.12499999999999997, 0.20675849157597648, 0.015853917037255635, 1.0563767008692198e-20, 0.4285585970003386, 2.028634200195566e-12, 0.7370074020625447, 0.0, 0.04126173509135186, 0.0, 0.0015999064495914813, 8.394489043348442e-15, 0.7680293194157389, 0.0, 1.4343290645171128e-05, 0.04656717942302316, 3.010856697291744e-11, 6.838957216519215e-17, 0.125, 5.2167135650132834e-05, 0.7293618907613049, 0.005023242926461351, 0.0, 1.0275797549851415e-20, 6.3170540479869305e-06, 0.0, 0.7961747720858801, 7.05900521460623e-10, 0.6460375024255045, 7.939966171773939e-21, 0.0007289056110973463, 0.008035679753390224, 0.002865776517559747, 0.5278358749025059, 0.0], [0.0, 0.0, 0.0, 1.886887863697653e-05, 0.0, 3.353898969521077e-05, 2.7939677238464355e-09, 4.656612873077392e-10, 0.0, 7.805220459932555e-06, 0.0, 2.6347043804412172e-05, 4.395797422012572e-06, 0.0, 9.047348957543505e-06, 0.0, 0.0, 2.3126740608869904e-05, 6.984919309616089e-10, 1.1150554970541603e-05, 7.869119615621892e-07, 3.0282160018308834e-05, 0.0, 0.0, 0.0, 0.0, 0.0, 0.0, 0.0, 3.858039904024001e-05, 1.0, 0.0, 1.862645149230957e-09, 0.0, 0.0, 0.0, 0.0, 0.0, 3.0517578125e-05, 3.015268048821339e-05, 0.0, 3.815393213568158e-06, 0.0, 0.0, 1.2800404837321052e-05, 0.0, 1.811357633027252e-05, 8.930475448531e-06, 0.0, 0.0, 2.6702880859375e-05, 3.0517578125e-05, 0.0, 1.2428677911976936e-05, 0.0, 3.353759749120629e-05, 0.0, 0.0, 0.0, 0.0, 0.0, 4.883763464577591e-06, 0.0, 1.5233359142495743e-05, 1.1446187272667885e-05, 0.0, 7.629394531249998e-06, 0.0, 0.0, 1.2402744825955667e-05, 0.0, 0.0, 0.0, 0.0, 0.0, 1.6173857093806866e-05, 4.024472737438268e-10, 9.313225746154783e-10, 0.0, 1.1444091796875e-05, 0.0, 3.2192108540968605e-05, 1.3319751017426148e-05, 0.0], [0.0, 0.0, 0.018271245845880794, 0.15986921225835155, 0.0, 0.001970576102045162, 0.14049983672025396, 0.0, 0.0, 0.20449344355703428, 6.1035156249999986e-05, 0.12394381317533186, 2.7577089365649167e-07, 0.0026462458458807936, 4.76837158204426e-07, 0.0, 0.0, 0.14204856900996998, 2.3969193451298086e-07, 0.28030681293492815, 2.168404344971009e-19, 0.0, 0.0, 0.0, 9.167751158551589e-05, 8.673617379884035e-19, 3.8867208376894544e-07, 0.0, 0.0, 0.12998779908415248, 0.0, 1.0, 0.00985648703837187, 0.125030517578125, 0.0, 0.0, 0.5000000074505806, 0.00016614859708779796, 0.003969368768821191, 0.033062120743993395, 0.005743398295824254, 2.427952688843386e-07, 1.581880575888245e-07, 8.673617379884035e-19, 0.10108361835087455, 2.8437460649935236e-08, 0.015109689473132364, 0.0032295048964503564, 0.0, 0.125, 3.0517578125e-05, 0.003906249999999999, 0.0, 0.13096021747350872, 0.0, 0.09763454163657646, 0.0, 0.003052268224931629, 0.0, 6.705522537231445e-08, 0.0, 0.1699868233277657, 0.0, 0.0, 0.004150398075580596, 0.0, 0.0, 0.125, 0.0002763058746404584, 0.16504644660221265, 0.005915720237705045, 0.0, 0.0, 0.0, 0.0, 0.21936332223340624, 0.0, 0.13456737227273893, 0.0, 0.0, 0.0004801445967679703, 9.167939424514803e-05, 0.19880994804716579, 0.0], [0.0, 0.0, 0.006250957218745237, 0.017547554074782406, 0.0, 0.0023447072187452378, 0.033770758645637715, 5.71104160393492e-09, 0.0, 0.015507629047435351, 3.6339322109148334e-09, 0.02634326741979583, 0.0, 0.002344707218745238, 0.0, 0.0, 0.0, 0.016442799411964523, 1.8679371762276667e-08, 0.02763250630671208, 0.0, 0.0, 0.0, 0.0, 0.005586563553853725, 0.0, 3.7252902984619132e-09, 0.007812499999999999, 0.0009765625, 0.02069677901010565, 1.862645149230957e-09, 0.00985648703837187, 1.0, 0.0, 0.0, 0.0, 0.0, 0.0, 0.0023447072187452378, 0.020279904435752345, 0.011580830919025238, 0.007812560300592719, 0.0, 0.0, 0.0244776036347107, 1.4901161193847655e-08, 0.005133226820989555, 0.02002905478698193, 0.0, 0.0, 0.0034179687499999996, 0.013094146171154154, 0.0, 0.019068220368407454, 0.0, 0.01713898611162955, 0.0, 0.004182727727814377, 0.0, 3.7252902984619132e-09, 0.0, 0.006273364765773821, 0.0, 0.0, 0.023437502793967724, 0.0, 0.0, 0.0, 0.0, 0.01976999585589629, 0.0397950085958985, 0.0, 0.0, 0.0, 0.0, 0.029354810062094963, 0.0, 0.019792167735805652, 0.0, 0.0, 0.002461429835205486, 0.003906255587935447, 0.023324349266257767, 0.0], [0.0, 0.0, 0.0, 0.15082275566049722, 0.0, 0.00016296977611449847, 0.5001902986761795, 0.0, 0.0, 0.17047831977802502, 0.0, 0.12487421591420603, 0.0, 0.0, 0.0, 0.0, 0.00029900997836708714, 0.12503055966211152, 4.235164736271501e-22, 0.06701459389414337, 0.0, 0.0, 4.235164736271502e-22, 0.0, 0.000244140625, 0.0, 0.0, 2.088079978457859e-20, 0.0, 0.12513463995552537, 0.0, 0.125030517578125, 0.0, 1.0, 0.0, 0.0, 0.12500