"{\"names\": [\"172.217.10.1\", \"104.88.86.240\", \"38.93.140.48\", \"192.168.10.15\", \"104.88.108.223\", \"195.142.105.15\", \"172.217.12.163\", \"206.217.206.48\", \"172.217.6.228\", \"178.255.83.1\", \"74.119.118.82\", \"192.168.10.9\", \"172.217.7.6\", \"35.186.227.40\", \"31.13.71.36\", \"206.126.112.142\", \"151.101.2.49\", \"192.168.10.25\", \"172.217.3.98\", \"192.168.10.16\", \"72.30.202.150\", \"172.217.12.132\", \"50.31.164.173\", \"162.208.20.178\", \"23.15.4.16\", \"216.58.217.99\", \"172.217.6.198\", \"172.217.12.174\", \"169.46.44.40\", \"192.168.10.17\", \"52.84.143.130\", \"104.19.195.102\", \"216.200.232.61\", \"104.97.73.166\", \"152.163.13.79\", \"192.229.163.25\", \"74.119.118.86\", \"54.225.188.92\", \"188.165.145.88\", \"192.168.10.14\", \"8.43.72.98\", \"199.96.57.6\", \"68.67.178.110\", \"104.88.70.158\", \"192.168.10.19\", \"69.172.216.56\", \"157.240.18.35\", \"172.217.11.34\", \"185.54.150.20\", \"69.169.85.7\", \"198.232.124.194\", \"74.119.118.72\", \"172.217.12.134\", \"192.168.10.5\", \"23.111.9.30\", \"192.168.10.8\", \"151.101.66.2\", \"68.67.178.199\", \"213.239.195.215\", \"138.108.7.20\", \"52.84.145.87\", \"192.168.10.50\", \"52.84.145.198\", \"52.40.24.51\", \"212.77.100.137\", \"185.54.150.115\", \"172.217.10.138\", \"152.163.66.165\", \"52.84.137.78\", \"192.168.10.51\", \"68.67.178.109\", \"129.146.14.96\", \"54.152.24.232\", \"172.217.10.33\", \"52.8.229.108\", \"192.168.10.12\", \"64.147.131.201\", \"172.217.12.206\", \"68.67.180.12\", \"172.217.10.134\", \"38.69.238.16\", \"172.217.10.142\", \"192.168.10.3\", \"172.217.6.202\"], \"funcEdges\": [[1.0, 0.0, 0.0, 0.0, 0.0, 0.0, 0.0, 0.0, 0.0, 0.0, 0.0, 0.0, 0.0, 0.0, 0.0, 0.0, 0.0, 0.0, 0.0, 0.0, 0.0, 0.0, 0.0, 0.0, 0.0, 0.0, 0.0, 0.0, 0.0, 0.0, 0.0, 0.0, 0.0, 0.0, 0.0, 0.0, 0.0, 0.0, 0.0, 0.0, 0.0, 0.0, 0.0, 0.0, 0.0, 0.0, 0.0, 0.0, 0.0, 0.0, 0.0, 0.0, 0.0, 0.0, 0.0, 0.0, 0.0, 0.0, 0.0, 0.0, 0.0, 0.0, 0.0, 0.0, 0.0, 0.0, 0.0, 0.0, 0.0, 0.0, 0.0, 0.0, 0.0, 0.0, 0.0, 0.0, 0.0, 0.0, 0.0, 0.0, 0.0, 0.0, 0.0, 0.0], [0.0, 1.0, 0.0, 9.61983982724892e-11, 0.0, 0.0, 0.0, 0.0, 6.212147848434037e-11, 1.074657821549303e-10, 1.520931745238567e-11, 5.486918380648574e-11, 0.0, 0.0, 3.974518419725369e-11, 0.0, 0.0, 4.0636755418275324e-11, 7.02823764795184e-11, 4.2915197711886827e-11, 2.3451803969210072e-14, 1.7313986501423475e-12, 0.0, 0.0, 3.324079279315848e-13, 2.7847474288855413e-13, 1.55127216312895e-11, 1.0686909306400734e-10, 0.0, 5.541395214633121e-11, 0.0, 0.0, 0.0, 0.0, 0.0, 0.0, 0.0, 0.0, 0.0, 5.482229720651416e-11, 0.0, 4.04238622263e-12, 0.0, 0.0, 8.907658776162916e-11, 5.754774558669977e-11, 1.4071082381526048e-13, 4.298617356618661e-13, 0.0, 0.0, 3.637978807091713e-12, 1.1368683772161603e-13, 0.0, 1.0568150619162802e-10, 0.0, 7.050658434861128e-11, 0.0, 0.0, 0.0, 0.0, 7.425993143694776e-13, 7.649578043466896e-11, 0.0, 0.0, 0.0, 0.0, 0.0, 0.0, 0.0, 6.949611216914923e-11, 0.0, 0.0, 0.0, 0.0, 0.0, 3.9664671108581385e-11, 0.0, 6.27400891929442e-11, 0.0, 0.0, 0.0, 1.3380906450217336e-12, 1.2540530604307812e-10, 0.0], [0.0, 0.0, 1.0, 0.23781104917247264, 0.0, 0.21172915990219346, 0.32971367527609236, 0.0, 0.0, 0.18519503009023885, 0.0, 0.30811203645549173, 0.0, 0.0, 0.0, 0.0, 0.0, 0.47309975711837576, 0.0, 0.12717788890586637, 0.0, 0.0, 0.0, 0.0, 0.0, 0.0, 0.0, 0.0, 0.0, 0.20370021093167762, 0.0, 0.0, 0.0, 0.0, 0.0, 0.0, 0.0, 0.0, 0.0, 0.15468369274021138, 0.16233111899025346, 0.20370021093167764, 0.0, 0.0, 0.197097902764206, 0.0, 0.2787576204581297, 0.15185836800233704, 0.0, 0.0, 0.0, 0.0, 0.0, 0.3090089325841955, 0.0, 0.08497330747466585, 0.0, 0.0, 0.0, 0.20370021093167762, 0.0, 0.351159923121554, 0.0, 0.0, 0.0, 0.0, 0.0, 0.0, 0.0, 0.24529969948842825, 0.0, 0.0, 0.0, 0.0, 0.0, 0.20767473954866586, 0.0, 0.2743972483513455, 0.0, 0.20370021093167764, 0.3035234764243074, 0.28008779003105677, 0.18165598978005368, 0.0], [0.0, 9.61983982724892e-11, 0.23781104917247264, 1.0, 0.0, 0.6961345237222216, 0.5304311520244029, 6.814405628035172e-06, 1.487575182827312e-10, 0.4181493111087905, 0.1492256149346946, 0.20733718660126854, 0.005205368375323533, 0.0, 0.00844442020925726, 0.0, 0.12882171956783894, 0.5907073431245331, 0.0004973303466991538, 0.28654747045023127, 0.0020395969201059223, 0.006962935383703923, 0.004071338593400859, 0.0, 0.302978763148784, 7.869955025386325e-13, 0.0005101737817539396, 2.5047850876995704e-09, 0.0, 0.26467073717823586, 0.009660865862131983, 0.055126334713345236, 3.6175830162394704e-05, 0.109375, 0.0, 0.0, 4.6574723008427886e-05, 0.22294559224967916, 0.09934444877634521, 0.2730746266902041, 0.1751975914284112, 0.5000902519804801, 0.004635761937008744, 5.028100258546075e-10, 0.555315124050807, 0.0013567113938520229, 0.32623520004600687, 0.3920734758467994, 2.972230429160215e-08, 0.0, 0.12705139652898761, 0.0055944782770364805, 6.710646048948372e-18, 0.4232337378527658, 1.5148510817621113e-09, 0.8329790062397737, 0.0, 3.326655683295131e-06, 0.0, 0.23999622009167795, 9.434868191119294e-12, 0.44260427419446846, 0.0, 0.004361886827922117, 0.15050106349354253, 3.352761268615722e-08, 0.012072231570036267, 2.0523743473353668e-18, 0.0558994370749175, 0.21677864300145946, 2.9728727497016957e-08, 0.0, 9.676214251786744e-18, 0.0012958765677959139, 0.0, 0.1369781658147085, 4.247954728398365e-07, 0.15328260887666734, 2.0177384762653464e-18, 0.17232613483584897, 0.3753111018494948, 0.2696087334819923, 0.6214088066125597, 0.0], [0.0, 0.0, 0.0, 0.0, 1.0, 0.0, 0.0, 0.0, 0.0, 0.0, 0.0, 0.0, 0.0, 0.0, 0.0, 0.0, 0.0, 0.0, 0.0, 0.0, 0.0, 0.0, 0.0, 0.0, 0.0, 0.0, 0.0, 0.0, 0.0, 0.0, 0.0, 0.0, 0.0, 0.0, 0.0, 0.0, 0.0, 0.0, 0.0, 0.0, 0.0, 0.0, 0.0, 0.0, 0.0, 0.0, 0.0, 0.0, 0.0, 0.0, 0.0, 0.0, 0.0, 0.0, 0.0, 0.0, 0.0, 0.0, 0.0, 0.0, 0.0, 0.0, 0.0, 0.0, 0.0, 0.0, 0.0, 0.0, 0.0, 0.0, 0.0, 0.0, 0.0, 0.0, 0.0, 0.0, 0.0, 0.0, 0.0, 0.0, 0.0, 0.0, 0.0, 0.0], [0.0, 0.0, 0.21172915990219346, 0.6961345237222216, 0.0, 1.0, 0.5969372975983238, 0.0, 0.0, 0.6251005386932303, 0.07924534071321485, 0.037351784759919605, 0.004492025084673815, 0.0, 0.007390137326853798, 0.0, 0.05759073997284141, 0.6817029138895081, 0.0, 0.2858298144901821, 0.003947587129999308, 0.014704423212256536, 0.0, 0.0, 0.21947591179984788, 0.0, 0.0, 0.0, 0.0, 0.35138089763455416, 0.017171962723947914, 0.10568304885314517, 0.0, 0.08344052537062321, 0.0, 0.0, 0.0, 0.19494448940950648, 0.07877265487330098, 0.48708485890569964, 0.26183193470779265, 0.41993622693789, 0.0, 0.0, 0.6000477543343227, 0.0, 0.324587240812808, 0.6549249364155216, 0.0, 0.0, 0.2376541359614308, 0.013982522954698987, 0.0, 0.5274409563122078, 0.0, 0.752534869655017, 0.0, 0.0, 0.0, 0.32433310793435477, 0.0, 0.39620381482034883, 0.0, 0.002946503109407703, 0.1710523373422558, 0.0, 0.006912707977603994, 0.0, 0.08184835094594549, 0.3028798276661062, 0.0, 0.0, 0.0, 0.0, 0.0, 0.22500309585763856, 0.0, 0.014713879141348774, 0.0, 0.1922906544304312, 0.14554585213791124, 0.1882022161010733, 0.6022143311727917, 0.0], [0.0, 0.0, 0.32971367527609236, 0.5304311520244029, 0.0, 0.5969372975983238, 1.0, 2.384185791015625e-07, 0.0, 0.502625440240533, 0.05733764910007027, 0.2405150081300891, 0.0006018678951534433, 0.0, 0.00012538289649513586, 0.0, 0.032925074704902434, 0.7275865148592632, 0.00017041098156642646, 0.5433733098401219, 0.0, 0.00048311016712402873, 0.0038024203312416035, 0.0, 0.1334636755956189, 0.0, 0.0002019234635209869, 0.0, 0.0, 0.4312672150536986, 1.430511474609375e-06, 0.038091730788643134, 9.536743164062502e-07, 0.09743292220395176, 0.0, 0.0, 5.752053253222019e-09, 0.16240471475965823, 0.09189696071509086, 0.6063456060341443, 0.24290310278526395, 0.2549606906616677, 0.003705601603858589, 0.0, 0.5588911661334574, 0.0011868790908891504, 0.38989270136741583, 0.6370043642237083, 2.967557222605873e-08, 0.0, 0.09743292220395176, 2.9328413058223492e-08, 0.0, 0.5339567651890469, 0.0, 0.43817152866658815, 0.0, 0.0, 0.0, 0.29998257466818073, 0.0, 0.44391278896803227, 0.0, 0.0, 0.1369730427028827, 4.462986719314056e-08, 0.0, 0.0, 0.03804347826086957, 0.4392285411295111, 2.960625447724995e-08, 0.0, 0.0, 0.0013398326964258502, 0.0, 0.5866658715753087, 4.016997794334194e-07, 0.2125193530077116, 0.0, 0.5872838536652998, 0.291246382959215, 0.41551720233581446, 0.5491465347843208, 0.0], [0.0, 0.0, 0.0, 6.814405628035172e-06, 0.0, 0.0, 2.384185791015625e-07, 1.0, 0.0, 4.516414631041504e-06, 4.746027325547237e-06, 5.6250460887646165e-06, 0.0, 0.0, 0.0, 0.0, 0.0, 4.4995831710701726e-06, 1.4662806220087057e-06, 3.43660057236041e-06, 0.0, 0.0, 0.0, 0.0, 3.5434528990481106e-06, 0.0, 9.059906005859373e-06, 0.0, 0.0, 4.734334994296618e-06, 2.3841857910156247e-07, 0.0, 2.9240533012146792e-06, 0.0, 0.0, 0.0, 0.0, 0.0, 0.0, 1.207434391692076e-05, 0.0, 1.63315783994168e-07, 0.0, 0.0, 4.504187528112316e-06, 0.0, 9.059906005859373e-06, 0.0, 0.0, 0.0, 0.0, 0.0, 0.0, 5.1851932785855915e-06, 0.0, 2.38042107510811e-06, 0.0, 0.0, 0.0, 9.059906005859373e-06, 0.0, 6.994714776666257e-06, 0.0, 0.0, 1.7285517012990855e-06, 0.0, 0.0, 0.0, 0.0, 4.34579607392577e-06, 0.0, 0.0, 0.0, 0.0, 0.0, 9.239953179286791e-06, 0.0, 0.0, 0.0, 0.0, 0.0, 3.5762786865234367e-06, 3.0373552307666207e-06, 0.0], [0.0, 6.212147848434037e-11, 0.0, 1.487575182827312e-10, 0.0, 0.0, 0.0, 0.0, 1.0, 8.190730321139563e-11, 1.662340657024951e-11, 1.141169659716752e-10, 0.0, 0.0, 1.1906388155073743e-10, 0.0, 0.0, 8.607578052369448e-11, 6.735749458599059e-11, 9.530382949930046e-11, 0.0, 3.942945541797936e-12, 0.0, 0.0, 3.9919866907813414e-12, 1.810085828775602e-12, 2.4741946928348106e-11, 9.310088463238914e-11, 0.0, 6.047341292419926e-11, 0.0, 0.0, 0.0, 0.0, 0.0, 0.0, 0.0, 0.0, 0.0, 1.1521227045869074e-10, 0.0, 3.637978807091713e-12, 0.0, 1.5700661724125057e-12, 9.876775387266417e-11, 2.3245856190717753e-11, 0.0, 0.0, 0.0, 0.0, 4.370676354217549e-12, 0.0, 0.0, 2.850261557297062e-11, 0.0, 1.2511148996581476e-10, 0.0, 0.0, 0.0, 0.0, 2.5255675129983916e-12, 7.678992994976479e-11, 0.0, 0.0, 0.0, 0.0, 0.0, 0.0, 0.0, 9.861149561784587e-11, 0.0, 0.0, 0.0, 0.0, 0.0, 1.5244664202631286e-10, 0.0, 4.4170982153428044e-11, 0.0, 0.0, 0.0, 0.0, 7.154522107062851e-11, 0.0], [0.0, 1.074657821549303e-10, 0.18519503009023885, 0.4181493111087905, 0.0, 0.6251005386932303, 0.502625440240533, 4.516414631041504e-06, 8.190730321139563e-11, 1.0, 0.04374453069997061, 0.17092960623287287, 0.008154329297341585, 0.0, 0.0033392829761374593, 0.0, 0.13176156917368248, 0.45755774288534085, 0.0001398641016534248, 0.23073530988270297, 0.000728450415950309, 0.00453480606237711, 0.0011451160248937419, 0.0, 0.15121194812406585, 8.906695213183065e-13, 0.0004291164574233619, 5.772552183311443e-09, 0.0, 0.33963581171898816, 0.003996272875485468, 0.1184956033951074, 3.787192665199152e-05, 0.2576864591379636, 0.0, 0.0, 1.2037514299793176e-05, 0.11416152333152874, 0.08459340304598782, 0.6507679753795983, 0.19636805102390528, 0.2013681325767213, 0.0020079670887269484, 9.097509985374716e-13, 0.3648332441169392, 0.0026564555968479403, 0.4615169808958257, 0.6837409466998652, 1.1680798416521835e-08, 0.0, 0.029296875015435642, 0.003906264129239429, 3.557110030933127e-18, 0.5848985890518617, 3.9146407666541506e-11, 0.5209318039258759, 0.0, 4.230674631226265e-06, 0.0, 0.43983903791946233, 7.199595178883228e-12, 0.31786570257140123, 0.0, 0.0003078550590241234, 0.36785601099866916, 1.7330218802600154e-08, 0.015625000000016234, 3.167157262754228e-18, 0.11907783462157762, 0.2827495163176593, 1.3105891321331418e-08, 0.0, 2.890615091136787e-18, 0.002190670498641254, 0.0, 0.41407230919033633, 3.5640557594149723e-07, 0.19142110309541657, 6.3912960136514426e-18, 0.3104877012044307, 0.2573853336487095, 0.3869726916103598, 0.45922933515094694, 0.0], [0.0, 1.520931745238567e-11, 0.0, 0.1492256149346946, 0.0, 0.07924534071321485, 0.05733764910007027, 4.746027325547237e-06, 1.662340657024951e-11, 0.04374453069997061, 1.0, 4.871707131261268e-06, 0.00041767525525795974, 0.0, 0.0004882815593446808, 0.0, 0.03111586854868974, 0.09126405130215305, 1.988506721516966e-06, 0.07124975455600298, 5.840071457105584e-11, 4.511537487889022e-12, 0.0, 0.0, 0.06323904872473099, 5.824287147146657e-13, 4.4159590559596764e-06, 7.347202908123842e-11, 0.0, 0.034578377547572904, 0.0, 0.031249999999999993, 1.8605732919883947e-06, 0.0, 0.0, 0.0, 0.0, 0.06505206248331664, 0.0, 0.03637484434404188, 5.820766091346741e-11, 0.000488281253678869, 0.0, 3.637978807091713e-12, 0.042782697769314655, 3.80938406464265e-12, 0.05200961386010734, 0.07414303800060512, 0.0, 0.0, 4.547473508864641e-12, 3.899426363716632e-14, 0.0, 0.07032841369820565, 0.0, 0.12299522660097591, 0.0, 0.0, 0.0, 4.415896315036109e-06, 1.5738510962627564e-12, 0.0614606740641063, 0.0, 0.0, 0.0312519073486328, 0.0, 1.0492871051433832e-14, 0.0, 0.031249999999999993, 0.06552066106690566, 5.5423292278072004e-14, 0.0, 0.0, 0.0004882812500130667, 0.0, 0.055857068761713466, 0.0, 7.990840554816327e-12, 0.0, 0.0, 5.820766091346742e-11, 0.03125856710488603, 0.07560290674644289, 0.0], [0.0, 5.486918380648574e-11, 0.30811203645549173, 0.20733718660126854, 0.0, 0.037351784759919605, 0.2405150081300891, 5.6250460887646165e-06, 1.141169659716752e-10, 0.17092960623287287, 4.871707131261268e-06, 1.0, 0.004793245508023248, 0.0, 0.004734531743843258, 0.0, 0.0, 0.23480111484196461, 0.00027606533248782523, 0.19428305822095532, 0.0005333980753752339, 0.00668795726404797, 0.0009956835641120574, 0.0, 0.0011169330940161695, 1.4104672947514922e-12, 0.0004199855236822212, 8.500193949020803e-09, 0.0, 0.11668104873137462, 0.013489686427859032, 0.0001800250735345817, 1.2759146526893006e-05, 1.0340133692380208e-17, 0.0, 0.0, 3.0508691696007722e-05, 0.0, 0.005676674355034322, 0.18204439550311075, 0.053862679336778456, 0.1674194656504417, 0.0015881727293405035, 8.671256641231572e-10, 0.186377000874903, 0.0029690387584438084, 0.4996564331598568, 0.10027580134968202, 8.608658459406576e-09, 0.0, 0.008515011539896925, 0.0056766848801276535, 6.907331421788601e-18, 0.11047122860070344, 2.347140414200949e-09, 0.05849058418855391, 0.0, 3.1140253506623925e-06, 0.0, 0.10830820182576537, 4.363817358614924e-12, 0.4917632302594952, 0.0, 0.007799479880957838, 0.0183444596982151, 1.2199801065245655e-08, 0.014573450537214004, 1.1804752401872164e-17, 0.0, 0.09381399517063983, 9.510329984543993e-09, 0.0, 7.645782085738661e-18, 0.0010048592566002247, 0.0, 0.11646481917366856, 2.7096010173371596e-07, 0.4977579685224927, 1.3239740513258243e-17, 0.15193269495762157, 0.49870582871096747, 0.502281086030662, 0.27641285420935835, 0.0], [0.0, 0.0, 0.0, 0.005205368375323533, 0.0, 0.004492025084673815, 0.0006018678951534433, 0.0, 0.0, 0.008154329297341585, 0.00041767525525795974, 0.004793245508023248, 1.0, 0.0, 0.0021481127264241307, 0.0, 0.0, 0.005265938009605384, 0.000512824014369333, 0.007622927214584844, 0.003029780369704555, 2.9834543296106745e-05, 0.0009923364216710084, 0.0, 0.001986307936058749, 0.0, 0.0004281002418272167, 1.6285279062602014e-17, 0.0, 0.005839523957809074, 0.002250648280070437, 0.00014119469755212373, 0.0, 0.0, 0.0, 0.0, 0.0, 0.0, 0.0, 0.004999904242751009, 0.0, 0.0043753872103499646, 0.0014152107257779348, 0.0, 0.006348470960238701, 0.0025332114295338807, 0.007306755976521778, 0.002250648280070437, 0.0, 0.0, 0.0, 0.0, 6.938893903907228e-18, 0.005507673334114753, 0.0, 0.0034828944955068047, 0.0, 3.895088414222838e-18, 0.0, 0.0005049123771047047, 3.4694469519536134e-18, 0.007221613530629645, 0.0, 0.0018183846332086985, 0.011642198166654865, 0.0, 0.0, 3.4694469519536138e-18, 0.0, 0.005315323477850154, 0.0, 0.0, 6.938893903907228e-18, 0.00237310909783292, 0.0, 0.01278544023051243, 0.0, 3.4694469519536138e-18, 7.80915791944019e-18, 0.002250648280070437, 0.0, 0.0035620442229943156, 0.00475074693691644, 0.0], [0.0, 0.0, 0.0, 0.0, 0.0, 0.0, 0.0, 0.0, 0.0, 0.0, 0.0, 0.0, 0.0, 1.0, 0.0, 0.0, 0.0, 0.0, 0.0, 0.0, 0.0, 0.0, 0.0, 0.0, 0.0, 0.0, 0.0, 0.0, 0.0, 0.0, 0.0, 0.0, 0.0, 0.0, 0.0, 0.0, 0.0, 0.0, 0.0, 0.0, 0.0, 0.0, 0.0, 0.0, 0.0, 0.0, 0.0, 0.0, 0.0, 0.0, 0.0, 0.0, 0.0, 0.0, 0.0, 0.0, 0.0, 0.0, 0.0, 0.0, 0.0, 0.0, 0.0, 0.0, 0.0, 0.0, 0.0, 0.0, 0.0, 0.0, 0.0, 0.0, 0.0, 0.0, 0.0, 0.0, 0.0, 0.0, 0.0, 0.0, 0.0, 0.0, 0.0, 0.0], [0.0, 3.974518419725369e-11, 0.0, 0.00844442020925726, 0.0, 0.007390137326853798, 0.00012538289649513586, 0.0, 1.1906388155073743e-10, 0.0033392829761374593, 0.0004882815593446808, 0.004734531743843258, 0.0021481127264241307, 0.0, 1.0, 0.0, 0.0, 0.01149367334557228, 0.00022073436619278182, 0.005181228670702804, 1.9290795535186924e-10, 0.005484425283902718, 0.00010488896379749106, 0.0, 0.00025985408026863983, 1.9465978973408473e-14, 0.0002217404069184209, 1.0878925553258611e-09, 0.0, 0.0004088199224098203, 0.0046322426662622745, 0.00024414062500066613, 0.0, 0.0, 0.0, 0.0, 0.0, 0.0, 0.004632242666262274, 0.007363342812162551, 3.4042471770172223e-10, 0.0010585510359370483, 0.00020483097081260598, 6.661338147750938e-16, 0.0020018062190596286, 2.916906797395649e-11, 0.00934199747547432, 0.011349146222087826, 7.062725772261895e-09, 0.0, 0.006948363999393413, 0.0046322514071114726, 0.0, 0.0029352061022171524, 9.313225746154785e-10, 0.005749078873631144, 0.0, 2.2204460492503126e-16, 0.0, 0.00012207031249999999, 0.0, 0.014609255534099424, 0.0, 0.0, 0.0016661512012540916, 7.45058059692383e-09, 0.001544080888767559, 0.0, 0.0, 0.01718060867475242, 8.107828908898065e-09, 0.0, 0.0, 0.0007324218750099404, 0.0, 0.014136725882370155, 7.450580596923828e-09, 1.5458505619223338e-10, 0.0, 0.0015440808887540913, 3.404246344349954e-10, 0.006637619486476981, 0.012440447123705426, 0.0], [0.0, 0.0, 0.0, 0.0, 0.0, 0.0, 0.0, 0.0, 0.0, 0.0, 0.0, 0.0, 0.0, 0.0, 0.0, 1.0, 0.0, 0.0, 0.0, 0.0, 0.0, 0.0, 0.0, 0.0, 0.0, 0.0, 0.0, 0.0, 0.0, 0.0, 0.0, 0.0, 0.0, 0.0, 0.0, 0.0, 0.0, 0.0, 0.0, 0.0, 0.0, 0.0, 0.0, 0.0, 0.0, 0.0, 0.0, 0.0, 0.0, 0.0, 0.0, 0.0, 0.0, 0.0, 0.0, 0.0, 0.0, 0.0, 0.0, 0.0, 0.0, 0.0, 0.0, 0.0, 0.0, 0.0, 0.0, 0.0, 0.0, 0.0, 0.0, 0.0, 0.0, 0.0, 0.0, 0.0, 0.0, 0.0, 0.0, 0.0, 0.0, 0.0, 0.0, 0.0], [0.0, 0.0, 0.0, 0.12882171956783894, 0.0, 0.05759073997284141, 0.032925074704902434, 0.0, 0.0, 0.13176156917368248, 0.03111586854868974, 0.0, 0.0, 0.0, 0.0, 0.0, 1.0, 0.13432837769920994, 0.0, 0.019435901561739237, 0.0, 0.0, 0.0, 0.0, 0.1841651314902984, 0.0, 0.0, 0.0, 0.0, 0.10195150810228791, 0.0, 0.0, 0.0, 0.15309310892394862, 0.0, 0.0, 0.0, 0.16585086800094437, 0.10206207261596577, 0.10326028059431042, 0.0, 0.0, 0.0, 0.0, 0.140028008402801, 0.0, 0.036929572008629306, 0.1296544630388245, 0.0, 0.0, 0.10206207261596574, 0.0, 0.0, 0.04664520563445703, 0.0, 0.04323763975224222, 0.0, 0.0, 0.0, 0.15309310892394865, 0.0, 0.13670795817097395, 0.0, 0.0, 0.15309310892394865, 0.0, 0.0, 0.0, 0.0, 0.11379175206244488, 0.0, 0.0, 0.0, 0.0, 0.0, 0.17362945143015635, 0.0, 0.0, 0.0, 0.07876575472657554, 0.15309310892394865, 0.10206207261596575, 0.2079583842821709, 0.0], [0.0, 4.0636755418275324e-11, 0.47309975711837576, 0.5907073431245331, 0.0, 0.6817029138895081, 0.7275865148592632, 4.4995831710701726e-06, 8.607578052369448e-11, 0.45755774288534085, 0.09126405130215305, 0.23480111484196461, 0.005265938009605384, 0.0, 0.01149367334557228, 0.0, 0.13432837769920994, 1.0, 0.0005323486121161596, 0.4274260343962928, 0.004477835031929602, 0.006796469224183176, 0.002856066756630333, 0.0, 0.22939123606233164, 4.635968927224516e-13, 0.00031263810996859425, 6.255076940185298e-09, 0.0, 0.24931709738872954, 0.011840891191741391, 0.027367664475220065, 1.087056134081004e-05, 0.015646547001086877, 0.0, 0.0, 6.450534620632697e-05, 0.26272389237732996, 0.07699374029479743, 0.4982637037040092, 0.0325295156361443, 0.2364091089142856, 0.0031197723537208016, 1.3003134450253125e-09, 0.4187139378310861, 0.0026027366199775285, 0.4797058329349476, 0.5377010987743598, 2.1419634627331727e-08, 0.0, 0.21077147603892435, 0.007077872633874321, 7.658721713217168e-18, 0.6107249389478443, 8.238961332751277e-10, 0.4896361188195477, 0.0, 2.224540185565126e-06, 0.0, 0.0767717879782905, 4.1394026124131365e-12, 0.4937113404151761, 0.0, 0.004641467375914644, 0.028305061040338895, 2.5211981545609647e-08, 0.004227050392429244, 9.644284662635383e-18, 0.01793822101359658, 0.3628106367798417, 2.0838469034357385e-08, 0.0, 9.294642594944149e-18, 0.003461180887529749, 0.0, 0.4092203417712751, 2.669012873241708e-07, 0.19032937089208624, 1.0543288928637183e-17, 0.41957954549536325, 0.375857764358337, 0.3765276787274666, 0.4292460640499285, 0.0], [0.0, 7.02823764795184e-11, 0.0, 0.0004973303466991538, 0.0, 0.0, 0.00017041098156642646, 1.4662806220087057e-06, 6.735749458599059e-11, 0.0001398641016534248, 1.988506721516966e-06, 0.00027606533248782523, 0.000512824014369333, 0.0, 0.00022073436619278182, 0.0, 0.0, 0.0005323486121161596, 1.0, 0.00014521149317505466, 2.2190979636692656e-10, 0.00014654420155023201, 0.00012773912208827743, 0.0, 9.703568466461272e-05, 0.0, 0.00021300498665886505, 4.1745308613402735e-09, 0.0, 0.0004352086395848491, 3.5762786865234375e-07, 0.0001227222704706462, 9.563838342285654e-06, 2.1684043449710086e-19, 0.0, 0.0, 5.74653247781345e-06, 0.0, 0.0, 0.0004978590427176438, 5.652602457380497e-10, 0.000529640997997185, 0.0002277866987455631, 5.6149522149339824e-11, 0.0005248622987559588, 1.337116983354818e-05, 0.00014256504855761492, 3.388929696411076e-13, 0.0, 0.0, 0.0, 4.5431089109602006e-13, 2.2964718905248424e-18, 0.0006788344991064284, 9.313225746154785e-10, 0.00020973218287487455, 0.0, 5.741278283804387e-06, 0.0, 0.0005321861593499799, 3.469446951953615e-18, 0.00032891634362280405, 0.0, 5.277230840140913e-18, 0.00012776643299585632, 1.449911745961284e-08, 0.0, 3.469446951953614e-18, 0.0, 0.00027974345707854563, 9.78128420987555e-15, 0.0, 2.975593402195169e-18, 0.0, 0.0, 0.00032175710289520244, 3.051755904756827e-07, 1.3516285666149076e-07, 5.654907458904967e-18, 0.0, 5.652602458464699e-10, 0.0006032289143947084, 0.000609268973479328, 0.0], [0.0, 4.2915197711886827e-11, 0.12717788890586637, 0.28654747045023127, 0.0, 0.2858298144901821, 0.5433733098401219, 3.43660057236041e-06, 9.530382949930046e-11, 0.23073530988270297, 0.07124975455600298, 0.19428305822095532, 0.007622927214584844, 0.0, 0.005181228670702804, 0.0, 0.019435901561739237, 0.4274260343962928, 0.00014521149317505466, 1.0, 0.006412378634474818, 0.0017574555213140115, 0.002077475318672164, 0.0, 0.21217071094670675, 2.9630876134361773e-13, 0.0004256318780785721, 3.020107406340685e-09, 0.0, 0.6593834585996894, 0.005709084144917301, 0.008384560942245052, 3.524869687825664e-05, 0.10203310901108884, 0.0, 0.0, 1.7877346830410852e-05, 0.2586183180119344, 0.14224562673492153, 0.3315446694196746, 0.3749597835374038, 0.02159092833159642, 0.003041486070126136, 6.019239160624929e-10, 0.2695340492487144, 0.0012355346510232288, 0.40130993953636995, 0.40150826840896886, 1.6970160536129276e-08, 0.0, 0.1072041525458993, 0.002491398536693385, 1.8147571020810956e-18, 0.560816003676745, 1.1508711602774746e-09, 0.39716392017210966, 0.0, 3.287776235746278e-06, 0.0, 0.4228927782023455, 4.849386095781925e-12, 0.3747018341072741, 0.0, 0.0030055074296042638, 0.09256482633252541, 2.5484802496452564e-08, 0.012872120396127541, 2.4496836872372353e-18, 0.033225700945528194, 0.8010095118324305, 1.891829220300407e-08, 0.0, 1.735700984514993e-18, 0.003133736406748845, 0.0, 0.4926084932043653, 1.0364948106595075e-07, 0.19940223833373114, 7.557760044612047e-18, 0.48115975268790256, 0.23679102122011164, 0.4149128767726076, 0.4093362922412435, 0.0], [0.0, 2.3451803969210072e-14, 0.0, 0.0020395969201059223, 0.0, 0.003947587129999308, 0.0, 0.0, 0.0, 0.000728450415950309, 5.840071457105584e-11, 0.0005333980753752339, 0.003029780369704555, 0.0, 1.9290795535186924e-10, 0.0, 0.0, 0.004477835031929602, 2.2190979636692656e-10, 0.006412378634474818, 1.0, 2.9265933128263214e-13, 0.0, 0.0, 0.0, 1.2409921293403404e-15, 5.820766091346741e-11, 5.827343546928971e-11, 0.0, 0.0009225735906742253, 0.0004028989243198409, 1.1102230246251565e-16, 0.0, 0.0, 0.0, 0.0, 0.0, 0.0, 0.0, 0.004927778506654679, 1.7462298274040222e-10, 0.007655079562246227, 0.00024414062499999997, 3.3306690738754696e-16, 0.006852303414412843, 7.657816834384338e-14, 0.007606599264740183, 0.00241739354614677, 0.0, 0.0, 0.0, 1.4071082381526045e-13, 0.0, 0.008365967990887669, 0.0, 0.0031274327062810136, 0.0, 2.259396933392541e-16, 0.0, 2.8421709430404014e-14, 3.469446951953614e-18, 0.004850963125819762, 0.0, 0.0005523123371842473, 0.0024173935459190473, 0.0, 0.0, 1.3877787807814457e-17, 0.0, 0.0008189886163466717, 0.0, 0.0, 0.0, 0.0, 0.0, 0.0039034065286063257, 0.0, 1.1693634242048517e-10, 9.155564457274707e-18, 0.007655079562076982, 1.7462298274040222e-10, 0.002417393597159305, 0.0032000866047915567, 0.0], [0.0, 1.7313986501423475e-12, 0.0, 0.006962935383703923, 0.0, 0.014704423212256536, 0.00048311016712402873, 0.0, 3.942945541797936e-12, 0.00453480606237711, 4.511537487889022e-12, 0.00668795726404797, 2.9834543296106745e-05, 0.0, 0.005484425283902718, 0.0, 0.0, 0.006796469224183176, 0.00014654420155023201, 0.0017574555213140115, 2.9265933128263214e-13, 1.0, 4.770812357340636e-05, 0.0, 4.2999938035877056e-12, 6.890743180021605e-13, 0.0001465442045334112, 2.2159231622133855e-12, 0.0, 0.012767897038240938, 0.015504465929374123, 0.0, 0.0, 0.0, 0.0, 0.0, 0.0, 0.0, 0.015504465929374123, 0.013211379345992237, 0.0, 0.00018637661497325034, 9.14164248970247e-05, 3.637978807091713e-12, 0.004523676901686007, 3.197103468954523e-13, 0.0072381645665738365, 0.002953785018082663, 0.0, 0.0, 0.014504177805807867, 0.015504465929584068, 1.517883041479706e-18, 0.0051709671667643405, 0.0, 0.015543429148013594, 0.0, 0.0, 0.0, 0.0001465442012141283, 6.2797752788064035e-12, 0.0005509628662012285, 0.0, 1.3321016338622783e-19, 0.004982798935418914, 0.0, 0.004501296560149752, 0.0, 0.0, 0.004647840764834151, 5.542329227807202e-14, 0.0, 0.0, 4.170084271574139e-15, 0.0, 0.007292419601492392, 0.0, 7.532612378001173e-12, 0.0, 0.004501296560140874, 1.332101633862278e-19, 0.014197176927488994, 0.0013418980569049343, 0.0], [0.0, 0.0, 0.0, 0.004071338593400859, 0.0, 0.0, 0.0038024203312416035, 0.0, 0.0, 0.0011451160248937419, 0.0, 0.0009956835641120574, 0.0009923364216710084, 0.0, 0.00010488896379749106, 0.0, 0.0, 0.002856066756630333, 0.00012773912208827743, 0.002077475318672164, 0.0, 4.770812357340636e-05, 1.0, 0.0, 0.0009765624999999999, 0.0, 0.00012769091244911954, 8.201293135080707e-19, 0.0, 0.0026080844882621066, 0.0, 0.0, 0.0, 2.168404344971009e-19, 0.0, 0.0, 0.0, 0.0, 0.0, 0.004216955969107034, 0.0, 0.00395600620626961, 0.004374125290633422, 0.0, 0.0011447852791325393, 0.002146678413084019, 0.000976562500000001, 0.0, 0.0, 0.0, 0.0, 0.0, 2.1684043449710086e-19, 0.0015144665255366649, 0.0, 0.002666495897363425, 0.0, 0.0, 0.0, 0.00012769091244911975, 0.0, 0.0020629440549121726, 0.0, 1.734723475976807e-18, 0.0016786779554439574, 0.0, 0.0, 0.0, 0.0, 0.0018283209617938933, 1.005281635014304e-18, 0.0, 1.3789183525620496e-18, 0.0009765624999999999, 0.0, 0.0007588950699649357, 2.2294808235435578e-07, 1.4901161193847653e-08, 0.0, 0.0, 0.0, 0.0034968945960830535, 0.0009316689726810803, 0.0], [0.0, 0.0, 0.0, 0.0, 0.0, 0.0, 0.0, 0.0, 0.0, 0.0, 0.0, 0.0, 0.0, 0.0, 0.0, 0.0, 0.0, 0.0, 0.0, 0.0, 0.0, 0.0, 0.0, 1.0, 0.0, 0.0, 0.0, 0.0, 0.0, 0.0, 0.0, 0.0, 0.0, 0.0, 0.0, 0.0, 0.0, 0.0, 0.0, 0.0, 0.0, 0.0, 0.0, 0.0, 0.0, 0.0, 0.0, 0.0, 0.0, 0.0, 0.0, 0.0, 0.0, 0.0, 0.0, 0.0, 0.0, 0.0, 0.0, 0.0, 0.0, 0.0, 0.0, 0.0, 0.0, 0.0, 0.0, 0.0, 0.0, 0.0, 0.0, 0.0, 0.0, 0.0, 0.0, 0.0, 0.0, 0.0, 0.0, 0.0, 0.0, 0.0, 0.0, 0.0], [0.0, 3.324079279315848e-13, 0.0, 0.302978763148784, 0.0, 0.21947591179984788, 0.1334636755956189, 3.5434528990481106e-06, 3.9919866907813414e-12, 0.15121194812406585, 0.06323904872473099, 0.0011169330940161695, 0.001986307936058749, 0.0, 0.00025985408026863983, 0.0, 0.1841651314902984, 0.22939123606233164, 9.703568466461272e-05, 0.21217071094670675, 0.0, 4.2999938035877056e-12, 0.0009765624999999999, 0.0, 1.0, 1.7096769871769207e-12, 0.00010010314349127367, 1.4380514803302811e-12, 0.0, 0.0930148503177094, 0.0, 0.046938885931784136, 2.2807492178068117e-05, 0.125, 0.0, 0.0, 6.484985351562499e-05, 0.16661456248331663, 0.06249999999999999, 0.17627279405580215, 0.0, 0.0016057074537280717, 0.0009765624999999999, 3.355420573701039e-12, 0.1283835923254732, 0.002162792737348175, 0.1564647296750289, 0.15932184819104733, 0.0, 0.0, 0.11718750000095868, 0.0, 0.0, 0.13723898959568753, 0.0, 0.2755661229006816, 0.0, 1.52587890625e-05, 0.0, 0.06258054050738926, 2.015859615852944e-12, 0.19601261685628246, 0.0, 0.0, 0.0953219544497957, 0.0, 0.0, 0.0, 0.0936934713020099, 0.17176242856833282, 0.0, 0.0, 0.0, 0.005754101237465883, 0.0, 0.19243785959783838, 0.0, 2.1583122462952454e-12, 0.0, 0.021437323142813595, 0.24999999999999997, 0.11086084779689485, 0.14469230663984592, 0.0], [0.0, 2.7847474288855413e-13, 0.0, 7.869955025386325e-13, 0.0, 0.0, 0.0, 0.0, 1.810085828775602e-12, 8.906695213183065e-13, 5.824287147146657e-13, 1.4104672947514922e-12, 0.0, 0.0, 1.9465978973408473e-14, 0.0, 0.0, 4.635968927224516e-13, 0.0, 2.9630876134361773e-13, 1.2409921293403404e-15, 6.890743180021605e-13, 0.0, 0.0, 1.7096769871769207e-12, 1.0, 0.0, 1.8750596008498603e-14, 0.0, 1.7488953632882392e-12, 0.0, 4.440892098500626e-16, 0.0, 0.0, 0.0, 0.0, 0.0, 0.0, 0.0, 5.911826738790697e-13, 0.0, 7.101126861271339e-15, 0.0, 8.982326930250346e-16, 8.552390785310975e-13, 0.0, 1.3924508606718488e-14, 7.74210236187822e-15, 0.0, 0.0, 0.0, 0.0, 0.0, 5.844229857620693e-13, 0.0, 6.875498405966413e-13, 0.0, 3.5988728855375144e-16, 0.0, 0.0, 8.337034766251842e-13, 1.2063847394010207e-12, 0.0, 0.0, 0.0, 0.0, 2.1049936663438214e-14, 0.0, 0.0, 1.1623159591900821e-12, 0.0, 0.0, 0.0, 1.6519874112578557e-14, 0.0, 1.5685747644198185e-12, 0.0, 1.0257005567668805e-14, 0.0, 0.0, 0.0, 2.576855960022209e-14, 1.4067394804513563e-12, 0.0], [0.0, 1.55127216312895e-11, 0.0, 0.0005101737817539396, 0.0, 0.0, 0.0002019234635209869, 9.059906005859373e-06, 2.4741946928348106e-11, 0.0004291164574233619, 4.4159590559596764e-06, 0.0004199855236822212, 0.0004281002418272167, 0.0, 0.0002217404069184209, 0.0, 0.0, 0.00031263810996859425, 0.00021300498665886505, 0.0004256318780785721, 5.820766091346741e-11, 0.0001465442045334112, 0.00012769091244911954, 0.0, 0.00010010314349127367, 0.0, 1.0, 2.795078271657047e-10, 0.0, 0.0003334317169717509, 0.0, 0.00019900010688970007, 1.9073486328124996e-06, 0.0, 0.0, 0.0, 1.9073486328124997e-05, 0.0, 0.0, 0.000549110011340333, 5.8207660913467394e-11, 0.00038103215926603624, 0.00030259367099854734, 9.094947017729284e-13, 0.0002451585181628893, 3.814717871055909e-06, 0.00017478479724972873, 0.0, 0.0, 0.0, 4.54747350886464e-12, 0.0, 0.0, 0.0004568594640540204, 0.0, 0.00022429443695800712, 0.0, 3.814697265624999e-06, 0.0, 0.00019718511696069967, 7.223315870182732e-12, 0.0006941427412228925, 0.0, 0.0, 0.000125885009765625, 0.0, 0.0, 0.0, 0.0, 0.000852652288503771, 0.0, 0.0, 0.0, 0.0, 0.0, 0.0007588407235064841, 0.0, 6.438162975114994e-11, 0.0, 0.0, 5.82076609134674e-11, 0.0002913640437489732, 0.00031187414975510704, 0.0], [0.0, 1.0686909306400734e-10, 0.0, 2.5047850876995704e-09, 0.0, 0.0, 0.0, 0.0, 9.310088463238914e-11, 5.772552183311443e-09, 7.347202908123842e-11, 8.500193949020803e-09, 1.6285279062602014e-17, 0.0, 1.0878925553258611e-09, 0.0, 0.0, 6.255076940185298e-09, 4.1745308613402735e-09, 3.020107406340685e-09, 5.827343546928971e-11, 2.2159231622133855e-12, 8.201293135080707e-19, 0.0, 1.4380514803302811e-12, 1.8750596008498603e-14, 2.795078271657047e-10, 1.0, 0.0, 6.2207079530310465e-09, 0.0, 0.0, 0.0, 1.0690969489704239e-17, 0.0, 0.0, 0.0, 0.0, 0.0, 4.927064964728603e-09, 5.8207660913467394e-11, 4.931207366535591e-12, 0.0, 6.185542383445111e-10, 1.2573231185019826e-08, 4.91190113896745e-10, 1.2261765301342275e-13, 3.085608671804605e-13, 0.0, 0.0, 5.3927173733545675e-12, 4.4798110812506533e-13, 5.002410789795636e-18, 6.3999721494130885e-09, 9.313225746154785e-10, 3.869772222698873e-09, 0.0, 3.88506758873371e-18, 0.0, 1.4218651727472688e-14, 4.7251521460267736e-12, 5.470579070583162e-09, 0.0, 1.4607414994617567e-17, 0.0, 0.0, 2.8130991837135527e-14, 4.247003250129094e-18, 0.0, 5.687930541818682e-09, 5.542402994175856e-14, 0.0, 4.286266422368753e-18, 2.8149473448918242e-14, 0.0, 2.262668558113785e-09, 0.0, 1.980668527222922e-09, 7.117596105440845e-18, 0.0, 5.820766117208124e-11, 2.887916883824168e-09, 7.566713047473431e-09, 0.0], [0.0, 0.0, 0.0, 0.0, 0.0, 0.0, 0.0, 0.0, 0.0, 0.0, 0.0, 0.0, 0.0, 0.0, 0.0, 0.0, 0.0, 0.0, 0.0, 0.0, 0.0, 0.0, 0.0, 0.0, 0.0, 0.0, 0.0, 0.0, 1.0, 0.0, 0.0, 0.0, 0.0, 0.0, 0.0, 0.0, 0.0, 0.0, 0.0, 0.0, 0.0, 0.0, 0.0, 0.0, 0.0, 0.0, 0.0, 0.0, 0.0, 0.0, 0.0, 0.0, 0.0, 0.0, 0.0, 0.0, 0.0, 0.0, 0.0, 0.0, 0.0, 0.0, 0.0, 0.0, 0.0, 0.0, 0.0, 0.0, 0.0, 0.0, 0.0, 0.0, 0.0, 0.0, 0.0, 0.0, 0.0, 0.0, 0.0, 0.0, 0.0, 0.0, 0.0, 0.0], [0.0, 5.541395214633121e-11, 0.20370021093167762, 0.26467073717823586, 0.0, 0.35138089763455416, 0.4312672150536986, 4.734334994296618e-06, 6.047341292419926e-11, 0.33963581171898816, 0.034578377547572904, 0.11668104873137462, 0.005839523957809074, 0.0, 0.0004088199224098203, 0.0, 0.10195150810228791, 0.24931709738872954, 0.0004352086395848491, 0.6593834585996894, 0.0009225735906742253, 0.012767897038240938, 0.0026080844882621066, 0.0, 0.0930148503177094, 1.7488953632882392e-12, 0.0003334317169717509, 6.2207079530310465e-09, 0.0, 1.0, 0.019753164308602886, 0.02685618043957325, 1.730064243515176e-05, 0.06893565722898438, 0.0, 0.0, 2.0987496598153506e-05, 0.16688209093130618, 0.08128830433901715, 0.5616839626273753, 0.4967762399782771, 0.1299809709207185, 0.0028803089117416525, 1.1332191825930874e-10, 0.3797179531286563, 0.00022828225976034166, 0.38696187505294094, 0.6215499867616348, 7.062725772261895e-09, 0.0, 0.06828157657533646, 0.012352655850893604, 5.408648708450405e-18, 0.19258726687698263, 1.0386607105001298e-09, 0.3462598644386783, 0.0, 5.7220458986770485e-06, 0.0, 0.5691521021908384, 4.2979783901944024e-12, 0.16121815820430285, 0.0, 0.0073437648103276175, 0.10046247975819016, 1.541558629013373e-08, 3.501546094857838e-14, 5.43537455569594e-18, 0.02670957345286801, 0.8505207023050019, 8.10783162878619e-09, 0.0, 5.261208345523925e-18, 0.0032343316725693084, 0.0, 0.560341598760445, 3.6142106698783896e-07, 0.10571911226871551, 4.065262679948257e-18, 0.3731996728818413, 0.19003341956102665, 0.2425327055990011, 0.42340160664548, 0.0], [0.0, 0.0, 0.0, 0.009660865862131983, 0.0, 0.017171962723947914, 1.430511474609375e-06, 2.3841857910156247e-07, 0.0, 0.003996272875485468, 0.0, 0.013489686427859032, 0.002250648280070437, 0.0, 0.0046322426662622745, 0.0, 0.0, 0.011840891191741391, 3.5762786865234375e-07, 0.005709084144917301, 0.0004028989243198409, 0.015504465929374123, 0.0, 0.0, 0.0, 0.0, 0.0, 0.0, 0.0, 0.019753164308602886, 1.0, 0.0, 9.5367431640625e-07, 0.0, 0.0, 0.0, 0.0, 0.0, 0.015625, 0.015438172409965256, 0.0, 0.001953481325346897, 0.0, 0.0, 0.0065538072767083785, 0.0, 0.00927415108109953, 0.004572403429647872, 0.0, 0.0, 0.013671875, 0.015625, 0.0, 0.006363483090932191, 0.0, 0.01717124991549762, 0.0, 0.0, 0.0, 0.0, 0.0, 0.0025004868938637266, 0.0, 0.00779947988095782, 0.005860447883605957, 0.0, 0.003906249999999999, 0.0, 0.0, 0.006350205350889301, 0.0, 0.0, 0.0, 0.0, 0.0, 0.008281014832029115, 2.0605300415683933e-07, 4.768371582031249e-07, 0.0, 0.005859375, 0.0, 0.016482359572975926, 0.006819712520922188, 0.0], [0.0, 0.0, 0.0, 0.055126334713345236, 0.0, 0.10568304885314517, 0.038091730788643134, 0.0, 0.0, 0.1184956033951074, 0.031249999999999993, 0.0001800250735345817, 0.00014119469755212373, 0.0, 0.00024414062500066613, 0.0, 0.0, 0.027367664475220065, 0.0001227222704706462, 0.008384560942245052, 1.1102230246251565e-16, 0.0, 0.0, 0.0, 0.046938885931784136, 4.440892098500626e-16, 0.00019900010688970007, 0.0, 0.0, 0.02685618043957325, 0.0, 1.0, 2.8328472275192133e-05, 0.015624999999999998, 0.0, 0.0, 3.814697265625e-06, 0.08506808170895255, 0.0, 0.08804604499865844, 5.551115123125784e-17, 0.00012431117766878138, 8.099228548547814e-05, 4.440892098500626e-16, 0.026420552217866492, 1.455997985276684e-05, 0.03925963703528517, 0.10395845425606356, 0.0, 0.0, 0.015625, 0.0, 0.0, 0.10356190379979227, 0.0, 0.057023024153949504, 0.0, 3.8146972656249996e-06, 0.0, 3.4332275390625e-05, 0.0, 0.021415193093539998, 0.0, 0.0, 0.12500381469726562, 0.0, 0.0, 0.0, 0.1414686078159147, 0.03299914752487476, 0.0, 0.0, 0.0, 0.0, 0.0, 0.03225083526032801, 0.0, 5.551115123125783e-17, 0.0, 0.0, 0.0, 0.04693984985351579, 0.03401499536304215, 0.0], [0.0, 0.0, 0.0, 3.6175830162394704e-05, 0.0, 0.0, 9.536743164062502e-07, 2.9240533012146792e-06, 0.0, 3.787192665199152e-05, 1.8605732919883947e-06, 1.2759146526893006e-05, 0.0, 0.0, 0.0, 0.0, 0.0, 1.087056134081004e-05, 9.563838342285654e-06, 3.524869687825664e-05, 0.0, 0.0, 0.0, 0.0, 2.2807492178068117e-05, 0.0, 1.9073486328124996e-06, 0.0, 0.0, 1.730064243515176e-05, 9.5367431640625e-07, 2.8328472275192133e-05, 1.0, 0.0, 0.0, 0.0, 0.0, 0.0, 0.0, 2.9321668113061114e-06, 0.0, 3.0873903471896364e-05, 0.0, 0.0, 4.049145229012258e-06, 7.629394531249999e-06, 1.9073486328124996e-06, 0.0, 0.0, 0.0, 0.0, 0.0, 0.0, 3.194853200863395e-05, 0.0, 3.683946951227509e-05, 0.0, 0.0, 0.0, 1.9073486328124996e-06, 0.0, 3.525926932389566e-05, 0.0, 0.0, 1.4305114746093752e-06, 0.0, 0.0, 0.0, 0.0, 3.361633644380301e-05, 0.0, 0.0, 0.0, 0.0, 0.0, 2.9202128553313478e-05, 0.0, 0.0, 0.0, 0.0, 0.0, 2.86102294921875e-06, 3.126443035764667e-05, 0.0], [0.0, 0.0, 0.0, 0.109375, 0.0, 0.08344052537062321, 0.09743292220395176, 0.0, 0.0, 0.2576864591379636, 0.0, 1.0340133692380208e-17, 0.0, 0.0, 0.0, 0.0, 0.15309310892394862, 0.015646547001086877, 2.1684043449710086e-19, 0.10203310901108884, 0.0, 0.0, 2.168404344971009e-19, 0.0, 0.125, 0.0, 0.0, 1.0690969489704239e-17, 0.0, 0.06893565722898438, 0.0, 0.015624999999999998, 0.0, 1.0, 0.0, 0.0, 0.0, 0.10156250000000001, 0.06249999999999999, 0.037936866555448076, 0.0, 2.1684043449710086e-19, 0.0, 0.0, 0.08574929257125442, 2.1410171834806695e-19, 0.1328125, 0.07751805878943811, 0.0, 0.0, 0.11718749999999997, 0.0, 2.168404344971009e-19, 0.06378879538497861, 0.0, 0.20969037253288525, 0.0, 0.0, 0.0, 0.25, 7.330420909179835e-18, 0.25267395895028066, 0.0, 2.794495430835126e-17, 0.25, 0.0, 0.0, 0.0, 0.06244347130200993, 0.1075517043449899, 0.0, 0.0, 0.0, 0.0, 0.0, 0.050251890762960605, 0.0, 9.670628062764721e-18, 0.0, 0.0750306309998476, 0.06249999999999999, 0.07812499999999999, 0.2632368626270917, 0.0], [0.0, 0.0, 0.0, 0.0, 0.0, 0.0, 0.0, 0.0, 0.0, 0.0, 0.0, 0.0, 0.0, 0.0, 0.0, 0.0, 0.0, 0.0, 0.0, 0.0, 0.0, 0.0, 0.0, 0.0, 0.0, 0.0, 0.0, 0.0, 0.0, 0.0, 0.0, 0.0, 0.0, 0.0, 1.0, 0.0, 0.0, 0.0, 0.0, 0.0, 0.0, 0.0, 0.0, 0.0, 0.0, 0.0, 0.0, 0.0, 0.0, 0.0, 0.0, 0.0, 0.0, 0.0, 0.0, 0.0, 0.0, 0.0, 0.0, 0.0, 0.0, 0.0, 0.0, 0.0, 0.0, 0.0, 0.0, 0.0, 0.0, 0.0, 0.0, 0.0, 0.0, 0.0, 0.0, 0.0, 0.0, 0.0, 0.0, 0.0, 0.0, 0.0, 0.0, 0.0], [0.0, 0.0, 0.0, 0.0, 0.0, 0.0, 0.0, 0.0, 0.0, 0.0, 0.0, 0.0, 0.0, 0.0, 0.0, 0.0, 0.0, 0.0, 0.0, 0.0, 0.0, 0.0, 0.0, 0.0, 0.0, 0.0, 0.0, 0.0, 0.0, 0.0, 0.0, 0.0, 0.0, 0.0, 0.0, 1.0, 0.0, 0.0, 0.0, 0.0, 0.0, 0.0, 0.0, 0.0, 0.0, 0.0, 0.0, 0.0, 0.0, 0.0, 0.0, 0.0, 0.0, 0.0, 0.0, 0.0, 0.0, 0.0, 0.0, 0.0, 0.0, 0.0, 0.0, 0.0, 0.0, 0.0, 0.0, 0.0, 0.0, 0.0, 0.0, 0.0, 0.0, 0.0, 0.0, 0.0, 0.0, 0.0, 0.0, 0.0, 0.0, 0.0, 0.0, 0.0], [0.0, 0.0, 0.0, 4.6574723008427886e-05, 0.0, 0.0, 5.752053253222019e-09, 0.0, 0.0, 1.2037514299793176e-05, 0.0, 3.0508691696007722e-05, 0.0, 0.0, 0.0, 0.0, 0.0, 6.450534620632697e-05, 5.74653247781345e-06, 1.7877346830410852e-05, 0.0, 0.0, 0.0, 0.0, 6.484985351562499e-05, 0.0, 1.9073486328124997e-05, 0.0, 0.0, 2.0987496598153506e-05, 0.0, 3.814697265625e-06, 0.0, 0.0, 0.0, 0.0, 1.0, 0.0, 0.0, 2.4309734065918288e-05, 0.0, 3.817573292251611e-06, 0.0, 0.0, 4.793377711018348e-09, 1.5258789062499998e-05, 3.8146972656249996e-06, 0.0, 0.0, 0.0, 0.0, 0.0, 0.0, 7.052755471073294e-05, 0.0, 4.319090058333658e-05, 0.0, 3.814697265624999e-06, 0.0, 3.8146972656249996e-06, 0.0, 2.4139604892967245e-05, 0.0, 0.0, 3.8146972656249996e-06, 5.752053253222019e-09, 0.0, 0.0, 0.0, 3.811445536611554e-05, 0.0, 0.0, 0.0, 0.0, 0.0, 1.0716942119676008e-05, 9.354516853088842