"{\"names\": [\"172.217.10.1\", \"104.88.86.240\", \"38.93.140.48\", \"192.168.10.15\", \"104.88.108.223\", \"195.142.105.15\", \"172.217.12.163\", \"206.217.206.48\", \"172.217.6.228\", \"178.255.83.1\", \"74.119.118.82\", \"192.168.10.9\", \"172.217.7.6\", \"35.186.227.40\", \"31.13.71.36\", \"206.126.112.142\", \"151.101.2.49\", \"192.168.10.25\", \"172.217.3.98\", \"192.168.10.16\", \"72.30.202.150\", \"172.217.12.132\", \"50.31.164.173\", \"162.208.20.178\", \"23.15.4.16\", \"216.58.217.99\", \"172.217.6.198\", \"172.217.12.174\", \"169.46.44.40\", \"192.168.10.17\", \"52.84.143.130\", \"104.19.195.102\", \"216.200.232.61\", \"104.97.73.166\", \"152.163.13.79\", \"192.229.163.25\", \"74.119.118.86\", \"54.225.188.92\", \"188.165.145.88\", \"192.168.10.14\", \"8.43.72.98\", \"199.96.57.6\", \"68.67.178.110\", \"104.88.70.158\", \"192.168.10.19\", \"69.172.216.56\", \"157.240.18.35\", \"172.217.11.34\", \"185.54.150.20\", \"69.169.85.7\", \"198.232.124.194\", \"74.119.118.72\", \"172.217.12.134\", \"192.168.10.5\", \"23.111.9.30\", \"192.168.10.8\", \"151.101.66.2\", \"68.67.178.199\", \"213.239.195.215\", \"138.108.7.20\", \"52.84.145.87\", \"192.168.10.50\", \"52.84.145.198\", \"52.40.24.51\", \"212.77.100.137\", \"185.54.150.115\", \"172.217.10.138\", \"152.163.66.165\", \"52.84.137.78\", \"192.168.10.51\", \"68.67.178.109\", \"129.146.14.96\", \"54.152.24.232\", \"172.217.10.33\", \"52.8.229.108\", \"192.168.10.12\", \"64.147.131.201\", \"172.217.12.206\", \"68.67.180.12\", \"172.217.10.134\", \"38.69.238.16\", \"172.217.10.142\", \"192.168.10.3\", \"172.217.6.202\"], \"funcEdges\": [[1.0, 0.0, 0.0, 0.0, 0.0, 0.0, 0.0, 0.0, 0.0, 0.0, 0.0, 0.0, 0.0, 0.0, 0.0, 0.0, 0.0, 0.0, 0.0, 0.0, 0.0, 0.0, 0.0, 0.0, 0.0, 0.0, 0.0, 0.0, 0.0, 0.0, 0.0, 0.0, 0.0, 0.0, 0.0, 0.0, 0.0, 0.0, 0.0, 0.0, 0.0, 0.0, 0.0, 0.0, 0.0, 0.0, 0.0, 0.0, 0.0, 0.0, 0.0, 0.0, 0.0, 0.0, 0.0, 0.0, 0.0, 0.0, 0.0, 0.0, 0.0, 0.0, 0.0, 0.0, 0.0, 0.0, 0.0, 0.0, 0.0, 0.0, 0.0, 0.0, 0.0, 0.0, 0.0, 0.0, 0.0, 0.0, 0.0, 0.0, 0.0, 0.0, 0.0, 0.0], [0.0, 1.0, 0.0, 1.2313394978878617e-08, 0.0, 0.0, 0.0, 0.0, 7.951549245995567e-09, 1.3755620115831078e-08, 1.9467926339053657e-09, 7.023255527230175e-09, 0.0, 0.0, 5.087383577248473e-09, 0.0, 0.0, 5.2015046935392414e-09, 8.996144189378355e-09, 5.493145307121514e-09, 3.001830908058889e-12, 2.2161902721822048e-10, 0.0, 0.0, 4.2548214775242854e-11, 3.564476708973493e-11, 1.985628368805056e-09, 1.367924391219294e-08, 0.0, 7.092985874730395e-09, 0.0, 0.0, 0.0, 0.0, 0.0, 0.0, 0.0, 0.0, 0.0, 7.017254042433813e-09, 0.0, 5.1742543649664e-10, 0.0, 0.0, 1.1401803233488533e-08, 7.366111435097571e-09, 1.801098544835334e-11, 5.502230216471886e-11, 0.0, 0.0, 4.656612873077393e-10, 1.4551915228366852e-11, 0.0, 1.3527232792528386e-08, 0.0, 9.024842796622244e-09, 0.0, 0.0, 0.0, 0.0, 9.505271223929313e-11, 9.791459895637627e-09, 0.0, 0.0, 0.0, 0.0, 0.0, 0.0, 0.0, 8.895502357651101e-09, 0.0, 0.0, 0.0, 0.0, 0.0, 5.077077901898417e-09, 0.0, 8.030731416696857e-09, 0.0, 0.0, 0.0, 1.712756025627819e-10, 1.6051879173514e-08, 0.0], [0.0, 0.0, 1.0, 0.0, 0.0, 0.0, 0.0, 0.0, 0.0, 0.0, 0.0, 0.0, 0.0, 0.0, 0.0, 0.0, 0.0, 0.0, 0.0, 0.0, 0.0, 0.0, 0.0, 0.0, 0.0, 0.0, 0.0, 0.0, 0.0, 0.0, 0.0, 0.0, 0.0, 0.0, 0.0, 0.0, 0.0, 0.0, 0.0, 0.0, 0.0, 0.0, 0.0, 0.0, 0.0, 0.0, 0.0, 0.0, 0.0, 0.0, 0.0, 0.0, 0.0, 0.0, 0.0, 0.0, 0.0, 0.0, 0.0, 0.0, 0.0, 0.0, 0.0, 0.0, 0.0, 0.0, 0.0, 0.0, 0.0, 0.0, 0.0, 0.0, 0.0, 0.0, 0.0, 0.0, 0.0, 0.0, 0.0, 0.0, 0.0, 0.0, 0.0, 0.0], [0.0, 1.2313394978878617e-08, 0.0, 1.0, 0.0, 0.0, 0.5124881277376205, 0.000872243920388502, 1.9040962340189594e-08, 0.18012160547448738, 0.0006088084427085662, 0.14685984994730575, 0.19473404038119274, 0.0, 0.02313822684060022, 0.0, 0.0, 0.4307437410204641, 0.06365828437749169, 0.39402417840874354, 0.029844993831290266, 0.01782729159363272, 0.5211313399553099, 0.0, 0.17673423027584817, 1.0073542432494495e-10, 0.06530224406450427, 3.20612491225545e-07, 0.0, 0.36186112144180443, 8.488711417203613e-05, 0.009024698155831958, 0.004630506260786522, 1.1839991141440923e-15, 0.0, 0.0, 0.005961564545078769, 0.0, 0.0, 0.5993571001950946, 1.8932535086383863e-08, 0.4950534022682452, 0.5933775279371193, 6.435968330938976e-08, 0.2757455589793949, 0.17365905841305893, 0.19953083987760115, 4.579981614039727e-11, 3.8044549493250753e-06, 0.0, 2.910290307965519e-10, 3.776088480970113e-06, 8.589626942653916e-16, 0.17974136602965957, 1.9390093846555024e-07, 0.3700170505834288, 0.0, 0.00042581192746177676, 0.0, 0.04021893705603842, 1.2076631284632697e-09, 0.20847053715001723, 0.0, 1.593100434690014e-15, 0.1513278411935119, 4.291534423828124e-06, 3.6034985294526604e-12, 2.6270391645892695e-16, 0.0, 0.36071152005506285, 3.8052771196181705e-06, 0.0, 1.2385554242287033e-15, 0.16587220067787697, 0.0, 0.18352257756389173, 5.437382052349907e-05, 1.9252467920230928e-05, 2.5827052496196434e-16, 0.0, 1.8932502780705637e-08, 0.44102454651576173, 0.31357761897640657, 0.0], [0.0, 0.0, 0.0, 0.0, 1.0, 0.0, 0.0, 0.0, 0.0, 0.0, 0.0, 0.0, 0.0, 0.0, 0.0, 0.0, 0.0, 0.0, 0.0, 0.0, 0.0, 0.0, 0.0, 0.0, 0.0, 0.0, 0.0, 0.0, 0.0, 0.0, 0.0, 0.0, 0.0, 0.0, 0.0, 0.0, 0.0, 0.0, 0.0, 0.0, 0.0, 0.0, 0.0, 0.0, 0.0, 0.0, 0.0, 0.0, 0.0, 0.0, 0.0, 0.0, 0.0, 0.0, 0.0, 0.0, 0.0, 0.0, 0.0, 0.0, 0.0, 0.0, 0.0, 0.0, 0.0, 0.0, 0.0, 0.0, 0.0, 0.0, 0.0, 0.0, 0.0, 0.0, 0.0, 0.0, 0.0, 0.0, 0.0, 0.0, 0.0, 0.0, 0.0, 0.0], [0.0, 0.0, 0.0, 0.0, 0.0, 1.0, 0.0, 0.0, 0.0, 0.0, 0.0, 0.0, 0.0, 0.0, 0.0, 0.0, 0.0, 0.0, 0.0, 0.0, 0.0, 0.0, 0.0, 0.0, 0.0, 0.0, 0.0, 0.0, 0.0, 0.0, 0.0, 0.0, 0.0, 0.0, 0.0, 0.0, 0.0, 0.0, 0.0, 0.0, 0.0, 0.0, 0.0, 0.0, 0.0, 0.0, 0.0, 0.0, 0.0, 0.0, 0.0, 0.0, 0.0, 0.0, 0.0, 0.0, 0.0, 0.0, 0.0, 0.0, 0.0, 0.0, 0.0, 0.0, 0.0, 0.0, 0.0, 0.0, 0.0, 0.0, 0.0, 0.0, 0.0, 0.0, 0.0, 0.0, 0.0, 0.0, 0.0, 0.0, 0.0, 0.0, 0.0, 0.0], [0.0, 0.0, 0.0, 0.5124881277376205, 0.0, 0.0, 1.0, 3.0517578125e-05, 0.0, 0.10275511161341686, 0.0, 0.0793539849657042, 0.07703909057964074, 0.0, 0.01604901075137739, 0.0, 0.0, 0.3882439794794526, 0.021812605640502587, 0.3896835978092336, 0.0, 0.06183810139187568, 0.48670980239892525, 0.0, 0.18662742633863155, 0.0, 0.025846203330686324, 0.0, 0.0, 0.31906530805176864, 0.00018310546875, 0.006176323555016365, 0.00012207031250000003, 0.0, 0.0, 0.0, 7.362628164124184e-07, 0.0, 0.0, 0.4994820661054093, 0.0, 0.4857834467828838, 0.4743170052938994, 0.0, 0.18373390744060214, 0.15192052363381126, 0.18385123225254157, 0.0, 3.7984732449355175e-06, 0.0, 0.0, 3.754036871452607e-06, 0.0, 0.06805991110588078, 0.0, 0.2947159315310687, 0.0, 0.0, 0.0, 0.028400965993343224, 0.0, 0.08608297873803321, 0.0, 0.0, 0.1915702064718567, 5.712623000721992e-06, 0.0, 0.0, 0.0, 0.3253582078311605, 3.7896005730879936e-06, 0.0, 0.0, 0.17149858514250882, 0.0, 0.04684953954406189, 5.141757176747768e-05, 6.866455078125e-05, 0.0, 0.0, 0.0, 0.39500159541594854, 0.23034431896526725, 0.0], [0.0, 0.0, 0.0, 0.000872243920388502, 0.0, 0.0, 3.0517578125e-05, 1.0, 0.0, 0.0005781010727733125, 0.0006074914976700464, 0.0007200058993618709, 0.0, 0.0, 0.0, 0.0, 0.0, 0.0005759466458969821, 0.00018768391961711432, 0.0004398848732621325, 0.0, 0.0, 0.0, 0.0, 0.00045356197107815816, 0.0, 0.0011596679687499998, 0.0, 0.0, 0.0006059948792699671, 3.0517578124999997e-05, 0.0, 0.00037427882255547894, 0.0, 0.0, 0.0, 0.0, 0.0, 0.0, 0.0015455160213658573, 0.0, 2.0904420351253505e-05, 0.0, 0.0, 0.0005765360035983765, 0.0, 0.0011596679687499998, 0.0, 0.0, 0.0, 0.0, 0.0, 0.0, 0.0006637047396589557, 0.0, 0.00030469389761383805, 0.0, 0.0, 0.0, 0.0011596679687499998, 0.0, 0.0008953234914132809, 0.0, 0.0, 0.00022125461776628295, 0.0, 0.0, 0.0, 0.0, 0.0005562618974624986, 0.0, 0.0, 0.0, 0.0, 0.0, 0.0011827140069487093, 0.0, 0.0, 0.0, 0.0, 0.0, 0.0004577636718749999, 0.00038878146953812744, 0.0], [0.0, 7.951549245995567e-09, 0.0, 1.9040962340189594e-08, 0.0, 0.0, 0.0, 0.0, 1.0, 1.048413481105864e-08, 2.1277960409919374e-09, 1.4606971644374425e-08, 0.0, 0.0, 1.524017683849439e-08, 0.0, 0.0, 1.1017699907032893e-08, 8.621759307006796e-09, 1.219889017591046e-08, 0.0, 5.046970293501358e-10, 0.0, 0.0, 5.109742964200117e-10, 2.3169098608327705e-10, 3.1669692068285576e-09, 1.191691323294581e-08, 0.0, 7.740596854297505e-09, 0.0, 0.0, 0.0, 0.0, 0.0, 0.0, 0.0, 0.0, 0.0, 1.4747170618712415e-08, 0.0, 4.656612873077393e-10, 0.0, 2.0096847006880074e-10, 1.2642272495701014e-08, 2.9754695924118724e-09, 0.0, 0.0, 0.0, 0.0, 5.594465733398462e-10, 0.0, 0.0, 3.6483347933402393e-09, 0.0, 1.601427071562429e-08, 0.0, 0.0, 0.0, 0.0, 3.232726416637941e-10, 9.829111033569893e-09, 0.0, 0.0, 0.0, 0.0, 0.0, 0.0, 0.0, 1.2622271439084272e-08, 0.0, 0.0, 0.0, 0.0, 0.0, 1.9513170179368046e-08, 0.0, 5.65388571563879e-09, 0.0, 0.0, 0.0, 0.0, 9.157788297040449e-09, 0.0], [0.0, 1.3755620115831078e-08, 0.0, 0.18012160547448738, 0.0, 0.0, 0.10275511161341686, 0.0005781010727733125, 1.048413481105864e-08, 1.0, 0.10135438168350745, 0.32261119220409795, 0.6803399440307681, 0.0, 0.2297858671850711, 0.0, 0.0, 0.32999439066925973, 0.017902605011638373, 0.5602433866533476, 0.048564330512139146, 0.00428921628623828, 0.14657485118639896, 0.0, 0.3074625447673147, 1.1400569872874324e-10, 0.05492690655019032, 7.388866794638647e-07, 0.0, 0.6010696582599943, 0.00012390924745115392, 0.03345620344889411, 0.0048476066114549144, 5.607714202331672e-16, 0.0, 0.0, 0.0015408018303735265, 0.0, 0.0, 0.25255187931059697, 4.9498272319244393e-08, 0.43130361321453325, 0.2570197873570494, 1.1644812781279636e-10, 0.4501029346653905, 0.34002631639653635, 0.47698999738042336, 9.267100358970844e-11, 1.4951421973147949e-06, 0.0, 1.975762778623347e-09, 1.808542646877449e-06, 4.553100839594403e-16, 0.5156087334096848, 5.010740181317313e-09, 0.4497855344349518, 0.0, 0.000541526352796962, 0.0, 0.017308802684810005, 9.215481828970532e-10, 0.5111244600950691, 0.0, 1.5816319325555102e-15, 0.5003618356432246, 2.2182680067328197e-06, 2.0780443332670292e-12, 4.053961296325412e-16, 0.0, 0.5184599334628647, 1.6775540891304215e-06, 0.0, 3.6999873166550875e-16, 0.28040582382608054, 0.0, 0.6690196334250533, 4.5619913720511645e-05, 1.5773215220589027e-05, 8.180858897473846e-16, 0.0, 4.9498259497416165e-08, 0.07741294400862095, 0.38828390649892186, 0.0], [0.0, 1.9467926339053657e-09, 0.0, 0.0006088084427085662, 0.0, 0.0, 0.0, 0.0006074914976700464, 2.1277960409919374e-09, 0.10135438168350745, 1.0, 0.0006235785128014423, 0.053462432673018846, 0.0, 0.06250003959611915, 0.0, 0.0, 0.09221092855711521, 0.00025452886035417165, 0.24068018583403414, 7.475291465095148e-09, 5.774767984497948e-10, 0.0, 0.0, 0.09645694413501982, 7.45508754834772e-11, 0.0005652427591628386, 9.404419722398518e-09, 0.0, 0.08320005872571212, 0.0, 0.0, 0.00023815338137451452, 0.0, 0.0, 0.0, 0.0, 0.0, 0.0, 0.0008483621478409406, 7.450580596923828e-09, 0.06250000047089523, 0.0, 4.656612873077393e-10, 0.23776265904710062, 4.876011602742592e-10, 0.06306523474304816, 9.83106928894626e-12, 0.0, 0.0, 5.820766091346741e-10, 4.991265745557289e-12, 0.0, 0.06735656920930214, 0.0, 0.11736236919472007, 0.0, 0.0, 0.0, 0.0005652347283246219, 2.0145294032163282e-10, 0.026700703105020207, 0.0, 0.0, 0.00024414062499999995, 0.0, 1.3430874945835305e-12, 0.0, 0.0, 0.049475037393328966, 7.0941814115932166e-12, 0.0, 0.0, 0.06250000000167254, 0.0, 0.019642169159606652, 0.0, 1.0228275910164899e-09, 0.0, 0.0, 7.45058059692383e-09, 0.0010965894254127031, 0.0997293959669604, 0.0], [0.0, 7.023255527230175e-09, 0.0, 0.14685984994730575, 0.0, 0.0, 0.0793539849657042, 0.0007200058993618709, 1.4606971644374425e-08, 0.32261119220409795, 0.0006235785128014423, 1.0, 0.3254524451779598, 0.0, 0.07525181272825553, 0.0, 0.0, 0.12089269326047677, 0.03533636255844163, 0.3164982406054697, 0.016703891335090284, 0.018757658716781964, 0.12744749620634335, 0.0, 0.1429674360340697, 1.80539813728191e-10, 0.05375814703132431, 1.0880248254746628e-06, 0.0, 0.09192230503015653, 6.554532156311829e-05, 0.023043209412426456, 0.0016331707554423048, 1.3235371126246666e-15, 0.0, 0.0, 0.0039051125370889884, 0.0, 0.0, 0.16535287671669374, 2.2231900322340133e-08, 0.19187291679046653, 0.20328610935558444, 1.1099208500776413e-07, 0.2776847736106558, 0.3800369610808075, 0.1528656340651392, 5.856083392390104e-11, 1.1019082828040418e-06, 0.0, 9.402165513509564e-10, 1.3472119466006128e-06, 8.841384219889409e-16, 0.4989543227212303, 3.004339730177215e-07, 0.14063497949474424, 0.0, 0.00039859524488478624, 0.0, 0.02112761214117201, 5.585686219027102e-10, 0.5268070660520976, 0.0, 2.3370362122808005e-15, 0.2326891726107807, 1.5615745363514439e-06, 2.640643453697341e-12, 1.511008307439637e-15, 0.0, 0.2736528732110884, 1.217322238021631e-06, 0.0, 9.786601069745486e-16, 0.12862198484482876, 0.0, 0.2501172034673327, 3.468289302191564e-05, 1.7656815823802348e-05, 1.6946867856970552e-15, 0.0, 2.2231896792033493e-08, 0.20933605812998485, 0.3946773026300179, 0.0], [0.0, 0.0, 0.0, 0.19473404038119274, 0.0, 0.0, 0.07703909057964074, 0.0, 0.0, 0.6803399440307681, 0.053462432673018846, 0.3254524451779598, 1.0, 0.0, 0.2749584289822887, 0.0, 0.0, 0.3427269850084975, 0.06564147383927463, 0.4182470003966592, 0.03125000000000045, 0.0038188215419016633, 0.12701906197388907, 0.0, 0.25424741581551985, 0.0, 0.05479683095388374, 2.0845157200130578e-15, 0.0, 0.40481159961159857, 0.0, 0.018072921286671838, 0.0, 0.0, 0.0, 0.0, 0.0, 0.0, 0.0, 0.17798981865102742, 0.0, 0.27196658307577953, 0.18114697289957565, 0.0, 0.4945680010492969, 0.32425106298033674, 0.4855909406288384, 0.0, 0.0, 0.0, 0.0, 0.0, 8.881784197001252e-16, 0.5043042961155375, 0.0, 0.4065598031533558, 0.0, 4.985713170205232e-16, 0.0, 0.0646287842694022, 4.440892098500625e-16, 0.36486523397395165, 0.0, 4.440892098500626e-16, 0.4979155458518789, 0.0, 0.0, 4.4408920985006257e-16, 0.0, 0.48516220032955554, 0.0, 0.0, 8.881784197001252e-16, 0.3037579645226138, 0.0, 0.6421853087861009, 0.0, 4.4408920985006257e-16, 9.995722136883444e-16, 0.0, 0.0, 0.16785868069425647, 0.5751042912262969, 0.0], [0.0, 0.0, 0.0, 0.0, 0.0, 0.0, 0.0, 0.0, 0.0, 0.0, 0.0, 0.0, 0.0, 1.0, 0.0, 0.0, 0.0, 0.0, 0.0, 0.0, 0.0, 0.0, 0.0, 0.0, 0.0, 0.0, 0.0, 0.0, 0.0, 0.0, 0.0, 0.0, 0.0, 0.0, 0.0, 0.0, 0.0, 0.0, 0.0, 0.0, 0.0, 0.0, 0.0, 0.0, 0.0, 0.0, 0.0, 0.0, 0.0, 0.0, 0.0, 0.0, 0.0, 0.0, 0.0, 0.0, 0.0, 0.0, 0.0, 0.0, 0.0, 0.0, 0.0, 0.0, 0.0, 0.0, 0.0, 0.0, 0.0, 0.0, 0.0, 0.0, 0.0, 0.0, 0.0, 0.0, 0.0, 0.0, 0.0, 0.0, 0.0, 0.0, 0.0, 0.0], [0.0, 5.087383577248473e-09, 0.0, 0.02313822684060022, 0.0, 0.0, 0.01604901075137739, 0.0, 1.524017683849439e-08, 0.2297858671850711, 0.06250003959611915, 0.07525181272825553, 0.2749584289822887, 0.0, 1.0, 0.0, 0.0, 0.04370750321644244, 0.028253998872676073, 0.158977785760348, 2.4692218285039263e-08, 0.01875765775108759, 0.013425787366078856, 0.0, 0.0332613222743859, 2.4916453085962846e-12, 0.028382772085557874, 1.3925024708171023e-07, 0.0, 0.052328950068456996, 0.0, 0.031250000000085265, 0.0, 0.0, 0.0, 0.0, 0.0, 0.0, 0.0, 0.02900431039512299, 4.3574363865820446e-08, 0.13549453259994218, 0.026218364264013565, 8.526512829121201e-14, 0.05858884227910877, 3.733640700666431e-09, 0.10156250000023745, 5.535484683872287e-13, 9.040288988495225e-07, 0.0, 0.0, 1.1188286973675022e-06, 0.0, 0.12980446866128295, 1.1920928955078125e-07, 0.1268912123693729, 0.0, 2.8421709430404e-14, 0.0, 0.015624999999999998, 0.0, 0.024069234312590424, 0.0, 0.0, 0.015625, 9.536743164062502e-07, 1.7238373067951333e-12, 0.0, 0.0, 0.22269437276307263, 1.0378021003389523e-06, 0.0, 0.0, 0.09375000000127237, 0.0, 0.052870411885807767, 9.5367431640625e-07, 1.9786887192605873e-08, 0.0, 0.0, 4.357435320767941e-08, 0.023437544588589244, 0.20592009100252515, 0.0], [0.0, 0.0, 0.0, 0.0, 0.0, 0.0, 0.0, 0.0, 0.0, 0.0, 0.0, 0.0, 0.0, 0.0, 0.0, 1.0, 0.0, 0.0, 0.0, 0.0, 0.0, 0.0, 0.0, 0.0, 0.0, 0.0, 0.0, 0.0, 0.0, 0.0, 0.0, 0.0, 0.0, 0.0, 0.0, 0.0, 0.0, 0.0, 0.0, 0.0, 0.0, 0.0, 0.0, 0.0, 0.0, 0.0, 0.0, 0.0, 0.0, 0.0, 0.0, 0.0, 0.0, 0.0, 0.0, 0.0, 0.0, 0.0, 0.0, 0.0, 0.0, 0.0, 0.0, 0.0, 0.0, 0.0, 0.0, 0.0, 0.0, 0.0, 0.0, 0.0, 0.0, 0.0, 0.0, 0.0, 0.0, 0.0, 0.0, 0.0, 0.0, 0.0, 0.0, 0.0], [0.0, 0.0, 0.0, 0.0, 0.0, 0.0, 0.0, 0.0, 0.0, 0.0, 0.0, 0.0, 0.0, 0.0, 0.0, 0.0, 1.0, 0.0, 0.0, 0.0, 0.0, 0.0, 0.0, 0.0, 0.0, 0.0, 0.0, 0.0, 0.0, 0.0, 0.0, 0.0, 0.0, 0.0, 0.0, 0.0, 0.0, 0.0, 0.0, 0.0, 0.0, 0.0, 0.0, 0.0, 0.0, 0.0, 0.0, 0.0, 0.0, 0.0, 0.0, 0.0, 0.0, 0.0, 0.0, 0.0, 0.0, 0.0, 0.0, 0.0, 0.0, 0.0, 0.0, 0.0, 0.0, 0.0, 0.0, 0.0, 0.0, 0.0, 0.0, 0.0, 0.0, 0.0, 0.0, 0.0, 0.0, 0.0, 0.0, 0.0, 0.0, 0.0, 0.0, 0.0], [0.0, 5.2015046935392414e-09, 0.0, 0.4307437410204641, 0.0, 0.0, 0.3882439794794526, 0.0005759466458969821, 1.1017699907032893e-08, 0.32999439066925973, 0.09221092855711521, 0.12089269326047677, 0.3427269850084975, 0.0, 0.04370750321644244, 0.0, 0.0, 1.0, 0.06814062235086843, 0.25839284070151997, 0.09021098881558189, 0.043469890654613756, 0.3655765448486826, 0.0, 0.4810906563964981, 5.934040226847381e-11, 0.040017678075980063, 8.006498483437181e-07, 0.0, 0.19131348077376253, 5.0091036770688144e-05, 0.005945841135466911, 0.001391431851623685, 1.7036818798076581e-15, 0.0, 0.0, 0.008256684314409853, 0.0, 0.0, 0.4435553827824601, 5.4818233095779594e-08, 0.3500796894213878, 0.3993308612762626, 1.6644012096324e-07, 0.43659852168609325, 0.33315028735712365, 0.48117203098557626, 5.935827333240837e-11, 2.741713232298461e-06, 0.0, 8.450284191980765e-10, 2.6641948125049736e-06, 9.803163792917975e-16, 0.4363011365447547, 1.0545870505921634e-07, 0.2692101819924224, 0.0, 0.00028474114375233613, 0.0, 0.03915715551853504, 5.298435343888815e-10, 0.5291761582675378, 0.0, 2.7871430451112468e-15, 0.294985170121611, 3.227133637838035e-06, 2.2302809607452618e-12, 1.234468436817329e-15, 0.0, 0.22682699734671377, 2.6673240363977453e-06, 0.0, 1.189714252152851e-15, 0.44303115360380785, 0.0, 0.5040631712134439, 3.416336477749386e-05, 1.6502929156307466e-05, 1.3495409828655594e-15, 0.0, 5.4818218371255016e-08, 0.2657198215776323, 0.4444110752060906, 0.0], [0.0, 8.996144189378355e-09, 0.0, 0.06365828437749169, 0.0, 0.0, 0.021812605640502587, 0.00018768391961711432, 8.621759307006796e-09, 0.017902605011638373, 0.00025452886035417165, 0.03533636255844163, 0.06564147383927463, 0.0, 0.028253998872676073, 0.0, 0.0, 0.06814062235086843, 1.0, 0.018587071126406996, 2.84044539349666e-08, 0.018757657798429698, 0.01635060762729951, 0.0, 0.012420567637070428, 0.0, 0.027264638292334727, 5.34339950251555e-07, 0.0, 0.05570670586686068, 4.57763671875e-05, 0.015708450620242714, 0.0012241713078125637, 2.775557561562891e-17, 0.0, 0.0, 0.0007355561571601216, 0.0, 0.0, 0.0637259574678584, 7.235331145447036e-08, 0.06779404774363967, 0.029156697439432076, 7.1871388351154975e-09, 0.06718237424076273, 0.001711509738694167, 0.01824832621537471, 4.3378300114061774e-11, 0.0, 0.0, 0.0, 5.815179406029057e-11, 2.9394840198717983e-16, 0.08689081588562284, 1.1920928955078125e-07, 0.026845719407983942, 0.0, 0.0007348836203269615, 0.0, 0.06811982839679742, 4.440892098500627e-16, 0.04210129198371892, 0.0, 6.754855475380369e-16, 0.01635410342346961, 1.8558870348304435e-06, 0.0, 4.440892098500626e-16, 0.0, 0.03580716250605384, 1.2520043788640704e-12, 0.0, 3.8087595548098164e-16, 0.0, 0.0, 0.04118490917058591, 3.906247558088739e-05, 1.7300845652670818e-05, 7.238281547398358e-16, 0.0, 7.235331146834814e-08, 0.07721330104252268, 0.07798642860535399, 0.0], [0.0, 5.493145307121514e-09, 0.0, 0.39402417840874354, 0.0, 0.0, 0.3896835978092336, 0.0004398848732621325, 1.219889017591046e-08, 0.5602433866533476, 0.24068018583403414, 0.3164982406054697, 0.4182470003966592, 0.0, 0.158977785760348, 0.0, 0.0, 0.25839284070151997, 0.018587071126406996, 1.0, 0.031250030906800966, 0.061632305355876986, 0.26591684079003697, 0.0, 0.4174375523041247, 3.792752145198307e-11, 0.05448088039405723, 3.865737480116077e-07, 0.0, 0.5969281375704096, 7.661665467492819e-05, 0.02063562403174108, 0.00451183320041685, 3.9198270687490057e-16, 0.0, 0.0, 0.002288300394292589, 0.0, 0.0, 0.33067567482468463, 3.72729864209647e-08, 0.3432249378287644, 0.38931021697614543, 7.704626125599909e-08, 0.7022030483767849, 0.15814843533097328, 0.24516198756779012, 1.0395744971767939e-10, 2.1721805486245473e-06, 0.0, 9.908137642562346e-11, 2.6106251130164087e-06, 2.3228890906638023e-16, 0.46133723582779296, 1.4731150851551675e-07, 0.5951083998200486, 0.0, 0.0004208353581755236, 0.0, 0.016468790808669934, 6.207214202600864e-10, 0.32558459819221175, 0.0, 1.420019294134722e-15, 0.34393978004301334, 3.2620547195459282e-06, 8.503858255343664e-13, 3.135595119663661e-16, 0.0, 0.5760224738321145, 2.421541401984521e-06, 0.0, 2.221697260179191e-16, 0.40111826006385215, 0.0, 0.4682557798136573, 1.3267133576441697e-05, 5.028229067890849e-05, 9.67393285710342e-16, 0.0, 3.727296430751196e-08, 0.36239698679398646, 0.6220679943790289, 0.0], [0.0, 3.001830908058889e-12, 0.0, 0.029844993831290266, 0.0, 0.0, 0.0, 0.0, 0.0, 0.048564330512139146, 7.475291465095148e-09, 0.016703891335090284, 0.03125000000000045, 0.0, 2.4692218285039263e-08, 0.0, 0.0, 0.09021098881558189, 2.84044539349666e-08, 0.031250030906800966, 1.0, 3.7460394404176914e-11, 0.0, 0.0, 0.0, 1.5884699255556357e-13, 7.450580596923828e-09, 7.458999740069083e-09, 0.0, 0.03125007420626265, 0.0, 1.4210854715202004e-14, 0.0, 0.0, 0.0, 0.0, 0.0, 0.0, 0.0, 0.1240357775428901, 2.2351741790771484e-08, 2.166317511016026e-11, 0.031249999999999997, 4.263256414560601e-14, 0.03474313734191977, 9.802005548011953e-12, 6.966342396558598e-11, 2.9148548486986e-11, 0.0, 0.0, 0.0, 1.8010985448353338e-11, 0.0, 0.09902677675708088, 0.0, 0.006003692649688221, 0.0, 2.8920280747424527e-14, 0.0, 3.637978807091714e-12, 4.440892098500626e-16, 0.015966819486829376, 0.0, 4.440892098500627e-16, 0.0, 0.0, 0.0, 1.7763568394002505e-15, 0.0, 1.4258524266180371e-08, 0.0, 0.0, 0.0, 0.0, 0.0, 0.05103108680533471, 0.0, 1.4967851829822102e-08, 1.1719122505311625e-15, 0.0, 2.2351741790771484e-08, 6.558753061649432e-09, 0.0742165599732152, 0.0], [0.0, 2.2161902721822048e-10, 0.0, 0.01782729159363272, 0.0, 0.0, 0.06183810139187568, 0.0, 5.046970293501358e-10, 0.00428921628623828, 5.774767984497948e-10, 0.018757658716781964, 0.0038188215419016633, 0.0, 0.01875765775108759, 0.0, 0.0, 0.043469890654613756, 0.018757657798429698, 0.061632305355876986, 3.7460394404176914e-11, 1.0, 0.006106639817396014, 0.0, 5.503992068592263e-10, 8.820151270427655e-11, 0.018757658180276634, 2.8363816476331334e-10, 0.0, 0.01473816053700834, 0.0, 0.0, 0.0, 0.0, 0.0, 0.0, 0.0, 0.0, 0.0, 0.02427313266816555, 0.0, 0.023856206716576043, 0.011701302386819162, 4.656612873077393e-10, 0.002864683717776981, 4.092292440261789e-11, 4.4736476421828004e-11, 6.004999868046336e-11, 0.0, 0.0, 1.1641532182693484e-10, 2.687307311659207e-11, 1.9428902930940237e-16, 0.04399118709465106, 0.0, 0.00018535743229372342, 0.0, 0.0, 0.0, 0.018757657755408424, 8.038112356872196e-10, 0.0009171384927256046, 0.0, 1.7050900913437162e-17, 0.06163230403558913, 0.0, 1.1363828833039948e-12, 0.0, 0.0, 0.018757658200739342, 7.094181411593218e-12, 0.0, 0.0, 5.337707867614898e-13, 0.0, 0.018517850860638757, 0.0, 9.641743843841502e-10, 0.0, 0.0, 1.705090091343716e-17, 0.01875765790237515, 0.030119036727890066, 0.0], [0.0, 0.0, 0.0, 0.5211313399553099, 0.0, 0.0, 0.48670980239892525, 0.0, 0.0, 0.14657485118639896, 0.0, 0.12744749620634335, 0.12701906197388907, 0.0, 0.013425787366078856, 0.0, 0.0, 0.3655765448486826, 0.01635060762729951, 0.26591684079003697, 0.0, 0.006106639817396014, 1.0, 0.0, 0.12499999999999999, 0.0, 0.0163444367934873, 1.0497655212903306e-16, 0.0, 0.33383481449754965, 0.0, 0.0, 0.0, 2.7755575615628914e-17, 0.0, 0.0, 0.0, 0.0, 0.0, 0.5397703640457003, 0.0, 0.50636879440251, 0.559888037201078, 0.0, 0.14653251572896503, 0.27477483687475446, 0.12500000000000014, 0.0, 0.0, 0.0, 0.0, 0.0, 2.775557561562891e-17, 0.1938517152686931, 0.0, 0.3413114748625184, 0.0, 0.0, 0.0, 0.01634443679348733, 0.0, 0.2640568390287581, 0.0, 2.220446049250313e-16, 0.21487077829682655, 0.0, 0.0, 0.0, 0.0, 0.23402508310961834, 1.2867604928183092e-16, 0.0, 1.7650154912794235e-16, 0.12499999999999999, 0.0, 0.09713856895551178, 2.853735454135754e-05, 1.9073486328124996e-06, 0.0, 0.0, 0.0, 0.44760250829863085, 0.11925362850317828, 0.0], [0.0, 0.0, 0.0, 0.0, 0.0, 0.0, 0.0, 0.0, 0.0, 0.0, 0.0, 0.0, 0.0, 0.0, 0.0, 0.0, 0.0, 0.0, 0.0, 0.0, 0.0, 0.0, 0.0, 1.0, 0.0, 0.0, 0.0, 0.0, 0.0, 0.0, 0.0, 0.0, 0.0, 0.0, 0.0, 0.0, 0.0, 0.0, 0.0, 0.0, 0.0, 0.0, 0.0, 0.0, 0.0, 0.0, 0.0, 0.0, 0.0, 0.0, 0.0, 0.0, 0.0, 0.0, 0.0, 0.0, 0.0, 0.0, 0.0, 0.0, 0.0, 0.0, 0.0, 0.0, 0.0, 0.0, 0.0, 0.0, 0.0, 0.0, 0.0, 0.0, 0.0, 0.0, 0.0, 0.0, 0.0, 0.0, 0.0, 0.0, 0.0, 0.0, 0.0, 0.0], [0.0, 4.2548214775242854e-11, 0.0, 0.17673423027584817, 0.0, 0.0, 0.18662742633863155, 0.00045356197107815816, 5.109742964200117e-10, 0.3074625447673147, 0.09645694413501982, 0.1429674360340697, 0.25424741581551985, 0.0, 0.0332613222743859, 0.0, 0.0, 0.4810906563964981, 0.012420567637070428, 0.4174375523041247, 0.0, 5.503992068592263e-10, 0.12499999999999999, 0.0, 1.0, 2.1883865435864584e-10, 0.01281320236688303, 1.8407058948227599e-10, 0.0, 0.40416560371205007, 0.0, 0.008177399268369611, 0.002919358998792719, 0.0, 0.0, 0.0, 0.008300781249999998, 0.0, 0.0, 0.13926761827946132, 0.0, 0.20553055407719317, 0.12499999999999999, 4.29493833433733e-10, 0.21876771311482932, 0.2768374703805664, 0.37183414334146037, 0.0, 0.0, 0.0, 1.2271252383820944e-10, 0.0, 0.0, 0.4280573672758016, 0.0, 0.558565341054157, 0.0, 0.001953125, 0.0, 0.010309184945827369, 2.580300308291768e-10, 0.47919094829760633, 0.0, 0.0, 0.20121016957384952, 0.0, 0.0, 0.0, 0.0, 0.5198349963713459, 0.0, 0.0, 0.0, 0.736524958395633, 0.0, 0.3474166601440039, 0.0, 2.762639675257914e-10, 0.0, 0.0, 0.0, 0.19018851800254152, 0.24431970197217123, 0.0], [0.0, 3.564476708973493e-11, 0.0, 1.0073542432494495e-10, 0.0, 0.0, 0.0, 0.0, 2.3169098608327705e-10, 1.1400569872874324e-10, 7.45508754834772e-11, 1.80539813728191e-10, 0.0, 0.0, 2.4916453085962846e-12, 0.0, 0.0, 5.934040226847381e-11, 0.0, 3.792752145198307e-11, 1.5884699255556357e-13, 8.820151270427655e-11, 0.0, 0.0, 2.1883865435864584e-10, 1.0, 0.0, 2.400076289087821e-12, 0.0, 2.2385860650089462e-10, 0.0, 5.684341886080802e-14, 0.0, 0.0, 0.0, 0.0, 0.0, 0.0, 0.0, 7.567138225652093e-11, 0.0, 9.089442382427314e-13, 0.0, 1.1497378470720443e-13, 1.0947060205198048e-10, 0.0, 1.7823371016599665e-12, 9.909891023204122e-13, 0.0, 0.0, 0.0, 0.0, 0.0, 7.480614217754486e-11, 0.0, 8.800637959637009e-11, 0.0, 4.6065572934880184e-14, 0.0, 0.0, 1.0671404500802358e-10, 1.5441724664333064e-10, 0.0, 0.0, 0.0, 0.0, 2.6943918929200913e-12, 0.0, 0.0, 1.4877644277633051e-10, 0.0, 0.0, 0.0, 2.1145438864100553e-12, 0.0, 2.0077756984573677e-10, 0.0, 1.312896712661607e-12, 0.0, 0.0, 0.0, 3.2983756288284276e-12, 1.800626534977736e-10, 0.0], [0.0, 1.985628368805056e-09, 0.0, 0.06530224406450427, 0.0, 0.0, 0.025846203330686324, 0.0011596679687499998, 3.1669692068285576e-09, 0.05492690655019032, 0.0005652427591628386, 0.05375814703132431, 0.05479683095388374, 0.0, 0.028382772085557874, 0.0, 0.0, 0.040017678075980063, 0.027264638292334727, 0.05448088039405723, 7.450580596923828e-09, 0.018757658180276634, 0.0163444367934873, 0.0, 0.01281320236688303, 0.0, 1.0, 3.5777001877210204e-08, 0.0, 0.04267925977238411, 0.0, 0.02547201368188161, 0.00024414062499999995, 0.0, 0.0, 0.0, 0.0024414062499999996, 0.0, 0.0, 0.07028608145156262, 7.4505805969238265e-09, 0.04877211638605264, 0.03873198988781406, 1.1641532182693484e-10, 0.03138029032484983, 0.0004882838874951563, 0.022372454047965278, 0.0, 0.0, 0.0, 5.82076609134674e-10, 0.0, 0.0, 0.05847801139891461, 0.0, 0.02870968793062491, 0.0, 0.0004882812499999999, 0.0, 0.025239694970969558, 9.245844313833897e-10, 0.08885027087653025, 0.0, 0.0, 0.01611328125, 0.0, 0.0, 0.0, 0.0, 0.10913949292848268, 0.0, 0.0, 0.0, 0.0, 0.0, 0.09713161260882996, 0.0, 8.240848608147192e-09, 0.0, 0.0, 7.450580596923827e-09, 0.03729459759986857, 0.0399198911686537, 0.0], [0.0, 1.367924391219294e-08, 0.0, 3.20612491225545e-07, 0.0, 0.0, 0.0, 0.0, 1.191691323294581e-08, 7.388866794638647e-07, 9.404419722398518e-09, 1.0880248254746628e-06, 2.0845157200130578e-15, 0.0, 1.3925024708171023e-07, 0.0, 0.0, 8.006498483437181e-07, 5.34339950251555e-07, 3.865737480116077e-07, 7.458999740069083e-09, 2.8363816476331334e-10, 1.0497655212903306e-16, 0.0, 1.8407058948227599e-10, 2.400076289087821e-12, 3.5777001877210204e-08, 1.0, 0.0, 7.96250617987974e-07, 0.0, 0.0, 0.0, 1.3684440946821426e-15, 0.0, 0.0, 0.0, 0.0, 0.0, 6.306643154852611e-07, 7.4505805969238265e-09, 6.311945429165556e-10, 0.0, 7.917494250809742e-08, 1.6093735916825377e-06, 6.287233457878336e-08, 1.5695059585718112e-11, 3.949579099909894e-11, 0.0, 0.0, 6.902678237893846e-10, 5.734158184000836e-11, 6.403085810938414e-16, 8.191964351248753e-07, 1.1920928955078125e-07, 4.953308445054557e-07, 0.0, 4.972886513579149e-16, 0.0, 1.819987421116504e-12, 6.04819474691427e-10, 7.002341210346447e-07, 0.0, 1.8697491193110485e-15, 0.0, 0.0, 3.6007669551533474e-12, 5.43616416016524e-16, 0.0, 7.280551093527913e-07, 7.094275832545096e-12, 0.0, 5.486421020632004e-16, 3.603132601461535e-12, 0.0, 2.8962157543856446e-07, 0.0, 2.53525571484534e-07, 9.110523014964282e-16, 0.0, 7.450580630026398e-09, 3.696533611294935e-07, 9.685392700765992e-07, 0.0], [0.0, 0.0, 0.0, 0.0, 0.0, 0.0, 0.0, 0.0, 0.0, 0.0, 0.0, 0.0, 0.0, 0.0, 0.0, 0.0, 0.0, 0.0, 0.0, 0.0, 0.0, 0.0, 0.0, 0.0, 0.0, 0.0, 0.0, 0.0, 1.0, 0.0, 0.0, 0.0, 0.0, 0.0, 0.0, 0.0, 0.0, 0.0, 0.0, 0.0, 0.0, 0.0, 0.0, 0.0, 0.0, 0.0, 0.0, 0.0, 0.0, 0.0, 0.0, 0.0, 0.0, 0.0, 0.0, 0.0, 0.0, 0.0, 0.0, 0.0, 0.0, 0.0, 0.0, 0.0, 0.0, 0.0, 0.0, 0.0, 0.0, 0.0, 0.0, 0.0, 0.0, 0.0, 0.0, 0.0, 0.0, 0.0, 0.0, 0.0, 0.0, 0.0, 0.0, 0.0], [0.0, 7.092985874730395e-09, 0.0, 0.36186112144180443, 0.0, 0.0, 0.31906530805176864, 0.0006059948792699671, 7.740596854297505e-09, 0.6010696582599943, 0.08320005872571212, 0.09192230503015653, 0.40481159961159857, 0.0, 0.052328950068456996, 0.0, 0.0, 0.19131348077376253, 0.05570670586686068, 0.5969281375704096, 0.03125007420626265, 0.01473816053700834, 0.33383481449754965, 0.0, 0.40416560371205007, 2.2385860650089462e-10, 0.04267925977238411, 7.96250617987974e-07, 0.0, 1.0, 8.517398126506931e-05, 0.018765694298270783, 0.002214482231699425, 3.697198661585611e-16, 0.0, 0.0, 0.0026863995645636488, 0.0, 0.0, 0.3733322273532932, 2.7854373655917326e-08, 0.5323219414702238, 0.3686795407029315, 1.4505205537191519e-08, 0.40736823517827514, 0.029220129249323733, 0.4287361544095443, 4.414484521589778e-11, 9.040288988495225e-07, 0.0, 1.9677415962142886e-09, 1.1188301917833102e-06, 6.923070346816519e-16, 0.35972824164861034, 1.3294857094401662e-07, 0.864287662938529, 0.0, 0.0007324218750306622, 0.0, 0.027704955117316993, 5.501412339448835e-10, 0.3064080131201716, 0.0, 2.4892028454379584e-15, 0.28584625314288764, 1.9731950451371174e-06, 4.481979001418033e-12, 6.957279431290803e-16, 0.0, 0.5097328131220977, 1.0378024484846323e-06, 0.0, 6.734346682270624e-16, 0.4139944540888715, 0.0, 0.5813651072749194, 4.626189657444339e-05, 1.982358028106946e-05, 5.203536230333769e-16, 0.0, 2.785436025709276e-08, 0.4491234896648116, 0.5237215365373704, 0.0], [0.0, 0.0, 0.0, 8.488711417203613e-05, 0.0, 0.0, 0.00018310546875, 3.0517578124999997e-05, 0.0, 0.00012390924745115392, 0.0, 6.554532156311829e-05, 0.0, 0.0, 0.0, 0.0, 0.0, 5.0091036770688144e-05, 4.57763671875e-05, 7.661665467492819e-05, 0.0, 0.0, 0.0, 0.0, 0.0, 0.0, 0.0, 0.0, 0.0, 8.517398126506931e-05, 1.0, 0.0, 0.0001220703125, 0.0, 0.0, 0.0, 0.0, 0.0, 0.0, 0.00012217856071180549, 0.0, 4.560964440273492e-05, 0.0, 0.0, 0.00016786314593101822, 0.0, 0.0, 0.0, 0.0, 0.0, 0.0, 0.0, 0.0, 0.00010021556522653793, 0.0, 6.878070104392602e-06, 0.0, 0.0, 0.0, 0.0, 0.0, 6.986997261410231e-05, 0.0, 0.0, 0.00013732910156249997, 0.0, 0.0, 0.0, 0.0, 9.715131344961883e-05, 0.0, 0.0, 0.0, 0.0, 0.0, 3.0517578124999993e-05, 2.6374784532075435e-05, 6.1035156249999986e-05, 0.0, 0.0, 0.0, 0.00018310546875, 3.904894254297831e-05, 0.0], [0.0, 0.0, 0.0, 0.009024698155831958, 0.0, 0.0, 0.006176323555016365, 0.0, 0.0, 0.03345620344889411, 0.0, 0.023043209412426456, 0.018072921286671838, 0.0, 0.031250000000085265, 0.0, 0.0, 0.005945841135466911, 0.015708450620242714, 0.02063562403174108, 1.4210854715202004e-14, 0.0, 0.0, 0.0, 0.008177399268369611, 5.684341886080802e-14, 0.02547201368188161, 0.0, 0.0, 0.018765694298270783, 0.0, 1.0, 0.003626044451224593, 0.0, 0.0, 0.0, 0.00048828125, 0.0, 0.0, 0.023998386464549135, 7.105427357601003e-15, 0.015911830741604016, 0.010367012542141202, 5.684341886080802e-14, 0.014273262542154818, 0.0018636774211541556, 0.012207031250000002, 2.4068095937862222e-14, 0.0, 0.0, 0.0, 0.0, 0.0, 0.032691390382006864, 0.0, 0.02592193011035089, 0.0, 0.00048828124999999995, 0.0, 0.00439453125, 0.0, 0.025496293725560566, 0.0, 0.0, 0.00048828125, 0.0, 0.0, 0.0, 0.0, 0.026200485927593324, 0.0, 0.0, 0.0, 0.0, 0.0, 0.027557912181720885, 0.0, 7.105427357601002e-15, 0.0, 0.0, 0.0, 0.008300781250022274, 0.02695251846598739, 0.0], [0.0, 0.0, 0.0, 0.004630506260786522, 0.0, 0.0, 0.00012207031250000003, 0.00037427882255547894, 0.0, 0.0048476066114549144, 0.00023815338137451452, 0.0016331707554423048, 0.0, 0.0, 0.0, 0.0, 0.0, 0.001391431851623685, 0.0012241713078125637, 0.00451183320041685, 0.0, 0.0, 0.0, 0.0, 0.002919358998792719, 0.0, 0.00024414062499999995, 0.0, 0.0, 0.002214482231699425, 0.0001220703125, 0.003626044451224593, 1.0, 0.0, 0.0, 0.0, 0.0, 0.0, 0.0, 0.00037531735184718226, 0.0, 0.003951859644402735, 0.0, 0.0, 0.000518290589313569, 0.0009765624999999999, 0.00024414062499999995, 0.0, 0.0, 0.0, 0.0, 0.0, 0.0, 0.004089412097105146, 0.0, 0.004715452097571212, 0.0, 0.0, 0.0, 0.00024414062499999995, 0.0, 0.0045131864734586444, 0.0, 0.0, 0.00018310546875000003, 0.0, 0.0, 0.0, 0.0, 0.0043028910648067855, 0.0, 0.0, 0.0, 0.0, 0.0, 0.003737872454824125, 0.0, 0.0, 0.0, 0.0, 0.0, 0.0003662109375, 0.004001847085778774, 0.0], [0.0, 0.0, 0.0, 1.1839991141440923e-15, 0.0, 0.0, 0.0, 0.0, 0.0, 5.607714202331672e-16, 0.0, 1.3235371126246666e-15, 0.0, 0.0, 0.0, 0.0, 0.0, 1.7036818798076581e-15, 2.775557561562891e-17, 3.9198270687490057e-16, 0.0, 0.0, 2.7755575615628914e-17, 0.0, 0.0, 0.0, 0.0, 1.3684440946821426e-15, 0.0, 3.697198661585611e-16, 0.0, 0.0, 0.0, 1.0, 0.0, 0.0, 0.0, 0.0, 0.0, 8.989773157861154e-16, 0.0, 2.775557561562891e-17, 0.0, 0.0, 2.299197244436224e-15, 2.740501994855257e-17, 1.0909245143543517e-16, 0.0, 0.0, 0.0, 0.0, 0.0, 2.7755575615628914e-17, 1.6470732803516276e-15, 0.0, 0.0, 0.0, 0.0, 0.0, 3.4765851790736505e-15, 9.382938763750189e-16, 8.451797253798701e-16, 0.0, 3.5769541514689615e-15, 0.0, 0.0, 0.0, 0.0, 0.0, 1.780974340270612e-15, 0.0, 0.0, 0.0, 0.0, 0.0, 9.07340020668879e-16, 0.0, 1.2378403920338843e-15, 0.0, 0.0, 0.0, 0.0, 6.727584461323963e-17, 0.0], [0.0, 0.0, 0.0, 0.0, 0.0, 0.0, 0.0, 0.0, 0.0, 0.0, 0.0, 0.0, 0.0, 0.0, 0.0, 0.0, 0.0, 0.0, 0.0, 0.0, 0.0, 0.0, 0.0, 0.0, 0.0, 0.0, 0.0, 0.0, 0.0, 0.0, 0.0, 0.0, 0.0, 0.0, 1.0, 0.0, 0.0, 0.0, 0.0, 0.0, 0.0, 0.0, 0.0, 0.0, 0.0, 0.0, 0.0, 0.0, 0.0, 0.0, 0.0, 0.0, 0.0, 0.0, 0.0, 0.0, 0.0, 0.0, 0.0, 0.0, 0.0, 0.0, 0.0, 0.0, 0.0, 0.0, 0.0, 0.0, 0.0, 0.0, 0.0, 0.0, 0.0, 0.0, 0.0, 0.0, 0.0, 0.0, 0.0, 0.0, 0.0, 0.0, 0.0, 0.0], [0.0, 0.0, 0.0, 0.0, 0.0, 0.0, 0.0, 0.0, 0.0, 0.0, 0.0, 0.0, 0.0, 0.0, 0.0, 0.0, 0.0, 0.0, 0.0, 0.0, 0.0, 0.0, 0.0, 0.0, 0.0, 0.0, 0.0, 0.0, 0.0, 0.0, 0.0, 0.0, 0.0, 0.0, 0.0, 1.0, 0.0, 0.0, 0.0, 0.0, 0.0, 0.0, 0.0, 0.0, 0.0, 0.0, 0.0, 0.0, 0.0, 0.0, 0.0, 0.0, 0.0, 0.0, 0.0, 0.0, 0.0, 0.0, 0.0, 0.0, 0.0, 0.0, 0.0, 0.0, 0.0, 0.0, 0.0, 0.0, 0.0, 0.0, 0.0, 0.0, 0.0, 0.0, 0.0, 0.0, 0.0, 0.0, 0.0, 0.0, 0.0, 0.0, 0.0, 0.0], [0.0, 0.0, 0.0, 0.005961564545078769, 0.0, 0.0, 7.362628164124184e-07, 0.0, 0.0, 0.0015408018303735265, 0.0, 0.0039051125370889884, 0.0, 0.0, 0.0, 0.0, 0.0, 0.008256684314409853, 0.0007355561571601216, 0.002288300394292589, 0.0, 0.0, 0.0, 0.0, 0.008300781249999998, 0.0, 0.0024414062499999996, 0.0, 0.0, 0.0026863995645636488, 0.0, 0.00048828125, 0.0, 0.0, 0.0, 0.0, 1.0, 0.0, 0.0, 0.003111645960437541, 0.0, 0.0004886493814082062, 0.0, 0.0, 6.135523470103485e-07, 0.0019531249999999998, 0.00048828124999999995, 0.0, 0.0, 0.0, 0.0, 0.0, 0.0, 0.009027527002973816, 0.0, 0.005528435274667082, 0.0, 0.0004882812499999999, 0.0, 0.00048828124999999995, 0.0, 0.0030898694262998074, 0.0, 0.0, 0.00048828124999999995, 7.362628164124184e-07, 0.0, 0.0, 0.0, 0.004878650286862789, 0.0, 0.0, 0.0, 0.0, 0.0, 0.001371768591318529, 1.1973781571953718e-06, 0.0, 0.0, 0.0, 0.0, 0.0004886731453608175, 0.005853396335362745, 0.0], [0.0, 0.0, 0.0, 0.0, 0.0, 0.0, 0.0, 0.0, 0.0, 0.0, 0.0, 0.0, 0.0, 0.0, 0.0, 0.0, 0.0, 0.0, 0.0, 0.0, 0.0, 0.0, 0.0, 0.0, 0.0, 0.0, 0.0, 0.0, 0.0, 0.0, 0.0, 0.0, 0.0, 0.0, 0.0, 0.0, 0.0, 1.0, 0.0, 0.0, 0.0, 0.0, 0.0, 0.0, 0.0, 0.0, 0.0, 0.0, 0.0, 0.0, 0.0, 0.0, 0.0, 0.0, 0.0, 0.0, 0.0, 0.0, 0.0, 0.0, 0.0, 0.0, 0.0, 0.0, 0.0, 0.0, 0.0, 0.0, 0.0, 0.0, 0.0, 0.0, 0.0, 0.0, 0.0, 0.0, 0.0, 0.0, 0.0, 0.0, 0.0, 0.0, 0.0, 0.0], [0.0, 0.0, 0.0, 0.0, 0.0, 0.0, 0.0, 0.0, 0.0, 0.0, 0.0, 0.0, 0.0, 0.0, 0.0, 0.0, 0.0, 0.0, 0.0, 0.0, 0.0, 0.0, 0.0, 0.0, 0.0, 0.0, 0.0, 0.0, 0.0, 0.0, 0.0, 0.0, 0.0, 0.0, 0.0, 0.0, 0.0, 0.0, 1.0, 0.0, 0.0, 0.0, 0.0, 0.0, 0.0, 0.0, 0.0, 0.0, 0.0, 0.0, 0.0, 0.0, 0.0, 0.0, 0.0, 0.0, 0.0, 0.0, 0.0, 0.0, 0.0, 0.0, 0.0, 0.0, 0.0, 0.0, 0.0, 0.0, 0.0, 0.0, 0.0, 0.0, 0.0, 0.0, 0.0, 0.0, 0.0, 0.0, 0.0, 0.0, 0.0, 0.0, 0.0, 0.0], [0.0, 7.017254042433813e-09, 0.0, 0.5993571001950946, 0.0, 0.0, 0.4994820661054093, 0.0015455160213658573, 1.4747170618712415e-08, 0.25255187931059697, 0.0008483621478409406, 0.16535287671669374, 0.17798981865102742, 0.0, 0.02900431039512299, 0.0, 0.0, 0.4435553827824601, 0.0637259574678584, 0.33067567482468463, 0.1240357775428901, 0.02427313266816555, 0.5397703640457003, 0.0, 0.13926761827946132, 7.567138225652093e-11, 0.07028608145156262, 6.306643154852611e-07, 0.0, 0.3733322273532932, 0.00012217856071180549, 0.023998386464549135, 0.00037531735184718226, 8.989773157861154e-16, 0.0, 0.0, 0.003111645960437541, 0.0, 0.0, 1.0, 4.918423564736786e-08, 0.5290336758070946, 0.5965516899290447, 1.9994138484364354e-07, 0.2205592809537363, 0.2757479197199034, 0.1362472686784389, 1.1624722814743958e-10, 3.8044549493250753e-06, 0.0, 1.874072976626191e-09, 3.7760768012097946e-06, 2.8929634003653713e-16, 0.36982745998794897, 1.512379024098414e-07, 0.3377447637439094, 0.0, 0.001655329887507022, 0.0, 0.052136793619898925, 2.585522079293397e-10, 0.29415744529303745, 0.0, 1.623852791454953e-15, 0.2165116941578979, 4.2737466070998165e-06, 2.382734026016478e-12, 4.0503014347512903e-16, 0.0, 0.26949970343388413, 3.8052766630858315e-06, 0.0, 1.440042477389516e-16, 0.12500000000203437, 0.0, 0.16905826456106557, 1.941759438543223e-05, 1.9624460293394396e-06, 7.004682763699497e-16, 0.0, 4.918422154348668e-08, 0.4857018586922921, 0.27488784892294205, 0.0], [0.0, 0.0, 0.0, 1.8932535086383863e-08, 0.0, 0.0, 0.0, 0.0, 0.0, 4.9498272319244393e-08, 7.450580596923828e-09, 2.2231900322340133e-08, 0.0, 0.0, 4.3574363865820446e-08, 0.0, 0.0, 5.4818233095779594e-08, 7.235331145447036e-08, 3.72729864209647e-08, 2.2351741790771484e-08, 0.0, 0.0, 0.0, 0.0, 0.0, 7.4505805969238265e-09, 7.4505805969238265e-09, 0.0, 2.7854373655917326e-08, 0.0, 7.105427357601003e-15, 0.0, 0.0, 0.0, 0.0, 0.0, 0.0, 0.0, 4.918423564736786e-08, 1.0, 0.0, 0.0, 0.0, 3.2880661951467977e-08, 0.0, 0.0, 1.4461997629853844e-14, 0.0, 0.0, 0.0, 0.0, 0.0, 4.7476618639571874e-08, 0.0, 9.974939914216684e-09, 0.0, 0.0, 0.0, 0.0, 0.0, 8.840234157799654e-09, 0.0, 0.0, 0.0, 0.0, 0.0, 0.0, 0.0, 3.082417622358031e-08, 0.0, 0.0, 0.0, 0.0, 0.0, 2.2224517756142888e-08, 0.0, 5.960465543353166e-08, 0.0, 0.0, 8.940696716308594e-08, 1.7481709756076773e-08, 5.715710490118921e-08, 0.0], [0.0, 5.1742543649664e-10, 0.0, 0.4950534022682452, 0.0, 0.0, 0.4857834467828838, 2.0904420351253505e-05, 4.656612873077393e-10, 0.43130361321453325, 0.06250000047089523, 0.19187291679046653, 0.27196658307577953, 0.0, 0.13549453259994218, 0.0, 0.0, 0.3500796894213878, 0.06779404774363967, 0.3432249378287644, 2.166317511016026e-11, 0.023856206716576043, 0.50636879440251, 0.0, 0.20553055407719317, 9.0894423