"{\"names\": [\"172.217.10.1\", \"104.88.86.240\", \"38.93.140.48\", \"192.168.10.15\", \"104.88.108.223\", \"195.142.105.15\", \"172.217.12.163\", \"206.217.206.48\", \"172.217.6.228\", \"178.255.83.1\", \"74.119.118.82\", \"192.168.10.9\", \"172.217.7.6\", \"35.186.227.40\", \"31.13.71.36\", \"206.126.112.142\", \"151.101.2.49\", \"192.168.10.25\", \"172.217.3.98\", \"192.168.10.16\", \"72.30.202.150\", \"172.217.12.132\", \"50.31.164.173\", \"162.208.20.178\", \"23.15.4.16\", \"216.58.217.99\", \"172.217.6.198\", \"172.217.12.174\", \"169.46.44.40\", \"192.168.10.17\", \"52.84.143.130\", \"104.19.195.102\", \"216.200.232.61\", \"104.97.73.166\", \"152.163.13.79\", \"192.229.163.25\", \"74.119.118.86\", \"54.225.188.92\", \"188.165.145.88\", \"192.168.10.14\", \"8.43.72.98\", \"199.96.57.6\", \"68.67.178.110\", \"104.88.70.158\", \"192.168.10.19\", \"69.172.216.56\", \"157.240.18.35\", \"172.217.11.34\", \"185.54.150.20\", \"69.169.85.7\", \"198.232.124.194\", \"74.119.118.72\", \"172.217.12.134\", \"192.168.10.5\", \"23.111.9.30\", \"192.168.10.8\", \"151.101.66.2\", \"68.67.178.199\", \"213.239.195.215\", \"138.108.7.20\", \"52.84.145.87\", \"192.168.10.50\", \"52.84.145.198\", \"52.40.24.51\", \"212.77.100.137\", \"185.54.150.115\", \"172.217.10.138\", \"152.163.66.165\", \"52.84.137.78\", \"192.168.10.51\", \"68.67.178.109\", \"129.146.14.96\", \"54.152.24.232\", \"172.217.10.33\", \"52.8.229.108\", \"192.168.10.12\", \"64.147.131.201\", \"172.217.12.206\", \"68.67.180.12\", \"172.217.10.134\", \"38.69.238.16\", \"172.217.10.142\", \"192.168.10.3\", \"172.217.6.202\"], \"funcEdges\": [[1.0, 0.0, 0.0, 0.0, 0.0, 0.0, 0.0, 0.0, 0.0, 0.0, 0.0, 0.0, 0.0, 0.0, 0.0, 0.0, 0.0, 0.0, 0.0, 0.0, 0.0, 0.0, 0.0, 0.0, 0.0, 0.0, 0.0, 0.0, 0.0, 0.0, 0.0, 0.0, 0.0, 0.0, 0.0, 0.0, 0.0, 0.0, 0.0, 0.0, 0.0, 0.0, 0.0, 0.0, 0.0, 0.0, 0.0, 0.0, 0.0, 0.0, 0.0, 0.0, 0.0, 0.0, 0.0, 0.0, 0.0, 0.0, 0.0, 0.0, 0.0, 0.0, 0.0, 0.0, 0.0, 0.0, 0.0, 0.0, 0.0, 0.0, 0.0, 0.0, 0.0, 0.0, 0.0, 0.0, 0.0, 0.0, 0.0, 0.0, 0.0, 0.0, 0.0, 0.0], [0.0, 1.0, 0.0, 1.5030999730076437e-12, 0.0, 0.0, 0.0, 0.0, 9.706481013178183e-13, 1.6791528461707859e-12, 2.376455851935261e-13, 8.573309969763397e-13, 0.0, 0.0, 6.21018503082089e-13, 0.0, 0.0, 6.349493034105519e-13, 1.098162132492475e-12, 6.705499642482317e-13, 3.6643443701890737e-16, 2.705310390847418e-14, 0.0, 0.0, 5.1938738739310124e-15, 4.351167857633658e-15, 2.4238627548889844e-13, 1.6698295791251147e-12, 0.0, 8.658430022864251e-13, 0.0, 0.0, 0.0, 0.0, 0.0, 0.0, 0.0, 0.0, 0.0, 8.565983938517838e-13, 0.0, 6.316228472859375e-14, 0.0, 0.0, 1.3918216837754557e-12, 8.991835247921839e-13, 2.198606622113445e-15, 6.7165896197166575e-15, 0.0, 0.0, 5.684341886080802e-14, 1.7763568394002505e-15, 0.0, 1.6512735342441877e-12, 0.0, 1.1016653804470512e-12, 0.0, 0.0, 0.0, 0.0, 1.1603114287023087e-14, 1.1952465692917025e-12, 0.0, 0.0, 0.0, 0.0, 0.0, 0.0, 0.0, 1.0858767526429567e-12, 0.0, 0.0, 0.0, 0.0, 0.0, 6.197604860715841e-13, 0.0, 9.80313893639753e-13, 0.0, 0.0, 0.0, 2.0907666328464588e-14, 1.9594579069230956e-12, 0.0], [0.0, 0.0, 1.0, 0.06807535319021962, 0.0, 0.01893326812347177, 0.128555286644648, 0.0, 0.0, 0.07252340338104474, 0.0, 0.06900354368748027, 0.0, 0.0625, 0.0, 0.0, 0.0, 0.17568159820669993, 0.0, 0.1354736709747596, 0.0, 0.0, 0.0, 0.0, 0.0, 0.0, 0.0, 0.0, 0.0, 0.08912031579580745, 0.0, 0.14616996676704636, 0.050007657749961895, 0.0, 0.0, 0.0, 0.0, 0.0, 0.015624999999999993, 0.1061582656267942, 0.05652182489886495, 0.003182815795807463, 0.0, 0.0, 0.07477476716391711, 0.0, 0.12461967177604086, 0.028156951875526748, 0.0, 0.0, 0.0, 0.031249999999999993, 0.0, 0.05216675295620207, 0.0, 0.05660626831487598, 0.0, 0.024418086194808255, 0.0, 0.0031828157958074628, 0.0, 0.13011300080188687, 0.0, 0.0, 0.031249999999999993, 0.0, 0.0, 0.0, 0.0, 0.07067009099939364, 0.01828545613867348, 0.0, 0.0, 0.0, 0.0, 0.0698516010930086, 0.0, 0.07057703136101129, 0.0, 0.003182815795807463, 0.043015831550116956, 0.004376371719235262, 0.149748284731544, 0.0], [0.0, 1.5030999730076437e-12, 0.06807535319021962, 1.0, 0.0, 0.049055224025917055, 0.17873147600618852, 1.0647508793804957e-07, 2.324336223167675e-12, 0.3509375352703951, 0.0023316502333546032, 0.5374913415552478, 8.13338808644302e-05, 0.01748455554689974, 0.0001319440657696447, 0.0, 0.0020128393682474835, 0.3746390353518114, 7.770786667174278e-06, 0.6139360942958665, 0.12503186870187666, 0.00010879586537037379, 6.361466552188842e-05, 0.0, 0.21315412424266483, 1.2296804727166132e-14, 7.971465339905307e-06, 0.2471080408411239, 0.029466494863767765, 0.213966010358968, 0.00015095102909581224, 0.07408063715783433, 0.14038043259825925, 0.001708984375, 0.0, 0.0, 7.277300470066857e-07, 0.003483524878901237, 0.024083264052923534, 0.45745685589847196, 0.13247686734057956, 0.5264352432445272, 7.243378026576163e-05, 7.856406653978242e-12, 0.6651956737024253, 2.1198615528937857e-05, 0.19772256915596426, 0.5827835731405311, 4.644110045562836e-10, 0.0, 0.030496244076648634, 0.10964302949732896, 1.0485384451481831e-19, 0.2878342342226966, 2.366954815253299e-11, 0.5158610563079367, 0.0, 0.1682866088459802, 0.0, 0.010128820477430328, 1.4741981548623897e-13, 0.6108771989599986, 0.0, 6.815448168628308e-05, 0.08435779919745268, 5.238689482212066e-10, 0.00018862861828181668, 3.2068349177115106e-20, 0.0008734287042955859, 0.33891809384219396, 0.09480853792051785, 0.0, 1.5119084768416788e-19, 2.0248071371811154e-05, 0.0, 0.5622476301347354, 6.637429263122445e-09, 0.3948293787351375, 3.152716369164604e-20, 0.00269259585681014, 0.04891787229178582, 0.01684113425941374, 0.3314362554598434, 0.0], [0.0, 0.0, 0.0, 0.0, 1.0, 0.0, 0.0, 0.0, 0.0, 0.0, 0.0, 0.0, 0.0, 0.0, 0.0, 0.0, 0.0, 0.0, 0.0, 0.0, 0.0, 0.0, 0.0, 0.0, 0.0, 0.0, 0.0, 0.0, 0.0, 0.0, 0.0, 0.0, 0.0, 0.0, 0.0, 0.0, 0.0, 0.0, 0.0, 0.0, 0.0, 0.0, 0.0, 0.0, 0.0, 0.0, 0.0, 0.0, 0.0, 0.0, 0.0, 0.0, 0.0, 0.0, 0.0, 0.0, 0.0, 0.0, 0.0, 0.0, 0.0, 0.0, 0.0, 0.0, 0.0, 0.0, 0.0, 0.0, 0.0, 0.0, 0.0, 0.0, 0.0, 0.0, 0.0, 0.0, 0.0, 0.0, 0.0, 0.0, 0.0, 0.0, 0.0, 0.0], [0.0, 0.0, 0.01893326812347177, 0.049055224025917055, 0.0, 1.0, 0.009775222880189751, 0.0, 0.0, 0.060259978394661955, 0.001238208448643982, 0.01714395266230576, 7.018789194802836e-05, 0.015624999999999995, 0.0001154708957320906, 0.0, 0.000899855312075647, 0.0450422370582175, 0.0, 0.03311111301632961, 6.168104890623919e-05, 0.00022975661269150838, 0.0, 0.0, 0.003429311121872623, 0.0, 0.0, 0.0, 0.010085894130748481, 0.05408119835082131, 0.00026831191756168616, 0.015764608816361297, 0.018757657749961902, 0.0013037582089159877, 0.0, 0.0, 0.0, 0.003046007647023539, 0.021784676389770684, 0.032277782038824185, 0.05639771211883878, 0.006561503545904531, 0.0, 0.0, 0.0293396426526963, 0.0, 0.010000529295075476, 0.04055124110721911, 0.0, 0.0, 0.031612398819174395, 0.027337171653692587, 0.0, 0.07349048034589763, 0.0, 0.05949913891402349, 0.0, 0.0, 0.0, 0.009996558468849644, 0.0, 0.042678630864481024, 0.0, 4.603911108449536e-05, 0.007601546428348097, 0.0, 0.0001080110621500624, 0.0, 0.0012788804835303983, 0.03874261637351776, 0.028371350269421957, 0.0, 0.0, 0.0, 0.0, 0.03979024615706997, 0.0, 0.01585490436158357, 0.0, 0.0030045414754754874, 0.03271852575102165, 0.0029406596265792702, 0.032277921537144746, 0.0], [0.0, 0.0, 0.128555286644648, 0.17873147600618852, 0.0, 0.009775222880189751, 1.0, 3.725290298461914e-09, 0.0, 0.10755929660239832, 0.000895900767188598, 0.21055723152542355, 9.404185861772552e-06, 0.0, 1.9591077577364978e-06, 0.0, 0.0005144542922641005, 0.23839460902647613, 2.6626715869754135e-06, 0.27787632852083066, 0.0, 7.548596361312949e-06, 5.9412817675650055e-05, 0.0, 0.02814927232892225, 0.0, 3.1550541175154204e-06, 0.10418669679216026, 0.0, 0.07546574663324335, 2.2351741790771484e-08, 0.12399869376203161, 0.2701660691651017, 0.0015223894094367463, 0.0, 0.0, 8.987583208159404e-11, 0.00253757366811966, 0.005342140011173294, 0.10232842730791017, 0.05015924255094187, 0.04688416535306632, 5.7900025060290456e-05, 0.0, 0.05885690435925494, 1.8544985795142975e-05, 0.13415604246416946, 0.09700114282259094, 4.6368081603216766e-10, 0.0, 0.007381764409436746, 0.029954967233879245, 0.0, 0.22027816077699305, 0.0, 0.11164709654121717, 0.0, 0.0045757177692515175, 0.0, 0.008593477729190323, 0.0, 0.24250047082540033, 0.0, 0.0, 0.0862250021410573, 6.973416748928213e-10, 0.0, 0.0, 0.000594429347826087, 0.09167628001452435, 0.23288791093919128, 0.0, 0.0, 2.093488588165391e-05, 0.0, 0.19730813500883876, 6.276559053647178e-09, 0.15681643129304335, 0.0, 0.009176310213520309, 0.008456974733737735, 0.006492456286497101, 0.21103011185922138, 0.0], [0.0, 0.0, 0.0, 1.0647508793804957e-07, 0.0, 0.0, 3.725290298461914e-09, 1.0, 0.0, 7.05689786100235e-08, 7.415667696167558e-08, 8.789134513694713e-08, 0.0, 0.0, 0.0, 0.0, 0.0, 7.030598704797145e-08, 2.2910634718886026e-08, 5.369688394313141e-08, 0.0, 0.0, 0.0, 0.0, 5.536645154762673e-08, 0.0, 1.415610313415527e-07, 0.0, 0.0, 7.397398428588465e-08, 3.7252902984619136e-09, 0.0, 4.568833283147936e-08, 0.0, 0.0, 0.0, 0.0, 0.0, 0.0, 1.8866162370188687e-07, 0.0, 2.551809124908875e-09, 0.0, 0.0, 7.037793012675494e-08, 0.0, 1.415610313415527e-07, 0.0, 0.0, 0.0, 0.0, 0.0, 0.0, 8.101864497789987e-08, 0.0, 3.7194079298564215e-08, 0.0, 0.0, 0.0, 1.415610313415527e-07, 0.0, 1.0929241838541027e-07, 0.0, 0.0, 2.700862033279821e-08, 0.0, 0.0, 0.0, 0.0, 6.790306365509016e-08, 0.0, 0.0, 0.0, 0.0, 0.0, 1.443742684263561e-07, 0.0, 0.0, 0.0, 0.0, 0.0, 5.58793544769287e-08, 4.745867548072845e-08, 0.0], [0.0, 9.706481013178183e-13, 0.0, 2.324336223167675e-12, 0.0, 0.0, 0.0, 0.0, 1.0, 1.2798016126780567e-12, 2.597407276601486e-13, 1.783077593307425e-12, 0.0, 0.0, 1.8603731492302724e-12, 0.0, 0.0, 1.3449340706827262e-12, 1.052460852906103e-12, 1.4891223359265698e-12, 0.0, 6.160852409059275e-14, 0.0, 0.0, 6.237479204345846e-14, 2.828259107461878e-14, 3.8659292075543915e-13, 1.4547013223810804e-12, 0.0, 9.448970769406134e-13, 0.0, 0.0, 0.0, 0.0, 0.0, 0.0, 0.0, 0.0, 0.0, 1.8001917259170428e-12, 0.0, 5.684341886080802e-14, 0.0, 2.4532283943945402e-14, 1.5432461542603777e-12, 3.632165029799649e-13, 0.0, 0.0, 0.0, 0.0, 6.82918180346492e-14, 0.0, 0.0, 4.4535336832766593e-13, 0.0, 1.9548670307158556e-12, 0.0, 0.0, 0.0, 0.0, 3.946199239059987e-14, 1.1998426554650749e-12, 0.0, 0.0, 0.0, 0.0, 0.0, 0.0, 0.0, 1.5408046190288418e-12, 0.0, 0.0, 0.0, 0.0, 0.0, 2.3819787816611385e-12, 0.0, 6.901715961473132e-13, 0.0, 0.0, 0.0, 0.0, 1.1178940792285704e-12, 0.0], [0.0, 1.6791528461707859e-12, 0.07252340338104474, 0.3509375352703951, 0.0, 0.060259978394661955, 0.10755929660239832, 7.05689786100235e-08, 1.2798016126780567e-12, 1.0, 0.0006835082921870408, 0.32174151172256227, 0.00012741139527096227, 0.02530551031809112, 5.21762965021478e-05, 0.0, 0.0020587745183387888, 0.6720365534413802, 2.1853765883347623e-06, 0.6346509252545061, 0.3704099807813453, 7.085634472464235e-05, 1.7892437888964717e-05, 0.0, 0.4550169019473025, 1.391671127059854e-14, 6.7049446472400295e-06, 0.24496254607665952, 0.0005006572938375012, 0.23472953644112174, 6.244176367946044e-05, 0.08189016868465135, 0.12406103237948281, 0.0040263509240306816, 0.0, 0.0, 1.8808616093426837e-07, 0.0017837738020551365, 0.03428805265374553, 0.5463155207373273, 0.09885889278074893, 0.10167724908201897, 3.137448576135857e-05, 1.4214859352147993e-14, 0.2118620577640287, 4.150711870074907e-05, 0.23679029866490187, 0.7535787572982995, 1.8251247525815367e-10, 0.0, 0.035944932114270405, 0.1818014898476442, 5.557984423333011e-20, 0.2827269809015428, 6.11662619789711e-13, 0.33224737235468366, 0.0, 0.36078979351451324, 0.0, 0.019994014497282515, 1.1249367467005044e-13, 0.20326357474645693, 0.0, 4.8102352972519285e-06, 0.13568861667975063, 2.707846687906274e-10, 0.00024414062500025365, 4.9486832230534813e-20, 0.0018605911659621503, 0.36145333613212405, 0.047323242797505174, 0.0, 4.51658607990123e-20, 3.42292265412696e-05, 0.0, 0.38531331138096847, 5.568837124085894e-09, 0.4560018261604075, 9.986400021330379e-20, 0.00485137033131923, 0.05846690067475739, 0.03558522864282444, 0.3241898213863243, 0.0], [0.0, 2.376455851935261e-13, 0.0, 0.0023316502333546032, 0.0, 0.001238208448643982, 0.000895900767188598, 7.415667696167558e-08, 2.597407276601486e-13, 0.0006835082921870408, 1.0, 7.612042392595732e-08, 6.526175863405621e-06, 0.0, 7.629399364760638e-06, 0.0, 0.0004861854460732772, 0.0014260008015961414, 3.1070417523702594e-08, 0.0011132774149375465, 9.125111651727476e-13, 7.049277324826597e-14, 0.0, 0.0, 0.0009881101363239217, 9.100448667416651e-15, 6.899936024936994e-08, 1.1480004543943504e-12, 0.0, 0.0005402871491808266, 0.0, 0.0004882812499999999, 2.9071457687318667e-08, 0.0, 0.0, 0.0, 0.0, 0.0010164384763018226, 0.0, 0.0005683569428756544, 9.094947017729282e-13, 7.629394588732327e-06, 0.0, 5.684341886080802e-14, 0.0006684796526455415, 5.952162601004141e-14, 0.0008126502165641772, 0.001158484968759455, 0.0, 0.0, 7.105427357601002e-14, 6.092853693307237e-16, 0.0, 0.0010988814640344633, 0.0, 0.0019218004156402485, 0.0, 0.0, 0.0, 6.89983799224392e-08, 2.459142337910557e-14, 0.000960323032251661, 0.0, 0.0, 0.0004883110523223875, 0.0, 1.6395111017865363e-16, 0.0, 0.0004882812499999999, 0.0010237603291704009, 8.659889418448751e-16, 0.0, 0.0, 7.629394531454167e-06, 0.0, 0.0008727666994017729, 0.0, 1.248568836690051e-13, 0.0, 0.0, 9.094947017729284e-13, 0.0004884151110138442, 0.0011812954179131702, 0.0], [0.0, 8.573309969763397e-13, 0.06900354368748027, 0.5374913415552478, 0.0, 0.01714395266230576, 0.21055723152542355, 8.789134513694713e-08, 1.783077593307425e-12, 0.32174151172256227, 7.612042392595732e-08, 1.0, 7.489446106286325e-05, 0.015624999999999995, 7.39770584975509e-05, 0.0, 0.0, 0.2517544145141668, 4.313520820122269e-06, 0.3672785556158489, 0.3479385647186777, 0.00010449933225074953, 1.5557555689250898e-05, 0.0, 0.22006613111204154, 2.2038551480492065e-14, 6.562273807534706e-06, 0.08736468141653464, 0.0, 0.5062722472454099, 0.00021077635043529737, 0.07444150983602718, 0.21074613935836664, 1.6156458894344074e-19, 0.0, 0.0, 4.7669830775012065e-07, 0.0, 0.018929828143913165, 0.40135134674192, 0.07740567172935166, 0.5552016287033017, 2.4815198895945367e-05, 1.3548838501924332e-11, 0.5478629604307177, 4.639123060068451e-05, 0.13879303723964853, 0.4551344108398722, 1.3451028842822775e-10, 0.0, 0.007312489011599583, 0.15165264684104401, 1.0792705346544689e-19, 0.2931288420178695, 3.667406897188983e-11, 0.48830690831621504, 0.0, 0.16396800441097967, 0.0, 0.014167002129612912, 6.818464622835818e-14, 0.4109259912073959, 0.0, 0.00012186687313996621, 0.20074980492167063, 1.9062189164446336e-10, 0.00022771016464396881, 1.8444925627925256e-19, 0.0, 0.3038341263000603, 0.1751077723804079, 0.0, 1.1946534508966658e-19, 1.570092588437851e-05, 0.0, 0.4749933280119879, 4.233751589589312e-09, 0.2045136114205327, 2.0687094551966005e-19, 0.002373948358712837, 0.05854024228068135, 0.007848141969229094, 0.42978216043002654, 0.0], [0.0, 0.0, 0.0, 8.13338808644302e-05, 0.0, 7.018789194802836e-05, 9.404185861772552e-06, 0.0, 0.0, 0.00012741139527096227, 6.526175863405621e-06, 7.489446106286325e-05, 1.0, 0.0, 3.356426135037704e-05, 0.0, 0.0, 8.228028140008412e-05, 8.012875224520829e-06, 0.00011910823772788818, 4.734031827663367e-05, 4.661647390016679e-07, 1.5505256588609506e-05, 0.0, 3.103606150091795e-05, 0.0, 6.689066278550261e-06, 2.5445748535315647e-19, 0.0, 9.124256184076679e-05, 3.516637937610058e-05, 2.2061671492519333e-06, 0.0, 0.0, 0.0, 0.0, 0.0, 0.0, 0.0, 7.812350379298451e-05, 0.0, 6.83654251617182e-05, 2.211266759028023e-05, 0.0, 9.91948587537297e-05, 3.9581428586466887e-05, 0.00011416806213315278, 3.516637937610058e-05, 0.0, 0.0, 0.0, 0.0, 1.0842021724855044e-19, 8.605739584554301e-05, 0.0, 5.442022649229382e-05, 0.0, 6.086075647223184e-20, 0.0, 7.889255892261011e-06, 5.421010862427521e-20, 0.00011283771141608821, 0.0, 2.8412259893885914e-05, 0.00018190934635398226, 0.0, 0.0, 5.4210108624275216e-20, 0.0, 8.305192934140865e-05, 0.0, 0.0, 1.0842021724855044e-19, 3.707982965363938e-05, 0.0, 0.00019977250360175673, 0.0, 5.4210108624275216e-20, 1.2201809249125298e-19, 3.516637937610058e-05, 0.0, 5.565694098428618e-05, 7.423042088931938e-05, 0.0], [0.0, 0.0, 0.0625, 0.01748455554689974, 0.0, 0.015624999999999995, 0.0, 0.0, 0.0, 0.02530551031809112, 0.0, 0.015624999999999995, 0.0, 1.0, 0.0, 0.0, 0.0, 0.04820186795498117, 0.0, 0.054220476077231815, 0.0, 0.0, 0.0, 0.0, 0.0, 0.0, 0.0, 0.0, 0.0, 0.05468750000000001, 0.0, 0.02116996676704635, 0.018757657749961906, 0.0, 0.0, 0.0, 0.0, 0.0, 0.015624999999999998, 0.06168024682943423, 0.022735401164642247, 0.0, 0.0, 0.0, 0.062351207046248504, 0.0, 0.0, 0.020437717852513703, 0.0, 0.0, 0.0, 0.0, 0.0, 0.016088488384574027, 0.0, 0.01529062788246881, 0.0, 0.0, 0.0, 0.0, 0.0, 0.002005146911178115, 0.0, 0.0, 0.0, 0.0, 0.0, 0.0, 0.0, 0.015624999999999995, 0.01828545613867348, 0.0, 0.0, 0.0, 0.0, 0.049029033784546004, 0.0, 0.015624999999999995, 0.0, 0.0, 0.03827327723098716, 0.0, 0.024000768036865964, 0.0], [0.0, 6.21018503082089e-13, 0.0, 0.0001319440657696447, 0.0, 0.0001154708957320906, 1.9591077577364978e-06, 0.0, 1.8603731492302724e-12, 5.21762965021478e-05, 7.629399364760638e-06, 7.39770584975509e-05, 3.356426135037704e-05, 0.0, 1.0, 0.0, 0.0, 0.00017958864602456688, 3.448974471762216e-06, 8.09566979797313e-05, 3.014186802372957e-12, 8.569414506097998e-05, 1.6388900593357979e-06, 0.0, 4.060220004197497e-06, 3.041559214595074e-16, 3.4646938581003264e-06, 1.699832117696658e-11, 0.0, 6.387811287653442e-06, 7.237879166034804e-05, 3.814697265635408e-06, 0.0, 0.0, 0.0, 0.0, 0.0, 0.0, 7.237879166034803e-05, 0.00011505223144003986, 5.31913621408941e-12, 1.653985993651638e-05, 3.2004839189469684e-06, 1.0408340855860841e-17, 3.1278222172806697e-05, 4.557666870930701e-13, 0.00014596871055428626, 0.0001773304097201223, 1.1035509019159211e-10, 0.0, 0.00010856818749052207, 7.237892823611676e-05, 0.0, 4.5862595347143006e-05, 1.4551915228366852e-11, 8.982935740048663e-05, 0.0, 3.4694469519536134e-18, 0.0, 1.9073486328124998e-06, 0.0, 0.0002282696177203035, 0.0, 0.0, 2.603361251959518e-05, 1.1641532182693484e-10, 2.412626388699311e-05, 0.0, 0.0, 0.00026844701054300657, 1.2668482670153227e-10, 0.0, 0.0, 1.1444091797030319e-05, 0.0, 0.00022088634191203368, 1.1641532182693481e-10, 2.4153915030036466e-12, 0.0, 2.4126263886782677e-05, 5.319134913046803e-12, 0.00010371280447620283, 0.0001943819863078973, 0.0], [0.0, 0.0, 0.0, 0.0, 0.0, 0.0, 0.0, 0.0, 0.0, 0.0, 0.0, 0.0, 0.0, 0.0, 0.0, 1.0, 0.0, 0.0, 0.0, 0.0, 0.0, 0.0, 0.0, 0.0, 0.0, 0.0, 0.0, 0.0, 0.0, 0.0, 0.0, 0.0, 0.0, 0.0, 0.0, 0.0, 0.0, 0.0, 0.0, 0.0, 0.0, 0.0, 0.0, 0.0, 0.0, 0.0, 0.0, 0.0, 0.0, 0.0, 0.0, 0.0, 0.0, 0.0, 0.0, 0.0, 0.0, 0.0, 0.0, 0.0, 0.0, 0.0, 0.0, 0.0, 0.0, 0.0, 0.0, 0.0, 0.0, 0.0, 0.0, 0.0, 0.0, 0.0, 0.0, 0.0, 0.0, 0.0, 0.0, 0.0, 0.0, 0.0, 0.0, 0.0], [0.0, 0.0, 0.0, 0.0020128393682474835, 0.0, 0.000899855312075647, 0.0005144542922641005, 0.0, 0.0, 0.0020587745183387888, 0.0004861854460732772, 0.0, 0.0, 0.0, 0.0, 0.0, 1.0, 0.0020988809015501553, 0.0, 0.0003036859619021756, 0.0, 0.0, 0.0, 0.0, 0.0028775801795359124, 0.0, 0.0, 0.0, 0.0, 0.0015929923140982486, 0.0, 0.0, 0.0, 0.002392079826936697, 0.0, 0.0, 0.0, 0.0025914198125147558, 0.0015947198846244651, 0.0016134418842861003, 0.0, 0.0, 0.0, 0.0, 0.0021879376312937656, 0.0, 0.0005770245626348329, 0.0020258509849816328, 0.0, 0.0, 0.0015947198846244647, 0.0, 0.0, 0.0007288313380383911, 0.0, 0.0006755881211287847, 0.0, 0.0, 0.0, 0.0023920798269366976, 0.0, 0.002136061846421468, 0.0, 0.0, 0.0023920798269366976, 0.0, 0.0, 0.0, 0.0, 0.0017779961259757012, 0.0, 0.0, 0.0, 0.0, 0.0, 0.002712960178596193, 0.0, 0.0, 0.0, 0.0012307149176027429, 0.0023920798269366976, 0.001594719884624465, 0.0032493497544089202, 0.0], [0.0, 6.349493034105519e-13, 0.17568159820669993, 0.3746390353518114, 0.0, 0.0450422370582175, 0.23839460902647613, 7.030598704797145e-08, 1.3449340706827262e-12, 0.6720365534413802, 0.0014260008015961414, 0.2517544145141668, 8.228028140008412e-05, 0.04820186795498117, 0.00017958864602456688, 0.0, 0.0020988809015501553, 1.0, 8.317947064314994e-06, 0.7817403886004994, 0.25825950252526836, 0.00010619483162786212, 4.4626043072348954e-05, 0.0, 0.5221383014008933, 7.243701448788307e-15, 4.884970468259285e-06, 0.17085028737224756, 0.003876694089889337, 0.42097578878289527, 0.00018501392487095924, 0.13638855207975956, 0.13154239529571618, 0.00024447729689198246, 0.0, 0.0, 1.007896034473859e-06, 0.004105060818395781, 0.015182653549307736, 0.6026508102659766, 0.13167196634274403, 0.30565688910177885, 4.8746443026887525e-05, 2.0317397578520508e-11, 0.23529446903059187, 4.0667759687148883e-05, 0.26709410439444237, 0.5838676307954884, 3.3468179105205823e-10, 0.0, 0.02374765093942665, 0.08487461502171023, 1.1966752676901825e-19, 0.39507037308118753, 1.287337708242387e-11, 0.4689191786462557, 0.0, 0.18768470021463077, 0.0, 0.0063439841697107355, 6.467816581895526e-14, 0.36472327419149037, 0.0, 7.252292774866631e-05, 0.2200184911936679, 3.9393721165015074e-10, 6.604766238170694e-05, 1.5069194785367786e-19, 0.00028028470333744655, 0.24241958569413763, 0.09779142785408979, 0.0, 1.4522879054600233e-19, 5.4080951367652325e-05, 0.0, 0.511484564671951, 4.1703326144401685e-09, 0.4769763194031729, 1.6473888950995598e-19, 0.006555930398365051, 0.052833654203944064, 0.009759939070006003, 0.35086215762382883, 0.0], [0.0, 1.098162132492475e-12, 0.0, 7.770786667174278e-06, 0.0, 0.0, 2.6626715869754135e-06, 2.2910634718886026e-08, 1.052460852906103e-12, 2.1853765883347623e-06, 3.1070417523702594e-08, 4.313520820122269e-06, 8.012875224520829e-06, 0.0, 3.448974471762216e-06, 0.0, 0.0, 8.317947064314994e-06, 1.0, 2.268929580860229e-06, 3.4673405682332276e-12, 2.2897531492223752e-06, 1.995923782629335e-06, 0.0, 1.5161825728845737e-06, 0.0, 3.3282029165447664e-06, 6.522704470844177e-11, 0.0, 6.800134993513267e-06, 5.587935447692871e-09, 1.917535476103847e-06, 1.4943497409821334e-07, 3.388131789017201e-21, 0.0, 0.0, 8.978956996583515e-08, 0.0, 0.0, 7.779047542463184e-06, 8.832191339657026e-12, 8.275640593706015e-06, 3.5591671678994234e-06, 8.773362835834348e-13, 8.200973418061857e-06, 2.089245286491903e-07, 2.227578883712733e-06, 5.295202650642306e-15, 0.0, 0.0, 0.0, 7.098607673375313e-15, 3.5882373289450663e-20, 1.0606789048537944e-05, 1.4551915228366852e-11, 3.277065357419915e-06, 0.0, 8.970747318444355e-08, 0.0, 8.315408739843435e-06, 5.421010862427523e-20, 5.139317869106313e-06, 0.0, 8.245673187720177e-20, 1.996350515560255e-06, 2.2654871030645062e-10, 0.0, 5.421010862427522e-20, 0.0, 4.3709915168522755e-06, 1.5283256577930547e-16, 0.0, 4.6493646909299516e-20, 0.0, 0.0, 5.027454732737538e-06, 4.7683686011825425e-09, 2.111919635335793e-09, 8.835792904539011e-20, 0.0, 8.832191341351092e-12, 9.425451787417319e-06, 9.5198277106145e-06, 0.0], [0.0, 6.705499642482317e-13, 0.1354736709747596, 0.6139360942958665, 0.0, 0.03311111301632961, 0.27787632852083066, 5.369688394313141e-08, 1.4891223359265698e-12, 0.6346509252545061, 0.0011132774149375465, 0.3672785556158489, 0.00011910823772788818, 0.054220476077231815, 8.09566979797313e-05, 0.0, 0.0003036859619021756, 0.7817403886004994, 2.268929580860229e-06, 1.0, 0.21576573982304048, 2.746024252053143e-05, 3.246055185425256e-05, 0.0, 0.5545266315662949, 4.629824395994027e-15, 6.650498094977689e-06, 0.18289073800943287, 0.011739111154930187, 0.5014736716745316, 8.920443976433283e-05, 0.10436456818003068, 0.22106005045369664, 0.001594267328298263, 0.0, 0.0, 2.7933354422516957e-07, 0.004040911218936475, 0.01179090722547994, 0.3536286101861072, 0.13154815327995556, 0.4406547415232416, 4.752321984572088e-05, 9.405061188476452e-12, 0.49711539668226745, 1.930522892223795e-05, 0.4157908346533997, 0.401303966135855, 2.6515875837701994e-10, 0.0, 0.03287354296485529, 0.1092722288551483, 2.835557972001712e-20, 0.28250866063274865, 1.798236187933554e-11, 0.3157828698037007, 0.0, 0.41014757606692476, 0.0, 0.016117733140250654, 7.577165774659258e-14, 0.5892165971421668, 0.0, 4.696105358756662e-05, 0.206438728526933, 3.982000390070713e-10, 0.00020112688118949283, 3.82763076130818e-20, 0.000519151577273878, 0.4768989640602016, 0.14386470611569113, 0.0, 2.7120327883046767e-20, 4.89646313554507e-05, 0.0, 0.49897596726438376, 1.6195231416554805e-09, 0.5960409293388059, 1.1809000069706323e-19, 0.007518121135748478, 0.023626559854069924, 0.018846545660615485, 0.23047674924236916, 0.0], [0.0, 3.6643443701890737e-16, 0.0, 0.12503186870187666, 0.0, 6.168104890623919e-05, 0.0, 0.0, 0.0, 0.3704099807813453, 9.125111651727476e-13, 0.3479385647186777, 4.734031827663367e-05, 0.0, 3.014186802372957e-12, 0.0, 0.0, 0.25825950252526836, 3.4673405682332276e-12, 0.21576573982304048, 1.0, 4.572802051291127e-15, 0.0, 0.0, 0.17667168982536, 1.939050202094282e-17, 9.094947017729282e-13, 9.105224292076517e-13, 0.0, 0.19427158768380712, 6.295295692497514e-06, 1.734723475976807e-18, 0.0, 0.0, 0.0, 0.0, 0.0, 0.0, 0.0, 0.3236465437191988, 2.7284841053187847e-12, 0.15018087261785534, 3.8146972656249996e-06, 5.204170427930421e-18, 0.14168490267718298, 1.1965338803725528e-15, 0.05511152124651904, 0.38974365412709966, 0.0, 0.0, 0.0, 2.1986066221134446e-15, 0.0, 0.12927386130214058, 0.0, 0.3426858242039207, 0.0, 0.1393466028583235, 0.0, 4.440892098500627e-16, 5.421010862427522e-20, 0.1547413409524206, 0.0, 8.629880268503864e-06, 3.7771774154985114e-05, 0.0, 0.0, 2.168404344971009e-19, 0.0, 1.2796697130416745e-05, 0.0, 0.0, 0.0, 0.0, 0.0, 0.009970241168127201, 0.0, 0.34081894940179297, 1.430556946449173e-19, 0.00011961061815745284, 2.7284841053187847e-12, 3.777177495561414e-05, 0.2382981628102876, 0.0], [0.0, 2.705310390847418e-14, 0.0, 0.00010879586537037379, 0.0, 0.00022975661269150838, 7.548596361312949e-06, 0.0, 6.160852409059275e-14, 7.085634472464235e-05, 7.049277324826597e-14, 0.00010449933225074953, 4.661647390016679e-07, 0.0, 8.569414506097998e-05, 0.0, 0.0, 0.00010619483162786212, 2.2897531492223752e-06, 2.746024252053143e-05, 4.572802051291127e-15, 1.0, 7.454394308344744e-07, 0.0, 6.71874031810579e-14, 1.0766786218783759e-14, 2.28975319583455e-06, 3.462379940958415e-14, 0.0, 0.00019949839122251466, 0.00024225728014647067, 0.0, 0.0, 0.0, 0.0, 0.0, 0.0, 0.0, 0.00024225728014647067, 0.0002064278022811287, 0.0, 2.9121346089570365e-06, 1.428381639016011e-06, 5.684341886080802e-14, 7.068245158884386e-05, 4.995474170241442e-15, 0.0001130963213527162, 4.615289090754161e-05, 0.0, 0.0, 0.00022662777821574792, 0.00024225728014975106, 2.3716922523120406e-20, 8.079636198069282e-05, 0.0, 0.0002428660804377124, 0.0, 0.0, 0.0, 2.289753143970755e-06, 9.812148873135005e-14, 8.608794784394195e-06, 0.0, 2.08140880290981e-21, 7.785623336592054e-05, 0.0, 7.033275875233988e-05, 0.0, 0.0, 7.262251195053361e-05, 8.659889418448753e-16, 0.0, 0.0, 6.515756674334592e-17, 0.0, 0.00011394405627331862, 0.0, 1.1769706840626833e-13, 0.0, 7.033275875220115e-05, 2.0814088029098095e-21, 0.00022183088949201553, 2.09671571391396e-05, 0.0], [0.0, 0.0, 0.0, 6.361466552188842e-05, 0.0, 0.0, 5.9412817675650055e-05, 0.0, 0.0, 1.7892437888964717e-05, 0.0, 1.5557555689250898e-05, 1.5505256588609506e-05, 0.0, 1.6388900593357979e-06, 0.0, 0.0, 4.4626043072348954e-05, 1.995923782629335e-06, 3.246055185425256e-05, 0.0, 7.454394308344744e-07, 1.0, 0.0, 1.5258789062499998e-05, 0.0, 1.9951705070174927e-06, 1.2814520523563605e-20, 0.0, 4.0751320129095416e-05, 0.0, 0.0, 0.0, 3.3881317890172014e-21, 0.0, 0.0, 0.0, 0.0, 0.0, 6.58899370172974e-05, 0.0, 6.181259697296265e-05, 6.834570766614722e-05, 0.0, 1.7887269986445926e-05, 3.35418502044378e-05, 1.5258789062500017e-05, 0.0, 0.0, 0.0, 0.0, 0.0, 3.388131789017201e-21, 2.366353946151039e-05, 0.0, 4.1663998396303515e-05, 0.0, 0.0, 0.0, 1.995170507017496e-06, 0.0, 3.22335008580027e-05, 0.0, 2.710505431213761e-20, 2.6229343053811834e-05, 0.0, 0.0, 0.0, 0.0, 2.8567515028029582e-05, 1.57075255470985e-20, 0.0, 2.1545599258782025e-20, 1.5258789062499998e-05, 0.0, 1.1857735468202121e-05, 3.483563786786809e-09, 2.3283064365386958e-10, 0.0, 0.0, 0.0, 5.463897806379771e-05, 1.455732769814188e-05, 0.0], [0.0, 0.0, 0.0, 0.0, 0.0, 0.0, 0.0, 0.0, 0.0, 0.0, 0.0, 0.0, 0.0, 0.0, 0.0, 0.0, 0.0, 0.0, 0.0, 0.0, 0.0, 0.0, 0.0, 1.0, 0.0, 0.0, 0.0, 0.0, 0.0, 0.0, 0.0, 0.0, 0.0, 0.0, 0.0, 0.0, 0.0, 0.0, 0.0, 0.0, 0.0, 0.0, 0.0, 0.0, 0.0, 0.0, 0.0, 0.0, 0.0, 0.0, 0.0, 0.0, 0.0, 0.0, 0.0, 0.0, 0.0, 0.0, 0.0, 0.0, 0.0, 0.0, 0.0, 0.0, 0.0, 0.0, 0.0, 0.0, 0.0, 0.0, 0.0, 0.0, 0.0, 0.0, 0.0, 0.0, 0.0, 0.0, 0.0, 0.0, 0.0, 0.0, 0.0, 0.0], [0.0, 5.1938738739310124e-15, 0.0, 0.21315412424266483, 0.0, 0.003429311121872623, 0.02814927232892225, 5.536645154762673e-08, 6.237479204345846e-14, 0.4550169019473025, 0.0009881101363239217, 0.22006613111204154, 3.103606150091795e-05, 0.0, 4.060220004197497e-06, 0.0, 0.0028775801795359124, 0.5221383014008933, 1.5161825728845737e-06, 0.5545266315662949, 0.17667168982536, 6.71874031810579e-14, 1.5258789062499998e-05, 0.0, 1.0, 2.6713702924639385e-14, 1.5641116170511511e-06, 0.06821433736050515, 0.0, 0.42257517606118955, 0.0, 0.0007334200926841271, 0.0446925084308298, 0.001953125, 0.0, 0.0, 1.0132789611816404e-06, 0.0026033525388018224, 0.0009765624999999999, 0.40783569231180317, 0.0, 0.35174979105862436, 1.5258789062499998e-05, 5.2428446464078735e-14, 0.24638572050459584, 3.379363652106523e-05, 0.45182138175547304, 0.38754575673309255, 0.0, 0.0, 0.0018310546875149793, 0.06821433736048269, 0.0, 0.23684213013582034, 0.0, 0.34373016847083643, 0.0, 0.46803660699971883, 0.0, 0.0009778209454279572, 3.149780649770225e-14, 0.3518460137986168, 0.0, 0.0, 0.25082456968349065, 0.0, 0.0, 0.0, 0.0014639604890939047, 0.5110958581376616, 0.04469215206376452, 0.0, 0.0, 8.990783183540442e-05, 0.0, 0.03379017857951129, 0.0, 0.2904732003516989, 0.0, 0.00033495817410646243, 0.0039062499999999996, 0.001732200746826482, 0.3544404378214579, 0.0], [0.0, 4.351167857633658e-15, 0.0, 1.2296804727166132e-14, 0.0, 0.0, 0.0, 0.0, 2.828259107461878e-14, 1.391671127059854e-14, 9.100448667416651e-15, 2.2038551480492065e-14, 0.0, 0.0, 3.041559214595074e-16, 0.0, 0.0, 7.243701448788307e-15, 0.0, 4.629824395994027e-15, 1.939050202094282e-17, 1.0766786218783759e-14, 0.0, 0.0, 2.6713702924639385e-14, 1.0, 0.0, 2.9297806263279067e-16, 0.0, 2.7326490051378738e-14, 0.0, 6.938893903907228e-18, 0.0, 0.0, 0.0, 0.0, 0.0, 0.0, 0.0, 9.237229279360465e-15, 0.0, 1.1095510720736468e-16, 0.0, 1.4034885828516165e-17, 1.3363110602048398e-14, 0.0, 2.1757044697997638e-16, 1.2097034940434719e-16, 0.0, 0.0, 0.0, 0.0, 0.0, 9.131609152532332e-15, 0.0, 1.0742966259322521e-14, 0.0, 5.623238883652366e-18, 0.0, 0.0, 1.3026616822268503e-14, 1.8849761553140948e-14, 0.0, 0.0, 0.0, 0.0, 3.289052603662221e-16, 0.0, 0.0, 1.8161186862345034e-14, 0.0, 0.0, 0.0, 2.5812303300903995e-16, 0.0, 2.4508980694059664e-14, 0.0, 1.6026571199482508e-16, 0.0, 0.0, 0.0, 4.0263374375347016e-16, 2.1980304382052443e-14, 0.0], [0.0, 2.4238627548889844e-13, 0.0, 7.971465339905307e-06, 0.0, 0.0, 3.1550541175154204e-06, 1.415610313415527e-07, 3.8659292075543915e-13, 6.7049446472400295e-06, 6.899936024936994e-08, 6.562273807534706e-06, 6.689066278550261e-06, 0.0, 3.4646938581003264e-06, 0.0, 0.0, 4.884970468259285e-06, 3.3282029165447664e-06, 6.650498094977689e-06, 9.094947017729282e-13, 2.28975319583455e-06, 1.9951705070174927e-06, 0.0, 1.5641116170511511e-06, 0.0, 1.0, 4.367309799464136e-12, 0.0, 5.2098705776836074e-06, 0.0, 3.1093766701515635e-06, 2.9802322387695306e-08, 0.0, 0.0, 0.0, 2.9802322387695307e-07, 0.0, 0.0, 8.579843927192703e-06, 9.09494701772928e-13, 5.953627488531816e-06, 4.728026109352302e-06, 1.4210854715202007e-14, 3.830601846295146e-06, 5.960496673524857e-08, 2.7310124570270114e-06, 0.0, 0.0, 0.0, 7.105427357601e-14, 0.0, 0.0, 7.138429125844069e-06, 0.0, 3.5046005774688613e-06, 0.0, 5.960464477539061e-08, 0.0, 3.0810174525109324e-06, 1.1286431047160519e-13, 1.0845980331607696e-05, 0.0, 0.0, 1.9669532775878906e-06, 0.0, 0.0, 0.0, 0.0, 1.3322692007871421e-05, 0.0, 0.0, 0.0, 0.0, 0.0, 1.1856886304788814e-05, 0.0, 1.0059629648617178e-12, 0.0, 0.0, 9.094947017729281e-13, 4.552563183577706e-06, 4.8730335899235475e-06, 0.0], [0.0, 1.6698295791251147e-12, 0.0, 0.2471080408411239, 0.0, 0.0, 0.10418669679216026, 0.0, 1.4547013223810804e-12, 0.24496254607665952, 1.1480004543943504e-12, 0.08736468141653464, 2.5445748535315647e-19, 0.0, 1.699832117696658e-11, 0.0, 0.0, 0.17085028737224756, 6.522704470844177e-11, 0.18289073800943287, 9.105224292076517e-13, 3.462379940958415e-14, 1.2814520523563605e-20, 0.0, 0.06821433736050515, 2.9297806263279067e-16, 4.367309799464136e-12, 1.0, 0.0, 0.08068715314318642, 0.0, 0.0, 0.06249999999999999, 1.6704639827662873e-19, 0.0, 0.0, 0.0, 0.0, 0.0, 0.06124736801524932, 9.09494701772928e-13, 0.06250000000007705, 0.0, 9.664909974132986e-12, 0.06637597823337951, 7.67484552963664e-12, 1.9159008283347305e-15, 0.24299114469832317, 0.0, 0.0, 8.426120895866512e-14, 0.06250000000000698, 7.816266859055682e-20, 0.08298990775427846, 1.4551915228366852e-11, 0.02281996440677611, 0.0, 6.070418107396422e-20, 0.0, 2.2216643324176075e-16, 7.383050228166834e-14, 0.08531477336385315, 0.0, 2.282408592908995e-19, 0.062499999999999986, 0.0, 4.395467474552426e-16, 6.635942578326709e-20, 0.0, 0.04441570723975914, 0.06250000000000086, 0.0, 6.697291284951177e-20, 4.3983552263934753e-16, 0.0, 0.10746794593333901, 0.0, 0.04532828911002355, 1.112124391475132e-19, 0.0, 9.094947058137693e-13, 4.5123701309752623e-11, 0.1262799775541927, 0.0], [0.0, 0.0, 0.0, 0.029466494863767765, 0.0, 0.010085894130748481, 0.0, 0.0, 0.0, 0.0005006572938375012, 0.0, 0.0, 0.0, 0.0, 0.0, 0.0, 0.0, 0.003876694089889337, 0.0, 0.011739111154930187, 0.0, 0.0, 0.0, 0.0, 0.0, 0.0, 0.0, 0.0, 1.0, 0.012757759076995721, 0.0, 0.0, 0.0078125, 0.0, 0.0, 0.0, 0.0, 0.0, 0.0, 0.01086063442525856, 0.005911562447994671, 0.0, 0.0, 0.0, 0.0, 0.0, 0.0, 0.008874403660110388, 0.0, 0.0, 0.011718750000000002, 0.004001152497902999, 0.0, 0.0, 0.0, 0.005032813024355997, 0.0, 0.0, 0.0, 0.0, 0.0, 0.006911341694760803, 0.0, 0.0, 0.0, 0.0, 0.0, 0.0, 0.0, 0.007812500000000002, 0.007812499999999999, 0.0, 0.0, 0.0, 0.0, 0.008994979674811604, 0.0, 0.0, 0.0, 0.0, 0.0, 0.0078125, 0.004347032820013029, 0.0], [0.0, 8.658430022864251e-13, 0.08912031579580745, 0.213966010358968, 0.0, 0.05408119835082131, 0.07546574663324335, 7.397398428588465e-08, 9.448970769406134e-13, 0.23472953644112174, 0.0005402871491808266, 0.5062722472454099, 9.124256184076679e-05, 0.05468750000000001, 6.387811287653442e-06, 0.0, 0.0015929923140982486, 0.42097578878289527, 6.800134993513267e-06, 0.5014736716745316, 0.19427158768380712, 0.00019949839122251466, 4.0751320129095416e-05, 0.0, 0.42257517606118955, 2.7326490051378738e-14, 5.2098705776836074e-06, 0.08068715314318642, 0.012757759076995721, 1.0, 0.0003086431923219201, 0.03990239267321968, 0.1655742320808452, 0.001077119644202881, 0.0, 0.0, 3.2792963434614853e-07, 0.002607532670801659, 0.02861387975529714, 0.31074869320545134, 0.10057799430173531, 0.2690785344830786, 4.500482674596332e-05, 1.770654972801699e-12, 0.37980681116767434, 3.5669103087553385e-06, 0.3216472262571643, 0.2649462961644956, 1.1035509019159211e-10, 0.0, 0.03563123255723, 0.12683133629804508, 8.451013606953758e-20, 0.4370776015568938, 1.6229073601564528e-11, 0.478105427113484, 0.0, 0.33009388073081486, 0.0, 0.01279925159673185, 6.715591234678754e-14, 0.36468279352668664, 0.0, 0.00011474632516136902, 0.37253743538418527, 2.4086853578333953e-10, 5.471165773215372e-16, 8.492772743274906e-20, 0.00041733708520106267, 0.4697241209140158, 0.04018594341169081, 0.0, 8.220638039881132e-20, 5.0536432383895444e-05, 0.0, 0.4122792715787239, 5.647204171684984e-09, 0.3917299782397704, 6.351972937419151e-20, 0.00583124488877877, 0.06428543802712179, 0.022926212140477974, 0.3460489050155039, 0.0], [0.0, 0.0, 0.0, 0.00015095102909581224, 0.0, 0.00026831191756168616, 2.2351741790771484e-08, 3.7252902984619136e-09, 0.0, 6.244176367946044e-05, 0.0, 0.00021077635043529737, 3.516637937610058e-05, 0.0, 7.237879166034804e-05, 0.0, 0.0, 0.00018501392487095924, 5.587935447692871e-09, 8.920443976433283e-05, 6.295295692497514e-06, 0.00024225728014647067, 0.0, 0.0, 0.0, 0.0, 0.0, 0.0, 0.0, 0.0003086431923219201, 1.0, 0.0, 1.4901161193847656e-08, 0.0, 0.0, 0.0, 0.0, 0.0, 0.000244140625, 0.00024122144390570713, 0.0, 3.0523145708545265e-05, 0.0, 0.0, 0.00010240323869856841, 0.0, 0.00014490861064218015, 7.1443803588248e-05, 0.0, 0.0, 0.000213623046875, 0.000244140625, 0.0, 9.942942329581549e-05, 0.0, 0.00026830077992965034, 0.0, 0.0, 0.0, 0.0, 0.0, 3.907010771662073e-05, 0.0, 0.00012186687313996594, 9.156949818134308e-05, 0.0, 6.1035156249999986e-05, 0.0, 0.0, 9.922195860764533e-05, 0.0, 0.0, 0.0, 0.0, 0.0, 0.00012939085675045493, 3.2195781899506146e-09, 7.4505805969238265e-09, 0.0, 9.1552734375e-05, 0.0, 0.00025753686832774884, 0.00010655800813940918, 0.0], [0.0, 0.0, 0.14616996676704636, 0.07408063715783433, 0.0, 0.015764608816361297, 0.12399869376203161, 0.0, 0.0, 0.08189016868465135, 0.0004882812499999999, 0.07444150983602718, 2.2061671492519333e-06, 0.02116996676704635, 3.814697265635408e-06, 0.0, 0.0, 0.13638855207975956, 1.917535476103847e-06, 0.10436456818003068, 1.734723475976807e-18, 0.0, 0.0, 0.0, 0.0007334200926841271, 6.938893903907228e-18, 3.1093766701515635e-06, 0.0, 0.0, 0.03990239267321968, 0.0, 1.0, 0.07885189630697496, 0.00024414062499999997, 0.0, 0.0, 5.960464477539063e-08, 0.0013291887767023836, 0.031754950150569526, 0.060902326528232034, 0.045947186366594034, 1.942362151074709e-06, 1.265504460710596e-06, 6.938893903907228e-18, 0.027131690010678472, 2.2749968519948189e-07, 0.12087751578505891, 0.02583603917160285, 0.0, 0.0, 0.000244140625, 0.031249999999999993, 0.0, 0.04768173978806999, 0.0, 0.0826964309372821, 0.0, 0.02441814579945303, 0.0, 5.364418029785156e-07, 0.0, 0.13885348918016194, 0.0, 0.0, 0.03320318460464477, 0.0, 0.0, 0.0, 0.002210446997123667, 0.0776022987013531, 0.04732576190164036, 0.0, 0.0, 0.0, 0.0, 0.03699519709258331, 0.0, 0.0765389781819115, 0.0, 0.0, 0.003841156774143762, 0.0007334351539611842, 0.1480550285248769, 0.0], [0.0, 0.0, 0.050007657749961895, 0.14038043259825925, 0.0, 0.018757657749961902, 0.2701660691651017, 4.568833283147936e-08, 0.0, 0.12406103237948281, 2.9071457687318667e-08, 0.21074613935836664, 0.0, 0.018757657749961906, 0.0, 0.0, 0.0, 0.13154239529571618, 1.4943497409821334e-07, 0.22106005045369664, 0.0, 0.0, 0.0, 0.0, 0.0446925084308298, 0.0, 2.9802322387695306e-08, 0.06249999999999999, 0.0078125, 0.1655742320808452, 1.4901161193847656e-08, 0.07885189630697496, 1.0, 0.0, 0.0, 0.0, 0.0, 0.0, 0.018757657749961902, 0.16223923548601876, 0.0926466473522019, 0.06250048240474175, 0.0, 0.0, 0.1958208290776856, 1.1920928955078124e-07, 0.04106581456791644, 0.16023243829585543, 0.0, 0.0, 0.027343749999999997, 0.10475316936923323, 0.0, 0.15254576294725963, 0.0, 0.1371118888930364, 0.0, 0.03346182182251502, 0.0, 2.9802322387695306e-08, 0.0, 0.05018691812619057, 0.0, 0.0, 0.1875000223517418, 0.0, 0.0, 0.0, 0.0, 0.15815996684717032, 0.318360068767188, 0.0, 0.0, 0.0, 0.0, 0.2348384804967597, 0.0, 0.15833734188644522, 0.0, 0.0, 0.01969143868164389, 0.031250044703483575, 0.18659479413006214, 0.0], [0.0, 0.0, 0.0, 0.001708984375, 0.0, 0.0013037582089159877, 0.0015223894094367463, 0.0, 0.0, 0.0040263509240306816, 0.0, 1.6156458894344074e-19, 0.0, 0.0, 0.0, 0.0, 0.002392079826936697, 0.00024447729689198246, 3.388131789017201e-21, 0.001594267328298263, 0.0, 0.0, 3.3881317890172014e-21, 0.0, 0.001953125, 0.0, 0.0, 1.6704639827662873e-19, 0.0, 0.001077119644202881, 0.0, 0.00024414062499999997, 0.0, 1.0, 0.0, 0.0, 0.0, 0.0015869140625000002, 0.0009765624999999999, 0.0005927635399288762, 0.0, 3.388131789017201e-21, 0.0, 0.0, 0.0013398326964258504, 3.345339349188546e-21, 0.0020751953125, 0.0012112196685849705, 0.0, 0.0, 0.0018310546874999996, 0.0, 3.3881317890172014e-21, 0.0009966999278902908, 0.0, 0.003276412070826332, 0.0, 0.0, 0.0, 0.00390625, 1.1453782670593492e-19, 0.003948030608598135, 0.0, 4.366399110679885e-19, 0.00390625, 0.0, 0.0, 0.0, 0.000975679239