"{\"names\": [\"172.217.10.1\", \"104.88.86.240\", \"38.93.140.48\", \"192.168.10.15\", \"104.88.108.223\", \"195.142.105.15\", \"172.217.12.163\", \"206.217.206.48\", \"172.217.6.228\", \"178.255.83.1\", \"74.119.118.82\", \"192.168.10.9\", \"172.217.7.6\", \"35.186.227.40\", \"31.13.71.36\", \"206.126.112.142\", \"151.101.2.49\", \"192.168.10.25\", \"172.217.3.98\", \"192.168.10.16\", \"72.30.202.150\", \"172.217.12.132\", \"50.31.164.173\", \"162.208.20.178\", \"23.15.4.16\", \"216.58.217.99\", \"172.217.6.198\", \"172.217.12.174\", \"169.46.44.40\", \"192.168.10.17\", \"52.84.143.130\", \"104.19.195.102\", \"216.200.232.61\", \"104.97.73.166\", \"152.163.13.79\", \"192.229.163.25\", \"74.119.118.86\", \"54.225.188.92\", \"188.165.145.88\", \"192.168.10.14\", \"8.43.72.98\", \"199.96.57.6\", \"68.67.178.110\", \"104.88.70.158\", \"192.168.10.19\", \"69.172.216.56\", \"157.240.18.35\", \"172.217.11.34\", \"185.54.150.20\", \"69.169.85.7\", \"198.232.124.194\", \"74.119.118.72\", \"172.217.12.134\", \"192.168.10.5\", \"23.111.9.30\", \"192.168.10.8\", \"151.101.66.2\", \"68.67.178.199\", \"213.239.195.215\", \"138.108.7.20\", \"52.84.145.87\", \"192.168.10.50\", \"52.84.145.198\", \"52.40.24.51\", \"212.77.100.137\", \"185.54.150.115\", \"172.217.10.138\", \"152.163.66.165\", \"52.84.137.78\", \"192.168.10.51\", \"68.67.178.109\", \"129.146.14.96\", \"54.152.24.232\", \"172.217.10.33\", \"52.8.229.108\", \"192.168.10.12\", \"64.147.131.201\", \"172.217.12.206\", \"68.67.180.12\", \"172.217.10.134\", \"38.69.238.16\", \"172.217.10.142\", \"192.168.10.3\", \"172.217.6.202\"], \"funcEdges\": [[1.0, 0.0, 0.0, 0.0, 0.0, 0.0, 0.0, 0.0, 0.0, 0.0, 0.0, 0.0, 0.0, 0.0, 0.0, 0.0, 0.0, 0.0, 0.0, 0.0, 0.0, 0.0, 0.0, 0.0, 0.0, 0.0, 0.0, 0.0, 0.0, 0.0, 0.0, 0.0, 0.0, 0.0, 0.0, 0.0, 0.0, 0.0, 0.0, 0.0, 0.0, 0.0, 0.0, 0.0, 0.0, 0.0, 0.0, 0.0, 0.0, 0.0, 0.0, 0.0, 0.0, 0.0, 0.0, 0.0, 0.0, 0.0, 0.0, 0.0, 0.0, 0.0, 0.0, 0.0, 0.0, 0.0, 0.0, 0.0, 0.0, 0.0, 0.0, 0.0, 0.0, 0.0, 0.0, 0.0, 0.0, 0.0, 0.0, 0.0, 0.0, 0.0, 0.0, 0.0], [0.0, 1.0, 0.0, 0.0, 0.0, 0.0, 0.0, 0.0, 0.0, 0.0, 0.0, 0.0, 0.0, 0.0, 0.0, 0.0, 0.0, 0.0, 0.0, 0.0, 0.0, 0.0, 0.0, 0.0, 0.0, 0.0, 0.0, 0.0, 0.0, 0.0, 0.0, 0.0, 0.0, 0.0, 0.0, 0.0, 0.0, 0.0, 0.0, 0.0, 0.0, 0.0, 0.0, 0.0, 0.0, 0.0, 0.0, 0.0, 0.0, 0.0, 0.0, 0.0, 0.0, 0.0, 0.0, 0.0, 0.0, 0.0, 0.0, 0.0, 0.0, 0.0, 0.0, 0.0, 0.0, 0.0, 0.0, 0.0, 0.0, 0.0, 0.0, 0.0, 0.0, 0.0, 0.0, 0.0, 0.0, 0.0, 0.0, 0.0, 0.0, 0.0, 0.0, 0.0], [0.0, 0.0, 1.0, 0.0, 0.0, 0.0, 0.0, 0.0, 0.0, 0.0, 0.0, 0.0, 0.0, 0.0, 0.0, 0.0, 0.0, 0.0, 0.0, 0.0, 0.0, 0.0, 0.0, 0.0, 0.0, 0.0, 0.0, 0.0, 0.0, 0.0, 0.0, 0.0, 0.0, 0.0, 0.0, 0.0, 0.0, 0.0, 0.0, 0.0, 0.0, 0.0, 0.0, 0.0, 0.0, 0.0, 0.0, 0.0, 0.0, 0.0, 0.0, 0.0, 0.0, 0.0, 0.0, 0.0, 0.0, 0.0, 0.0, 0.0, 0.0, 0.0, 0.0, 0.0, 0.0, 0.0, 0.0, 0.0, 0.0, 0.0, 0.0, 0.0, 0.0, 0.0, 0.0, 0.0, 0.0, 0.0, 0.0, 0.0, 0.0, 0.0, 0.0, 0.0], [0.0, 0.0, 0.0, 1.0, 0.0, 0.0, 0.0, 0.0, 0.0, 0.3954959917021891, 0.3210493444184691, 0.4238539460562685, 5.9807496946694575e-05, 0.0, 0.19810537262391298, 0.0, 0.0, 0.6904138777390485, 0.16497703287784096, 0.4579657233161173, 0.010840479383778379, 0.2251938868323299, 9.760686147139514e-06, 0.0, 0.0003744321747305673, 0.24411140057578373, 0.0, 0.4147205498779671, 0.0, 0.8418467142813776, 0.0, 0.002602244414807463, 0.0, 8.136379957986956e-05, 0.0, 0.0, 0.0, 0.0, 0.0, 0.8264037958990373, 0.0022202874277595895, 0.02039498906940552, 0.0, 0.005670477992498757, 0.7465655119753483, 7.160995790661788e-06, 0.24782196365186399, 0.043850646289282064, 0.0, 0.0, 0.0, 0.0, 5.902746688566246e-05, 0.3699361853736693, 0.0, 0.8255225281140677, 0.0, 0.0031681589052423996, 0.0, 0.0825135937512181, 0.00026635092161457686, 0.7210259473480696, 0.0, 0.00010947702825979191, 0.0, 0.0, 0.2476305333629323, 1.8052875675555318e-05, 0.0, 0.6654003187986658, 0.18909598048967918, 0.0, 8.511288066153099e-05, 0.24860517247756903, 0.0, 0.7837142485656787, 0.0, 0.19069910969795584, 1.7748215331718216e-05, 0.0, 2.5812433169735315e-07, 0.7923686950024018, 0.6159120398313552, 0.0], [0.0, 0.0, 0.0, 0.0, 1.0, 0.0, 0.0, 0.0, 0.0, 0.0, 0.0, 0.0, 0.0, 0.0, 0.0, 0.0, 0.0, 0.0, 0.0, 0.0, 0.0, 0.0, 0.0, 0.0, 0.0, 0.0, 0.0, 0.0, 0.0, 0.0, 0.0, 0.0, 0.0, 0.0, 0.0, 0.0, 0.0, 0.0, 0.0, 0.0, 0.0, 0.0, 0.0, 0.0, 0.0, 0.0, 0.0, 0.0, 0.0, 0.0, 0.0, 0.0, 0.0, 0.0, 0.0, 0.0, 0.0, 0.0, 0.0, 0.0, 0.0, 0.0, 0.0, 0.0, 0.0, 0.0, 0.0, 0.0, 0.0, 0.0, 0.0, 0.0, 0.0, 0.0, 0.0, 0.0, 0.0, 0.0, 0.0, 0.0, 0.0, 0.0, 0.0, 0.0], [0.0, 0.0, 0.0, 0.0, 0.0, 1.0, 0.0, 0.0, 0.0, 0.0, 0.0, 0.0, 0.0, 0.0, 0.0, 0.0, 0.0, 0.0, 0.0, 0.0, 0.0, 0.0, 0.0, 0.0, 0.0, 0.0, 0.0, 0.0, 0.0, 0.0, 0.0, 0.0, 0.0, 0.0, 0.0, 0.0, 0.0, 0.0, 0.0, 0.0, 0.0, 0.0, 0.0, 0.0, 0.0, 0.0, 0.0, 0.0, 0.0, 0.0, 0.0, 0.0, 0.0, 0.0, 0.0, 0.0, 0.0, 0.0, 0.0, 0.0, 0.0, 0.0, 0.0, 0.0, 0.0, 0.0, 0.0, 0.0, 0.0, 0.0, 0.0, 0.0, 0.0, 0.0, 0.0, 0.0, 0.0, 0.0, 0.0, 0.0, 0.0, 0.0, 0.0, 0.0], [0.0, 0.0, 0.0, 0.0, 0.0, 0.0, 1.0, 0.0, 0.0, 0.0, 0.0, 0.0, 0.0, 0.0, 0.0, 0.0, 0.0, 0.0, 0.0, 0.0, 0.0, 0.0, 0.0, 0.0, 0.0, 0.0, 0.0, 0.0, 0.0, 0.0, 0.0, 0.0, 0.0, 0.0, 0.0, 0.0, 0.0, 0.0, 0.0, 0.0, 0.0, 0.0, 0.0, 0.0, 0.0, 0.0, 0.0, 0.0, 0.0, 0.0, 0.0, 0.0, 0.0, 0.0, 0.0, 0.0, 0.0, 0.0, 0.0, 0.0, 0.0, 0.0, 0.0, 0.0, 0.0, 0.0, 0.0, 0.0, 0.0, 0.0, 0.0, 0.0, 0.0, 0.0, 0.0, 0.0, 0.0, 0.0, 0.0, 0.0, 0.0, 0.0, 0.0, 0.0], [0.0, 0.0, 0.0, 0.0, 0.0, 0.0, 0.0, 1.0, 0.0, 0.0, 0.0, 0.0, 0.0, 0.0, 0.0, 0.0, 0.0, 0.0, 0.0, 0.0, 0.0, 0.0, 0.0, 0.0, 0.0, 0.0, 0.0, 0.0, 0.0, 0.0, 0.0, 0.0, 0.0, 0.0, 0.0, 0.0, 0.0, 0.0, 0.0, 0.0, 0.0, 0.0, 0.0, 0.0, 0.0, 0.0, 0.0, 0.0, 0.0, 0.0, 0.0, 0.0, 0.0, 0.0, 0.0, 0.0, 0.0, 0.0, 0.0, 0.0, 0.0, 0.0, 0.0, 0.0, 0.0, 0.0, 0.0, 0.0, 0.0, 0.0, 0.0, 0.0, 0.0, 0.0, 0.0, 0.0, 0.0, 0.0, 0.0, 0.0, 0.0, 0.0, 0.0, 0.0], [0.0, 0.0, 0.0, 0.0, 0.0, 0.0, 0.0, 0.0, 1.0, 0.0, 0.0, 0.0, 0.0, 0.0, 0.0, 0.0, 0.0, 0.0, 0.0, 0.0, 0.0, 0.0, 0.0, 0.0, 0.0, 0.0, 0.0, 0.0, 0.0, 0.0, 0.0, 0.0, 0.0, 0.0, 0.0, 0.0, 0.0, 0.0, 0.0, 0.0, 0.0, 0.0, 0.0, 0.0, 0.0, 0.0, 0.0, 0.0, 0.0, 0.0, 0.0, 0.0, 0.0, 0.0, 0.0, 0.0, 0.0, 0.0, 0.0, 0.0, 0.0, 0.0, 0.0, 0.0, 0.0, 0.0, 0.0, 0.0, 0.0, 0.0, 0.0, 0.0, 0.0, 0.0, 0.0, 0.0, 0.0, 0.0, 0.0, 0.0, 0.0, 0.0, 0.0, 0.0], [0.0, 0.0, 0.0, 0.3954959917021891, 0.0, 0.0, 0.0, 0.0, 0.0, 1.0, 0.3365677053416609, 0.27907547342524675, 6.387387915992709e-05, 0.0, 0.17044518715794105, 0.0, 0.0, 0.4610044146361391, 0.5000979405919892, 0.47892113296549776, 0.00869400145525174, 0.32264714475679396, 2.2508520249301025e-05, 0.0, 0.00037682794586977025, 0.1777788237028579, 0.0, 0.219278260010224, 0.0, 0.28343541734047845, 0.0, 0.0022427958572312865, 0.0, 3.8535918566926816e-05, 0.0, 0.0, 0.0, 0.0, 0.0, 0.5073070074474281, 0.0008820630008904229, 0.021874020054866154, 0.0, 0.002254410182212869, 0.47046005052071116, 4.4239244972486376e-06, 0.2741059512473569, 0.04215136548525539, 0.0, 0.0, 0.0, 0.0, 3.128867072231696e-05, 0.20305096000642187, 0.0, 0.41023919130970254, 0.0, 0.007865101188130373, 0.0, 0.43754451896335694, 0.0001668364132416299, 0.49747197353197276, 0.0, 0.00010868891879416311, 0.0, 0.0, 0.14280211921632024, 2.7858609899147855e-05, 0.0, 0.5085293880094324, 0.0860403466761179, 0.0, 2.5426119233037435e-05, 0.07947720932017516, 0.0, 0.3019211976215428, 0.0, 0.14064012873839943, 5.621843426854526e-05, 0.0, 9.536743164062499e-07, 0.3113959159346207, 0.5176472316734733, 0.0], [0.0, 0.0, 0.0, 0.3210493444184691, 0.0, 0.0, 0.0, 0.0, 0.0, 0.3365677053416609, 1.0, 0.6789960422662633, 0.0, 0.0, 0.20277043160904562, 0.0, 0.0, 0.11380110850022383, 0.12499999999999997, 0.2782643581448848, 0.0, 0.601686152102495, 0.0, 0.0, 0.0, 0.1714121218244713, 0.0, 0.609549666900782, 0.0, 0.21666926462721284, 0.0, 0.0, 0.0, 0.0, 0.0, 0.0, 0.0, 0.0, 0.0, 0.2741377803229334, 0.0, 0.01667613348134878, 0.0, 0.0, 0.27078248998688187, 0.0, 0.5, 0.015625, 0.0, 0.0, 0.0, 0.0, 0.0, 0.1116101921414778, 0.0, 0.3752052687205749, 0.0, 0.0, 0.0, 0.12499999999999999, 0.0, 0.21693746113275864, 0.0, 0.0, 0.0, 0.0, 0.09229626983844545, 0.0, 0.0, 0.18064343291313983, 0.4875084344749437, 0.0, 0.0, 0.11493598465511726, 0.0, 0.29274989885804803, 0.0, 0.49999999999999994, 0.0, 0.0, 0.0, 0.24522298144108523, 0.4771445615418453, 0.0], [0.0, 0.0, 0.0, 0.4238539460562685, 0.0, 0.0, 0.0, 0.0, 0.0, 0.27907547342524675, 0.6789960422662633, 1.0, 8.851244958899415e-05, 0.0, 0.20260688978343133, 0.0, 0.0, 0.2743595129329515, 0.12839587867027522, 0.3483430436805869, 0.008393496287349499, 0.6436479270466906, 2.4108268378096717e-05, 0.0, 0.00020653265458404416, 0.3141840851727671, 0.0, 0.6480107850991412, 0.0, 0.2608298757723479, 0.0, 0.0028064864312284184, 0.0, 9.095277782024339e-05, 0.0, 0.0, 0.0, 0.0, 0.0, 0.2917067254860889, 0.00024414062499999997, 0.03540529152141557, 0.0, 0.004592078841198194, 0.326312483643683, 1.978240441138331e-05, 0.5454890765671061, 0.03840462527197042, 0.0, 0.0, 0.0, 0.0, 6.0757529721272775e-05, 0.2027034096274417, 0.0, 0.3788677497924967, 0.0, 0.007388423086683352, 0.0, 0.12182997966928143, 0.000264457851063343, 0.4412020342676706, 0.0, 0.00016059990562102003, 0.0, 0.0, 0.18146363638442511, 0.00010383570023100087, 0.0, 0.3571491818629977, 0.48736445261297634, 0.0, 6.725301045368877e-05, 0.12368690890631537, 0.0, 0.31609343495358194, 0.0, 0.5045905314196255, 0.0001164579891445154, 0.0, 1.5398000361285235e-06, 0.3156545569105202, 0.6233701518012119, 0.0], [0.0, 0.0, 0.0, 5.9807496946694575e-05, 0.0, 0.0, 0.0, 0.0, 0.0, 6.387387915992709e-05, 0.0, 8.851244958899415e-05, 1.0, 0.0, 0.0, 0.0, 0.0, 8.636728717530979e-05, 4.57763671875e-05, 6.194948106528209e-05, 3.051757812500001e-05, 0.0, 0.0, 0.0, 0.0, 0.0, 0.0, 0.00014324682952726361, 0.0, 4.062678854741774e-05, 0.0, 0.0, 0.0, 0.0, 0.0, 0.0, 0.0, 0.0, 0.0, 4.1297748320699665e-05, 0.0, 0.0, 0.0, 0.0, 8.955877397470168e-05, 0.0, 6.103515625e-05, 0.0, 0.0, 0.0, 0.0, 0.0, 6.103515625e-05, 9.340638937512481e-05, 0.0, 4.960880908383688e-05, 0.0, 3.426156002122873e-05, 0.0, 1.5258789062499997e-05, 3.0517578124999993e-05, 0.0001073737304560472, 0.0, 3.0517578125e-05, 0.0, 0.0, 0.0, 3.0517578124999997e-05, 0.0, 5.7081694920916375e-05, 0.0, 0.0, 6.103515625e-05, 0.0, 0.0, 5.201885188791175e-05, 0.0, 3.0517578124999997e-05, 6.86900794845082e-05, 0.0, 0.0, 0.0, 0.00011515159592362929, 0.0], [0.0, 0.0, 0.0, 0.0, 0.0, 0.0, 0.0, 0.0, 0.0, 0.0, 0.0, 0.0, 0.0, 1.0, 0.0, 0.0, 0.0, 0.0, 0.0, 0.0, 0.0, 0.0, 0.0, 0.0, 0.0, 0.0, 0.0, 0.0, 0.0, 0.0, 0.0, 0.0, 0.0, 0.0, 0.0, 0.0, 0.0, 0.0, 0.0, 0.0, 0.0, 0.0, 0.0, 0.0, 0.0, 0.0, 0.0, 0.0, 0.0, 0.0, 0.0, 0.0, 0.0, 0.0, 0.0, 0.0, 0.0, 0.0, 0.0, 0.0, 0.0, 0.0, 0.0, 0.0, 0.0, 0.0, 0.0, 0.0, 0.0, 0.0, 0.0, 0.0, 0.0, 0.0, 0.0, 0.0, 0.0, 0.0, 0.0, 0.0, 0.0, 0.0, 0.0, 0.0], [0.0, 0.0, 0.0, 0.19810537262391298, 0.0, 0.0, 0.0, 0.0, 0.0, 0.17044518715794105, 0.20277043160904562, 0.20260688978343133, 0.0, 0.0, 1.0, 0.0, 0.0, 0.16020027408440968, 0.0, 0.08175161345070642, 0.014502399496889966, 0.0773565934694095, 0.0, 0.0, 0.0, 0.17122456181844592, 0.0, 0.08333867367319804, 0.0, 0.19414945840117587, 0.0, 0.005859375, 0.0, 0.0, 0.0, 0.0, 0.0, 0.0, 0.0, 0.18361520571451995, 0.0007324218749999998, 0.00390625, 0.0, 0.005859374999999999, 0.12417776573856987, 0.0, 0.016316953396689034, 0.038039561095584595, 0.0, 0.0, 0.0, 0.0, 0.0, 0.21428685544111367, 0.0, 0.3466660994614045, 0.0, 0.0019531249999999996, 0.0, 0.0, 0.0, 0.14935438571561588, 0.0, 0.0, 0.0, 0.0, 0.11846119770095706, 0.0, 0.0, 0.12074245940041928, 0.0, 0.0, 0.0, 0.0874362541618293, 0.0, 0.04167495737787243, 0.0, 0.03748709337361511, 0.0, 0.0, 0.0, 0.07727389939875692, 0.13190109212401505, 0.0], [0.0, 0.0, 0.0, 0.0, 0.0, 0.0, 0.0, 0.0, 0.0, 0.0, 0.0, 0.0, 0.0, 0.0, 0.0, 1.0, 0.0, 0.0, 0.0, 0.0, 0.0, 0.0, 0.0, 0.0, 0.0, 0.0, 0.0, 0.0, 0.0, 0.0, 0.0, 0.0, 0.0, 0.0, 0.0, 0.0, 0.0, 0.0, 0.0, 0.0, 0.0, 0.0, 0.0, 0.0, 0.0, 0.0, 0.0, 0.0, 0.0, 0.0, 0.0, 0.0, 0.0, 0.0, 0.0, 0.0, 0.0, 0.0, 0.0, 0.0, 0.0, 0.0, 0.0, 0.0, 0.0, 0.0, 0.0, 0.0, 0.0, 0.0, 0.0, 0.0, 0.0, 0.0, 0.0, 0.0, 0.0, 0.0, 0.0, 0.0, 0.0, 0.0, 0.0, 0.0], [0.0, 0.0, 0.0, 0.0, 0.0, 0.0, 0.0, 0.0, 0.0, 0.0, 0.0, 0.0, 0.0, 0.0, 0.0, 0.0, 1.0, 0.0, 0.0, 0.0, 0.0, 0.0, 0.0, 0.0, 0.0, 0.0, 0.0, 0.0, 0.0, 0.0, 0.0, 0.0, 0.0, 0.0, 0.0, 0.0, 0.0, 0.0, 0.0, 0.0, 0.0, 0.0, 0.0, 0.0, 0.0, 0.0, 0.0, 0.0, 0.0, 0.0, 0.0, 0.0, 0.0, 0.0, 0.0, 0.0, 0.0, 0.0, 0.0, 0.0, 0.0, 0.0, 0.0, 0.0, 0.0, 0.0, 0.0, 0.0, 0.0, 0.0, 0.0, 0.0, 0.0, 0.0, 0.0, 0.0, 0.0, 0.0, 0.0, 0.0, 0.0, 0.0, 0.0, 0.0], [0.0, 0.0, 0.0, 0.6904138777390485, 0.0, 0.0, 0.0, 0.0, 0.0, 0.4610044146361391, 0.11380110850022383, 0.2743595129329515, 8.636728717530979e-05, 0.0, 0.16020027408440968, 0.0, 0.0, 1.0, 0.1730529922329097, 0.38012455303200915, 0.008351151412428499, 0.1866493976923298, 2.16514106426905e-05, 0.0, 0.0001880226090521979, 0.2357545323567357, 0.0, 0.18750631706459675, 0.0, 0.6955961808572478, 0.0, 0.0032260953398381884, 0.0, 0.00011707612730498711, 0.0, 0.0, 0.0, 0.0, 0.0, 0.7896843932129638, 0.001012553063693826, 0.0276347491209156, 0.0, 0.004261789583238015, 0.6985099954489353, 9.73964416806835e-06, 0.1721638861280506, 0.047825917590643724, 0.0, 0.0, 0.0, 0.0, 6.736682862066243e-05, 0.19843820230214898, 0.0, 0.6617439141190007, 0.0, 0.001937726692297352, 0.0, 0.14837267152263872, 6.041604116345941e-05, 0.926925982865142, 0.0, 0.00019153101164842652, 0.0, 0.0, 0.15326374059667774, 8.483202502519473e-05, 0.0, 0.7106624659450878, 0.0850292099361088, 0.0, 8.175654087330549e-05, 0.1245342445462619, 0.0, 0.7843700967341256, 0.0, 0.07055219508224639, 9.273975017630838e-05, 0.0, 6.914392770581492e-07, 0.7010905445592961, 0.46072727788546763, 0.0], [0.0, 0.0, 0.0, 0.16497703287784096, 0.0, 0.0, 0.0, 0.0, 0.0, 0.5000979405919892, 0.12499999999999997, 0.12839587867027522, 4.57763671875e-05, 0.0, 0.0, 0.0, 0.0, 0.1730529922329097, 1.0, 0.34513079821625486, 3.0517578125e-05, 0.12500860448530218, 1.1898441596101392e-05, 0.0, 0.0, 0.0, 0.0, 0.1250913136248859, 0.0, 0.027683679579980285, 0.0, 0.0, 0.0, 1.9073486328124998e-06, 0.0, 0.0, 0.0, 0.0, 0.0, 0.18764492956234308, 0.0, 1.607425497195549e-05, 0.0, 0.0, 0.11066689116158668, 1.8216293816302807e-05, 0.1250415383952689, 0.0, 0.0, 0.0, 0.0, 0.0, 2.019998037194238e-05, 6.216247644145735e-05, 0.0, 0.1876835473031265, 0.0, 3.426156002122874e-05, 0.0, 0.43756294250488276, 3.051757812500001e-05, 0.1882091158805892, 0.0, 4.641901336954435e-05, 0.0, 0.0, 0.0, 3.0517578125e-05, 0.0, 0.23575100194921103, 0.08603708578671962, 0.0, 2.617359636197709e-05, 0.0, 0.0, 0.20864822836020272, 0.0, 0.12503208054436576, 4.974109204050595e-05, 0.0, 9.5367431640625e-07, 0.18749999999999997, 0.3468448573961332, 0.0], [0.0, 0.0, 0.0, 0.4579657233161173, 0.0, 0.0, 0.0, 0.0, 0.0, 0.47892113296549776, 0.2782643581448848, 0.3483430436805869, 6.194948106528209e-05, 0.0, 0.08175161345070642, 0.0, 0.0, 0.38012455303200915, 0.34513079821625486, 1.0, 0.009543265343658857, 0.2666318609466746, 1.011575865436833e-05, 0.0, 0.0004112092457633775, 0.19160312729206935, 0.0, 0.2197557720625417, 0.0, 0.41315341512006276, 0.0, 0.002015518176350716, 0.0, 2.6936846506004037e-05, 0.0, 0.0, 0.0, 0.0, 0.0, 0.5313552452352837, 0.0015219609167875627, 0.01075175985422854, 0.0, 0.002684832665298198, 0.31966246556564426, 1.3050808579487415e-05, 0.18599569931982338, 0.0515742848220034, 0.0, 0.0, 0.0, 0.0, 1.5962772282617936e-05, 0.14827977345378474, 0.0, 0.5182271224387014, 0.0, 0.0019917484037877548, 0.0, 0.25885671469567584, 0.00012175001155063891, 0.4515193873673423, 0.0, 9.758298284796217e-05, 0.0, 0.0, 0.05843806895443305, 2.154764558792421e-05, 0.0, 0.44318010978547573, 0.217693702091189, 0.0, 1.5267387318531886e-05, 0.07321183287376024, 0.0, 0.49713698143604235, 0.0, 0.21903864193476313, 6.647876039193445e-05, 0.0, 2.3360154559928683e-06, 0.43622105833913327, 0.7135327345440257, 0.0], [0.0, 0.0, 0.0, 0.010840479383778379, 0.0, 0.0, 0.0, 0.0, 0.0, 0.00869400145525174, 0.0, 0.008393496287349499, 3.051757812500001e-05, 0.0, 0.014502399496889966, 0.0, 0.0, 0.008351151412428499, 3.0517578125e-05, 0.009543265343658857, 1.0, 0.0, 0.0, 0.0, 0.0, 0.010915882209505616, 0.0, 3.7357035653755205e-05, 0.0, 0.007769305202436511, 0.0, 0.0009765625, 0.0, 0.0, 0.0, 0.0, 0.0, 0.0, 0.0, 0.005115431187633902, 0.0, 0.0009765625, 0.0, 0.0029296875, 0.008957151870012666, 0.0, 0.0, 0.006841263491495953, 0.0, 0.0, 0.0, 0.0, 0.0, 0.006645866431135303, 0.0, 0.012936468791837115, 0.0, 0.0019873865600212284, 0.0, 0.0, 3.0517578125e-05, 0.009615496614176601, 0.0, 3.051757812500001e-05, 0.0, 0.0, 0.0, 0.0001220703125, 0.0, 0.007524881316573022, 0.0, 0.0, 0.0, 0.0, 0.0, 0.012695697054903005, 0.0, 0.003936767578125, 8.053319663700962e-05, 0.0, 0.0, 0.007856842337940257, 0.006946242130509915, 0.0], [0.0, 0.0, 0.0, 0.2251938868323299, 0.0, 0.0, 0.0, 0.0, 0.0, 0.32264714475679396, 0.601686152102495, 0.6436479270466906, 0.0, 0.0, 0.0773565934694095, 0.0, 0.0, 0.1866493976923298, 0.12500860448530218, 0.2666318609466746, 0.0, 1.0, 0.0, 0.0, 0.0, 0.10206207261596577, 0.0, 0.5673501470383867, 0.0, 0.1415276577002487, 0.0, 0.0, 0.0, 0.0, 0.0, 0.0, 0.0, 0.0, 0.0, 0.23892219193235087, 0.0, 1.709558593364569e-05, 0.0, 0.0, 0.2994281885371553, 5.722045898437499e-06, 0.5000085489412022, 0.0, 0.0, 0.0, 0.0, 0.0, 1.3351440429687498e-05, 0.06742580725777716, 0.0, 0.125001288718809, 0.0, 0.0, 0.0, 0.12499999999999999, 0.0, 0.3305607094744072, 0.0, 1.1717289886487862e-06, 0.0, 0.0, 0.07809163711239747, 0.0, 0.0, 0.29642784743791095, 0.4875084344749438, 0.0, 0.0, 0.036680449163212614, 0.0, 0.17004609996147033, 0.0, 0.5000018941455522, 0.0, 0.0, 1.171728988648786e-06, 0.22568035007892498, 0.4177380893174901, 0.0], [0.0, 0.0, 0.0, 9.760686147139514e-06, 0.0, 0.0, 0.0, 0.0, 0.0, 2.2508520249301025e-05, 0.0, 2.4108268378096717e-05, 0.0, 0.0, 0.0, 0.0, 0.0, 2.16514106426905e-05, 1.1898441596101392e-05, 1.011575865436833e-05, 0.0, 0.0, 1.0, 0.0, 0.0, 0.0, 0.0, 7.213933731856578e-06, 0.0, 2.683498022371615e-06, 0.0, 0.0, 0.0, 1.9073486328125e-06, 0.0, 0.0, 0.0, 0.0, 0.0, 4.264961199760035e-06, 0.0, 9.5367431640625e-06, 0.0, 0.0, 8.984397948976812e-07, 2.9851652764874684e-06, 9.960709074561097e-06, 0.0, 0.0, 0.0, 0.0, 0.0, 1.9073486328124998e-06, 3.051757812499999e-05, 0.0, 0.0, 0.0, 0.0, 0.0, 1.9073486328125e-06, 0.0, 2.0878443049242627e-05, 0.0, 1.52587890625e-05, 0.0, 0.0, 0.0, 0.0, 0.0, 5.948923848556573e-06, 8.842550775103169e-06, 0.0, 1.2129094099165595e-05, 0.0, 0.0, 3.752540144581921e-05, 0.0, 0.0, 0.0, 0.0, 0.0, 0.0, 2.220151701063231e-05, 0.0], [0.0, 0.0, 0.0, 0.0, 0.0, 0.0, 0.0, 0.0, 0.0, 0.0, 0.0, 0.0, 0.0, 0.0, 0.0, 0.0, 0.0, 0.0, 0.0, 0.0, 0.0, 0.0, 0.0, 1.0, 0.0, 0.0, 0.0, 0.0, 0.0, 0.0, 0.0, 0.0, 0.0, 0.0, 0.0, 0.0, 0.0, 0.0, 0.0, 0.0, 0.0, 0.0, 0.0, 0.0, 0.0, 0.0, 0.0, 0.0, 0.0, 0.0, 0.0, 0.0, 0.0, 0.0, 0.0, 0.0, 0.0, 0.0, 0.0, 0.0, 0.0, 0.0, 0.0, 0.0, 0.0, 0.0, 0.0, 0.0, 0.0, 0.0, 0.0, 0.0, 0.0, 0.0, 0.0, 0.0, 0.0, 0.0, 0.0, 0.0, 0.0, 0.0, 0.0, 0.0], [0.0, 0.0, 0.0, 0.0003744321747305673, 0.0, 0.0, 0.0, 0.0, 0.0, 0.00037682794586977025, 0.0, 0.00020653265458404416, 0.0, 0.0, 0.0, 0.0, 0.0, 0.0001880226090521979, 0.0, 0.0004112092457633775, 0.0, 0.0, 0.0, 0.0, 1.0, 0.0, 0.0, 0.0001239510355523935, 0.0, 0.0002512186305798469, 0.0, 0.0, 0.0, 0.0, 0.0, 0.0, 0.0, 0.0, 0.0, 0.0001993399855780581, 0.0, 0.0, 0.0, 0.0, 0.0002956174249723996, 0.0, 0.0, 0.0, 0.0, 0.0, 0.0, 0.0, 0.0, 2.2493879275713437e-05, 0.0, 0.0001589792129709278, 0.0, 0.0, 0.0, 0.0, 0.0, 0.0002251632148029601, 0.0, 0.0, 0.0, 0.0, 0.0, 0.0, 0.0, 1.0021166018906258e-05, 0.0, 0.0, 0.0, 0.0, 0.0, 0.00022495574436628437, 0.0, 0.00026737136550502124, 0.0, 0.0, 0.0, 0.0, 0.00015874591841948525, 0.0], [0.0, 0.0, 0.0, 0.24411140057578373, 0.0, 0.0, 0.0, 0.0, 0.0, 0.1777788237028579, 0.1714121218244713, 0.3141840851727671, 0.0, 0.0, 0.17122456181844592, 0.0, 0.0, 0.2357545323567357, 0.0, 0.19160312729206935, 0.010915882209505616, 0.10206207261596577, 0.0, 0.0, 0.0, 1.0, 0.0, 0.16493198671259574, 0.0, 0.22688706951419, 0.0, 0.00390625, 0.0, 0.0, 0.0, 0.0, 0.0, 0.0, 0.0, 0.08136793944098955, 0.0, 0.062462172434242624, 0.0, 0.007900938323436607, 0.11095428356557345, 0.0, 0.12248127299323174, 0.06810025256253709, 0.0, 0.0, 0.0, 0.0, 0.0, 0.247752180651226, 0.0, 0.33510867713141973, 0.0, 0.00316560206762901, 0.0, 0.0, 0.0, 0.23891416596662104, 0.0, 0.0, 0.0, 0.0, 0.18515720100318922, 0.0, 0.0, 0.19081192898024046, 0.0, 0.0, 0.0, 0.14531034940940682, 0.0, 0.10959171875092852, 0.0, 0.015530206405193179, 0.0, 0.0, 0.0, 0.2266626472918645, 0.23148263310317274, 0.0], [0.0, 0.0, 0.0, 0.0, 0.0, 0.0, 0.0, 0.0, 0.0, 0.0, 0.0, 0.0, 0.0, 0.0, 0.0, 0.0, 0.0, 0.0, 0.0, 0.0, 0.0, 0.0, 0.0, 0.0, 0.0, 0.0, 1.0, 0.0, 0.0, 0.0, 0.0, 0.0, 0.0, 0.0, 0.0, 0.0, 0.0, 0.0, 0.0, 0.0, 0.0, 0.0, 0.0, 0.0, 0.0, 0.0, 0.0, 0.0, 0.0, 0.0, 0.0, 0.0, 0.0, 0.0, 0.0, 0.0, 0.0, 0.0, 0.0, 0.0, 0.0, 0.0, 0.0, 0.0, 0.0, 0.0, 0.0, 0.0, 0.0, 0.0, 0.0, 0.0, 0.0, 0.0, 0.0, 0.0, 0.0, 0.0, 0.0, 0.0, 0.0, 0.0, 0.0, 0.0], [0.0, 0.0, 0.0, 0.4147205498779671, 0.0, 0.0, 0.0, 0.0, 0.0, 0.219278260010224, 0.609549666900782, 0.6480107850991412, 0.00014324682952726361, 0.0, 0.08333867367319804, 0.0, 0.0, 0.18750631706459675, 0.1250913136248859, 0.2197557720625417, 3.7357035653755205e-05, 0.5673501470383867, 7.213933731856578e-06, 0.0, 0.0001239510355523935, 0.16493198671259574, 0.0, 1.0, 0.0, 0.32243160443548236, 0.0, 0.0, 0.0, 9.403876212902608e-05, 0.0, 0.0, 0.0, 0.0, 0.0, 0.26785323342656364, 0.0, 3.1550080539120154e-05, 0.0, 0.0, 0.16980281013487, 7.922141418387224e-06, 0.500034527599107, 0.0, 0.0, 0.0, 0.0, 0.0, 4.4001670642339406e-05, 0.24931828052293403, 0.0, 0.2713490981823316, 0.0, 3.4173415908067046e-05, 0.0, 0.12506858324522824, 3.270918422300991e-05, 0.2592643340358682, 0.0, 0.0001284881811066521, 0.0, 0.0, 0.247442821006418, 3.735703565375522e-05, 0.0, 0.1169284166567642, 0.48751492303334976, 0.0, 3.770239816912224e-05, 0.2476053869828591, 0.0, 0.3161379064441797, 0.0, 0.500231221555439, 6.260703743796305e-05, 0.0, 2.2747913831959297e-06, 0.36859295133805037, 0.35073453175864017, 0.0], [0.0, 0.0, 0.0, 0.0, 0.0, 0.0, 0.0, 0.0, 0.0, 0.0, 0.0, 0.0, 0.0, 0.0, 0.0, 0.0, 0.0, 0.0, 0.0, 0.0, 0.0, 0.0, 0.0, 0.0, 0.0, 0.0, 0.0, 0.0, 1.0, 0.0, 0.0, 0.0, 0.0, 0.0, 0.0, 0.0, 0.0, 0.0, 0.0, 0.0, 0.0, 0.0, 0.0, 0.0, 0.0, 0.0, 0.0, 0.0, 0.0, 0.0, 0.0, 0.0, 0.0, 0.0, 0.0, 0.0, 0.0, 0.0, 0.0, 0.0, 0.0, 0.0, 0.0, 0.0, 0.0, 0.0, 0.0, 0.0, 0.0, 0.0, 0.0, 0.0, 0.0, 0.0, 0.0, 0.0, 0.0, 0.0, 0.0, 0.0, 0.0, 0.0, 0.0, 0.0], [0.0, 0.0, 0.0, 0.8418467142813776, 0.0, 0.0, 0.0, 0.0, 0.0, 0.28343541734047845, 0.21666926462721284, 0.2608298757723479, 4.062678854741774e-05, 0.0, 0.19414945840117587, 0.0, 0.0, 0.6955961808572478, 0.027683679579980285, 0.41315341512006276, 0.007769305202436511, 0.1415276577002487, 2.683498022371615e-06, 0.0, 0.0002512186305798469, 0.22688706951419, 0.0, 0.32243160443548236, 0.0, 1.0, 0.0, 0.0006780699399821517, 0.0, 2.5406955741320274e-05, 0.0, 0.0, 0.0, 0.0, 0.0, 0.6961716762808048, 0.0009221551520421494, 0.01445896952638248, 0.0, 0.0025008675135799385, 0.6702775787012165, 1.5441374131808345e-05, 0.17728753107776862, 0.04812039180217814, 0.0, 0.0, 0.0, 0.0, 4.757497716397492e-05, 0.3448375218967422, 0.0, 0.7879107297084341, 0.0, 0.002107090889491494, 0.0, 0.06815799275779715, 0.0001767162767490534, 0.6414030926695071, 0.0, 0.00017105671702825879, 0.0, 0.0, 0.307999251719187, 4.7810060202443967e-05, 0.0, 0.6232396856953987, 0.023924388949698658, 0.0, 4.627807801644549e-05, 0.24141022044248805, 0.0, 0.6916245800053176, 0.0, 0.11136671453235726, 3.5758428692535455e-05, 0.0, 1.3949387394782924e-06, 0.7533178574193112, 0.4414469448058369, 0.0], [0.0, 0.0, 0.0, 0.0, 0.0, 0.0, 0.0, 0.0, 0.0, 0.0, 0.0, 0.0, 0.0, 0.0, 0.0, 0.0, 0.0, 0.0, 0.0, 0.0, 0.0, 0.0, 0.0, 0.0, 0.0, 0.0, 0.0, 0.0, 0.0, 0.0, 1.0, 0.0, 0.0, 0.0, 0.0, 0.0, 0.0, 0.0, 0.0, 0.0, 0.0, 0.0, 0.0, 0.0, 0.0, 0.0, 0.0, 0.0, 0.0, 0.0, 0.0, 0.0, 0.0, 0.0, 0.0, 0.0, 0.0, 0.0, 0.0, 0.0, 0.0, 0.0, 0.0, 0.0, 0.0, 0.0, 0.0, 0.0, 0.0, 0.0, 0.0, 0.0, 0.0, 0.0, 0.0, 0.0, 0.0, 0.0, 0.0, 0.0, 0.0, 0.0, 0.0, 0.0], [0.0, 0.0, 0.0, 0.002602244414807463, 0.0, 0.0, 0.0, 0.0, 0.0, 0.0022427958572312865, 0.0, 0.0028064864312284184, 0.0, 0.0, 0.005859375, 0.0, 0.0, 0.0032260953398381884, 0.0, 0.002015518176350716, 0.0009765625, 0.0, 0.0, 0.0, 0.0, 0.00390625, 0.0, 0.0, 0.0, 0.0006780699399821517, 0.0, 1.0, 0.0, 0.0, 0.0, 0.0, 0.0, 0.0, 0.0, 0.0030163704165922203, 0.0004882812500000001, 0.00390625, 0.0, 0.00390625, 0.0009358945140405396, 0.0, 0.0, 0.001653946958881739, 0.0, 0.0, 0.0, 0.0, 0.0, 0.0027344595545186192, 0.0, 0.0015206534014633223, 0.0, 0.0, 0.0, 0.0, 0.0, 0.0020867160676448504, 0.0, 0.0, 0.0, 0.0, 0.0, 0.0, 0.0, 0.0008535205025199219, 0.0, 0.0, 0.0, 0.0, 0.0, 0.0030489425039339725, 0.0, 0.00048828125, 0.0, 0.0, 0.0, 0.0015306522089771374, 0.0049537184000140125, 0.0], [0.0, 0.0, 0.0, 0.0, 0.0, 0.0, 0.0, 0.0, 0.0, 0.0, 0.0, 0.0, 0.0, 0.0, 0.0, 0.0, 0.0, 0.0, 0.0, 0.0, 0.0, 0.0, 0.0, 0.0, 0.0, 0.0, 0.0, 0.0, 0.0, 0.0, 0.0, 0.0, 1.0, 0.0, 0.0, 0.0, 0.0, 0.0, 0.0, 0.0, 0.0, 0.0, 0.0, 0.0, 0.0, 0.0, 0.0, 0.0, 0.0, 0.0, 0.0, 0.0, 0.0, 0.0, 0.0, 0.0, 0.0, 0.0, 0.0, 0.0, 0.0, 0.0, 0.0, 0.0, 0.0, 0.0, 0.0, 0.0, 0.0, 0.0, 0.0, 0.0, 0.0, 0.0, 0.0, 0.0, 0.0, 0.0, 0.0, 0.0, 0.0, 0.0, 0.0, 0.0], [0.0, 0.0, 0.0, 8.136379957986956e-05, 0.0, 0.0, 0.0, 0.0, 0.0, 3.8535918566926816e-05, 0.0, 9.095277782024339e-05, 0.0, 0.0, 0.0, 0.0, 0.0, 0.00011707612730498711, 1.9073486328124998e-06, 2.6936846506004037e-05, 0.0, 0.0, 1.9073486328125e-06, 0.0, 0.0, 0.0, 0.0, 9.403876212902608e-05, 0.0, 2.5406955741320274e-05, 0.0, 0.0, 0.0, 1.0, 0.0, 0.0, 0.0, 0.0, 0.0, 6.177725073835568e-05, 0.0, 1.9073486328124998e-06, 0.0, 0.0, 0.0001579996315505104, 1.8832586308041742e-06, 7.496776178490597e-06, 0.0, 0.0, 0.0, 0.0, 0.0, 1.9073486328125e-06, 0.00011318601397161088, 0.0, 0.0, 0.0, 0.0, 0.0, 0.00023890911433407412, 6.447906420908437e-05, 5.808030847598085e-05, 0.0, 0.0002458064175976099, 0.0, 0.0, 0.0, 0.0, 0.0, 0.00012238762474363926, 0.0, 0.0, 0.0, 0.0, 0.0, 6.235193144199679e-05, 0.0, 8.506374402325363e-05, 0.0, 0.0, 0.0, 0.0, 4.623160838794272e-06, 0.0], [0.0, 0.0, 0.0, 0.0, 0.0, 0.0, 0.0, 0.0, 0.0, 0.0, 0.0, 0.0, 0.0, 0.0, 0.0, 0.0, 0.0, 0.0, 0.0, 0.0, 0.0, 0.0, 0.0, 0.0, 0.0, 0.0, 0.0, 0.0, 0.0, 0.0, 0.0, 0.0, 0.0, 0.0, 1.0, 0.0, 0.0, 0.0, 0.0, 0.0, 0.0, 0.0, 0.0, 0.0, 0.0, 0.0, 0.0, 0.0, 0.0, 0.0, 0.0, 0.0, 0.0, 0.0, 0.0, 0.0, 0.0, 0.0, 0.0, 0.0, 0.0, 0.0, 0.0, 0.0, 0.0, 0.0, 0.0, 0.0, 0.0, 0.0, 0.0, 0.0, 0.0, 0.0, 0.0, 0.0, 0.0, 0.0, 0.0, 0.0, 0.0, 0.0, 0.0, 0.0], [0.0, 0.0, 0.0, 0.0, 0.0, 0.0, 0.0, 0.0, 0.0, 0.0, 0.0, 0.0, 0.0, 0.0, 0.0, 0.0, 0.0, 0.0, 0.0, 0.0, 0.0, 0.0, 0.0, 0.0, 0.0, 0.0, 0.0, 0.0, 0.0, 0.0, 0.0, 0.0, 0.0, 0.0, 0.0, 1.0, 0.0, 0.0, 0.0, 0.0, 0.0, 0.0, 0.0, 0.0, 0.0, 0.0, 0.0, 0.0, 0.0, 0.0, 0.0, 0.0, 0.0, 0.0, 0.0, 0.0, 0.0, 0.0, 0.0, 0.0, 0.0, 0.0, 0.0, 0.0, 0.0, 0.0, 0.0, 0.0, 0.0, 0.0, 0.0, 0.0, 0.0, 0.0, 0.0, 0.0, 0.0, 0.0, 0.0, 0.0, 0.0, 0.0, 0.0, 0.0], [0.0, 0.0, 0.0, 0.0, 0.0, 0.0, 0.0, 0.0, 0.0, 0.0, 0.0, 0.0, 0.0, 0.0, 0.0, 0.0, 0.0, 0.0, 0.0, 0.0, 0.0, 0.0, 0.0, 0.0, 0.0, 0.0, 0.0, 0.0, 0.0, 0.0, 0.0, 0.0, 0.0, 0.0, 0.0, 0.0, 1.0, 0.0, 0.0, 0.0, 0.0, 0.0, 0.0, 0.0, 0.0, 0.0, 0.0, 0.0, 0.0, 0.0, 0.0, 0.0, 0.0, 0.0, 0.0, 0.0, 0.0, 0.0, 0.0, 0.0, 0.0, 0.0, 0.0, 0.0, 0.0, 0.0, 0.0, 0.0, 0.0, 0.0, 0.0, 0.0, 0.0, 0.0, 0.0, 0.0, 0.0, 0.0, 0.0, 0.0, 0.0, 0.0, 0.0, 0.0], [0.0, 0.0, 0.0, 0.0, 0.0, 0.0, 0.0, 0.0, 0.0, 0.0, 0.0, 0.0, 0.0, 0.0, 0.0, 0.0, 0.0, 0.0, 0.0, 0.0, 0.0, 0.0, 0.0, 0.0, 0.0, 0.0, 0.0, 0.0, 0.0, 0.0, 0.0, 0.0, 0.0, 0.0, 0.0, 0.0, 0.0, 1.0, 0.0, 0.0, 0.0, 0.0, 0.0, 0.0, 0.0, 0.0, 0.0, 0.0, 0.0, 0.0, 0.0, 0.0, 0.0, 0.0, 0.0, 0.0, 0.0, 0.0, 0.0, 0.0, 0.0, 0.0, 0.0, 0.0, 0.0, 0.0, 0.0, 0.0, 0.0, 0.0, 0.0, 0.0, 0.0, 0.0, 0.0, 0.0, 0.0, 0.0, 0.0, 0.0, 0.0, 0.0, 0.0, 0.0], [0.0, 0.0, 0.0, 0.0, 0.0, 0.0, 0.0, 0.0, 0.0, 0.0, 0.0, 0.0, 0.0, 0.0, 0.0, 0.0, 0.0, 0.0, 0.0, 0.0, 0.0, 0.0, 0.0, 0.0, 0.0, 0.0, 0.0, 0.0, 0.0, 0.0, 0.0, 0.0, 0.0, 0.0, 0.0, 0.0, 0.0, 0.0, 1.0, 0.0, 0.0, 0.0, 0.0, 0.0, 0.0, 0.0, 0.0, 0.0, 0.0, 0.0, 0.0, 0.0, 0.0, 0.0, 0.0, 0.0, 0.0, 0.0, 0.0, 0.0, 0.0, 0.0, 0.0, 0.0, 0.0, 0.0, 0.0, 0.0, 0.0, 0.0, 0.0, 0.0, 0.0, 0.0, 0.0, 0.0, 0.0, 0.0, 0.0, 0.0, 0.0, 0.0, 0.0, 0.0], [0.0, 0.0, 0.0, 0.8264037958990373, 0.0, 0.0, 0.0, 0.0, 0.0, 0.5073070074474281, 0.2741377803229334, 0.2917067254860889, 4.1297748320699665e-05, 0.0, 0.18361520571451995, 0.0, 0.0, 0.7896843932129638, 0.18764492956234308, 0.5313552452352837, 0.005115431187633902, 0.23892219193235087, 4.264961199760035e-06, 0.0, 0.0001993399855780581, 0.08136793944098955, 0.0, 0.26785323342656364, 0.0, 0.6961716762808048, 0.0, 0.0030163704165922203, 0.0, 6.177725073835568e-05, 0.0, 0.0, 0.0, 0.0, 0.0, 1.0, 0.0009701650090270107, 0.005659517551452033, 0.0, 0.0049431787132198975, 0.8633794357216544, 7.418879521119022e-06, 0.19681072414539633, 0.028650018937285582, 0.0, 0.0, 0.0, 0.0, 1.988029310895076e-05, 0.23951916220660407, 0.0, 0.7007677893704297, 0.0, 0.002714919711681693, 0.0, 0.12511221527318747, 5.648317486096965e-05, 0.847633161707021, 0.0, 0.0001115903141250773, 0.0, 0.0, 0.16374023546891497, 2.783345952191787e-05, 0.0, 0.7739841306903263, 0.1577233170360112, 0.0, 9.895896552382066e-06, 0.13980243305777393, 0.0, 0.8362252623466464, 0.0, 0.14497647127141183, 4.8135813422310776e-05, 0.0, 9.536743164062499e-07, 0.7041021804008718, 0.6484263971195547, 0.0], [0.0, 0.0, 0.0, 0.0022202874277595895, 0.0, 0.0, 0.0, 0.0, 0.0, 0.0008820630008904229, 0.0, 0.00024414062499999997, 0.0, 0.0, 0.0007324218749999998, 0.0, 0.0, 0.001012553063693826, 0.0, 0.0015219609167875627, 0.0, 0.0, 0.0, 0.0, 0.0, 0.0, 0.0, 0.0, 0.0, 0.0009221551520421494, 0.0, 0.0004882812500000001, 0.0, 0.0, 0.0, 0.0, 0.0, 0.0, 0.0, 0.0009701650090270107, 1.0, 0.0, 0.0, 0.0, 0.0006518173221117621, 0.0, 0.0, 0.0009938209096808284, 0.0, 0.0, 0.0, 0.0, 0.0, 0.0015427696786307265, 0.0, 0.0014871477274504873, 0.0, 0.0, 0.0, 0.0, 0.0, 0.0014599037749327337, 0.0, 0.0, 0.0, 0.0, 0.0, 0.0, 0.0, 0.002496697126172298, 0.0, 0.0, 0.0, 0.0, 0.0, 0.002053712804985752, 0.0, 0.000732421875, 0.0, 0.0, 0.0, 0.0007806332959608976, 0.0018807216719030446, 0.0], [0.0, 0.0, 0.0, 0.02039498906940552, 0.0, 0.0, 0.0, 0.0, 0.0, 0.021874020054866154, 0.01667613348134878, 0.03540529152141557, 0.0, 0.0, 0.00390625, 0.0, 0.0, 0.0276347491209156, 1.607425497195549e-05, 0.01075175985422854, 0.0009765625, 1.709558593364569e-05, 9.5367431640625e-06, 0.0, 0.0, 0.062462172434242624, 0.0, 3.1550080539120154e-05, 0.0, 0.01445896952638248, 0.0, 0.00390625, 0.0, 1.9073486328124998e-06, 0.0, 0.0, 0.0, 0.0, 0.0, 0.005659517551452033, 0.0, 1.0, 0.0, 0.00390625, 0.034859917532091646, 1.094703846313868e-05, 1.3831521214588149e-05, 0.06346204397876137, 0.0, 0.0, 0.0, 0.0, 1.7166137695312497e-05, 0.046484574000211075, 0.0, 0.027837235727412004, 0.0, 0.0, 0.0, 1.9073486328124998e-06, 0.0, 0.01128151457901028, 0.0, 3.337860107421876e-05, 0.0, 0.0, 0.0, 0.0, 0.0, 0.05632440807362929, 8.84255077510317e-06, 0.0, 1.2129094099165595e-05, 0.0, 0.0, 0.02452042423588669, 0.0, 1.5629662407769099e-06, 0.0, 0.0, 9.536743164062498e-07, 0.024009160748516892, 0.008278340264983055, 0.0], [0.0, 0.0, 0.0, 0.0, 0.0, 0.0, 0.0, 0.0, 0.0, 0.0, 0.0, 0.0, 0.0, 0.0, 0.0, 0.0, 0.0, 0.0, 0.0, 0.0, 0.0, 0.0, 0.0, 0.0, 0.0, 0.0, 0.0, 0.0, 0.0, 0.0, 0.0, 0.0, 0.0, 0.0, 0.0, 0.0, 0.0, 0.0, 0.0, 0.0, 0.0, 0.0, 1.0, 0.0, 0.0, 0.0, 0.0, 0.0, 0.0, 0.0, 0.0, 0.0, 0.0, 0.0, 0.0, 0.0, 0.0, 0.0, 0.0, 0.0, 0.0, 0.0, 0.0, 0.0, 0.0, 0.0, 0.0, 0.0, 0.0, 0.0, 0.0, 0.0, 0.0, 0.0, 0.0, 0.0, 0.0, 0.0, 0.0, 0.0, 0.0, 0.0, 0.0, 0.0], [0.0, 0.0, 0.0, 0.005670477992498757, 0.0, 0.0, 0.0, 0.0, 0.0, 0.002254410182212869, 0.0, 0.004592078841198194, 0.0, 0.0, 0.005859374999999999, 0.0, 0.0, 0.004261789583238015, 0.0, 0.002684832665298198, 0.0029296875, 0.0, 0.0, 0.0, 0.0, 0.007900938323436607, 0.0, 0.0, 0.0, 0.0025008675135799385, 0.0, 0.00390625, 0.0, 0.0, 0.0, 0.0, 0.0, 0.0, 0.0, 0.0049431787132198975, 0.0, 0.00390625, 0.0, 1.0, 0.0030852517479466146, 0.0, 0.0, 0.006661764996350441, 0.0, 0.0, 0.0, 0.0, 0.0, 0.004093062798049704, 0.0, 0.0011473936709104314, 0.0, 0.0019531249999999996, 0.0, 0.0, 0.0, 0.006275590004416862, 0.0, 0.0, 0.0, 0.0, 0.0, 0.0, 0.0, 0.0022880831741064625, 0.0, 0.0, 0.0, 0.0, 0.0, 0.004242433229153775, 0.0, 0.0, 0.0, 0.0, 0.0, 0.0028530577619846112, 0.0068848454637338834, 0.0], [0.0, 0.0, 0.0, 0.7465655119753483, 0.0, 0.0, 0.0, 0.0, 0.0, 0.47046005052071116, 0.27078248998688187, 0.326312483643683, 8.955877397470168e-05, 0.0, 0.12417776573856987, 0.0, 0.0, 0.6985099954489353, 0.11066689116158668, 0.31966246556564426, 0.008957151870012666, 0.2994281885371553, 8.984397948976812e-07, 0.0, 0.0002956174249723996, 0.11095428356557345, 0.0, 0.16980281013487, 0.0, 0.6702775787012165, 0.0, 0.0009358945140405396, 0.0, 0.0001579996315505104, 0.0, 0.0, 0.0, 0.0, 0.0, 0.8633794357216544, 0.0006518173221117621, 0.034859917532091646, 0.0, 0.0030852517479466146, 1.0, 9.254126508531534e-06, 0.1373718363409306, 0.0600905681579043, 0.0, 0.0, 0.0, 0.0, 6.577871615801366e-05, 0.23959318922089723, 0.0, 0.6013276950750561, 0.0, 0.002427488147337772, 0.0, 0.0739341198819817, 0.00023217230004096446, 0.7865646961512223, 0.0, 0.0002041194044540855, 0.0, 0.0, 0.1395484788695813, 2.8985503977737003e-05, 0.0, 0.8916297584007248, 0.09302807695437744, 0.0, 6.708730115791537e-05, 0.07501437608499814, 0.0, 0.6707326834662466, 0.0, 0.09721318605975217, 4.72439397153855e-05, 0.0, 3.7514309011870524e-06, 0.6634469875350668, 0.5279140338695333, 0.0], [0.0, 0.0, 0.0, 7.160995790661788e-06, 0.0, 0.0, 0.0, 0.0, 0.0, 4.4239244972486376e-06, 0.0, 1.978240441138331e-05, 0.0, 0.0, 0.0, 0.0, 0.0, 9.73964416806835e-06, 1.8216293816302807e-05, 1.3050808579487415e-05, 0.0, 5.722045898437499e-06, 2.9851652764874684e-06, 0.0, 0.0, 0.0, 0.0, 7.922141418387224e-06, 0.0, 1.5441374131808345e-05, 0.0, 0.0, 0.0, 1.8832586308041742e-06, 0.0, 0.0, 0.0, 0.0, 0.0, 7.418879521119022e-06, 0.0, 1.094703846313868e-05, 0.0, 0.0, 9.254126508531534e-06, 1.0, 1.5391471499076665e-05, 0.0, 0.0, 0.0, 0.0, 0.0, 6.799862542112468e-06, 0.0, 0.0, 0.0, 0.0, 0.0, 0.0, 7.212479862654287e-07, 0.0, 1.757289959848382e-05, 0.0, 2.9851652764874684e-06, 0.0, 0.0, 0.0, 0.0, 0.0, 5.873341651406056e-06, 0.0, 0.0, 0.0, 0.0, 0.0, 1.1235102100825189e-05, 0.0, 0.0, 0.0, 0.0, 0.0, 0.0, 5.652482869449984e-06, 0.0], [0.0, 0.0, 0.0, 0.24782196365186399, 0.0, 0.0, 0.0, 0.0, 0.0, 0.2741059512473569, 0.5, 0.5454890765671061, 6.103515625e-05, 0.0, 0.016316953396689034, 0.0, 0.0, 0.1721638861280506, 0.1250415383952689, 0.18599569931982338, 0.0, 0.5000085489412022, 9.960709074561097e-06, 0.0, 0.0, 0.12248127299323174, 0.0, 0.500034527599107, 0.0, 0.17728753107776862, 0.0, 0.0, 0.0, 7.496776178490597e-06, 0.0, 0.0, 0.0, 0.0, 0.0, 0.19681072414539633, 0.0, 1.3831521214588149e-05, 0.0, 0.0, 0.1373718363409306, 1.5391471499076665e-05, 1.0, 0.007974894385921734, 0.0, 0.0, 0.0, 0.0, 6.906576492809195e-05, 0.04614797742105134, 0.0, 0.23302017189552815, 0.0, 0.0, 0.0, 0.1250175901036058, 0.0, 0.21079287943178243, 0.0, 9.960709074561099e-06, 0.0, 0.0, 0.03867829673470475, 0.0, 0.0, 0.09505549971887871, 0.4875167173706064, 0.0, 8.474202198927822e-05, 0.0, 0.0, 0.16091476876258462, 0.0, 0.5090382462262997, 0.0, 0.0, 0.0, 0.1323212145182232, 0.3932147696602567, 0.0], [0.0, 0.0, 0.0, 0.043850646289282064, 0.0, 0.0, 0.0, 0.0, 0.0, 0.04215136548525539, 0.015625, 0.03840462527197042, 0.0, 0.0, 0.038039561095584595, 0.0, 0.0, 0.047825917590643724, 0.0, 0.0515742848220034, 0.006841263491495953, 0.0, 0.0, 0.0, 0.0, 0.06810025256253709, 0.0, 0.0, 0.0, 0.04812039180217814, 0.0, 0.001653946958881739, 0.0, 0.0, 0.0, 0.0, 0.0, 0.0, 0.0, 0.028650018937285582, 0.0009938209096808284, 0.06346204397876137, 0.0, 0.006661764996350441, 0.0600905681579043, 0.0, 0.007974894385921734, 1.0, 0.0, 0.0, 0.0, 0.0, 0.0, 0.07885842123852549, 0.0, 0.06503168036216538, 0.0, 0.0005459816857926656, 0.0, 0.0, 0.0, 0.040269118164065094, 0.0, 0.0, 0.0, 0.0, 0.0, 0.0, 0.0, 0.06844599969139195, 0.0, 0.0, 0.0, 0.0, 0.0, 0.04376603879544711, 0.0, 0.035181172505299084, 0.0, 0.0, 0.0, 0.046665353837895954, 0.03196656576471229, 0.0], [0.0, 0.0, 0.0, 0.0, 0.0, 0.0, 0.0, 0.0, 0.0, 0.0, 0.0, 0.0, 0.0, 0.0, 0.0, 0.0, 0.0, 0.0, 0.0, 0.0, 0.0, 0.0, 0.0, 0.0, 0.0, 0.0, 0.0, 0.0, 0.0, 0.0, 0.0, 0.0, 0.0, 0.0, 0.0, 0.0, 0.0, 0.0, 0.0, 0.0, 0.0, 0.0, 0.0, 0.0, 0.0, 0.0, 0.0, 0.0, 1.0, 0.0, 0.0, 0.0, 0.0, 0.0, 0.0, 0.0, 0.0, 0.0, 0.0, 0.0, 0.0, 0.0, 0.0, 0.0, 0.0, 0.0, 0.0, 0.0, 0.0, 0.0, 0.0, 0.0, 0.0, 0.0, 0.0, 0.0, 0.0, 0.0, 0.0, 0.0, 0.0, 0.0, 0.0, 0.0], [0.0, 0.0, 0.0, 0.0, 0.0, 0.0, 0.0, 0.0, 0.0, 0.0, 0.0, 0.0, 0.0, 0.0, 0.0, 0.0, 0.0, 0.0, 0.0, 0.0, 0.0, 0.0, 0.0, 0.0, 0.0, 0.0, 0.0, 0.0, 0.0, 0.0, 0.0, 0.0, 0.0, 0.0, 0.0, 0.0, 0.0, 0.0, 0.0, 0.0, 0.0, 0.0, 0.0, 0.0, 0.0, 0.0, 0.0, 0.0, 0.0, 1.0, 0.0, 0.0, 0.0, 0.0, 0.0, 0.0, 0.0, 0.0, 0.0, 0.0, 0.0, 0.0, 0.0, 0.0, 0.0, 0.0, 0.0, 0.0, 0.0, 0.0, 0.0, 0.0, 0.0, 0.0, 0.0, 0.0, 0.0, 0.0, 0.0, 0.0, 0.0, 0.0, 0.0, 0.0], [0.0, 0.0, 0.0, 0.0, 0.0, 0.0, 0.0, 0.0, 0.0, 0.0, 0.0, 0.0, 0.0, 0.0, 0.0, 0.0, 0.0, 0.0, 0.0, 0.0, 0.0, 0.0, 0.0, 0.0, 0.0, 0.0, 0.0, 0.0, 0.0, 0.0, 0.0, 0.0, 0.0, 0.0, 0.0, 0.0, 0.0, 0.0, 0.0, 0.0, 0.0, 0.0, 0.0, 0.0, 0.0, 0.0, 0.0, 0.0, 0.0, 0.0, 1.0, 0.0, 0.0, 0.0, 0.0, 0.0, 0.0, 0.0, 0.0, 0.0, 0.0, 0.0, 0.0, 0.0, 0.0, 0.0, 0.0, 0.0, 0.0, 0.0, 0.0, 0.0, 0.0, 0.0, 0.0, 0.0, 0.0, 0.0, 0.0, 0.0, 0.0, 0.0, 0.0, 0.0], [0.0, 0.0, 0.0, 0.0, 0.0, 0.0, 0.0, 0.0, 0.0, 0.0, 0.0, 0.0, 0.0, 0.0, 0.0, 0.0, 0.0, 0.0, 0.0, 0.0, 0.0, 0.0, 0.0, 0.0, 0.0, 0.0, 0.0, 0.0, 0.0, 0.0, 0.0, 0.0, 0.0, 0.0, 0.0, 0.0, 0.0, 0.0, 0.0, 0.0, 0.0, 0.0, 0.0, 0.0, 0.0, 0.0, 0.0, 0.0, 0.0, 0.0, 0.0, 1.0, 0.0, 0.0, 0.0, 0.0, 0.0, 0.0, 0.0, 0.0, 0.0, 0.0, 0.0, 0.0, 0.0, 0.0, 0.0, 0.0, 0.0, 0.0, 0.0, 0.0, 0.0, 0.0, 0.0, 0.0, 0.0, 0.0, 0.0, 0.0, 0.0, 0.0, 0.0, 0.0], [0.0, 0.0, 0.0, 5.902746688566246e-05, 0.0, 0.0, 0.0, 0.0, 0.0, 3.128867072231696e-05, 0.0, 6.0757529721272775e-05, 6.103515625e-05, 0.0, 0.0, 0.0, 0.0, 6.736682862066243e-05, 2.019998037194238e-05, 1.5962772282617936e-05, 0.0, 1.3351440429687498e-05, 1.9073486328124998e-06, 0.0, 0.0, 0.0, 0.0, 4.4001670642339406e-05, 0.0, 4.757497716397492e-05, 0.0, 0.0, 0.0, 1.9073486328125e-06, 0.0, 0.0, 0.0, 0.0, 0.0, 1.988029310895076e-05, 0.0, 1.7166137695312497e-05, 0.0, 0.0, 6.577871615801366e-05, 6.799862542112468e-06, 6.906576492809195e-05, 0.0, 0.0, 0.0, 0.0, 0.0, 1.0, 5.193357854159898e-05, 0.0, 1.848701577195382e-05, 0.0, 0.0, 0.0, 1.71661376953125e-05, 0.0, 7.232575703498815e-05, 0.0, 1.9073486328124998e-06, 0.0, 0.0, 0.0, 0.0, 0.0, 2.3037195134418657e-05, 0.0, 0.0, 6.103515625e-05, 0.0, 0.0, 4.0730339871423897e-05, 0.0, 0.0, 0.0, 0.0, 0.0, 0.0, 6.417542819157027e-05, 0.0], [0.0, 0.0, 0.0, 0.3699361853736693, 0.0, 0.0, 0.0, 0.0, 0.0, 0.20305096000642187, 0.1116101921414778, 0.2027034096274417, 9.340638937512481e-05, 0.0, 0.21428685544111367, 0.0, 0.0, 0.19843820230214898, 6.216247644145735e-05, 0.14827977345378474, 0.006645866431135303, 0.06742580725777716, 3.051757812499999e-05, 0.0, 2.2493879275713437e-05, 0.247752180651226, 0.0, 0.24931828052293403, 0.0, 0.3448375218967422, 0.0, 0.0027344595545186192, 0.0, 0.00011318601397161088, 0.0, 0.0, 0.0, 0.0, 0.0, 0.23951916220660407, 0.0015427696786307265, 0.046484574000211075, 0.0, 0.004093062798049704, 0.23959318922089723, 0.0, 0.04614797742105134, 0.07885842123852549, 0.0, 0.0, 0.0, 0.0, 5.193357854159898e-05, 1.0, 0.0, 0.26876054626307516, 0.0, 0.0030067167047872828, 0.0, 0.0001807527283275747, 5.363190104997515e-05, 0.18390246586350248, 0.0, 0.00017741289846715666, 0.0, 0.0, 0.3022187061378698, 0.00010511212400910856, 0.0, 0.15427756151352198, 8.84255077510317e-06, 0.0, 6.406267264076458e-05, 0.24739075612299433, 0.0, 0.2851489060420478, 0.0, 0.033364869513130016, 5.755196940759637e-05, 0.0, 3.814697265625e-06, 0.28653237997382536, 0.09329957061172964, 0.0], [0.0, 0.0, 0.0, 0.0, 0.0, 0.0, 0.0, 0.0, 0.0, 0.0, 0.0, 0.0, 0.0, 0.0, 0.0, 0.0, 0.0, 0.0, 0.0, 0.0, 0.0, 0.0, 0.0, 0.0, 0.0, 0.0, 0.0, 0.0, 0.0, 0.0, 0.0, 0.0, 0.0, 0.0, 0.0, 0.0, 0.0, 0.0, 0.0, 0.0, 0.0, 0.0, 0.0, 0.0, 0.0, 0.0, 0.0, 0.0, 0.0, 0.0, 0.0, 0.0, 0.0, 0.0, 1.0, 0.0, 0.0, 0.0, 0.0, 0.0, 0.0, 0.0, 0.0, 0.0, 0.0, 0.0, 0.0, 0.