"{\"names\": [\"172.217.10.1\", \"104.88.86.240\", \"38.93.140.48\", \"192.168.10.15\", \"104.88.108.223\", \"195.142.105.15\", \"172.217.12.163\", \"206.217.206.48\", \"172.217.6.228\", \"178.255.83.1\", \"74.119.118.82\", \"192.168.10.9\", \"172.217.7.6\", \"35.186.227.40\", \"31.13.71.36\", \"206.126.112.142\", \"151.101.2.49\", \"192.168.10.25\", \"172.217.3.98\", \"192.168.10.16\", \"72.30.202.150\", \"172.217.12.132\", \"50.31.164.173\", \"162.208.20.178\", \"23.15.4.16\", \"216.58.217.99\", \"172.217.6.198\", \"172.217.12.174\", \"169.46.44.40\", \"192.168.10.17\", \"52.84.143.130\", \"104.19.195.102\", \"216.200.232.61\", \"104.97.73.166\", \"152.163.13.79\", \"192.229.163.25\", \"74.119.118.86\", \"54.225.188.92\", \"188.165.145.88\", \"192.168.10.14\", \"8.43.72.98\", \"199.96.57.6\", \"68.67.178.110\", \"104.88.70.158\", \"192.168.10.19\", \"69.172.216.56\", \"157.240.18.35\", \"172.217.11.34\", \"185.54.150.20\", \"69.169.85.7\", \"198.232.124.194\", \"74.119.118.72\", \"172.217.12.134\", \"192.168.10.5\", \"23.111.9.30\", \"192.168.10.8\", \"151.101.66.2\", \"68.67.178.199\", \"213.239.195.215\", \"138.108.7.20\", \"52.84.145.87\", \"192.168.10.50\", \"52.84.145.198\", \"52.40.24.51\", \"212.77.100.137\", \"185.54.150.115\", \"172.217.10.138\", \"152.163.66.165\", \"52.84.137.78\", \"192.168.10.51\", \"68.67.178.109\", \"129.146.14.96\", \"54.152.24.232\", \"172.217.10.33\", \"52.8.229.108\", \"192.168.10.12\", \"64.147.131.201\", \"172.217.12.206\", \"68.67.180.12\", \"172.217.10.134\", \"38.69.238.16\", \"172.217.10.142\", \"192.168.10.3\", \"172.217.6.202\"], \"funcEdges\": [[1.0, 0.0, 0.0, 0.0, 0.0, 0.0, 0.0, 0.0, 0.0, 0.0, 0.0, 0.0, 0.0, 0.0, 0.0, 0.0, 0.0, 0.0, 0.0, 0.0, 0.0, 0.0, 0.0, 0.0, 0.0, 0.0, 0.0, 0.0, 0.0, 0.0, 0.0, 0.0, 0.0, 0.0, 0.0, 0.0, 0.0, 0.0, 0.0, 0.0, 0.0, 0.0, 0.0, 0.0, 0.0, 0.0, 0.0, 0.0, 0.0, 0.0, 0.0, 0.0, 0.0, 0.0, 0.0, 0.0, 0.0, 0.0, 0.0, 0.0, 0.0, 0.0, 0.0, 0.0, 0.0, 0.0, 0.0, 0.0, 0.0, 0.0, 0.0, 0.0, 0.0, 0.0, 0.0, 0.0, 0.0, 0.0, 0.0, 0.0, 0.0, 0.0, 0.0, 0.0], [0.0, 1.0, 0.0, 0.103292243626981, 0.0, 0.0, 0.0, 0.0, 0.06670242961735239, 0.1153905049486215, 0.016330880263119622, 0.058915337501767265, 0.0, 0.0, 0.042676066575175156, 0.0, 0.0, 0.04363338388426083, 0.07546512711617279, 0.04607984266848199, 2.5181182769990062e-05, 0.001859075144674982, 0.0, 0.0, 0.0003569202948493204, 0.00029900997836708714, 0.016656658019585043, 0.11474981491577299, 0.0, 0.05950027805265039, 0.0, 0.0, 0.0, 0.0, 0.0, 0.0, 0.0, 0.0, 0.0, 0.05886499339839262, 0.0, 0.004340479155999206, 0.0, 0.0, 0.09564525781886778, 0.06179142131335096, 0.00015108709661994043, 0.00046156052411737794, 0.0, 0.0, 0.00390625, 0.0001220703125, 0.0, 0.11347465322126596, 0.0, 0.07570586848248773, 0.0, 0.0, 0.0, 0.0, 0.0007973599423122322, 0.08213671881222497, 0.0, 0.0, 0.0, 0.0, 0.0, 0.0, 0.0, 0.07462088224141089, 0.0, 0.0, 0.0, 0.0, 0.0, 0.04258961630448828, 0.0, 0.06736665780795459, 0.0, 0.0, 0.0, 0.0014367638898629728, 0.13465292204997292, 0.0], [0.0, 0.0, 1.0, 0.0, 0.0, 0.0, 0.0, 0.0, 0.0, 0.0, 0.0, 0.0, 0.0, 0.0, 0.0, 0.0, 0.0, 0.0, 0.0, 0.0, 0.0, 0.0, 0.0, 0.0, 0.0, 0.0, 0.0, 0.0, 0.0, 0.0, 0.0, 0.0, 0.0, 0.0, 0.0, 0.0, 0.0, 0.0, 0.0, 0.0, 0.0, 0.0, 0.0, 0.0, 0.0, 0.0, 0.0, 0.0, 0.0, 0.0, 0.0, 0.0, 0.0, 0.0, 0.0, 0.0, 0.0, 0.0, 0.0, 0.0, 0.0, 0.0, 0.0, 0.0, 0.0, 0.0, 0.0, 0.0, 0.0, 0.0, 0.0, 0.0, 0.0, 0.0, 0.0, 0.0, 0.0, 0.0, 0.0, 0.0, 0.0, 0.0, 0.0, 0.0], [0.0, 0.103292243626981, 0.0, 1.0, 0.0, 0.0, 0.0, 0.0, 0.15972716901461315, 0.6070730608501396, 0.08118226451251914, 0.664463552672065, 7.3007198421258026e-09, 0.0, 0.6526681229539958, 0.0, 0.0, 0.49089942839314227, 0.2423288279504875, 0.6372775625717454, 0.23996044027383462, 0.005345751230353892, 1.1914900081957415e-09, 0.0, 0.0009702947051834098, 0.0008450299863756278, 0.29626410318494, 0.33789798921230757, 0.0, 0.429137776272074, 0.0, 3.1765678891692666e-07, 0.0, 9.932104440902046e-09, 0.0, 0.0, 0.0, 0.0, 0.0, 0.5687569829129241, 0.15881761528592037, 0.0010271923811898274, 0.0, 0.0005608868805664462, 0.40695847371085137, 0.018301967702203655, 0.0002750753992620387, 0.0003841967040738657, 0.0, 0.0, 0.002441328455972202, 0.00034919556142698255, 7.205501328816218e-09, 0.5207439560279429, 0.0, 0.8317123086043333, 0.0, 3.867381476125976e-07, 0.0, 0.0001281157329963933, 0.010130612580732012, 0.6804029887979017, 0.0, 1.336389505124413e-08, 0.0, 0.0, 3.0228336592154823e-05, 2.2037201752386862e-09, 0.0, 0.84920961218577, 2.308300543086904e-05, 0.0, 1.0389755940128294e-08, 3.034731109345325e-05, 0.0, 0.6521161496420577, 0.0, 0.15585178287988632, 2.1665301918601338e-09, 0.0, 0.15881734428624955, 0.17113612017363222, 0.5151565789600475, 0.0], [0.0, 0.0, 0.0, 0.0, 1.0, 0.0, 0.0, 0.0, 0.0, 0.0, 0.0, 0.0, 0.0, 0.0, 0.0, 0.0, 0.0, 0.0, 0.0, 0.0, 0.0, 0.0, 0.0, 0.0, 0.0, 0.0, 0.0, 0.0, 0.0, 0.0, 0.0, 0.0, 0.0, 0.0, 0.0, 0.0, 0.0, 0.0, 0.0, 0.0, 0.0, 0.0, 0.0, 0.0, 0.0, 0.0, 0.0, 0.0, 0.0, 0.0, 0.0, 0.0, 0.0, 0.0, 0.0, 0.0, 0.0, 0.0, 0.0, 0.0, 0.0, 0.0, 0.0, 0.0, 0.0, 0.0, 0.0, 0.0, 0.0, 0.0, 0.0, 0.0, 0.0, 0.0, 0.0, 0.0, 0.0, 0.0, 0.0, 0.0, 0.0, 0.0, 0.0, 0.0], [0.0, 0.0, 0.0, 0.0, 0.0, 1.0, 0.0, 0.0, 0.0, 0.0, 0.0, 0.0, 0.0, 0.0, 0.0, 0.0, 0.0, 0.0, 0.0, 0.0, 0.0, 0.0, 0.0, 0.0, 0.0, 0.0, 0.0, 0.0, 0.0, 0.0, 0.0, 0.0, 0.0, 0.0, 0.0, 0.0, 0.0, 0.0, 0.0, 0.0, 0.0, 0.0, 0.0, 0.0, 0.0, 0.0, 0.0, 0.0, 0.0, 0.0, 0.0, 0.0, 0.0, 0.0, 0.0, 0.0, 0.0, 0.0, 0.0, 0.0, 0.0, 0.0, 0.0, 0.0, 0.0, 0.0, 0.0, 0.0, 0.0, 0.0, 0.0, 0.0, 0.0, 0.0, 0.0, 0.0, 0.0, 0.0, 0.0, 0.0, 0.0, 0.0, 0.0, 0.0], [0.0, 0.0, 0.0, 0.0, 0.0, 0.0, 1.0, 0.0, 0.0, 0.0, 0.0, 0.0, 0.0, 0.0, 0.0, 0.0, 0.0, 0.0, 0.0, 0.0, 0.0, 0.0, 0.0, 0.0, 0.0, 0.0, 0.0, 0.0, 0.0, 0.0, 0.0, 0.0, 0.0, 0.0, 0.0, 0.0, 0.0, 0.0, 0.0, 0.0, 0.0, 0.0, 0.0, 0.0, 0.0, 0.0, 0.0, 0.0, 0.0, 0.0, 0.0, 0.0, 0.0, 0.0, 0.0, 0.0, 0.0, 0.0, 0.0, 0.0, 0.0, 0.0, 0.0, 0.0, 0.0, 0.0, 0.0, 0.0, 0.0, 0.0, 0.0, 0.0, 0.0, 0.0, 0.0, 0.0, 0.0, 0.0, 0.0, 0.0, 0.0, 0.0, 0.0, 0.0], [0.0, 0.0, 0.0, 0.0, 0.0, 0.0, 0.0, 1.0, 0.0, 0.0, 0.0, 0.0, 0.0, 0.0, 0.0, 0.0, 0.0, 0.0, 0.0, 0.0, 0.0, 0.0, 0.0, 0.0, 0.0, 0.0, 0.0, 0.0, 0.0, 0.0, 0.0, 0.0, 0.0, 0.0, 0.0, 0.0, 0.0, 0.0, 0.0, 0.0, 0.0, 0.0, 0.0, 0.0, 0.0, 0.0, 0.0, 0.0, 0.0, 0.0, 0.0, 0.0, 0.0, 0.0, 0.0, 0.0, 0.0, 0.0, 0.0, 0.0, 0.0, 0.0, 0.0, 0.0, 0.0, 0.0, 0.0, 0.0, 0.0, 0.0, 0.0, 0.0, 0.0, 0.0, 0.0, 0.0, 0.0, 0.0, 0.0, 0.0, 0.0, 0.0, 0.0, 0.0], [0.0, 0.06670242961735239, 0.0, 0.15972716901461315, 0.0, 0.0, 0.0, 0.0, 1.0, 0.087947297149125, 0.017849246891833294, 0.12253215919177246, 0.0, 0.0, 0.12784386934880876, 0.0, 0.0, 0.09242316558173538, 0.07232455909683166, 0.10233170772076389, 0.0, 0.004233705537982784, 0.0, 0.0, 0.0042863630707432815, 0.0019435648593860665, 0.026566463224155693, 0.09996631368119509, 0.0, 0.06493283269673489, 0.0, 0.0, 0.0, 0.0, 0.0, 0.0, 0.0, 0.0, 0.0, 0.12370823342949591, 0.0, 0.00390625, 0.0, 0.0016858457157669024, 0.10605106819561749, 0.024960048026662972, 0.0, 0.0, 0.0, 0.0, 0.004692978000691221, 0.0, 0.0, 0.030604450434092278, 0.0, 0.13433743943925164, 0.0, 0.0, 0.0, 0.0, 0.0027118074680420367, 0.08245255944909267, 0.0, 0.0, 0.0, 0.0, 0.0, 0.0, 0.0, 0.10588328717207383, 0.0, 0.0, 0.0, 0.0, 0.0, 0.16368833547200823, 0.0, 0.047428230945293276, 0.0, 0.0, 0.0, 0.0, 0.07682109617085989, 0.0], [0.0, 0.1153905049486215, 0.0, 0.6070730608501396, 0.0, 0.0, 0.0, 0.0, 0.087947297149125, 1.0, 0.09694801529526284, 0.5149439156777202, 7.797104389639537e-09, 0.0, 0.6121084234925722, 0.0, 0.0, 0.5574550968783862, 0.4913713475483904, 0.5828393769450251, 0.3136859222771937, 0.005032860876405504, 2.747622100744754e-09, 0.0, 0.0027626902502134974, 0.0009563491164015254, 0.11921271120449825, 0.1336564578140011, 0.0, 0.49924976863107173, 0.0, 2.7377879116592853e-07, 0.0, 4.704091621939309e-09, 0.0, 0.0, 0.0, 0.0, 0.0, 0.6225955046372866, 0.4152216031633921, 0.016584451085951978, 0.0, 0.000976837696555446, 0.570003377552893, 0.019900870131571564, 0.00013321347027419296, 0.0007773807220806569, 0.0, 0.0, 0.016573899450862038, 0.0001220703125, 3.8194178127828324e-09, 0.2625018437587778, 0.0, 0.6236550820383874, 0.0, 9.60095359879196e-07, 0.0, 6.218438303044013e-05, 0.007730506459435684, 0.6412481515600309, 0.0, 1.3267690282490614e-08, 0.0, 0.0, 1.7431899318398467e-05, 3.400709216204572e-09, 0.0, 0.6240022495942692, 1.0502972006362049e-05, 0.0, 3.10377432043914e-09, 9.701807778341694e-06, 0.0, 0.5180248822194676, 0.0, 0.31531938515490254, 6.862601839422029e-09, 0.0, 0.4152214956061012, 0.1785738397649381, 0.5233074334432875, 0.0], [0.0, 0.016330880263119622, 0.0, 0.08118226451251914, 0.0, 0.0, 0.0, 0.0, 0.017849246891833294, 0.09694801529526284, 1.0, 0.11768919736937133, 0.0, 0.0, 0.08215632178114038, 0.0, 0.0, 0.040707209774988484, 0.19142773951151962, 0.1120841331968378, 0.06270728978642888, 0.004844226491290337, 0.0, 0.0, 0.004399142411973355, 0.0006253780704877007, 0.06738281249999999, 0.07888999051866999, 0.0, 0.11435960781364403, 0.0, 0.0, 0.0, 0.0, 0.0, 0.0, 0.0, 0.0, 0.0, 0.05645726632218796, 0.0625, 0.0039501554325886675, 0.0, 0.00390625, 0.07056181364673422, 0.004090294993885933, 0.00013876882616082795, 8.24689864858089e-05, 0.0, 0.0, 0.0048828125, 4.186977176330784e-05, 0.0, 0.06903952459582689, 0.0, 0.21032495579019914, 0.0, 0.0, 0.0, 1.5258789062499998e-05, 0.0016899097468055717, 0.17423717331163208, 0.0, 0.0, 0.0, 0.0, 1.1266634501763361e-05, 0.0, 0.0, 0.03127558504378309, 5.951030694274215e-05, 0.0, 0.0, 1.4030271564345368e-05, 0.0, 0.0685940567566237, 0.0, 0.008580099712621655, 0.0, 0.0, 0.06250000000000001, 0.00019741353302992626, 0.0685943395513079, 0.0], [0.0, 0.058915337501767265, 0.0, 0.664463552672065, 0.0, 0.0, 0.0, 0.0, 0.12253215919177246, 0.5149439156777202, 0.11768919736937133, 1.0, 1.0804742381469012e-08, 0.0, 0.3592183295053165, 0.0, 0.0, 0.43564298670718904, 0.2904493106498929, 0.6470508317633026, 0.5344848878627857, 0.008110274466231289, 2.9429038547481344e-09, 0.0, 0.002159269856897268, 0.0015144777257588128, 0.2852958374516723, 0.30853530716682703, 0.0, 0.8363632004795138, 0.0, 3.425886756870628e-07, 0.0, 1.1102634011260179e-08, 0.0, 0.0, 0.0, 0.0, 0.0, 0.552645309677815, 0.18649469689918502, 0.005124078837183264, 0.0, 0.0008666764370901251, 0.6654604619005458, 0.034411322919119004, 0.00020921256978510589, 0.0004912438799407077, 0.0, 0.0, 0.007887108084395043, 0.0004809759426727535, 7.4166906398038055e-09, 0.41693717412936787, 0.0, 0.774337940353238, 0.0, 9.019071150736514e-07, 0.0, 9.863590674916002e-05, 0.00468561321024205, 0.524407587335559, 0.0, 1.960448066662842e-08, 0.0, 0.0, 2.2151322800833144e-05, 1.2675256375854598e-08, 0.0, 0.4475843755221418, 5.949273103185746e-05, 0.0, 8.209596002647554e-09, 1.509849962235295e-05, 0.0, 0.6199323568109277, 0.0, 0.24923085703449793, 1.4216063127992603e-08, 0.0, 0.1864946672848265, 0.15741926105130707, 0.15800244846539357, 0.0], [0.0, 0.0, 0.0, 7.3007198421258026e-09, 0.0, 0.0, 0.0, 0.0, 0.0, 7.797104389639537e-09, 0.0, 1.0804742381469012e-08, 1.0, 0.0, 0.0, 0.0, 0.0, 1.0542881735267308e-08, 5.587935447692871e-09, 7.562192512851818e-09, 3.725290298461915e-09, 0.0, 0.0, 0.0, 0.0, 0.0, 0.0, 1.7486185245027297e-08, 0.0, 4.959324773854704e-09, 0.0, 0.0, 0.0, 0.0, 0.0, 0.0, 0.0, 0.0, 0.0, 5.041229043054158e-09, 0.0, 0.0, 0.0, 0.0, 1.0932467526208702e-08, 0.0, 7.450580596923828e-09, 0.0, 0.0, 0.0, 0.0, 0.0, 7.450580596923828e-09, 1.1402147140518166e-08, 0.0, 6.055762827616806e-09, 0.0, 4.182319338528897e-09, 0.0, 1.8626451492309566e-09, 3.7252902984619132e-09, 1.310714483106045e-08, 0.0, 3.725290298461914e-09, 0.0, 0.0, 0.0, 3.7252902984619136e-09, 0.0, 6.967980337025925e-09, 0.0, 0.0, 7.450580596923828e-09, 0.0, 0.0, 6.349957505848602e-09, 0.0, 3.7252902984619136e-09, 8.385019468323755e-09, 0.0, 0.0, 0.0, 1.4056591299271153e-08, 0.0], [0.0, 0.0, 0.0, 0.0, 0.0, 0.0, 0.0, 0.0, 0.0, 0.0, 0.0, 0.0, 0.0, 1.0, 0.0, 0.0, 0.0, 0.0, 0.0, 0.0, 0.0, 0.0, 0.0, 0.0, 0.0, 0.0, 0.0, 0.0, 0.0, 0.0, 0.0, 0.0, 0.0, 0.0, 0.0, 0.0, 0.0, 0.0, 0.0, 0.0, 0.0, 0.0, 0.0, 0.0, 0.0, 0.0, 0.0, 0.0, 0.0, 0.0, 0.0, 0.0, 0.0, 0.0, 0.0, 0.0, 0.0, 0.0, 0.0, 0.0, 0.0, 0.0, 0.0, 0.0, 0.0, 0.0, 0.0, 0.0, 0.0, 0.0, 0.0, 0.0, 0.0, 0.0, 0.0, 0.0, 0.0, 0.0, 0.0, 0.0, 0.0, 0.0, 0.0, 0.0], [0.0, 0.042676066575175156, 0.0, 0.6526681229539958, 0.0, 0.0, 0.0, 0.0, 0.12784386934880876, 0.6121084234925722, 0.08215632178114038, 0.3592183295053165, 0.0, 0.0, 1.0, 0.0, 0.0, 0.31043233318455665, 0.20331268098500616, 0.6341373438937639, 0.20713333984362664, 9.442943538746277e-06, 0.0, 0.0, 0.0, 2.090143576885326e-05, 0.10912372859154686, 0.16811573667161117, 0.0, 0.32857728289708105, 0.0, 7.152557373046875e-07, 0.0, 0.0, 0.0, 0.0, 0.0, 0.0, 0.0, 0.6338445107729007, 0.3655282573197323, 4.76837158203125e-07, 0.0, 7.152557373046874e-07, 0.2553674154338408, 0.031320048250736025, 1.991815600181767e-06, 4.643501110300854e-06, 0.0, 0.0, 0.0, 0.0, 0.0, 0.2965852303594573, 0.0, 0.6038795303741649, 0.0, 2.3841857910156245e-07, 0.0, 0.0, 0.0, 0.5750011557589283, 0.0, 0.0, 0.0, 0.0, 1.446059542248011e-05, 0.0, 0.0, 0.6593807814857522, 0.0, 0.0, 0.0, 1.0673370869363929e-05, 0.0, 0.5226964252208955, 0.0, 0.16598444019899117, 0.0, 0.0, 0.36552816791276516, 0.14665654787040094, 0.6401184444124561, 0.0], [0.0, 0.0, 0.0, 0.0, 0.0, 0.0, 0.0, 0.0, 0.0, 0.0, 0.0, 0.0, 0.0, 0.0, 0.0, 1.0, 0.0, 0.0, 0.0, 0.0, 0.0, 0.0, 0.0, 0.0, 0.0, 0.0, 0.0, 0.0, 0.0, 0.0, 0.0, 0.0, 0.0, 0.0, 0.0, 0.0, 0.0, 0.0, 0.0, 0.0, 0.0, 0.0, 0.0, 0.0, 0.0, 0.0, 0.0, 0.0, 0.0, 0.0, 0.0, 0.0, 0.0, 0.0, 0.0, 0.0, 0.0, 0.0, 0.0, 0.0, 0.0, 0.0, 0.0, 0.0, 0.0, 0.0, 0.0, 0.0, 0.0, 0.0, 0.0, 0.0, 0.0, 0.0, 0.0, 0.0, 0.0, 0.0, 0.0, 0.0, 0.0, 0.0, 0.0, 0.0], [0.0, 0.0, 0.0, 0.0, 0.0, 0.0, 0.0, 0.0, 0.0, 0.0, 0.0, 0.0, 0.0, 0.0, 0.0, 0.0, 1.0, 0.0, 0.0, 0.0, 0.0, 0.0, 0.0, 0.0, 0.0, 0.0, 0.0, 0.0, 0.0, 0.0, 0.0, 0.0, 0.0, 0.0, 0.0, 0.0, 0.0, 0.0, 0.0, 0.0, 0.0, 0.0, 0.0, 0.0, 0.0, 0.0, 0.0, 0.0, 0.0, 0.0, 0.0, 0.0, 0.0, 0.0, 0.0, 0.0, 0.0, 0.0, 0.0, 0.0, 0.0, 0.0, 0.0, 0.0, 0.0, 0.0, 0.0, 0.0, 0.0, 0.0, 0.0, 0.0, 0.0, 0.0, 0.0, 0.0, 0.0, 0.0, 0.0, 0.0, 0.0, 0.0, 0.0, 0.0], [0.0, 0.04363338388426083, 0.0, 0.49089942839314227, 0.0, 0.0, 0.0, 0.0, 0.09242316558173538, 0.5574550968783862, 0.040707209774988484, 0.43564298670718904, 1.0542881735267308e-08, 0.0, 0.31043233318455665, 0.0, 0.0, 1.0, 0.5158171495611006, 0.44939696052900646, 0.07763407448652505, 0.00620908062542937, 2.642994463219055e-09, 0.0, 0.001546927186555028, 0.0004977833731925375, 0.315766878071252, 0.37572630715585864, 0.0, 0.247890391030115, 0.0, 3.9381046628884136e-07, 0.0, 1.429151944640956e-08, 0.0, 0.0, 0.0, 0.0, 0.0, 0.2419027598641309, 0.45984866869312147, 0.006440948335330689, 0.0, 0.0010803445928660568, 0.18152649019088665, 0.025158910066825614, 0.00022515900061507502, 0.0004979332865424275, 0.0, 0.0, 0.0070886121575123385, 1.9129090490316303e-05, 8.223489821858207e-09, 0.6560562921704036, 0.0, 0.3906327229762671, 0.0, 2.365389028683291e-07, 0.0, 4.862947650422836e-05, 0.004444649711322846, 0.4887998185473584, 0.0, 2.3380250445364565e-08, 0.0, 0.0, 1.870895270955539e-05, 1.0355471804833341e-08, 0.0, 0.5046637996733575, 1.0379542228528906e-05, 0.0, 9.980046493323424e-09, 1.520193414871361e-05, 0.0, 0.18295589433733156, 0.0, 0.5158957785693634, 1.1320770285193894e-08, 0.0, 0.4598485451748568, 0.027554804701695274, 0.2298245028952418, 0.0], [0.0, 0.07546512711617279, 0.0, 0.2423288279504875, 0.0, 0.0, 0.0, 0.0, 0.07232455909683166, 0.4913713475483904, 0.19142773951151962, 0.2904493106498929, 5.587935447692871e-09, 0.0, 0.20331268098500616, 0.0, 0.0, 0.5158171495611006, 1.0, 0.3331565445464104, 0.2382738295144923, 0.0004065773451747591, 1.4524464838990956e-09, 0.0, 0.0, 0.0, 0.11966600317219596, 0.13103863883879222, 0.0, 0.31514634218091664, 0.0, 0.0, 0.0, 2.328306436538696e-10, 0.0, 0.0, 0.0, 0.0, 0.0, 0.3462049968901817, 0.6069435672934617, 0.0006047878205542196, 0.0, 0.0, 0.4280352714289166, 0.033669548268278955, 0.0002398533359577625, 0.0003638835553632195, 0.0, 0.0, 0.0, 0.00048781260486850593, 2.4658179164968726e-09, 0.6046173917045372, 0.0, 0.35539987636276604, 0.0, 4.182319338528899e-09, 0.0, 7.359374816087533e-05, 3.725290298461915e-09, 0.20647989086423554, 0.0, 5.666383467961956e-09, 0.0, 0.0, 0.0, 3.725290298461914e-09, 0.0, 0.24314644611357236, 1.0502573948574172e-05, 0.0, 3.1950190871554064e-09, 0.0, 0.0, 0.23704079424939323, 0.0, 0.5825689278555914, 6.071910649475824e-09, 0.0, 0.606943567409877, 0.16922114952949185, 0.3902967498996438, 0.0], [0.0, 0.04607984266848199, 0.0, 0.6372775625717454, 0.0, 0.0, 0.0, 0.0, 0.10233170772076389, 0.5828393769450251, 0.1120841331968378, 0.6470508317633026, 7.562192512851818e-09, 0.0, 0.6341373438937639, 0.0, 0.0, 0.44939696052900646, 0.3331565445464104, 1.0, 0.2592650378476432, 0.011075377478787035, 1.2348338201133215e-09, 0.0, 0.0018737463082051575, 0.0003181591098722768, 0.15007706773963475, 0.18639836806715343, 0.0, 0.47983928177151114, 0.0, 2.4603493363656203e-07, 0.0, 3.288189270752446e-09, 0.0, 0.0, 0.0, 0.0, 0.0, 0.542547510483812, 0.31266847207479587, 0.0007427134259313518, 0.0, 0.0008314825652974597, 0.49754041576577335, 0.01456324643368383, 0.0004807978395067269, 0.0008720582943613231, 0.0, 0.0, 0.0008311548269349964, 0.00020819819492511556, 1.9485806009055097e-09, 0.5156952029992898, 0.0, 0.5797085223838834, 0.0, 2.431333500717474e-07, 0.0, 0.00012071911440948421, 0.005206988671765123, 0.44418760680406033, 0.0, 1.1911985210932882e-08, 0.0, 0.0, 7.133553339164191e-06, 2.6303278305571545e-09, 0.0, 0.5751959459600701, 2.6573938243553343e-05, 0.0, 1.8636947410317244e-09, 8.936991317597685e-06, 0.0, 0.5595560464221307, 0.0, 0.23407367714844213, 8.11508305565606e-09, 0.0, 0.31266828657370926, 0.33867132437645353, 0.3525153991518738, 0.0], [0.0, 2.5181182769990062e-05, 0.0, 0.23996044027383462, 0.0, 0.0, 0.0, 0.0, 0.0, 0.3136859222771937, 0.06270728978642888, 0.5344848878627857, 3.725290298461915e-09, 0.0, 0.20713333984362664, 0.0, 0.0, 0.07763407448652505, 0.2382738295144923, 0.2592650378476432, 1.0, 0.0003142405641820337, 0.0, 0.0, 0.0, 1.332505152527541e-06, 0.0625, 0.06257062489154143, 0.0, 0.6224872485478412, 0.0, 1.1920928955078125e-07, 0.0, 0.0, 0.0, 0.0, 0.0, 0.0, 0.0, 0.4203355066017339, 0.1875, 0.00018172388403449124, 0.0, 3.5762786865234375e-07, 0.4886029773587931, 8.222518215609745e-05, 0.0005843791555851063, 0.0002445157470263187, 0.0, 0.0, 0.0, 0.0001510870966199404, 0.0, 0.2824146958658885, 0.0, 0.34661172339872875, 0.0, 2.4260089844009136e-07, 0.0, 3.051757812500001e-05, 3.725290298461914e-09, 0.17819623409691102, 0.0, 3.725290298461915e-09, 0.0, 0.0, 0.0, 1.4901161193847656e-08, 0.0, 0.11960917072747479, 0.0, 0.0, 0.0, 0.0, 0.0, 0.42360248944014206, 0.0, 0.12555944160246033, 9.830712480103714e-09, 0.0, 0.1875, 0.05501880840297692, 0.24013411925935704, 0.0], [0.0, 0.001859075144674982, 0.0, 0.005345751230353892, 0.0, 0.0, 0.0, 0.0, 0.004233705537982784, 0.005032860876405504, 0.004844226491290337, 0.008110274466231289, 0.0, 0.0, 9.442943538746277e-06, 0.0, 0.0, 0.00620908062542937, 0.0004065773451747591, 0.011075377478787035, 0.0003142405641820337, 1.0, 0.0, 0.0, 0.004617083189852961, 0.0007398879150831959, 0.0036097415932047753, 0.0023793293780388484, 0.0, 0.007351138406478259, 0.0, 0.0, 0.0, 0.0, 0.0, 0.0, 0.0, 0.0, 0.0, 0.0027502218558790644, 0.0, 0.0007562231566478797, 0.0, 0.00390625, 0.007671917388641328, 0.00034328637102719567, 0.00037527676400395777, 0.0005037358993309243, 0.0, 0.0, 0.0009765625000000002, 0.00022542767613042917, 1.6298145055770872e-09, 0.004884375963713331, 0.0, 0.009237854189168419, 0.0, 0.0, 0.0, 4.568874834998667e-05, 0.006742857362175696, 0.0043605232894507445, 0.0, 1.4303332380966629e-10, 0.0, 0.0, 9.532670545946957e-06, 0.0, 0.0, 0.0037813951867286346, 5.951030694274216e-05, 0.0, 0.0, 4.477593891993727e-06, 0.0, 0.004174982648204039, 0.0, 0.008088080954239957, 0.0, 0.0, 1.4303332380966626e-10, 0.001278534998360957, 0.007680418972987589, 0.0], [0.0, 0.0, 0.0, 1.1914900081957415e-09, 0.0, 0.0, 0.0, 0.0, 0.0, 2.747622100744754e-09, 0.0, 2.9429038547481344e-09, 0.0, 0.0, 0.0, 0.0, 0.0, 2.642994463219055e-09, 1.4524464838990956e-09, 1.2348338201133215e-09, 0.0, 0.0, 1.0, 0.0, 0.0, 0.0, 0.0, 8.806071450020237e-10, 0.0, 3.2757544218403503e-10, 0.0, 0.0, 0.0, 2.3283064365386963e-10, 0.0, 0.0, 0.0, 0.0, 0.0, 5.206251464550824e-10, 0.0, 1.1641532182693481e-09, 0.0, 0.0, 1.0967282652559584e-10, 3.6440005816497417e-10, 1.215906869453259e-09, 0.0, 0.0, 0.0, 0.0, 0.0, 2.328306436538696e-10, 3.725290298461913e-09, 0.0, 0.0, 0.0, 0.0, 0.0, 2.3283064365386963e-10, 0.0, 2.5486380675345004e-09, 0.0, 1.862645149230957e-09, 0.0, 0.0, 0.0, 0.0, 0.0, 7.261869932320035e-10, 1.079412936413961e-09, 0.0, 1.4806023070270502e-09, 0.0, 0.0, 4.580737481179103e-09, 0.0, 0.0, 0.0, 0.0, 0.0, 0.0, 2.710146119461952e-09, 0.0], [0.0, 0.0, 0.0, 0.0, 0.0, 0.0, 0.0, 0.0, 0.0, 0.0, 0.0, 0.0, 0.0, 0.0, 0.0, 0.0, 0.0, 0.0, 0.0, 0.0, 0.0, 0.0, 0.0, 1.0, 0.0, 0.0, 0.0, 0.0, 0.0, 0.0, 0.0, 0.0, 0.0, 0.0, 0.0, 0.0, 0.0, 0.0, 0.0, 0.0, 0.0, 0.0, 0.0, 0.0, 0.0, 0.0, 0.0, 0.0, 0.0, 0.0, 0.0, 0.0, 0.0, 0.0, 0.0, 0.0, 0.0, 0.0, 0.0, 0.0, 0.0, 0.0, 0.0, 0.0, 0.0, 0.0, 0.0, 0.0, 0.0, 0.0, 0.0, 0.0, 0.0, 0.0, 0.0, 0.0, 0.0, 0.0, 0.0, 0.0, 0.0, 0.0, 0.0, 0.0], [0.0, 0.0003569202948493204, 0.0, 0.0009702947051834098, 0.0, 0.0, 0.0, 0.0, 0.0042863630707432815, 0.0027626902502134974, 0.004399142411973355, 0.002159269856897268, 0.0, 0.0, 0.0, 0.0, 0.0, 0.001546927186555028, 0.0, 0.0018737463082051575, 0.0, 0.004617083189852961, 0.0, 0.0, 1.0, 0.0018357516866621714, 0.0015440808887540913, 0.0015440960194957362, 0.0, 0.005375438749578572, 0.0, 0.0, 0.0, 0.0, 0.0, 0.0, 0.0, 0.0, 0.0, 0.0013534071298122513, 0.0, 0.0, 0.0, 0.00360285540709288, 0.004352469248744679, 0.0, 0.0, 0.0, 0.0, 0.0, 0.0010293872591693944, 0.0, 0.0, 0.0010222131382150571, 0.0, 0.003187332918836485, 0.0, 0.0, 0.0, 0.0, 0.0021645127808538793, 0.0030318102965266385, 0.0, 0.0, 0.0, 0.0, 0.0, 0.0, 0.0, 0.0018184021899674456, 0.0, 0.0, 0.0, 0.0, 0.0, 0.0029342184561499006, 0.0, 0.002317470128098594, 0.0, 0.0, 0.0, 0.0, 0.002461497652888401, 0.0], [0.0, 0.00029900997836708714, 0.0, 0.0008450299863756278, 0.0, 0.0, 0.0, 0.0, 0.0019435648593860665, 0.0009563491164015254, 0.0006253780704877007, 0.0015144777257588128, 0.0, 0.0, 2.090143576885326e-05, 0.0, 0.0, 0.0004977833731925375, 0.0, 0.0003181591098722768, 1.332505152527541e-06, 0.0007398879150831959, 0.0, 0.0, 0.0018357516866621714, 1.0, 0.0, 2.013329915925241e-05, 0.0, 0.0018778620973622566, 0.0, 4.76837158203125e-07, 0.0, 0.0, 0.0, 0.0, 0.0, 0.0, 0.0, 0.0006347775625681095, 0.0, 7.624776908476883e-06, 0.0, 9.644700101851327e-07, 0.0009183059681380599, 0.0, 1.4951327269681608e-05, 8.313019111637828e-06, 0.0, 0.0, 0.0, 0.0, 0.0, 0.0006275194027196903, 0.0, 0.0007382510199331469, 0.0, 3.864260336461194e-07, 0.0, 0.0, 0.0008951822916666666, 0.0012953457505302166, 0.0, 0.0, 0.0, 0.0, 2.260219738808462e-05, 0.0, 0.0, 0.0012480272580850684, 0.0, 0.0, 0.0, 1.773807976189048e-05, 0.0, 0.0016842443286285062, 0.0, 1.1013375867006859e-05, 0.0, 0.0, 0.0, 2.7668780186995178e-05, 0.0015104750156326517, 0.0], [0.0, 0.016656658019585043, 0.0, 0.29626410318494, 0.0, 0.0, 0.0, 0.0, 0.026566463224155693, 0.11921271120449825, 0.06738281249999999, 0.2852958374516723, 0.0, 0.0, 0.10912372859154686, 0.0, 0.0, 0.315766878071252, 0.11966600317219596, 0.15007706773963475, 0.0625, 0.0036097415932047753, 0.0, 0.0, 0.0015440808887540913, 0.0, 1.0, 0.30011924416318053, 0.0, 0.1945988413701128, 0.0, 0.0, 0.0, 0.0, 0.0, 0.0, 0.0, 0.0, 0.0, 0.09648936679900343, 0.062499999999999986, 0.0039062499999999996, 0.0, 0.0009765625000000002, 0.08098464952517279, 0.022124912968493133, 0.0, 0.0, 0.0, 0.0, 0.004882812499999999, 0.0, 0.0, 0.31302411979777595, 0.0, 0.2204770672147709, 0.0, 0.0, 0.0, 0.0, 0.007755976357778154, 0.07659903886506413, 0.0, 0.0, 0.0, 0.0, 0.0, 0.0, 0.0, 0.2877628647554673, 0.0, 0.0, 0.0, 0.0, 0.0, 0.10251166651363156, 0.0, 0.0691292485610924, 0.0, 0.0, 0.06249999999999999, 0.0, 0.09089664349298494, 0.0], [0.0, 0.11474981491577299, 0.0, 0.33789798921230757, 0.0, 0.0, 0.0, 0.0, 0.09996631368119509, 0.1336564578140011, 0.07888999051866999, 0.30853530716682703, 1.7486185245027297e-08, 0.0, 0.16811573667161117, 0.0, 0.0, 0.37572630715585864, 0.13103863883879222, 0.18639836806715343, 0.06257062489154143, 0.0023793293780388484, 8.806071450020237e-10, 0.0, 0.0015440960194957362, 2.013329915925241e-05, 0.30011924416318053, 1.0, 0.0, 0.22721644318932666, 0.0, 0.0, 0.0, 1.1479341080203379e-08, 0.0, 0.0, 0.0, 0.0, 0.0, 0.11478224679224976, 0.062499999999999986, 0.005294843592266162, 0.0, 0.0009765625000000002, 0.09867150416749358, 0.02741136882625882, 0.00013165970240123164, 0.00033131470834136937, 0.0, 0.0, 0.005790386188782222, 0.00048101605215574887, 5.371297685832447e-09, 0.35449388940814053, 0.0, 0.25825009177521785, 0.0, 4.171559559090216e-09, 0.0, 1.5267161040677275e-05, 0.005073593483952302, 0.10348252537583356, 0.0, 1.5684592420245616e-08, 0.0, 0.0, 3.020542248613501e-05, 4.560185016327541e-09, 0.0, 0.37932495010398604, 5.951109900309445e-05, 0.0, 4.6023435265041795e-09, 3.0225266965681044e-05, 0.0, 0.1264411400450643, 0.0, 0.13246882529500767, 7.64246062475135e-09, 0.0, 0.06250000027768449, 0.0002565267150203719, 0.1708268415877434, 0.0], [0.0, 0.0, 0.0, 0.0, 0.0, 0.0, 0.0, 0.0, 0.0, 0.0, 0.0, 0.0, 0.0, 0.0, 0.0, 0.0, 0.0, 0.0, 0.0, 0.0, 0.0, 0.0, 0.0, 0.0, 0.0, 0.0, 0.0, 0.0, 1.0, 0.0, 0.0, 0.0, 0.0, 0.0, 0.0, 0.0, 0.0, 0.0, 0.0, 0.0, 0.0, 0.0, 0.0, 0.0, 0.0, 0.0, 0.0, 0.0, 0.0, 0.0, 0.0, 0.0, 0.0, 0.0, 0.0, 0.0, 0.0, 0.0, 0.0, 0.0, 0.0, 0.0, 0.0, 0.0, 0.0, 0.0, 0.0, 0.0, 0.0, 0.0, 0.0, 0.0, 0.0, 0.0, 0.0, 0.0, 0.0, 0.0, 0.0, 0.0, 0.0, 0.0, 0.0, 0.0], [0.0, 0.05950027805265039, 0.0, 0.429137776272074, 0.0, 0.0, 0.0, 0.0, 0.06493283269673489, 0.49924976863107173, 0.11435960781364403, 0.8363632004795138, 4.959324773854704e-09, 0.0, 0.32857728289708105, 0.0, 0.0, 0.247890391030115, 0.31514634218091664, 0.47983928177151114, 0.6224872485478412, 0.007351138406478259, 3.2757544218403503e-10, 0.0, 0.005375438749578572, 0.0018778620973622566, 0.1945988413701128, 0.22721644318932666, 0.0, 1.0, 0.0, 8.27722094704775e-08, 0.0, 3.101435027016635e-09, 0.0, 0.0, 0.0, 0.0, 0.0, 0.38238157701475217, 0.23365942168501733, 0.015632506024466405, 0.0, 0.003271096386634796, 0.7313708968150359, 0.024270496893065416, 0.0003599302489038745, 0.00037031380173684184, 0.0, 0.0, 0.01650661289593595, 1.253606840199501e-05, 5.807492329586782e-09, 0.3448387146776408, 0.0, 0.6721178831444523, 0.0, 2.5721324334612966e-07, 0.0, 7.731110804613742e-05, 0.004614919156199921, 0.45795073653345697, 0.0, 2.088094690286362e-08, 0.0, 0.0, 3.759756490712732e-05, 5.836188989556148e-09, 0.0, 0.3212015573941305, 2.920457635461262e-06, 0.0, 5.649179445366881e-09, 2.9469021050108405e-05, 0.0, 0.5710698734055448, 0.0, 0.3880019812051638, 4.3650425650067694e-09, 0.0, 0.23365930928753037, 0.19324903373988706, 0.38718819054379916, 0.0], [0.0, 0.0, 0.0, 0.0, 0.0, 0.0, 0.0, 0.0, 0.0, 0.0, 0.0, 0.0, 0.0, 0.0, 0.0, 0.0, 0.0, 0.0, 0.0, 0.0, 0.0, 0.0, 0.0, 0.0, 0.0, 0.0, 0.0, 0.0, 0.0, 0.0, 1.0, 0.0, 0.0, 0.0, 0.0, 0.0, 0.0, 0.0, 0.0, 0.0, 0.0, 0.0, 0.0, 0.0, 0.0, 0.0, 0.0, 0.0, 0.0, 0.0, 0.0, 0.0, 0.0, 0.0, 0.0, 0.0, 0.0, 0.0, 0.0, 0.0, 0.0, 0.0, 0.0, 0.0, 0.0, 0.0, 0.0, 0.0, 0.0, 0.0, 0.0, 0.0, 0.0, 0.0, 0.0, 0.0, 0.0, 0.0, 0.0, 0.0, 0.0, 0.0, 0.0, 0.0], [0.0, 0.0, 0.0, 3.1765678891692666e-07, 0.0, 0.0, 0.0, 0.0, 0.0, 2.7377879116592853e-07, 0.0, 3.425886756870628e-07, 0.0, 0.0, 7.152557373046875e-07, 0.0, 0.0, 3.9381046628884136e-07, 0.0, 2.4603493363656203e-07, 1.1920928955078125e-07, 0.0, 0.0, 0.0, 0.0, 4.76837158203125e-07, 0.0, 0.0, 0.0, 8.27722094704775e-08, 0.0, 1.0, 0.0, 0.0, 0.0, 0.0, 0.0, 0.0, 0.0, 3.682092793691675e-07, 5.960464477539064e-08, 4.76837158203125e-07, 0.0, 4.76837158203125e-07, 1.142449357959643e-07, 0.0, 0.0, 2.0189782212911854e-07, 0.0, 0.0, 0.0, 0.0, 0.0, 3.3379633233869864e-07, 0.0, 1.856266359208157e-07, 0.0, 0.0, 0.0, 0.0, 0.0, 2.5472608247617803e-07, 0.0, 0.0, 0.0, 0.0, 0.0, 0.0, 0.0, 1.041895144677639e-07, 0.0, 0.0, 0.0, 0.0, 0.0, 3.721853642497525e-07, 0.0, 5.960464477539063e-08, 0.0, 0.0, 0.0, 1.8684719347865447e-07, 6.047019531267105e-07, 0.0], [0.0, 0.0, 0.0, 0.0, 0.0, 0.0, 0.0, 0.0, 0.0, 0.0, 0.0, 0.0, 0.0, 0.0, 0.0, 0.0, 0.0, 0.0, 0.0, 0.0, 0.0, 0.0, 0.0, 0.0, 0.0, 0.0, 0.0, 0.0, 0.0, 0.0, 0.0, 0.0, 1.0, 0.0, 0.0, 0.0, 0.0, 0.0, 0.0, 0.0, 0.0, 0.0, 0.0, 0.0, 0.0, 0.0, 0.0, 0.0, 0.0, 0.0, 0.0, 0.0, 0.0, 0.0, 0.0, 0.0, 0.0, 0.0, 0.0, 0.0, 0.0, 0.0, 0.0, 0.0, 0.0, 0.0, 0.0, 0.0, 0.0, 0.0, 0.0, 0.0, 0.0, 0.0, 0.0, 0.0, 0.0, 0.0, 0.0, 0.0, 0.0, 0.0, 0.0, 0.0], [0.0, 0.0, 0.0, 9.932104440902046e-09, 0.0, 0.0, 0.0, 0.0, 0.0, 4.704091621939309e-09, 0.0, 1.1102634011260179e-08, 0.0, 0.0, 0.0, 0.0, 0.0, 1.429151944640956e-08, 2.328306436538696e-10, 3.288189270752446e-09, 0.0, 0.0, 2.3283064365386963e-10, 0.0, 0.0, 0.0, 0.0, 1.1479341080203379e-08, 0.0, 3.101435027016635e-09, 0.0, 0.0, 0.0, 1.0, 0.0, 0.0, 0.0, 0.0, 0.0, 7.541168303021934e-09, 0.0, 2.328306436538696e-10, 0.0, 0.0, 1.9287064398255665e-08, 2.2988996958058768e-10, 9.15133810850903e-10, 0.0, 0.0, 0.0, 0.0, 0.0, 2.3283064365386963e-10, 1.3816652096143906e-08, 0.0, 0.0, 0.0, 0.0, 0.0, 2.9163710245858657e-08, 7.870979517710494e-09, 7.089881405759381e-09, 0.0, 3.000566621064574e-08, 0.0, 0.0, 0.0, 0.0, 0.0, 1.4939895598588777e-08, 0.0, 0.0, 0.0, 0.0, 0.0, 7.611319756103123e-09, 0.0, 1.0383757815338578e-08, 0.0, 0.0, 0.0, 0.0, 5.643506883293789e-10, 0.0], [0.0, 0.0, 0.0, 0.0, 0.0, 0.0, 0.0, 0.0, 0.0, 0.0, 0.0, 0.0, 0.0, 0.0, 0.0, 0.0, 0.0, 0.0, 0.0, 0.0, 0.0, 0.0, 0.0, 0.0, 0.0, 0.0, 0.0, 0.0, 0.0, 0.0, 0.0, 0.0, 0.0, 0.0, 1.0, 0.0, 0.0, 0.0, 0.0, 0.0, 0.0, 0.0, 0.0, 0.0, 0.0, 0.0, 0.0, 0.0, 0.0, 0.0, 0.0, 0.0, 0.0, 0.0, 0.0, 0.0, 0.0, 0.0, 0.0, 0.0, 0.0, 0.0, 0.0, 0.0, 0.0, 0.0, 0.0, 0.0, 0.0, 0.0, 0.0, 0.0, 0.0, 0.0, 0.0, 0.0, 0.0, 0.0, 0.0, 0.0, 0.0, 0.0, 0.0, 0.0], [0.0, 0.0, 0.0, 0.0, 0.0, 0.0, 0.0, 0.0, 0.0, 0.0, 0.0, 0.0, 0.0, 0.0, 0.0, 0.0, 0.0, 0.0, 0.0, 0.0, 0.0, 0.0, 0.0, 0.0, 0.0, 0.0, 0.0, 0.0, 0.0, 0.0, 0.0, 0.0, 0.0, 0.0, 0.0, 1.0, 0.0, 0.0, 0.0, 0.0, 0.0, 0.0, 0.0, 0.0, 0.0, 0.0, 0.0, 0.0, 0.0, 0.0, 0.0, 0.0, 0.0, 0.0, 0.0, 0.0, 0.0, 0.0, 0.0, 0.0, 0.0, 0.0, 0.0, 0.0, 0.0, 0.0, 0.0, 0.0, 0.0, 0.0, 0.0, 0.0, 0.0, 0.0, 0.0, 0.0, 0.0, 0.0, 0.0, 0.0, 0.0, 0.0, 0.0, 0.0], [0.0, 0.0, 0.0, 0.0, 0.0, 0.0, 0.0, 0.0, 0.0, 0.0, 0.0, 0.0, 0.0, 0.0, 0.0, 0.0, 0.0, 0.0, 0.0, 0.0, 0.0, 0.0, 0.0, 0.0, 0.0, 0.0, 0.0, 0.0, 0.0, 0.0, 0.0, 0.0, 0.0, 0.0, 0.0, 0.0, 1.0, 0.0, 0.0, 0.0, 0.0, 0.0, 0.0, 0.0, 0.0, 0.0, 0.0, 0.0, 0.0, 0.0, 0.0, 0.0, 0.0, 0.0, 0.0, 0.0, 0.0, 0.0, 0.0, 0.0, 0.0, 0.0, 0.0, 0.0, 0.0, 0.0, 0.0, 0.0, 0.0, 0.0, 0.0, 0.0, 0.0, 0.0, 0.0, 0.0, 0.0, 0.0, 0.0, 0.0, 0.0, 0.0, 0.0, 0.0], [0.0, 0.0, 0.0, 0.0, 0.0, 0.0, 0.0, 0.0, 0.0, 0.0, 0.0, 0.0, 0.0, 0.0, 0.0, 0.0, 0.0, 0.0, 0.0, 0.0, 0.0, 0.0, 0.0, 0.0, 0.0, 0.0, 0.0, 0.0, 0.0, 0.0, 0.0, 0.0, 0.0, 0.0, 0.0, 0.0, 0.0, 1.0, 0.0, 0.0, 0.0, 0.0, 0.0, 0.0, 0.0, 0.0, 0.0, 0.0, 0.0, 0.0, 0.0, 0.0, 0.0, 0.0, 0.0, 0.0, 0.0, 0.0, 0.0, 0.0, 0.0, 0.0, 0.0, 0.0, 0.0, 0.0, 0.0, 0.0, 0.0, 0.0, 0.0, 0.0, 0.0, 0.0, 0.0, 0.0, 0.0, 0.0, 0.0, 0.0, 0.0, 0.0, 0.0, 0.0], [0.0, 0.0, 0.0, 0.0, 0.0, 0.0, 0.0, 0.0, 0.0, 0.0, 0.0, 0.0, 0.0, 0.0, 0.0, 0.0, 0.0, 0.0, 0.0, 0.0, 0.0, 0.0, 0.0, 0.0, 0.0, 0.0, 0.0, 0.0, 0.0, 0.0, 0.0, 0.0, 0.0, 0.0, 0.0, 0.0, 0.0, 0.0, 1.0, 0.0, 0.0, 0.0, 0.0, 0.0, 0.0, 0.0, 0.0, 0.0, 0.0, 0.0, 0.0, 0.0, 0.0, 0.0, 0.0, 0.0, 0.0, 0.0, 0.0, 0.0, 0.0, 0.0, 0.0, 0.0, 0.0, 0.0, 0.0, 0.0, 0.0, 0.0, 0.0, 0.0, 0.0, 0.0, 0.0, 0.0, 0.0, 0.0, 0.0, 0.0, 0.0, 0.0, 0.0, 0.0], [0.0, 0.05886499339839262, 0.0, 0.5687569829129241, 0.0, 0.0, 0.0, 0.0, 0.12370823342949591, 0.6225955046372866, 0.05645726632218796, 0.552645309677815, 5.041229043054158e-09, 0.0, 0.6338445107729007, 0.0, 0.0, 0.2419027598641309, 0.3462049968901817, 0.542547510483812, 0.4203355066017339, 0.0027502218558790644, 5.206251464550824e-10, 0.0, 0.0013534071298122513, 0.0006347775625681095, 0.09648936679900343, 0.11478224679224976, 0.0, 0.38238157701475217, 0.0, 3.682092793691675e-07, 0.0, 7.541168303021934e-09, 0.0, 0.0, 0.0, 0.0, 0.0, 1.0, 0.4125872726253952, 0.015022923804377735, 0.0, 0.0012651880901007953, 0.36305211144960525, 0.01763435031588265, 0.0002744999052013365, 0.0009751524280154369, 0.0, 0.0, 0.015720863564310277, 0.0002512186305798469, 2.4267935924012157e-09, 0.24219474904333987, 0.0, 0.6076192703715522, 0.0, 3.3141109761739415e-07, 0.0, 1.5272487215965268e-05, 0.0021688931198537223, 0.4354018416280652, 0.0, 1.362186451722135e-08, 0.0, 0.0, 1.9987821712514035e-05, 3.397639101796615e-09, 0.0, 0.5218138500646644, 1.925333459912246e-05, 0.0, 1.2079951846169514e-09, 1.7065726691622794e-05, 0.0, 0.6723063805651658, 0.0, 0.22587544729560918, 5.875953786903171e-09, 0.0, 0.4125871543134647, 0.16796043474584796, 0.48897458391744214, 0.0], [0.0, 0.0, 0.0, 0.15881761528592037, 0.0, 0.0, 0.0, 0.0, 0.0, 0.4152216031633921, 0.0625, 0.18649469689918502, 0.0, 0.0, 0.3655282573197323, 0.0, 0.0, 0.45984866869312147, 0.6069435672934617, 0.31266847207479587, 0.1875, 0.0, 0.0, 0.0, 0.0, 0.0, 0.062499999999999986, 0.062499999999999986, 0.0, 0.23365942168501733, 0.0, 5.960464477539064e-08, 0.0, 0.0, 0.0, 0.0, 0.0, 0.0, 0.0, 0.4125872726253952, 1.0, 0.0, 0.0, 0.0, 0.2758229838913799, 0.0, 0.0, 1.21316029013773e-07, 0.0, 0.0, 0.0, 0.0, 0.0, 0.39826274293286174, 0.0, 0.08367586076391739, 0.0, 0.0, 0.0, 0.0, 0.0, 0.07415725897799144, 0.0, 0.0, 0.0, 0.0, 0.0, 0.0, 0.0, 0.2585719312625356, 0.0, 0.0, 0.0, 0.0, 0.0, 0.18643276744532228, 0.0, 0.5000000894069672, 0.0, 0.0, 0.75, 0.14664721031350367, 0.479468547430955, 0.0], [0.0, 0.004340479155999206, 0.0, 0.0010271923811898274, 0.0, 0.0, 0.0, 0.0, 0.00390625, 0.016584451085951978, 0.0039501554325886675, 0.005124078837183264, 0.0, 0.0, 4.76837158203125e-07, 0.0, 0.0, 0.006440948335330689, 0.0006047878205542196, 0.0007427134259313518, 0.00018172388403449124, 0.0007562231566478797, 1.1641532182693481e-09, 0.0, 0.0, 7.624776908476883e-06, 0.0039062499999999996, 0.005294843592266162, 0.0, 0.015632506024466405, 0.0, 4.76837158203125e-07, 0.0, 2.328306436538696e-10, 0.0, 0.0, 0.0, 0.0, 0.0, 0.015022923804377735, 0.0, 1.0, 0.0, 4.76837158203125e-07, 0.0006539189140475018, 0.004074890372939772, 0.00018160636316305747, 0.0007621941305917081, 0.0, 0.0, 0.015625, 0.0004882812500000001, 2.0954757928848262e-09, 0.016313331803898778, 0.0, 0.01646396248309695, 0.0, 0.0, 0.0, 3.051781095564365e-05, 0.0, 0.003890223650820156, 0.0, 4.074536263942719e-09, 0.0, 0.0, 0.0, 0.0, 0.0, 0.0014457497529846493, 1.0794129364139613e-09, 0.0, 1.4806023070270502e-09, 0.0, 0.0, 0.01636287867652033, 0.0, 0.005748149275586709, 0.0, 0.0, 1.1641532182693479e-10, 0.0003691417432554342, 0.013481376890630673, 0.0], [0.0, 0.0, 0.0, 0.0, 0.0, 0.0, 0.0, 0.0, 0.0, 0.0, 0.0, 0.0, 0.0, 0.0, 0.0, 0.0, 0.0, 0.0, 0.0, 0.0, 0.0, 0.0, 0.0, 0.0, 0.0, 0.0, 0.0, 0.0, 0.0, 0.0, 0.0, 0.0, 0.0, 0.0, 0.0, 0.0, 0.0, 0.0, 0.0, 0.0, 0.0, 0.0, 1.0, 0.0, 0.0, 0.0, 0.0, 0.0, 0.0, 0.0, 0.0, 0.0, 0.0, 0.0, 0.0, 0.0, 0.0, 0.0, 0.0, 0.0, 0.0, 0.0, 0.0, 0.0, 0.0, 0.0, 0.0, 0.0, 0.0, 0.0, 0.0, 0.0, 0.0, 0.0, 0.0, 0.0, 0.0, 0.0, 0.0, 0.0, 0.0, 0.0, 0.0, 0.0], [0.0, 0.0, 0.0, 0.0005608868805664462, 0.0, 0.0, 0.0, 0.0, 0.0016858457157669024, 0.000976837696555446, 0.00390625, 0.0008666764370901251, 0.0, 0.0, 7.152557373046874e-07, 0.0, 0.0, 0.0010803445928660568, 0.0, 0.0008314825652974597, 3.5762786865234375e-07, 0.00390625, 0.0, 0.0, 0.00360285540709288, 9.644700101851327e-07, 0.0009765625000000002, 0.0009765625000000002, 0.0, 0.003271096386634796, 0.0, 4.76837158203125e-07, 0.0, 0.0, 0.0, 0.0, 0.0, 0.0, 0.0, 0.0012651880901007953, 0.0, 4.76837158203125e-07, 0.0, 1.0, 0.002184036751922152, 0.0, 0.0, 8.132037349060597e-07, 0.0, 0.0, 0.0009765624999999998, 0.0, 0.0, 0.0013758958126089962, 0.0, 0.0033841544847619943, 0.0, 2.3841857910156245e-07, 0.0, 0.0, 0.0009797822769641014, 0.0013961525535842328, 0.0, 0.0, 0.0, 0.0, 0.0, 0.0, 0.0, 0.0002935920278796057, 0.0, 0.0, 0.0, 0.0, 0.0, 0.0013109288069381023, 0.0, 0.002817442063128305, 0.0, 0.0, 0.0, 3.482736525860121e-07, 0.000551470404551158, 0.0], [0.0, 0.09564525781886778, 0.0, 0.40695847371085137, 0.0, 0.0, 0.0, 0.0, 0.10605106819561749, 0.570003377552893, 0.07056181364673422, 0.6654604619005458, 1.0932467526208702e-08, 0.0, 0.2553674154338408, 0.0, 0.0, 0.18152649019088665, 0.4280352714289166, 0.49754041576577335, 0.4886029773587931, 0.007671917388641328, 1.0967282652559584e-10, 0.0, 0.004352469248744679, 0.0009183059681380599, 0.08098464952517279, 0.09867150416749358, 0.0, 0.7313708968150359, 0.0, 1.142449357959643e-07, 0.0, 1.9287064398255665e-08, 0.0, 0.0, 0.0, 0.0, 0.0, 0.36305211144960525, 0.2758229838913799, 0.0006539189140475018, 0.0, 0.002184036751922152, 1.0, 0.01170727110713234, 7.219165525737417e-05, 0.0006763323116376211, 0.0, 0.0, 0.0021836601342771385, 0.00039398023948236254, 8.029628437257527e-09, 0.21202120530596158, 0.0, 0.47924361083842615, 0.0, 2.9632423673556787e-07, 0.0, 6.896049474035212e-05, 0.0064811621437612585, 0.5428458200081256, 0.0, 2.491691948902411e-08, 0.0, 0.0, 1.7034726424509436e-05, 3.538269528532349e-09, 0.0, 0.29019720387602693, 1.1355966425094902e-05, 0.0, 8.18936781712834e-09, 9.15702833068825e-06, 0.0, 0.6152616746094868, 0.0, 0.322620293808279, 5.767082484788269e-09, 0.0, 0.275822904781774, 0.2210028547604242, 0.46944744252212034, 0.0], [0.0, 0.06179142131335096, 0.0, 0.018301967702203655, 0.0, 0.0, 0.0, 0.0, 0.024960048026662972, 0.019900870131571564, 0.004090294993885933, 0.034411322919119004, 0.0, 0.0, 0.031320048250736025, 0.0, 0.0, 0.025158910066825614, 0.033669548268278955, 0.01456324643368383, 8.222518215609745e-05, 0.00034328637102719567, 3.6440005816497417e-10, 0.0, 0.0, 0.0, 0.022124912968493133, 0.02741136882625882, 0.0, 0.024270496893065416, 0.0, 0.0, 0.0, 2.2988996958058768e-10, 0.0, 0.0, 0.0, 0.0, 0.0, 0.01763435031588265, 0.0, 0.004074890372939772, 0.0, 0.0, 0.01170727110713234, 1.0, 4.1114469919784454e-05, 0.0002719892560048074, 0.0, 0.0, 0.0039062499999999996, 0.0001686390366313663, 8.300613454727134e-10, 0.0428089272403399, 0.0, 0.017415850262319482, 0.0, 0.0, 0.0, 8.804296707341658e-11, 0.0, 0.03729156721628886, 0.0, 3.6440005816497417e-10, 0.0, 0.0, 0.0, 0.0, 0.0, 0.054672959395499175, 0.0, 0.0, 0.0, 0.0, 0.0, 0.011633564198669127, 0.0, 0.0377716927380835, 0.0, 0.0, 0.0, 0.0007193960918702141, 0.03135069703605651, 0.0], [0.0, 0.00015108709661994043, 0.0, 0.0002750753992620387, 0.0, 0.0, 0.0, 0.0, 0.0, 0.00013321347027419296, 0.00013876882616082795, 0.00020921256978510589, 7.450580596923828e-09, 0.0, 1.991815600181767e-06, 0.0, 0.0, 0.00022515900061507502, 0.0002398533359577625, 0.0004807978395067269, 0.0005843791555851063, 0.00037527676400395777, 1.215906869453259e-09, 0.0, 0.0, 1.4951327269681608e-05, 0.0, 0.00013165970240123164, 0.0, 0.0003599302489038745, 0.0, 0.0, 0.0, 9.15133810850903e-10, 0.0, 0.0, 0.0, 0.0, 0.0, 0.0002744999052013365, 0.0, 0.00018160636316305747, 0.0, 0.0, 7.219165525737417e-05, 4.1114469919784454e-05, 1.0, 0.0002446541297038609, 0.0, 0.0, 0.0, 0.0001510870966199404, 8.430879507823725e-09, 0.00016366722111190685, 0.0, 0.0002870957233310769, 0.0, 0.0, 0.0, 4.5778514416944074e-05, 0.0, 6.08081249897719e-05, 0.0, 1.2159068694532592e-09, 0.0, 0.0, 4.721471769373138e-06, 0.0, 0.0, 0.0004205380572402454, 5.9511318038404104e-05, 0.0, 1.0344485106113064e-08, 0.0, 0.0, 0.0002582544106650147, 0.0, 0.0006229576979205652, 0.0, 0.0, 0.0, 0.0001672395886265595, 0.0003718327770220559, 0.0], [0.0, 0.00046156052411737794, 0.0, 0.0003841967040738657, 0.0, 0.0, 0.0, 0.0, 0.0, 0.0007773807220806569, 8.24689864858089e-05, 0.0004912438799407077, 0.0, 0.0, 4.643501110300854e-06, 0.0, 0.0, 0.0004979332865424275, 0.0003638835553632195, 0.0008720582943613231, 0.0002445157470263187, 0.0005037358993309243, 0.0, 0.0, 0.0, 8.313019111637828e-06, 0.0, 0.00033131470834136937, 0.0, 0.00037031380173684184, 0.0, 2.0189782212911854e-07, 0.0, 0.0, 0.0, 0.0, 0.0, 0.0, 0.0, 0.0009751524280154369, 1.21316029013773e-07, 0.0007621941305917081, 0.0, 8.132037349060597e-07