"{\"names\": [\"172.217.10.1\", \"104.88.86.240\", \"38.93.140.48\", \"192.168.10.15\", \"104.88.108.223\", \"195.142.105.15\", \"172.217.12.163\", \"206.217.206.48\", \"172.217.6.228\", \"178.255.83.1\", \"74.119.118.82\", \"192.168.10.9\", \"172.217.7.6\", \"35.186.227.40\", \"31.13.71.36\", \"206.126.112.142\", \"151.101.2.49\", \"192.168.10.25\", \"172.217.3.98\", \"192.168.10.16\", \"72.30.202.150\", \"172.217.12.132\", \"50.31.164.173\", \"162.208.20.178\", \"23.15.4.16\", \"216.58.217.99\", \"172.217.6.198\", \"172.217.12.174\", \"169.46.44.40\", \"192.168.10.17\", \"52.84.143.130\", \"104.19.195.102\", \"216.200.232.61\", \"104.97.73.166\", \"152.163.13.79\", \"192.229.163.25\", \"74.119.118.86\", \"54.225.188.92\", \"188.165.145.88\", \"192.168.10.14\", \"8.43.72.98\", \"199.96.57.6\", \"68.67.178.110\", \"104.88.70.158\", \"192.168.10.19\", \"69.172.216.56\", \"157.240.18.35\", \"172.217.11.34\", \"185.54.150.20\", \"69.169.85.7\", \"198.232.124.194\", \"74.119.118.72\", \"172.217.12.134\", \"192.168.10.5\", \"23.111.9.30\", \"192.168.10.8\", \"151.101.66.2\", \"68.67.178.199\", \"213.239.195.215\", \"138.108.7.20\", \"52.84.145.87\", \"192.168.10.50\", \"52.84.145.198\", \"52.40.24.51\", \"212.77.100.137\", \"185.54.150.115\", \"172.217.10.138\", \"152.163.66.165\", \"52.84.137.78\", \"192.168.10.51\", \"68.67.178.109\", \"129.146.14.96\", \"54.152.24.232\", \"172.217.10.33\", \"52.8.229.108\", \"192.168.10.12\", \"64.147.131.201\", \"172.217.12.206\", \"68.67.180.12\", \"172.217.10.134\", \"38.69.238.16\", \"172.217.10.142\", \"192.168.10.3\", \"172.217.6.202\"], \"funcEdges\": [[1.0, 0.0, 0.0, 0.0, 0.0, 0.0, 0.0, 0.0, 0.0, 0.0, 0.0, 0.0, 0.0, 0.0, 0.0, 0.0, 0.0, 0.0, 0.0, 0.0, 0.0, 0.0, 0.0, 0.0, 0.0, 0.0, 0.0, 0.0, 0.0, 0.0, 0.0, 0.0, 0.0, 0.0, 0.0, 0.0, 0.0, 0.0, 0.0, 0.0, 0.0, 0.0, 0.0, 0.0, 0.0, 0.0, 0.0, 0.0, 0.0, 0.0, 0.0, 0.0, 0.0, 0.0, 0.0, 0.0, 0.0, 0.0, 0.0, 0.0, 0.0, 0.0, 0.0, 0.0, 0.0, 0.0, 0.0, 0.0, 0.0, 0.0, 0.0, 0.0, 0.0, 0.0, 0.0, 0.0, 0.0, 0.0, 0.0, 0.0, 0.0, 0.0, 0.0, 0.0], [0.0, 1.0, 0.0, 0.0, 0.0, 0.0, 0.0, 0.0, 0.0, 0.0, 0.0, 0.0, 0.0, 0.0, 0.0, 0.0, 0.0, 0.0, 0.0, 0.0, 0.0, 0.0, 0.0, 0.0, 0.0, 0.0, 0.0, 0.0, 0.0, 0.0, 0.0, 0.0, 0.0, 0.0, 0.0, 0.0, 0.0, 0.0, 0.0, 0.0, 0.0, 0.0, 0.0, 0.0, 0.0, 0.0, 0.0, 0.0, 0.0, 0.0, 0.0, 0.0, 0.0, 0.0, 0.0, 0.0, 0.0, 0.0, 0.0, 0.0, 0.0, 0.0, 0.0, 0.0, 0.0, 0.0, 0.0, 0.0, 0.0, 0.0, 0.0, 0.0, 0.0, 0.0, 0.0, 0.0, 0.0, 0.0, 0.0, 0.0, 0.0, 0.0, 0.0, 0.0], [0.0, 0.0, 1.0, 0.0, 0.0, 0.0, 0.0, 0.0, 0.0, 0.0, 0.0, 0.0, 0.0, 0.0, 0.0, 0.0, 0.0, 0.0, 0.0, 0.0, 0.0, 0.0, 0.0, 0.0, 0.0, 0.0, 0.0, 0.0, 0.0, 0.0, 0.0, 0.0, 0.0, 0.0, 0.0, 0.0, 0.0, 0.0, 0.0, 0.0, 0.0, 0.0, 0.0, 0.0, 0.0, 0.0, 0.0, 0.0, 0.0, 0.0, 0.0, 0.0, 0.0, 0.0, 0.0, 0.0, 0.0, 0.0, 0.0, 0.0, 0.0, 0.0, 0.0, 0.0, 0.0, 0.0, 0.0, 0.0, 0.0, 0.0, 0.0, 0.0, 0.0, 0.0, 0.0, 0.0, 0.0, 0.0, 0.0, 0.0, 0.0, 0.0, 0.0, 0.0], [0.0, 0.0, 0.0, 1.0, 0.0, 0.0, 0.0, 0.0, 0.0, 0.32781817089100107, 0.0, 0.32894856312494414, 0.015310719218353811, 0.0, 0.20091794480095201, 0.0, 0.0, 0.4894177240862278, 0.03377011939691971, 0.2632381641347272, 0.004621536172942161, 0.0007820876857162569, 0.0024987356536677156, 0.0, 0.09585463673102523, 0.0, 0.0, 0.017839043808620836, 0.0, 0.4638554932378149, 0.0, 0.025462962962962955, 0.0, 0.020829132692446607, 0.0, 0.0, 0.0, 0.0, 0.0, 0.19003008767782958, 0.5683935815064549, 0.005618084199459881, 0.0, 0.0, 0.1977363829718651, 0.0018332149224094176, 0.020210769978565454, 0.02439478239891564, 0.0, 0.0, 0.0, 0.0, 0.01511103152272959, 0.4465461025645946, 0.0, 0.7332235382521127, 0.0, 0.0001179208901200339, 0.0, 0.02330485164664865, 0.06818583593333168, 0.37144496802789795, 0.0, 0.02802611923450673, 0.0, 0.0, 0.0, 0.004621536172942161, 0.0, 0.7702377985586566, 0.0014493400737487251, 0.0, 0.021788897449351932, 0.0, 0.0, 0.7503585596934289, 0.0, 0.421933261406816, 0.004543543124919863, 0.0, 6.60798289145224e-05, 0.2106651598190046, 0.3821004112485569, 0.0], [0.0, 0.0, 0.0, 0.0, 1.0, 0.0, 0.0, 0.0, 0.0, 0.0, 0.0, 0.0, 0.0, 0.0, 0.0, 0.0, 0.0, 0.0, 0.0, 0.0, 0.0, 0.0, 0.0, 0.0, 0.0, 0.0, 0.0, 0.0, 0.0, 0.0, 0.0, 0.0, 0.0, 0.0, 0.0, 0.0, 0.0, 0.0, 0.0, 0.0, 0.0, 0.0, 0.0, 0.0, 0.0, 0.0, 0.0, 0.0, 0.0, 0.0, 0.0, 0.0, 0.0, 0.0, 0.0, 0.0, 0.0, 0.0, 0.0, 0.0, 0.0, 0.0, 0.0, 0.0, 0.0, 0.0, 0.0, 0.0, 0.0, 0.0, 0.0, 0.0, 0.0, 0.0, 0.0, 0.0, 0.0, 0.0, 0.0, 0.0, 0.0, 0.0, 0.0, 0.0], [0.0, 0.0, 0.0, 0.0, 0.0, 1.0, 0.0, 0.0, 0.0, 0.0, 0.0, 0.0, 0.0, 0.0, 0.0, 0.0, 0.0, 0.0, 0.0, 0.0, 0.0, 0.0, 0.0, 0.0, 0.0, 0.0, 0.0, 0.0, 0.0, 0.0, 0.0, 0.0, 0.0, 0.0, 0.0, 0.0, 0.0, 0.0, 0.0, 0.0, 0.0, 0.0, 0.0, 0.0, 0.0, 0.0, 0.0, 0.0, 0.0, 0.0, 0.0, 0.0, 0.0, 0.0, 0.0, 0.0, 0.0, 0.0, 0.0, 0.0, 0.0, 0.0, 0.0, 0.0, 0.0, 0.0, 0.0, 0.0, 0.0, 0.0, 0.0, 0.0, 0.0, 0.0, 0.0, 0.0, 0.0, 0.0, 0.0, 0.0, 0.0, 0.0, 0.0, 0.0], [0.0, 0.0, 0.0, 0.0, 0.0, 0.0, 1.0, 0.0, 0.0, 0.0, 0.0, 0.0, 0.0, 0.0, 0.0, 0.0, 0.0, 0.0, 0.0, 0.0, 0.0, 0.0, 0.0, 0.0, 0.0, 0.0, 0.0, 0.0, 0.0, 0.0, 0.0, 0.0, 0.0, 0.0, 0.0, 0.0, 0.0, 0.0, 0.0, 0.0, 0.0, 0.0, 0.0, 0.0, 0.0, 0.0, 0.0, 0.0, 0.0, 0.0, 0.0, 0.0, 0.0, 0.0, 0.0, 0.0, 0.0, 0.0, 0.0, 0.0, 0.0, 0.0, 0.0, 0.0, 0.0, 0.0, 0.0, 0.0, 0.0, 0.0, 0.0, 0.0, 0.0, 0.0, 0.0, 0.0, 0.0, 0.0, 0.0, 0.0, 0.0, 0.0, 0.0, 0.0], [0.0, 0.0, 0.0, 0.0, 0.0, 0.0, 0.0, 1.0, 0.0, 0.0, 0.0, 0.0, 0.0, 0.0, 0.0, 0.0, 0.0, 0.0, 0.0, 0.0, 0.0, 0.0, 0.0, 0.0, 0.0, 0.0, 0.0, 0.0, 0.0, 0.0, 0.0, 0.0, 0.0, 0.0, 0.0, 0.0, 0.0, 0.0, 0.0, 0.0, 0.0, 0.0, 0.0, 0.0, 0.0, 0.0, 0.0, 0.0, 0.0, 0.0, 0.0, 0.0, 0.0, 0.0, 0.0, 0.0, 0.0, 0.0, 0.0, 0.0, 0.0, 0.0, 0.0, 0.0, 0.0, 0.0, 0.0, 0.0, 0.0, 0.0, 0.0, 0.0, 0.0, 0.0, 0.0, 0.0, 0.0, 0.0, 0.0, 0.0, 0.0, 0.0, 0.0, 0.0], [0.0, 0.0, 0.0, 0.0, 0.0, 0.0, 0.0, 0.0, 1.0, 0.0, 0.0, 0.0, 0.0, 0.0, 0.0, 0.0, 0.0, 0.0, 0.0, 0.0, 0.0, 0.0, 0.0, 0.0, 0.0, 0.0, 0.0, 0.0, 0.0, 0.0, 0.0, 0.0, 0.0, 0.0, 0.0, 0.0, 0.0, 0.0, 0.0, 0.0, 0.0, 0.0, 0.0, 0.0, 0.0, 0.0, 0.0, 0.0, 0.0, 0.0, 0.0, 0.0, 0.0, 0.0, 0.0, 0.0, 0.0, 0.0, 0.0, 0.0, 0.0, 0.0, 0.0, 0.0, 0.0, 0.0, 0.0, 0.0, 0.0, 0.0, 0.0, 0.0, 0.0, 0.0, 0.0, 0.0, 0.0, 0.0, 0.0, 0.0, 0.0, 0.0, 0.0, 0.0], [0.0, 0.0, 0.0, 0.32781817089100107, 0.0, 0.0, 0.0, 0.0, 0.0, 1.0, 0.0, 0.4064469399298294, 0.016351713064941334, 0.0, 0.5123667544820217, 0.0, 0.0, 0.328533990820693, 0.02507279154923693, 0.5945300566291479, 0.007131804134181851, 0.0012264950451904932, 0.0057621811838210624, 0.0, 0.09646795414266118, 0.0, 0.0, 0.08709008093127571, 0.0, 0.39582759668535733, 0.0, 0.49702673280471504, 0.0, 0.009865195153133265, 0.0, 0.0, 0.0, 0.0, 0.0, 0.33699851474762943, 0.22580812822794827, 0.008674477412849678, 0.0, 0.0, 0.2659989669102956, 0.0011325246712956512, 0.008142804560890555, 0.20957305229723358, 0.0, 0.0, 0.0, 0.0, 0.008009899704913143, 0.6222662417580203, 0.0, 0.24275422172994457, 0.0, 0.013465904161375686, 0.0, 0.011396854619396532, 0.04271012178985725, 0.25374105455232737, 0.0, 0.027824363211305755, 0.0, 0.0, 0.0, 0.007131804134181851, 0.0, 0.3235352794740322, 0.002418297512257256, 0.0, 0.006509086523657583, 0.0, 0.0, 0.5231692250853837, 0.0, 0.1690757689401791, 0.014391919172747587, 0.0, 0.00024414062499999997, 0.017991283535486565, 0.6211401821080346, 0.0], [0.0, 0.0, 0.0, 0.0, 0.0, 0.0, 0.0, 0.0, 0.0, 0.0, 1.0, 0.0, 0.0, 0.0, 0.0, 0.0, 0.0, 0.0, 0.0, 0.0, 0.0, 0.0, 0.0, 0.0, 0.0, 0.0, 0.0, 0.0, 0.0, 0.0, 0.0, 0.0, 0.0, 0.0, 0.0, 0.0, 0.0, 0.0, 0.0, 0.0, 0.0, 0.0, 0.0, 0.0, 0.0, 0.0, 0.0, 0.0, 0.0, 0.0, 0.0, 0.0, 0.0, 0.0, 0.0, 0.0, 0.0, 0.0, 0.0, 0.0, 0.0, 0.0, 0.0, 0.0, 0.0, 0.0, 0.0, 0.0, 0.0, 0.0, 0.0, 0.0, 0.0, 0.0, 0.0, 0.0, 0.0, 0.0, 0.0, 0.0, 0.0, 0.0, 0.0, 0.0], [0.0, 0.0, 0.0, 0.32894856312494414, 0.0, 0.0, 0.0, 0.0, 0.0, 0.4064469399298294, 0.0, 1.0, 0.022659187094782502, 0.0, 0.5528489387050856, 0.0, 0.0, 0.5037679545844466, 0.029872194113382607, 0.21475656963939715, 0.026581939259136222, 0.00320737813743393, 0.00617171670479276, 0.0, 0.052872359573515305, 0.0, 0.0, 0.06837670312736814, 0.0, 0.4068710651739139, 0.0, 0.3028489387050857, 0.0, 0.023283911121982307, 0.0, 0.0, 0.0, 0.0, 0.0, 0.3626237386971599, 0.06249999999999999, 0.008510126814567547, 0.0, 0.0, 0.4252730782388402, 0.005064295529314127, 0.0184224432716749, 0.3127106003792057, 0.0, 0.0, 0.0, 0.0, 0.01555392760864583, 0.354751653671458, 0.0, 0.20810426898829848, 0.0, 0.012644837593605287, 0.0, 0.040173399111063005, 0.06770120987221581, 0.3456244528783344, 0.0, 0.04111357583898113, 0.0, 0.0, 0.0, 0.026581939259136222, 0.0, 0.23295491437747268, 0.004616993864365051, 0.0, 0.017216770676144324, 0.0, 0.0, 0.14876510052393468, 0.0, 0.6316659257729282, 0.029813245220995942, 0.0, 0.000394188809248902, 0.15049357063367966, 0.691165287777568, 0.0], [0.0, 0.0, 0.0, 0.015310719218353811, 0.0, 0.0, 0.0, 0.0, 0.0, 0.016351713064941334, 0.0, 0.022659187094782502, 1.0, 0.0, 0.0, 0.0, 0.0, 0.022110025516879305, 0.01171875, 0.015859067152712215, 0.007812500000000002, 0.0, 0.0, 0.0, 0.0, 0.0, 0.0, 0.036671188358979485, 0.0, 0.010400457868138941, 0.0, 0.0, 0.0, 0.0, 0.0, 0.0, 0.0, 0.0, 0.0, 0.010572223570099114, 0.0, 0.0, 0.0, 0.0, 0.02292704613752363, 0.0, 0.015625, 0.0, 0.0, 0.0, 0.0, 0.0, 0.015625, 0.023912035680031953, 0.0, 0.01269985512546224, 0.0, 0.008770959365434554, 0.0, 0.003906249999999999, 0.007812499999999998, 0.027487674996748084, 0.0, 0.0078125, 0.0, 0.0, 0.0, 0.007812499999999999, 0.0, 0.014612913899754592, 0.0, 0.0, 0.015625, 0.0, 0.0, 0.013316826083305408, 0.0, 0.007812499999999999, 0.0175846603480341, 0.0, 0.0, 0.0, 0.029478808556449097, 0.0], [0.0, 0.0, 0.0, 0.0, 0.0, 0.0, 0.0, 0.0, 0.0, 0.0, 0.0, 0.0, 0.0, 1.0, 0.0, 0.0, 0.0, 0.0, 0.0, 0.0, 0.0, 0.0, 0.0, 0.0, 0.0, 0.0, 0.0, 0.0, 0.0, 0.0, 0.0, 0.0, 0.0, 0.0, 0.0, 0.0, 0.0, 0.0, 0.0, 0.0, 0.0, 0.0, 0.0, 0.0, 0.0, 0.0, 0.0, 0.0, 0.0, 0.0, 0.0, 0.0, 0.0, 0.0, 0.0, 0.0, 0.0, 0.0, 0.0, 0.0, 0.0, 0.0, 0.0, 0.0, 0.0, 0.0, 0.0, 0.0, 0.0, 0.0, 0.0, 0.0, 0.0, 0.0, 0.0, 0.0, 0.0, 0.0, 0.0, 0.0, 0.0, 0.0, 0.0, 0.0], [0.0, 0.0, 0.0, 0.20091794480095201, 0.0, 0.0, 0.0, 0.0, 0.0, 0.5123667544820217, 0.0, 0.5528489387050856, 0.0, 0.0, 1.0, 0.0, 0.0, 0.4619152259998972, 0.0, 0.3469198256146199, 0.0, 0.0, 0.0, 0.0, 0.0, 0.0, 0.0, 0.0, 0.0, 0.1985606674923355, 0.0, 0.5, 0.0, 0.0, 0.0, 0.0, 0.0, 0.0, 0.0, 0.23683380598912043, 0.18749999999999994, 0.0, 0.0, 0.0, 0.1668652344606111, 0.0, 0.0, 0.20141964029971549, 0.0, 0.0, 0.0, 0.0, 0.0, 0.5443522919363124, 0.0, 0.2751784046277008, 0.0, 0.0, 0.0, 0.0, 0.0, 0.22699002019878534, 0.0, 0.0, 0.0, 0.0, 0.0, 0.0, 0.0, 0.27250620466758235, 0.0, 0.0, 0.0, 0.0, 0.0, 0.15333932497693664, 0.0, 0.375, 0.0, 0.0, 0.0, 0.03016484887033808, 0.5542585238927886, 0.0], [0.0, 0.0, 0.0, 0.0, 0.0, 0.0, 0.0, 0.0, 0.0, 0.0, 0.0, 0.0, 0.0, 0.0, 0.0, 1.0, 0.0, 0.0, 0.0, 0.0, 0.0, 0.0, 0.0, 0.0, 0.0, 0.0, 0.0, 0.0, 0.0, 0.0, 0.0, 0.0, 0.0, 0.0, 0.0, 0.0, 0.0, 0.0, 0.0, 0.0, 0.0, 0.0, 0.0, 0.0, 0.0, 0.0, 0.0, 0.0, 0.0, 0.0, 0.0, 0.0, 0.0, 0.0, 0.0, 0.0, 0.0, 0.0, 0.0, 0.0, 0.0, 0.0, 0.0, 0.0, 0.0, 0.0, 0.0, 0.0, 0.0, 0.0, 0.0, 0.0, 0.0, 0.0, 0.0, 0.0, 0.0, 0.0, 0.0, 0.0, 0.0, 0.0, 0.0, 0.0], [0.0, 0.0, 0.0, 0.0, 0.0, 0.0, 0.0, 0.0, 0.0, 0.0, 0.0, 0.0, 0.0, 0.0, 0.0, 0.0, 1.0, 0.0, 0.0, 0.0, 0.0, 0.0, 0.0, 0.0, 0.0, 0.0, 0.0, 0.0, 0.0, 0.0, 0.0, 0.0, 0.0, 0.0, 0.0, 0.0, 0.0, 0.0, 0.0, 0.0, 0.0, 0.0, 0.0, 0.0, 0.0, 0.0, 0.0, 0.0, 0.0, 0.0, 0.0, 0.0, 0.0, 0.0, 0.0, 0.0, 0.0, 0.0, 0.0, 0.0, 0.0, 0.0, 0.0, 0.0, 0.0, 0.0, 0.0, 0.0, 0.0, 0.0, 0.0, 0.0, 0.0, 0.0, 0.0, 0.0, 0.0, 0.0, 0.0, 0.0, 0.0, 0.0, 0.0, 0.0], [0.0, 0.0, 0.0, 0.4894177240862278, 0.0, 0.0, 0.0, 0.0, 0.0, 0.328533990820693, 0.0, 0.5037679545844466, 0.022110025516879305, 0.0, 0.4619152259998972, 0.0, 0.0, 1.0, 0.029678769267586513, 0.6727206372018073, 0.02171699840644986, 0.0028712505157444815, 0.005542761124528768, 0.0, 0.04813378791736266, 0.0, 0.0, 0.07528332948100419, 0.0, 0.4882132271991037, 0.0, 0.2820228671408782, 0.0, 0.0299714885900767, 0.0, 0.0, 0.0, 0.0, 0.0, 0.45345110207955974, 0.25921358430561947, 0.008136583099226373, 0.0, 0.0, 0.3812677126346964, 0.0024933489070254975, 0.02153042978671954, 0.37075537184968665, 0.0, 0.0, 0.0, 0.0, 0.017245908126889583, 0.21500537272429035, 0.0, 0.4136379327453467, 0.0, 0.012520764596798998, 0.0, 0.03607198777495964, 0.01546650653784561, 0.30868262753468567, 0.0, 0.04903193898199719, 0.0, 0.0, 0.0, 0.02171699840644985, 0.0, 0.21298820408648392, 0.0031902403435094557, 0.0, 0.020929674463566205, 0.0, 0.0, 0.2965247510208468, 0.0, 0.43918071964483996, 0.023741376045134946, 0.0, 0.00017700845492688618, 0.18126831344489813, 0.27060858533170606, 0.0], [0.0, 0.0, 0.0, 0.03377011939691971, 0.0, 0.0, 0.0, 0.0, 0.0, 0.02507279154923693, 0.0, 0.029872194113382607, 0.01171875, 0.0, 0.0, 0.0, 0.0, 0.029678769267586513, 1.0, 0.0250927475399002, 0.0078125, 0.0022027482373715448, 0.0030460010486019562, 0.0, 0.0, 0.0, 0.0, 0.02337628797079732, 0.0, 0.008669840402358618, 0.0, 0.0, 0.0, 0.00048828124999999995, 0.0, 0.0, 0.0, 0.0, 0.0, 0.03710196795983834, 0.0, 0.004115009272820606, 0.0, 0.0, 0.021868555625940818, 0.0046633712169735185, 0.01063382918885099, 0.0, 0.0, 0.0, 0.0, 0.0, 0.0051711949752172495, 0.015913593969013082, 0.0, 0.04698810960038482, 0.0, 0.008770959365434558, 0.0, 0.016113281249999997, 0.007812500000000002, 0.04313727011410359, 0.0, 0.011883267422603353, 0.0, 0.0, 0.0, 0.0078125, 0.0, 0.02776677361847673, 0.0015835098263006335, 0.0, 0.006700440668666135, 0.0, 0.0, 0.03990394402744091, 0.0, 0.008212619357638888, 0.012733719562369523, 0.0, 0.000244140625, 0.0, 0.018302012427339323, 0.0], [0.0, 0.0, 0.0, 0.2632381641347272, 0.0, 0.0, 0.0, 0.0, 0.0, 0.5945300566291479, 0.0, 0.21475656963939715, 0.015859067152712215, 0.0, 0.3469198256146199, 0.0, 0.0, 0.6727206372018073, 0.0250927475399002, 1.0, 0.005516197270508599, 0.003880895823980472, 0.0025896342155182924, 0.0, 0.10526956691542463, 0.0, 0.0, 0.09087894710937149, 0.0, 0.5966149898902358, 0.0, 0.32865549082944456, 0.0, 0.0068958327055370335, 0.0, 0.0, 0.0, 0.0, 0.0, 0.5852394250918559, 0.38962199469761605, 0.01112977063633234, 0.0, 0.0, 0.44403257698791215, 0.0033410069963487783, 0.00562143447493145, 0.4762963439487741, 0.0, 0.0, 0.0, 0.0, 0.004086469704350192, 0.38872439056929126, 0.0, 0.15349204032098757, 0.0, 0.009887591369665376, 0.0, 0.021025265227007484, 0.03116800295696356, 0.4674914446223124, 0.0, 0.024981243609078316, 0.0, 0.0, 0.0, 0.005516197270508598, 0.0, 0.34654379408985125, 0.0038000915496787507, 0.0, 0.003908451153544163, 0.0, 0.0, 0.31665723890663977, 0.0, 0.2807805435715709, 0.017018562660335218, 0.0, 0.0005980199567341743, 0.34209549382474946, 0.5128480361777313, 0.0], [0.0, 0.0, 0.0, 0.004621536172942161, 0.0, 0.0, 0.0, 0.0, 0.0, 0.007131804134181851, 0.0, 0.026581939259136222, 0.007812500000000002, 0.0, 0.0, 0.0, 0.0, 0.02171699840644986, 0.0078125, 0.005516197270508599, 1.0, 0.0, 0.0, 0.0, 0.0, 0.0, 0.0, 0.009563401127361332, 0.0, 0.012239375411825655, 0.0, 0.0, 0.0, 0.0, 0.0, 0.0, 0.0, 0.0, 0.0, 0.007125365637610974, 0.0, 0.0, 0.0, 0.0, 0.007420289018300672, 0.0, 0.0, 0.0, 0.0, 0.0, 0.0, 0.0, 0.0, 0.026908703746331794, 0.0, 0.0073447432216044006, 0.0, 0.008770959365434556, 0.0, 0.0, 0.0078125, 0.00020771220811426593, 0.0, 0.007812500000000002, 0.0, 0.0, 0.0, 0.03125, 0.0, 0.014538940877953637, 0.0, 0.0, 0.0, 0.0, 0.0, 0.010000098766895315, 0.0, 0.007812499999999999, 0.020616498339074463, 0.0, 0.0, 0.0, 0.013776538368542748, 0.0], [0.0, 0.0, 0.0, 0.0007820876857162569, 0.0, 0.0, 0.0, 0.0, 0.0, 0.0012264950451904932, 0.0, 0.00320737813743393, 0.0, 0.0, 0.0, 0.0, 0.0, 0.0028712505157444815, 0.0022027482373715448, 0.003880895823980472, 0.0, 1.0, 0.0, 0.0, 0.0, 0.0, 0.0, 0.00433802756119913, 0.0, 0.003995599600831954, 0.0, 0.0, 0.0, 0.0, 0.0, 0.0, 0.0, 0.0, 0.0, 0.002496225798108615, 0.0, 0.004376469999013297, 0.0, 0.0, 0.0027342793415821268, 0.0014648437499999998, 0.0021885289477558477, 0.0, 0.0, 0.0, 0.0, 0.0, 0.0034179687499999996, 0.00029996262109408927, 0.0, 0.00032991201511015935, 0.0, 0.0, 0.0, 0.0, 0.0, 0.003632825025137222, 0.0, 0.00029996262109408927, 0.0, 0.0, 0.0, 0.0, 0.0, 0.004059980176964325, 0.0, 0.0, 0.0, 0.0, 0.0, 0.002206200460687847, 0.0, 0.00048490126136633904, 0.0, 0.0, 0.0002999626210940892, 0.0, 0.0017753528869104964, 0.0], [0.0, 0.0, 0.0, 0.0024987356536677156, 0.0, 0.0, 0.0, 0.0, 0.0, 0.0057621811838210624, 0.0, 0.00617171670479276, 0.0, 0.0, 0.0, 0.0, 0.0, 0.005542761124528768, 0.0030460010486019562, 0.0025896342155182924, 0.0, 0.0, 1.0, 0.0, 0.0, 0.0, 0.0, 0.001846767035355284, 0.0, 0.0006869754937271334, 0.0, 0.0, 0.0, 0.00048828125, 0.0, 0.0, 0.0, 0.0, 0.0, 0.001091830067138569, 0.0, 0.00244140625, 0.0, 0.0, 0.00023000058749380638, 0.0007642023107807919, 0.002549941523087641, 0.0, 0.0, 0.0, 0.0, 0.0, 0.00048828124999999995, 0.007812499999999997, 0.0, 0.0, 0.0, 0.0, 0.0, 0.00048828125, 0.0, 0.0053448814206061126, 0.0, 0.00390625, 0.0, 0.0, 0.0, 0.0, 0.0, 0.0015229245052304826, 0.0022636929984264113, 0.0, 0.0031050480893863924, 0.0, 0.0, 0.009606502770129718, 0.0, 0.0, 0.0, 0.0, 0.0, 0.0, 0.0056835883547218715, 0.0], [0.0, 0.0, 0.0, 0.0, 0.0, 0.0, 0.0, 0.0, 0.0, 0.0, 0.0, 0.0, 0.0, 0.0, 0.0, 0.0, 0.0, 0.0, 0.0, 0.0, 0.0, 0.0, 0.0, 1.0, 0.0, 0.0, 0.0, 0.0, 0.0, 0.0, 0.0, 0.0, 0.0, 0.0, 0.0, 0.0, 0.0, 0.0, 0.0, 0.0, 0.0, 0.0, 0.0, 0.0, 0.0, 0.0, 0.0, 0.0, 0.0, 0.0, 0.0, 0.0, 0.0, 0.0, 0.0, 0.0, 0.0, 0.0, 0.0, 0.0, 0.0, 0.0, 0.0, 0.0, 0.0, 0.0, 0.0, 0.0, 0.0, 0.0, 0.0, 0.0, 0.0, 0.0, 0.0, 0.0, 0.0, 0.0, 0.0, 0.0, 0.0, 0.0, 0.0, 0.0], [0.0, 0.0, 0.0, 0.09585463673102523, 0.0, 0.0, 0.0, 0.0, 0.0, 0.09646795414266118, 0.0, 0.052872359573515305, 0.0, 0.0, 0.0, 0.0, 0.0, 0.04813378791736266, 0.0, 0.10526956691542463, 0.0, 0.0, 0.0, 0.0, 1.0, 0.0, 0.0, 0.03173146510141273, 0.0, 0.06431196942844081, 0.0, 0.0, 0.0, 0.0, 0.0, 0.0, 0.0, 0.0, 0.0, 0.05103103630798287, 0.0, 0.0, 0.0, 0.0, 0.07567806079293429, 0.0, 0.0, 0.0, 0.0, 0.0, 0.0, 0.0, 0.0, 0.00575843309458264, 0.0, 0.040698678520557516, 0.0, 0.0, 0.0, 0.0, 0.0, 0.057641782989557785, 0.0, 0.0, 0.0, 0.0, 0.0, 0.0, 0.0, 0.002565418500840002, 0.0, 0.0, 0.0, 0.0, 0.0, 0.0575886705577688, 0.0, 0.06844706956928544, 0.0, 0.0, 0.0, 0.0, 0.040638955115388224, 0.0], [0.0, 0.0, 0.0, 0.0, 0.0, 0.0, 0.0, 0.0, 0.0, 0.0, 0.0, 0.0, 0.0, 0.0, 0.0, 0.0, 0.0, 0.0, 0.0, 0.0, 0.0, 0.0, 0.0, 0.0, 0.0, 1.0, 0.0, 0.0, 0.0, 0.0, 0.0, 0.0, 0.0, 0.0, 0.0, 0.0, 0.0, 0.0, 0.0, 0.0, 0.0, 0.0, 0.0, 0.0, 0.0, 0.0, 0.0, 0.0, 0.0, 0.0, 0.0, 0.0, 0.0, 0.0, 0.0, 0.0, 0.0, 0.0, 0.0, 0.0, 0.0, 0.0, 0.0, 0.0, 0.0, 0.0, 0.0, 0.0, 0.0, 0.0, 0.0, 0.0, 0.0, 0.0, 0.0, 0.0, 0.0, 0.0, 0.0, 0.0, 0.0, 0.0, 0.0, 0.0], [0.0, 0.0, 0.0, 0.0, 0.0, 0.0, 0.0, 0.0, 0.0, 0.0, 0.0, 0.0, 0.0, 0.0, 0.0, 0.0, 0.0, 0.0, 0.0, 0.0, 0.0, 0.0, 0.0, 0.0, 0.0, 0.0, 1.0, 0.0, 0.0, 0.0, 0.0, 0.0, 0.0, 0.0, 0.0, 0.0, 0.0, 0.0, 0.0, 0.0, 0.0, 0.0, 0.0, 0.0, 0.0, 0.0, 0.0, 0.0, 0.0, 0.0, 0.0, 0.0, 0.0, 0.0, 0.0, 0.0, 0.0, 0.0, 0.0, 0.0, 0.0, 0.0, 0.0, 0.0, 0.0, 0.0, 0.0, 0.0, 0.0, 0.0, 0.0, 0.0, 0.0, 0.0, 0.0, 0.0, 0.0, 0.0, 0.0, 0.0, 0.0, 0.0, 0.0, 0.0], [0.0, 0.0, 0.0, 0.017839043808620836, 0.0, 0.0, 0.0, 0.0, 0.0, 0.08709008093127571, 0.0, 0.06837670312736814, 0.036671188358979485, 0.0, 0.0, 0.0, 0.0, 0.07528332948100419, 0.02337628797079732, 0.09087894710937149, 0.009563401127361332, 0.00433802756119913, 0.001846767035355284, 0.0, 0.03173146510141273, 0.0, 0.0, 1.0, 0.0, 0.11254147481767363, 0.0, 0.0, 0.0, 0.024073923105030676, 0.0, 0.0, 0.0, 0.0, 0.0, 0.10717000231384503, 0.0, 0.00807682061801476, 0.0, 0.0, 0.06293945478638488, 0.0020280682031071293, 0.008839065371402211, 0.0, 0.0, 0.0, 0.0, 0.0, 0.011264427684438888, 0.16721007375931263, 0.0, 0.055331927949913616, 0.0, 0.008748394472465164, 0.0, 0.01755731077842581, 0.008373551161090537, 0.09337741598834486, 0.0, 0.032892974363302935, 0.0, 0.0, 0.0, 0.009563401127361336, 0.0, 0.145124420480013, 0.0016610709519587605, 0.0, 0.009651813931295293, 0.0, 0.0, 0.06749922332851316, 0.0, 0.05919271819239405, 0.016027401584118542, 0.0, 0.000582346594098158, 0.0, 0.0502006100118623, 0.0], [0.0, 0.0, 0.0, 0.0, 0.0, 0.0, 0.0, 0.0, 0.0, 0.0, 0.0, 0.0, 0.0, 0.0, 0.0, 0.0, 0.0, 0.0, 0.0, 0.0, 0.0, 0.0, 0.0, 0.0, 0.0, 0.0, 0.0, 0.0, 1.0, 0.0, 0.0, 0.0, 0.0, 0.0, 0.0, 0.0, 0.0, 0.0, 0.0, 0.0, 0.0, 0.0, 0.0, 0.0, 0.0, 0.0, 0.0, 0.0, 0.0, 0.0, 0.0, 0.0, 0.0, 0.0, 0.0, 0.0, 0.0, 0.0, 0.0, 0.0, 0.0, 0.0, 0.0, 0.0, 0.0, 0.0, 0.0, 0.0, 0.0, 0.0, 0.0, 0.0, 0.0, 0.0, 0.0, 0.0, 0.0, 0.0, 0.0, 0.0, 0.0, 0.0, 0.0, 0.0], [0.0, 0.0, 0.0, 0.4638554932378149, 0.0, 0.0, 0.0, 0.0, 0.0, 0.39582759668535733, 0.0, 0.4068710651739139, 0.010400457868138941, 0.0, 0.1985606674923355, 0.0, 0.0, 0.4882132271991037, 0.008669840402358618, 0.5966149898902358, 0.012239375411825655, 0.003995599600831954, 0.0006869754937271334, 0.0, 0.06431196942844081, 0.0, 0.0, 0.11254147481767363, 0.0, 1.0, 0.0, 0.04546755856838687, 0.0, 0.00650418066977799, 0.0, 0.0, 0.0, 0.0, 0.0, 0.37715651877250606, 0.23607171892279025, 0.012565315358956403, 0.0, 0.0, 0.43901914423959904, 0.003952991777742936, 0.01466457467458151, 0.4462120521856082, 0.0, 0.0, 0.0, 0.0, 0.01217919415397758, 0.31852503577965174, 0.0, 0.23879054713058745, 0.0, 0.027311530300402155, 0.0, 0.024810128586603003, 0.04523936684775767, 0.4806884398997852, 0.0, 0.04379051955923425, 0.0, 0.0, 0.0, 0.012239375411825655, 0.0, 0.31547183046920957, 0.0038449480681787508, 0.0, 0.011847187972210045, 0.0, 0.0, 0.42790171718493486, 0.0, 0.44792440842014225, 0.009154157745289077, 0.0, 0.00035710431730644285, 0.48077862694300094, 0.24125711889712803, 0.0], [0.0, 0.0, 0.0, 0.0, 0.0, 0.0, 0.0, 0.0, 0.0, 0.0, 0.0, 0.0, 0.0, 0.0, 0.0, 0.0, 0.0, 0.0, 0.0, 0.0, 0.0, 0.0, 0.0, 0.0, 0.0, 0.0, 0.0, 0.0, 0.0, 0.0, 1.0, 0.0, 0.0, 0.0, 0.0, 0.0, 0.0, 0.0, 0.0, 0.0, 0.0, 0.0, 0.0, 0.0, 0.0, 0.0, 0.0, 0.0, 0.0, 0.0, 0.0, 0.0, 0.0, 0.0, 0.0, 0.0, 0.0, 0.0, 0.0, 0.0, 0.0, 0.0, 0.0, 0.0, 0.0, 0.0, 0.0, 0.0, 0.0, 0.0, 0.0, 0.0, 0.0, 0.0, 0.0, 0.0, 0.0, 0.0, 0.0, 0.0, 0.0, 0.0, 0.0, 0.0], [0.0, 0.0, 0.0, 0.025462962962962955, 0.0, 0.0, 0.0, 0.0, 0.0, 0.49702673280471504, 0.0, 0.3028489387050857, 0.0, 0.0, 0.5, 0.0, 0.0, 0.2820228671408782, 0.0, 0.32865549082944456, 0.0, 0.0, 0.0, 0.0, 0.0, 0.0, 0.0, 0.0, 0.0, 0.04546755856838687, 0.0, 1.0, 0.0, 0.0, 0.0, 0.0, 0.0, 0.0, 0.0, 0.19273141663335017, 0.12500000000000003, 0.0, 0.0, 0.0, 0.0668153104781061, 0.0, 0.0, 0.16812593987333263, 0.0, 0.0, 0.0, 0.0, 0.0, 0.39477609459562574, 0.0, 0.16106953848079128, 0.0, 0.0, 0.0, 0.0, 0.0, 0.12588964571326483, 0.0, 0.0, 0.0, 0.0, 0.0, 0.0, 0.0, 0.1327519560738456, 0.0, 0.0, 0.0, 0.0, 0.0, 0.08669864462009848, 0.0, 0.125, 0.0, 0.0, 0.0, 0.030164848870338087, 0.39109660790860695, 0.0], [0.0, 0.0, 0.0, 0.0, 0.0, 0.0, 0.0, 0.0, 0.0, 0.0, 0.0, 0.0, 0.0, 0.0, 0.0, 0.0, 0.0, 0.0, 0.0, 0.0, 0.0, 0.0, 0.0, 0.0, 0.0, 0.0, 0.0, 0.0, 0.0, 0.0, 0.0, 0.0, 1.0, 0.0, 0.0, 0.0, 0.0, 0.0, 0.0, 0.0, 0.0, 0.0, 0.0, 0.0, 0.0, 0.0, 0.0, 0.0, 0.0, 0.0, 0.0, 0.0, 0.0, 0.0, 0.0, 0.0, 0.0, 0.0, 0.0, 0.0, 0.0, 0.0, 0.0, 0.0, 0.0, 0.0, 0.0, 0.0, 0.0, 0.0, 0.0, 0.0, 0.0, 0.0, 0.0, 0.0, 0.0, 0.0, 0.0, 0.0, 0.0, 0.0, 0.0, 0.0], [0.0, 0.0, 0.0, 0.020829132692446607, 0.0, 0.0, 0.0, 0.0, 0.0, 0.009865195153133265, 0.0, 0.023283911121982307, 0.0, 0.0, 0.0, 0.0, 0.0, 0.0299714885900767, 0.00048828124999999995, 0.0068958327055370335, 0.0, 0.0, 0.00048828125, 0.0, 0.0, 0.0, 0.0, 0.024073923105030676, 0.0, 0.00650418066977799, 0.0, 0.0, 0.0, 1.0, 0.0, 0.0, 0.0, 0.0, 0.0, 0.015814976189019055, 0.0, 0.00048828124999999995, 0.0, 0.0, 0.040447905676930664, 0.0004821142094858686, 0.0019191747016935928, 0.0, 0.0, 0.0, 0.0, 0.0, 0.00048828125, 0.028975619576732385, 0.0, 0.0, 0.0, 0.0, 0.0, 0.061160733269522975, 0.0165066404375256, 0.014868558969851097, 0.0, 0.06292644290498814, 0.0, 0.0, 0.0, 0.0, 0.0, 0.03133123193437165, 0.0, 0.0, 0.0, 0.0, 0.0, 0.015962094449151178, 0.0, 0.02177631846995293, 0.0, 0.0, 0.0, 0.0, 0.0011835291747313336, 0.0], [0.0, 0.0, 0.0, 0.0, 0.0, 0.0, 0.0, 0.0, 0.0, 0.0, 0.0, 0.0, 0.0, 0.0, 0.0, 0.0, 0.0, 0.0, 0.0, 0.0, 0.0, 0.0, 0.0, 0.0, 0.0, 0.0, 0.0, 0.0, 0.0, 0.0, 0.0, 0.0, 0.0, 0.0, 1.0, 0.0, 0.0, 0.0, 0.0, 0.0, 0.0, 0.0, 0.0, 0.0, 0.0, 0.0, 0.0, 0.0, 0.0, 0.0, 0.0, 0.0, 0.0, 0.0, 0.0, 0.0, 0.0, 0.0, 0.0, 0.0, 0.0, 0.0, 0.0, 0.0, 0.0, 0.0, 0.0, 0.0, 0.0, 0.0, 0.0, 0.0, 0.0, 0.0, 0.0, 0.0, 0.0, 0.0, 0.0, 0.0, 0.0, 0.0, 0.0, 0.0], [0.0, 0.0, 0.0, 0.0, 0.0, 0.0, 0.0, 0.0, 0.0, 0.0, 0.0, 0.0, 0.0, 0.0, 0.0, 0.0, 0.0, 0.0, 0.0, 0.0, 0.0, 0.0, 0.0, 0.0, 0.0, 0.0, 0.0, 0.0, 0.0, 0.0, 0.0, 0.0, 0.0, 0.0, 0.0, 1.0, 0.0, 0.0, 0.0, 0.0, 0.0, 0.0, 0.0, 0.0, 0.0, 0.0, 0.0, 0.0, 0.0, 0.0, 0.0, 0.0, 0.0, 0.0, 0.0, 0.0, 0.0, 0.0, 0.0, 0.0, 0.0, 0.0, 0.0, 0.0, 0.0, 0.0, 0.0, 0.0, 0.0, 0.0, 0.0, 0.0, 0.0, 0.0, 0.0, 0.0, 0.0, 0.0, 0.0, 0.0, 0.0, 0.0, 0.0, 0.0], [0.0, 0.0, 0.0, 0.0, 0.0, 0.0, 0.0, 0.0, 0.0, 0.0, 0.0, 0.0, 0.0, 0.0, 0.0, 0.0, 0.0, 0.0, 0.0, 0.0, 0.0, 0.0, 0.0, 0.0, 0.0, 0.0, 0.0, 0.0, 0.0, 0.0, 0.0, 0.0, 0.0, 0.0, 0.0, 0.0, 1.0, 0.0, 0.0, 0.0, 0.0, 0.0, 0.0, 0.0, 0.0, 0.0, 0.0, 0.0, 0.0, 0.0, 0.0, 0.0, 0.0, 0.0, 0.0, 0.0, 0.0, 0.0, 0.0, 0.0, 0.0, 0.0, 0.0, 0.0, 0.0, 0.0, 0.0, 0.0, 0.0, 0.0, 0.0, 0.0, 0.0, 0.0, 0.0, 0.0, 0.0, 0.0, 0.0, 0.0, 0.0, 0.0, 0.0, 0.0], [0.0, 0.0, 0.0, 0.0, 0.0, 0.0, 0.0, 0.0, 0.0, 0.0, 0.0, 0.0, 0.0, 0.0, 0.0, 0.0, 0.0, 0.0, 0.0, 0.0, 0.0, 0.0, 0.0, 0.0, 0.0, 0.0, 0.0, 0.0, 0.0, 0.0, 0.0, 0.0, 0.0, 0.0, 0.0, 0.0, 0.0, 1.0, 0.0, 0.0, 0.0, 0.0, 0.0, 0.0, 0.0, 0.0, 0.0, 0.0, 0.0, 0.0, 0.0, 0.0, 0.0, 0.0, 0.0, 0.0, 0.0, 0.0, 0.0, 0.0, 0.0, 0.0, 0.0, 0.0, 0.0, 0.0, 0.0, 0.0, 0.0, 0.0, 0.0, 0.0, 0.0, 0.0, 0.0, 0.0, 0.0, 0.0, 0.0, 0.0, 0.0, 0.0, 0.0, 0.0], [0.0, 0.0, 0.0, 0.0, 0.0, 0.0, 0.0, 0.0, 0.0, 0.0, 0.0, 0.0, 0.0, 0.0, 0.0, 0.0, 0.0, 0.0, 0.0, 0.0, 0.0, 0.0, 0.0, 0.0, 0.0, 0.0, 0.0, 0.0, 0.0, 0.0, 0.0, 0.0, 0.0, 0.0, 0.0, 0.0, 0.0, 0.0, 1.0, 0.0, 0.0, 0.0, 0.0, 0.0, 0.0, 0.0, 0.0, 0.0, 0.0, 0.0, 0.0, 0.0, 0.0, 0.0, 0.0, 0.0, 0.0, 0.0, 0.0, 0.0, 0.0, 0.0, 0.0, 0.0, 0.0, 0.0, 0.0, 0.0, 0.0, 0.0, 0.0, 0.0, 0.0, 0.0, 0.0, 0.0, 0.0, 0.0, 0.0, 0.0, 0.0, 0.0, 0.0, 0.0], [0.0, 0.0, 0.0, 0.19003008767782958, 0.0, 0.0, 0.0, 0.0, 0.0, 0.33699851474762943, 0.0, 0.3626237386971599, 0.010572223570099114, 0.0, 0.23683380598912043, 0.0, 0.0, 0.45345110207955974, 0.03710196795983834, 0.5852394250918559, 0.007125365637610974, 0.002496225798108615, 0.001091830067138569, 0.0, 0.05103103630798287, 0.0, 0.0, 0.10717000231384503, 0.0, 0.37715651877250606, 0.0, 0.19273141663335017, 0.0, 0.015814976189019055, 0.0, 0.0, 0.0, 0.0, 0.0, 1.0, 0.24836224231091475, 0.002800146143481586, 0.0, 0.0, 0.4962996026421095, 0.0018992331574064695, 0.0034876291652846244, 0.43073773400995513, 0.0, 0.0, 0.0, 0.0, 0.005089355035891394, 0.3968020619618346, 0.0, 0.4736710904169219, 0.0, 0.009025105620477966, 0.0, 0.028727109936008348, 0.01445969276440823, 0.22250444166316424, 0.0, 0.02856712041601979, 0.0, 0.0, 0.0, 0.007125365637610975, 0.0, 0.18101698859085916, 0.0, 0.0, 0.002533349517409809, 0.0, 0.0, 0.32383028575698136, 0.0, 0.6599905414432634, 0.012322768236111559, 0.0, 0.00024414062499999997, 0.14504084026302283, 0.23469561240038964, 0.0], [0.0, 0.0, 0.0, 0.5683935815064549, 0.0, 0.0, 0.0, 0.0, 0.0, 0.22580812822794827, 0.0, 0.06249999999999999, 0.0, 0.0, 0.18749999999999994, 0.0, 0.0, 0.25921358430561947, 0.0, 0.38962199469761605, 0.0, 0.0, 0.0, 0.0, 0.0, 0.0, 0.0, 0.0, 0.0, 0.23607171892279025, 0.0, 0.12500000000000003, 0.0, 0.0, 0.0, 0.0, 0.0, 0.0, 0.0, 0.24836224231091475, 1.0, 0.0, 0.0, 0.0, 0.1668652344606111, 0.0, 0.0, 0.25441815287829206, 0.0, 0.0, 0.0, 0.0, 0.0, 0.394949037729466, 0.0, 0.38070981822732475, 0.0, 0.0, 0.0, 0.0, 0.0, 0.3737353663827798, 0.0, 0.0, 0.0, 0.0, 0.0, 0.0, 0.0, 0.6391544643001082, 0.0, 0.0, 0.0, 0.0, 0.0, 0.5257504780763526, 0.0, 0.1875, 0.0, 0.0, 0.0, 0.19984212376598978, 0.4814647480071794, 0.0], [0.0, 0.0, 0.0, 0.005618084199459881, 0.0, 0.0, 0.0, 0.0, 0.0, 0.008674477412849678, 0.0, 0.008510126814567547, 0.0, 0.0, 0.0, 0.0, 0.0, 0.008136583099226373, 0.004115009272820606, 0.01112977063633234, 0.0, 0.004376469999013297, 0.00244140625, 0.0, 0.0, 0.0, 0.0, 0.00807682061801476, 0.0, 0.012565315358956403, 0.0, 0.0, 0.0, 0.00048828124999999995, 0.0, 0.0, 0.0, 0.0, 0.0, 0.002800146143481586, 0.0, 1.0, 0.0, 0.0, 0.004466524368679548, 0.002802441846563502, 0.003540869430934566, 0.0, 0.0, 0.0, 0.0, 0.0, 0.004394531249999999, 0.002197265625, 0.0, 0.0003606319929886612, 0.0, 0.0, 0.0, 0.00048828124999999995, 0.0, 0.008852265402731256, 0.0, 0.008544921875000002, 0.0, 0.0, 0.0, 0.0, 0.0, 0.007633061509753232, 0.0022636929984264117, 0.0, 0.0031050480893863924, 0.0, 0.0, 0.003108587147531842, 0.0, 0.00040011935763888893, 0.0, 0.0, 0.00024414062499999995, 0.0, 0.006353852901192921, 0.0], [0.0, 0.0, 0.0, 0.0, 0.0, 0.0, 0.0, 0.0, 0.0, 0.0, 0.0, 0.0, 0.0, 0.0, 0.0, 0.0, 0.0, 0.0, 0.0, 0.0, 0.0, 0.0, 0.0, 0.0, 0.0, 0.0, 0.0, 0.0, 0.0, 0.0, 0.0, 0.0, 0.0, 0.0, 0.0, 0.0, 0.0, 0.0, 0.0, 0.0, 0.0, 0.0, 1.0, 0.0, 0.0, 0.0, 0.0, 0.0, 0.0, 0.0, 0.0, 0.0, 0.0, 0.0, 0.0, 0.0, 0.0, 0.0, 0.0, 0.0, 0.0, 0.0, 0.0, 0.0, 0.0, 0.0, 0.0, 0.0, 0.0, 0.0, 0.0, 0.0, 0.0, 0.0, 0.0, 0.0, 0.0, 0.0, 0.0, 0.0, 0.0, 0.0, 0.0, 0.0], [0.0, 0.0, 0.0, 0.0, 0.0, 0.0, 0.0, 0.0, 0.0, 0.0, 0.0, 0.0, 0.0, 0.0, 0.0, 0.0, 0.0, 0.0, 0.0, 0.0, 0.0, 0.0, 0.0, 0.0, 0.0, 0.0, 0.0, 0.0, 0.0, 0.0, 0.0, 0.0, 0.0, 0.0, 0.0, 0.0, 0.0, 0.0, 0.0, 0.0, 0.0, 0.0, 0.0, 1.0, 0.0, 0.0, 0.0, 0.0, 0.0, 0.0, 0.0, 0.0, 0.0, 0.0, 0.0, 0.0, 0.0, 0.0, 0.0, 0.0, 0.0, 0.0, 0.0, 0.0, 0.0, 0.0, 0.0, 0.0, 0.0, 0.0, 0.0, 0.0, 0.0, 0.0, 0.0, 0.0, 0.0, 0.0, 0.0, 0.0, 0.0, 0.0, 0.0, 0.0], [0.0, 0.0, 0.0, 0.1977363829718651, 0.0, 0.0, 0.0, 0.0, 0.0, 0.2659989669102956, 0.0, 0.4252730782388402, 0.02292704613752363, 0.0, 0.1668652344606111, 0.0, 0.0, 0.3812677126346964, 0.021868555625940818, 0.44403257698791215, 0.007420289018300672, 0.0027342793415821268, 0.00023000058749380638, 0.0, 0.07567806079293429, 0.0, 0.0, 0.06293945478638488, 0.0, 0.43901914423959904, 0.0, 0.0668153104781061, 0.0, 0.040447905676930664, 0.0, 0.0, 0.0, 0.0, 0.0, 0.4962996026421095, 0.1668652344606111, 0.004466524368679548, 0.0, 0.0, 1.0, 0.0023690563861840726, 0.023758029303347458, 0.3773323170719513, 0.0, 0.0, 0.0, 0.0, 0.016839351336451498, 0.42732442407331583, 0.0, 0.5037017053715489, 0.0, 0.004386203360408277, 0.0, 0.05456430196048197, 0.0594361088104869, 0.6877547952038081, 0.0, 0.05225456754024589, 0.0, 0.0, 0.0, 0.007420289018300673, 0.0, 0.2543329653009131, 0.0020324798114359083, 0.0, 0.017174349096426334, 0.0, 0.0, 0.3135565904491745, 0.0, 0.5581082655626688, 0.012094448567138687, 0.0, 0.0009603663107038854, 0.3365841150470634, 0.37869364305072195, 0.0], [0.0, 0.0, 0.0, 0.0018332149224094176, 0.0, 0.0, 0.0, 0.0, 0.0, 0.0011325246712956512, 0.0, 0.005064295529314127, 0.0, 0.0, 0.0, 0.0, 0.0, 0.0024933489070254975, 0.0046633712169735185, 0.0033410069963487783, 0.0, 0.0014648437499999998, 0.0007642023107807919, 0.0, 0.0, 0.0, 0.0, 0.0020280682031071293, 0.0, 0.003952991777742936, 0.0, 0.0, 0.0, 0.0004821142094858686, 0.0, 0.0, 0.0, 0.0, 0.0, 0.0018992331574064695, 0.0, 0.002802441846563502, 0.0, 0.0, 0.0023690563861840726, 1.0, 0.003940216703763626, 0.0, 0.0, 0.0, 0.0, 0.0, 0.0017407648107807918, 0.0, 0.0, 0.0, 0.0, 0.0, 0.0, 0.00018463948448394974, 0.0, 0.004498662297211858, 0.0, 0.0007642023107807919, 0.0, 0.0, 0.0, 0.0, 0.0, 0.0015035754627599504, 0.0, 0.0, 0.0, 0.0, 0.0, 0.0028761861378112483, 0.0, 0.0, 0.0, 0.0, 0.0, 0.0, 0.0014470356145791959, 0.0], [0.0, 0.0, 0.0, 0.020210769978565454, 0.0, 0.0, 0.0, 0.0, 0.0, 0.008142804560890555, 0.0, 0.0184224432716749, 0.015625, 0.0, 0.0, 0.0, 0.0, 0.02153042978671954, 0.01063382918885099, 0.00562143447493145, 0.0, 0.0021885289477558477, 0.002549941523087641, 0.0, 0.0, 0.0, 0.0, 0.008839065371402211, 0.0, 0.01466457467458151, 0.0, 0.0, 0.0, 0.0019191747016935928, 0.0, 0.0, 0.0, 0.0, 0.0, 0.0034876291652846244, 0.0, 0.003540869430934566, 0.0, 0.0, 0.023758029303347458, 0.003940216703763626, 1.0, 0.0, 0.0, 0.0, 0.0, 0.0, 0.01768083582159154, 0.015248121106649339, 0.0, 0.004732676037620178, 0.0, 0.0, 0.0, 0.004503066523087642, 0.0, 0.023045715668904933, 0.0, 0.0025499415230876414, 0.0, 0.0, 0.0, 0.0, 0.0, 0.004002582881482542, 0.002120421289665246, 0.0, 0.021693957629255224, 0.0, 0.0, 0.012685538962172385, 0.0, 0.0, 0.0, 0.0, 0.0, 0.0, 0.01950445449649333, 0.0], [0.0, 0.0, 0.0, 0.02439478239891564, 0.0, 0.0, 0.0, 0.0, 0.0, 0.20957305229723358, 0.0, 0.3127106003792057, 0.0, 0.0, 0.20141964029971549, 0.0, 0.0, 0.37075537184968665, 0.0, 0.4762963439487741, 0.0, 0.0, 0.0, 0.0, 0.0, 0.0, 0.0, 0.0, 0.0, 0.4462120521856082, 0.0, 0.16812593987333263, 0.0, 0.0, 0.0, 0.0, 0.0, 0.0, 0.0, 0.43073773400995513, 0.25441815287829206, 0.0, 0.0, 0.0, 0.3773323170719513, 0.0, 0.0, 1.0, 0.0, 0.0, 0.0, 0.0, 0.0, 0.23798843102322362, 0.0, 0.14783061491635766, 0.0, 0.0, 0.0, 0.0, 0.0, 0.49668008573156947, 0.0, 0.0, 0.0, 0.0, 0.0, 0.0, 0.0, 0.13581266248594973, 0.0, 0.0, 0.0, 0.0, 0.0, 0.008659200342249516, 0.0, 0.20141964029971546, 0.0, 0.0, 0.0, 0.43107695323432327, 0.2555536153506762, 0.0], [0.0, 0.0, 0.0, 0.0, 0.0, 0.0, 0.0, 0.0, 0.0, 0.0, 0.0, 0.0, 0.0, 0.0, 0.0, 0.0, 0.0, 0.0, 0.0, 0.0, 0.0, 0.0, 0.0, 0.0, 0.0, 0.0, 0.0, 0.0, 0.0, 0.0, 0.0, 0.0, 0.0, 0.0, 0.0, 0.0, 0.0, 0.0, 0.0, 0.0, 0.0, 0.0, 0.0, 0.0, 0.0, 0.0, 0.0, 0.0, 1.0, 0.0, 0.0, 0.0, 0.0, 0.0, 0.0, 0.0, 0.0, 0.0, 0.0, 0.0, 0.0, 0.0, 0.0, 0.0, 0.0, 0.0, 0.0, 0.0, 0.0, 0.0, 0.0, 0.0, 0.0, 0.0, 0.0, 0.0, 0.0, 0.0, 0.0, 0.0, 0.0, 0.0, 0.0, 0.0], [0.0, 0.0, 0.0, 0.0, 0.0, 0.0, 0.0, 0.0, 0.0, 0.0, 0.0, 0.0, 0.0, 0.0, 0.0, 0.0, 0.0, 0.0, 0.0, 0.0, 0.0, 0.0, 0.0, 0.0, 0.0, 0.0, 0.0, 0.0, 0.0, 0.0, 0.0, 0.0, 0.0, 0.0, 0.0, 0.0, 0.0, 0.0, 0.0, 0.0, 0.0, 0.0, 0.0, 0.0, 0.0, 0.0, 0.0, 0.0, 0.0, 1.0, 0.0, 0.0, 0.0, 0.0, 0.0, 0.0, 0.0, 0.0, 0.0, 0.0, 0.0, 0.0, 0.0, 0.0, 0.0, 0.0, 0.0, 0.0, 0.0, 0.0, 0.0, 0.0, 0.0, 0.0, 0.0, 0.0, 0.0, 0.0, 0.0, 0.0, 0.0, 0.0, 0.0, 0.0], [0.0, 0.0, 0.0, 0.0, 0.0, 0.0, 0.0, 0.0, 0.0, 0.0, 0.0, 0.0, 0.0, 0.0, 0.0, 0.0, 0.0, 0.0, 0.0, 0.0, 0.0, 0.0, 0.0, 0.0, 0.0, 0.0, 0.0, 0.0, 0.0, 0.0, 0.0, 0.0, 0.0, 0.0, 0.0, 0.0, 0.0, 0.0, 0.0, 0.0, 0.0, 0.0, 0.0, 0.0, 0.0, 0.0, 0.0, 0.0, 0.0, 0.0, 1.0, 0.0, 0.0, 0.0, 0.0, 0.0, 0.0, 0.0, 0.0, 0.0, 0.0, 0.0, 0.0, 0.0, 0.0, 0.0, 0.0, 0.0, 0.0, 0.0, 0.0, 0.0, 0.0, 0.0, 0.0, 0.0, 0.0, 0.0, 0.0, 0.0, 0.0, 0.0, 0.0, 0.0], [0.0, 0.0, 0.0, 0.0, 0.0, 0.0, 0.0, 0.0, 0.0, 0.0, 0.0, 0.0, 0.0, 0.0, 0.0, 0.0, 0.0, 0.0, 0.0, 0.0, 0.0, 0.0, 0.0, 0.0, 0.0, 0.0, 0.0, 0.0, 0.0, 0.0, 0.0, 0.0, 0.0, 0.0, 0.0, 0.0, 0.0, 0.0, 0.0, 0.0, 0.0, 0.0, 0.0, 0.0, 0.0, 0.0, 0.0, 0.0, 0.0, 0.0, 0.0, 1.0, 0.0, 0.0, 0.0, 0.0, 0.0, 0.0, 0.0, 0.0, 0.0, 0.0, 0.0, 0.0, 0.0, 0.0, 0.0, 0.0, 0.0, 0.0, 0.0, 0.0, 0.0, 0.0, 0.0, 0.0, 0.0, 0.0, 0.0, 0.0, 0.0, 0.0, 0.0, 0.0], [0.0, 0.0, 0.0, 0.01511103152272959, 0.0, 0.0, 0.0, 0.0, 0.0, 0.008009899704913143, 0.0, 0.01555392760864583, 0.015625, 0.0, 0.0, 0.0, 0.0, 0.017245908126889583, 0.0051711949752172495, 0.004086469704350192, 0.0, 0.0034179687499999996, 0.00048828124999999995, 0.0, 0.0, 0.0, 0.0, 0.011264427684438888, 0.0, 0.01217919415397758, 0.0, 0.0, 0.0, 0.00048828125, 0.0, 0.0, 0.0, 0.0, 0.0, 0.005089355035891394, 0.0, 0.004394531249999999, 0.0, 0.0, 0.016839351336451498, 0.0017407648107807918, 0.01768083582159154, 0.0, 0.0, 0.0, 0.0, 0.0, 1.0, 0.013294996106649339, 0.0, 0.004732676037620178, 0.0, 0.0, 0.0, 0.00439453125, 0.0, 0.018515393800956965, 0.0, 0.00048828124999999995, 0.0, 0.0, 0.0, 0.0, 0.0, 0.005897521954411176, 0.0, 0.0, 0.015625, 0.0, 0.0, 0.010426967007084518, 0.0, 0.0, 0.0, 0.0, 0.0, 0.0, 0.01642890961704199, 0.0], [0.0, 0.0, 0.0, 0.4465461025645946, 0.0, 0.0, 0.0, 0.0, 0.0, 0.6222662417580203, 0.0, 0.354751653671458, 0.023912035680031953, 0.0, 0.5443522919363124, 0.0, 0.0, 0.21500537272429035, 0.015913593969013082, 0.38872439056929126, 0.026908703746331794, 0.00029996262109408927, 0.007812499999999997, 0.0, 0.00575843309458264, 0.0, 0.0, 0.16721007375931263, 0.0, 0.31852503577965174, 0.0, 0.39477609459562574, 0.0, 0.028975619576732385, 0.0, 0.0, 0.0, 0.0, 0.0, 0.3968020619618346, 0.394949037729466, 0.002197265625, 0.0, 0.0, 0.42732442407331583, 0.0, 0.015248121106649339, 0.23798843102322362, 0.0, 0.0, 0.0, 0.0, 0.013294996106649339, 1.0, 0.0, 0.29342744357410067, 0.0, 0.013974665582776867, 0.0, 0.04627269845185912, 0.013729766668793638, 0.39018643592249114, 0.0, 0.045417702007592105, 0.0, 0.0, 0.0, 0.02690870374633179, 0.0, 0.6009367232367044, 0.0022636929984264117, 0.0, 0.016400044196035732, 0.0, 0.0, 0.4564640825982328, 0.0, 0.4122406402904344, 0.01473330416834467, 0.0, 0.0009765625, 0.061706962742969315, 0.4565209090310969, 0.0], [0.0, 0.0, 0.0, 0.0, 0.0, 0.0, 0.0, 0.0, 0.0, 0.0, 0.0, 0.0, 0.0, 0.0, 0.0, 0.0, 0.0, 0.0, 0.0, 0.0, 0.0, 0.0, 0.0, 0.0, 0.0, 0.0, 0.0, 0.0, 0.0, 0.0, 0.0, 0.0, 0.0, 0.0, 0.0, 0.0, 0.0, 0.0, 0.0, 0.0, 0.0, 0.0, 0.0, 0.0, 0.0, 0.0, 0.0, 0.0, 0.0, 0.0, 0.0, 0.0, 0.0, 0.0, 1.0, 0.0, 0.0, 0.0, 0.0, 0.0, 0.0, 0.0, 0.0, 0.0, 0.0, 0.0, 0.0, 0.0, 0.0, 0.0, 0.0, 0.0, 0.0, 0.0, 0.0, 0.0, 0.0, 0.0, 0.0, 0.0, 0.0, 0.0, 0.0, 0.0], [0.0, 0.0, 0.0, 0.7332235382521127, 0.0, 0.0, 0.0, 0.0, 0.0, 0.24275422172994457, 0.0, 0.20810426898829848, 0.01269985512546224, 0.0, 0.2751784046277008, 0.0, 0.0, 0.4136379327453467, 0.04698810960038482, 0.15349204032098757, 0.0073447432216044006, 0.00032991201511015935, 0.0, 0.0, 0.040698678520557516, 0.0, 0.0, 0.055331927949913616, 0.0, 0.23879054713058745, 0.0, 0.16106953848079128, 0.0, 0.0, 0.0, 0.0, 0.0, 0.0, 0.0, 0.4736710904169219, 0.38070981822732475, 0.0003606319929886612, 0.0, 0.0, 0.5037017053715489, 0.0, 0.004732676037620178, 0.14783061491635766, 0.0, 0.0, 0.0, 0.0, 0.004732676037620178, 0.29342744357410067, 0.0, 1.0, 0.0, 0.008944614916685143, 0.0, 0.015381197122265574, 0.007967179087842061, 0.5252843313225366, 0.0, 0.008327811080830723, 0.0, 0.0, 0.0, 0.007344743221604402, 0.0, 0.6876788438788849, 0.0, 0.0, 0.004732676037620178, 0.0, 0.0, 0.5494714457694572, 0.0, 0.5068229914516207, 0.012454419181314026, 0.0, 0.0008700962370520078, 0.254857662814316, 0.28263571046915203, 0.0], [0.0, 0.0, 0.0, 0.0, 0.0, 0.0, 0.0, 0.0, 0.0, 0.0, 0.0, 0.0, 0.0, 0.0, 0.0, 0.0, 0.0, 0.0, 0.0, 0.0, 0.0, 0.0, 0.0, 0.0, 0.0, 0.0, 0.0, 0.0, 0.0, 0.0, 0.0, 0.0, 0.0, 0.0, 0.0, 0.0, 0.0, 0.0, 0.0, 0.0, 0.0, 0.0, 0.0, 0.0, 0.0, 0.0, 0.0, 0.0, 0.0, 0.0, 0.0, 0.0, 0.0, 0.0, 0.0, 0.0, 1.0, 0.0, 0.0, 0.0, 0.0, 0.0, 0.0, 0.0, 0.0, 0.0, 0.0, 0.0, 0.0, 0.0, 0.0, 0.0, 0.0, 0.0, 0.0, 0.0, 0.0, 0.0, 0.0, 0.0, 0.0, 0.0, 0.0, 0.0], [0.0, 0.0, 0.0, 0.0001179208901200339, 0.0, 0.0, 0.0, 0.0, 0.0, 0.013465904161375686, 0.0, 0.012644837593605287, 0.008770959365434554, 0.0, 0.0, 0.0, 0.0, 0.012520764596798998, 0.008770959365434558, 0.009887591369665376, 0.008770959365434556, 0.0, 0.0, 0.0, 0.0, 0.0, 0.0, 0.008748394472465164, 0.0, 0.027311530300402155, 0.0, 0.0, 0.0, 0.0, 0.0, 0.0, 0.0, 0.0, 0.0, 0.009025105620477966, 0.0, 0.0, 0.0, 0.0, 0.004386203360408277, 0.0, 0.0, 0.0, 0.0, 0.0, 0.0, 0.0, 0.0, 0.013974665582776867, 0.0, 0.008944614916685143, 0.0, 1.0, 0.0, 0.0, 0.004784159653873394, 0.011998938772763939, 0.0, 0.031097037750177064, 0.0, 0.0, 0.0, 0.008770959365434556, 0.0, 0.010696592217333559, 0.0, 0.0, 0.0, 0.0, 0.0, 0.015564619799333912, 0.0, 0.004784159653873395, 0.01429592791710492, 0.0, 0.0, 0.0, 0.022321235192448722, 0.0], [0.0, 0.0, 0.0, 0.0, 0.0, 0.0, 0.0, 0.0, 0.0, 0.0, 0.0, 0.0, 0.0, 0.0, 0.0, 0.0, 0.0, 0.0, 0.0, 0.0, 0.0, 0.0, 0.0, 0.0, 0.0, 0.0, 0.0, 0.0, 0.0, 0.0, 0.0, 0.0, 0.0, 0.0, 0.0, 0.0, 0.0, 0.0, 0.0, 0.0, 0.0, 0.0, 0.0, 0.0, 0.0, 0.0, 0.0, 0.0, 0.0, 0.0, 0.0, 0.0, 0.0, 0.0, 0.0, 0.0, 0.0, 0.0, 1.0, 0.0, 0.0, 0.0, 0.0, 0.0, 0.0, 0.0, 0.0, 0.0, 0.0, 0.0, 0.0, 0.0, 0.0, 0.0, 0.0, 0.0, 0.0, 0.0, 0.0, 0.0, 0.0, 0.0, 0.0, 0.0], [0.0, 0.0, 0.0, 0.02330485164664865, 0.0, 0.0, 0.0, 0.0, 0.0, 0.011396854619396532, 0.0, 0.040173399111063005, 0.003906249999999999, 0.0, 0.0, 0.0, 0.0, 0.03607198777495964, 0.016113281249999997, 0.021025265227007484, 0.0, 0.0, 0.00048828125, 0.0, 0.0, 0.0, 0.0, 0.01755731077842581, 0.0, 0.024810128586603003, 0.0, 0.0, 0.0, 0.061160733269522975, 0.0, 0.0, 0.0, 0.0, 0.0, 0.028727109936008348, 0.0, 0.00048828124999999995, 0.0, 0.0, 0.05456430196048197, 0.00018463948448394974, 0.004503066523087642, 0.0, 0.0, 0.0, 0.0, 0.0, 0.00439453125, 0.04627269845185912, 0.0, 0.015