"{\"names\": [\"172.217.10.1\", \"104.88.86.240\", \"38.93.140.48\", \"192.168.10.15\", \"104.88.108.223\", \"195.142.105.15\", \"172.217.12.163\", \"206.217.206.48\", \"172.217.6.228\", \"178.255.83.1\", \"74.119.118.82\", \"192.168.10.9\", \"172.217.7.6\", \"35.186.227.40\", \"31.13.71.36\", \"206.126.112.142\", \"151.101.2.49\", \"192.168.10.25\", \"172.217.3.98\", \"192.168.10.16\", \"72.30.202.150\", \"172.217.12.132\", \"50.31.164.173\", \"162.208.20.178\", \"23.15.4.16\", \"216.58.217.99\", \"172.217.6.198\", \"172.217.12.174\", \"169.46.44.40\", \"192.168.10.17\", \"52.84.143.130\", \"104.19.195.102\", \"216.200.232.61\", \"104.97.73.166\", \"152.163.13.79\", \"192.229.163.25\", \"74.119.118.86\", \"54.225.188.92\", \"188.165.145.88\", \"192.168.10.14\", \"8.43.72.98\", \"199.96.57.6\", \"68.67.178.110\", \"104.88.70.158\", \"192.168.10.19\", \"69.172.216.56\", \"157.240.18.35\", \"172.217.11.34\", \"185.54.150.20\", \"69.169.85.7\", \"198.232.124.194\", \"74.119.118.72\", \"172.217.12.134\", \"192.168.10.5\", \"23.111.9.30\", \"192.168.10.8\", \"151.101.66.2\", \"68.67.178.199\", \"213.239.195.215\", \"138.108.7.20\", \"52.84.145.87\", \"192.168.10.50\", \"52.84.145.198\", \"52.40.24.51\", \"212.77.100.137\", \"185.54.150.115\", \"172.217.10.138\", \"152.163.66.165\", \"52.84.137.78\", \"192.168.10.51\", \"68.67.178.109\", \"129.146.14.96\", \"54.152.24.232\", \"172.217.10.33\", \"52.8.229.108\", \"192.168.10.12\", \"64.147.131.201\", \"172.217.12.206\", \"68.67.180.12\", \"172.217.10.134\", \"38.69.238.16\", \"172.217.10.142\", \"192.168.10.3\", \"172.217.6.202\"], \"funcEdges\": [[1.0, 0.0, 0.0, 0.0, 0.0, 0.0, 0.0, 0.0, 0.0, 0.0, 0.0, 0.0, 0.0, 0.0, 0.0, 0.0, 0.0, 0.0, 0.0, 0.0, 0.0, 0.0, 0.0, 0.0, 0.0, 0.0, 0.0, 0.0, 0.0, 0.0, 0.0, 0.0, 0.0, 0.0, 0.0, 0.0, 0.0, 0.0, 0.0, 0.0, 0.0, 0.0, 0.0, 0.0, 0.0, 0.0, 0.0, 0.0, 0.0, 0.0, 0.0, 0.0, 0.0, 0.0, 0.0, 0.0, 0.0, 0.0, 0.0, 0.0, 0.0, 0.0, 0.0, 0.0, 0.0, 0.0, 0.0, 0.0, 0.0, 0.0, 0.0, 0.0, 0.0, 0.0, 0.0, 0.0, 0.0, 0.0, 0.0, 0.0, 0.0, 0.0, 0.0, 0.0], [0.0, 1.0, 0.0, 0.0, 0.0, 0.0, 0.0, 0.0, 0.0, 0.0, 0.0, 0.0, 0.0, 0.0, 0.0, 0.0, 0.0, 0.0, 0.0, 0.0, 0.0, 0.0, 0.0, 0.0, 0.0, 0.0, 0.0, 0.0, 0.0, 0.0, 0.0, 0.0, 0.0, 0.0, 0.0, 0.0, 0.0, 0.0, 0.0, 0.0, 0.0, 0.0, 0.0, 0.0, 0.0, 0.0, 0.0, 0.0, 0.0, 0.0, 0.0, 0.0, 0.0, 0.0, 0.0, 0.0, 0.0, 0.0, 0.0, 0.0, 0.0, 0.0, 0.0, 0.0, 0.0, 0.0, 0.0, 0.0, 0.0, 0.0, 0.0, 0.0, 0.0, 0.0, 0.0, 0.0, 0.0, 0.0, 0.0, 0.0, 0.0, 0.0, 0.0, 0.0], [0.0, 0.0, 1.0, 0.0, 0.0, 0.0, 0.0, 0.0, 0.0, 0.0, 0.0, 0.0, 0.0, 0.0, 0.0, 0.0, 0.0, 0.0, 0.0, 0.0, 0.0, 0.0, 0.0, 0.0, 0.0, 0.0, 0.0, 0.0, 0.0, 0.0, 0.0, 0.0, 0.0, 0.0, 0.0, 0.0, 0.0, 0.0, 0.0, 0.0, 0.0, 0.0, 0.0, 0.0, 0.0, 0.0, 0.0, 0.0, 0.0, 0.0, 0.0, 0.0, 0.0, 0.0, 0.0, 0.0, 0.0, 0.0, 0.0, 0.0, 0.0, 0.0, 0.0, 0.0, 0.0, 0.0, 0.0, 0.0, 0.0, 0.0, 0.0, 0.0, 0.0, 0.0, 0.0, 0.0, 0.0, 0.0, 0.0, 0.0, 0.0, 0.0, 0.0, 0.0], [0.0, 0.0, 0.0, 1.0, 0.0, 0.0, 0.0, 0.0, 0.0, 0.6896987361277496, 0.0, 0.3485580252859344, 0.0009569199511471132, 0.0, 0.4394071920386676, 0.0, 0.0, 0.5566284074307712, 0.0021106324623074817, 0.6505314674757559, 0.17344767014045406, 4.8880480357266055e-05, 0.00015617097835423223, 0.0, 0.005990914795689077, 0.15813864267082092, 0.0, 0.0011149402380388022, 0.0, 0.4044150276844448, 0.0, 0.04163591063691941, 0.0, 0.001301820793277913, 0.0, 0.0, 0.0, 0.0, 0.0, 0.646955588138451, 0.03552459884415343, 0.04039560571420047, 0.0, 0.09072764787998011, 0.8399175380123278, 0.0001145759326505886, 0.37021104151086054, 0.41172819672227023, 0.0, 0.0, 0.0, 0.0, 0.0009444394701705993, 0.8948677818888651, 0.0, 0.5471574330942861, 0.0, 0.050690542483878394, 0.0, 0.0014565532279155406, 0.00426161474583323, 0.5240664342024166, 0.0, 0.0017516324521566705, 0.0, 0.0, 0.0, 0.0002888460108088851, 0.0, 0.38553845062979153, 9.058375460929532e-05, 0.0, 0.0013618060905844958, 0.0, 0.0, 0.4409316907153335, 0.0, 0.4136638615841448, 0.00028397144530749145, 0.0, 4.12998930715765e-06, 0.4271198164154182, 0.3979547542113331, 0.0], [0.0, 0.0, 0.0, 0.0, 1.0, 0.0, 0.0, 0.0, 0.0, 0.0, 0.0, 0.0, 0.0, 0.0, 0.0, 0.0, 0.0, 0.0, 0.0, 0.0, 0.0, 0.0, 0.0, 0.0, 0.0, 0.0, 0.0, 0.0, 0.0, 0.0, 0.0, 0.0, 0.0, 0.0, 0.0, 0.0, 0.0, 0.0, 0.0, 0.0, 0.0, 0.0, 0.0, 0.0, 0.0, 0.0, 0.0, 0.0, 0.0, 0.0, 0.0, 0.0, 0.0, 0.0, 0.0, 0.0, 0.0, 0.0, 0.0, 0.0, 0.0, 0.0, 0.0, 0.0, 0.0, 0.0, 0.0, 0.0, 0.0, 0.0, 0.0, 0.0, 0.0, 0.0, 0.0, 0.0, 0.0, 0.0, 0.0, 0.0, 0.0, 0.0, 0.0, 0.0], [0.0, 0.0, 0.0, 0.0, 0.0, 1.0, 0.0, 0.0, 0.0, 0.0, 0.0, 0.0, 0.0, 0.0, 0.0, 0.0, 0.0, 0.0, 0.0, 0.0, 0.0, 0.0, 0.0, 0.0, 0.0, 0.0, 0.0, 0.0, 0.0, 0.0, 0.0, 0.0, 0.0, 0.0, 0.0, 0.0, 0.0, 0.0, 0.0, 0.0, 0.0, 0.0, 0.0, 0.0, 0.0, 0.0, 0.0, 0.0, 0.0, 0.0, 0.0, 0.0, 0.0, 0.0, 0.0, 0.0, 0.0, 0.0, 0.0, 0.0, 0.0, 0.0, 0.0, 0.0, 0.0, 0.0, 0.0, 0.0, 0.0, 0.0, 0.0, 0.0, 0.0, 0.0, 0.0, 0.0, 0.0, 0.0, 0.0, 0.0, 0.0, 0.0, 0.0, 0.0], [0.0, 0.0, 0.0, 0.0, 0.0, 0.0, 1.0, 0.0, 0.0, 0.0, 0.0, 0.0, 0.0, 0.0, 0.0, 0.0, 0.0, 0.0, 0.0, 0.0, 0.0, 0.0, 0.0, 0.0, 0.0, 0.0, 0.0, 0.0, 0.0, 0.0, 0.0, 0.0, 0.0, 0.0, 0.0, 0.0, 0.0, 0.0, 0.0, 0.0, 0.0, 0.0, 0.0, 0.0, 0.0, 0.0, 0.0, 0.0, 0.0, 0.0, 0.0, 0.0, 0.0, 0.0, 0.0, 0.0, 0.0, 0.0, 0.0, 0.0, 0.0, 0.0, 0.0, 0.0, 0.0, 0.0, 0.0, 0.0, 0.0, 0.0, 0.0, 0.0, 0.0, 0.0, 0.0, 0.0, 0.0, 0.0, 0.0, 0.0, 0.0, 0.0, 0.0, 0.0], [0.0, 0.0, 0.0, 0.0, 0.0, 0.0, 0.0, 1.0, 0.0, 0.0, 0.0, 0.0, 0.0, 0.0, 0.0, 0.0, 0.0, 0.0, 0.0, 0.0, 0.0, 0.0, 0.0, 0.0, 0.0, 0.0, 0.0, 0.0, 0.0, 0.0, 0.0, 0.0, 0.0, 0.0, 0.0, 0.0, 0.0, 0.0, 0.0, 0.0, 0.0, 0.0, 0.0, 0.0, 0.0, 0.0, 0.0, 0.0, 0.0, 0.0, 0.0, 0.0, 0.0, 0.0, 0.0, 0.0, 0.0, 0.0, 0.0, 0.0, 0.0, 0.0, 0.0, 0.0, 0.0, 0.0, 0.0, 0.0, 0.0, 0.0, 0.0, 0.0, 0.0, 0.0, 0.0, 0.0, 0.0, 0.0, 0.0, 0.0, 0.0, 0.0, 0.0, 0.0], [0.0, 0.0, 0.0, 0.0, 0.0, 0.0, 0.0, 0.0, 1.0, 0.0, 0.0, 0.0, 0.0, 0.0, 0.0, 0.0, 0.0, 0.0, 0.0, 0.0, 0.0, 0.0, 0.0, 0.0, 0.0, 0.0, 0.0, 0.0, 0.0, 0.0, 0.0, 0.0, 0.0, 0.0, 0.0, 0.0, 0.0, 0.0, 0.0, 0.0, 0.0, 0.0, 0.0, 0.0, 0.0, 0.0, 0.0, 0.0, 0.0, 0.0, 0.0, 0.0, 0.0, 0.0, 0.0, 0.0, 0.0, 0.0, 0.0, 0.0, 0.0, 0.0, 0.0, 0.0, 0.0, 0.0, 0.0, 0.0, 0.0, 0.0, 0.0, 0.0, 0.0, 0.0, 0.0, 0.0, 0.0, 0.0, 0.0, 0.0, 0.0, 0.0, 0.0, 0.0], [0.0, 0.0, 0.0, 0.6896987361277496, 0.0, 0.0, 0.0, 0.0, 0.0, 1.0, 0.0, 0.3064607878948635, 0.0010219820665588334, 0.0, 0.27013877536673025, 0.0, 0.0, 0.2904633064394941, 0.0015670494718273082, 0.46684853189926845, 0.13910402328402785, 7.665594032440583e-05, 0.0003601363239888164, 0.0, 0.006029247133916324, 0.19411206977115109, 0.0, 0.005443130058204732, 0.0, 0.5734914248888667, 0.0, 0.035884733715700584, 0.0, 0.0006165746970708291, 0.0, 0.0, 0.0, 0.0, 0.0, 0.49037509651672284, 0.014113008014246767, 0.005362717753709003, 0.0, 0.036070562915405904, 0.6369019564176519, 7.07827919559782e-05, 0.42599485206600257, 0.31326428850677873, 0.0, 0.0, 0.0, 0.0, 0.0005006187315570714, 0.6716419173491626, 0.0, 0.37388233095121526, 0.0, 0.12584161901008598, 0.0, 0.0007123034137122832, 0.0026693826118660783, 0.27147746449511656, 0.0, 0.0017390227007066097, 0.0, 0.0, 0.0, 0.0004457377583863657, 0.0, 0.6444480278247404, 0.0001511435945160785, 0.0, 0.00040681790772859896, 0.0, 0.0, 0.2446428005751229, 0.0, 0.2502420598143913, 0.0008994949482967242, 0.0, 1.5258789062499998e-05, 0.29912568859262867, 0.31302053413818515, 0.0], [0.0, 0.0, 0.0, 0.0, 0.0, 0.0, 0.0, 0.0, 0.0, 0.0, 1.0, 0.0, 0.0, 0.0, 0.0, 0.0, 0.0, 0.0, 0.0, 0.0, 0.0, 0.0, 0.0, 0.0, 0.0, 0.0, 0.0, 0.0, 0.0, 0.0, 0.0, 0.0, 0.0, 0.0, 0.0, 0.0, 0.0, 0.0, 0.0, 0.0, 0.0, 0.0, 0.0, 0.0, 0.0, 0.0, 0.0, 0.0, 0.0, 0.0, 0.0, 0.0, 0.0, 0.0, 0.0, 0.0, 0.0, 0.0, 0.0, 0.0, 0.0, 0.0, 0.0, 0.0, 0.0, 0.0, 0.0, 0.0, 0.0, 0.0, 0.0, 0.0, 0.0, 0.0, 0.0, 0.0, 0.0, 0.0, 0.0, 0.0, 0.0, 0.0, 0.0, 0.0], [0.0, 0.0, 0.0, 0.3485580252859344, 0.0, 0.0, 0.0, 0.0, 0.0, 0.3064607878948635, 0.0, 1.0, 0.0014161991934239064, 0.0, 0.1413673767012975, 0.0, 0.0, 0.292400833516809, 0.001867012132086413, 0.11361500479132625, 0.13429594059759198, 0.00020046113358962063, 0.0003857322940495475, 0.0, 0.0033045224733447066, 0.14145879082603097, 0.0, 0.004273543945460509, 0.0, 0.23506821870218186, 0.0, 0.044903782899654694, 0.0, 0.0014552444451238942, 0.0, 0.0, 0.0, 0.0, 0.0, 0.3532286001862325, 0.0039062499999999996, 0.026507607156497307, 0.0, 0.0734732614591711, 0.2963904077876647, 0.00031651847058213295, 0.0011514027044796813, 0.09054787163770188, 0.0, 0.0, 0.0, 0.0, 0.0009721204755403644, 0.2921074620773595, 0.0, 0.11644237011269735, 0.0, 0.11821476938693364, 0.0, 0.002510837444441438, 0.004231325617013488, 0.3625918337735493, 0.0, 0.0025695984899363204, 0.0, 0.0, 0.0, 0.0016613712036960139, 0.0, 0.3924607955725454, 0.00028856211652281567, 0.0, 0.0010760481672590202, 0.0, 0.0, 0.23659552208482146, 0.0, 0.07497673500124957, 0.0018633278263122464, 0.0, 2.4636800578056375e-05, 0.0843118646612218, 0.26174578688620487, 0.0], [0.0, 0.0, 0.0, 0.0009569199511471132, 0.0, 0.0, 0.0, 0.0, 0.0, 0.0010219820665588334, 0.0, 0.0014161991934239064, 1.0, 0.0, 0.0, 0.0, 0.0, 0.0013818765948049566, 0.000732421875, 0.0009911916970445135, 0.0004882812500000001, 0.0, 0.0, 0.0, 0.0, 0.0, 0.0, 0.002291949272436218, 0.0, 0.0006500286167586838, 0.0, 0.0, 0.0, 0.0, 0.0, 0.0, 0.0, 0.0, 0.0, 0.0006607639731311946, 0.0, 0.0, 0.0, 0.0, 0.001432940383595227, 0.0, 0.0009765625, 0.0, 0.0, 0.0, 0.0, 0.0, 0.0009765625, 0.001494502230001997, 0.0, 0.00079374094534139, 0.0, 0.0005481849603396596, 0.0, 0.00024414062499999995, 0.0004882812499999999, 0.0017179796872967552, 0.0, 0.00048828125, 0.0, 0.0, 0.0, 0.00048828124999999995, 0.0, 0.000913307118734662, 0.0, 0.0, 0.0009765625, 0.0, 0.0, 0.000832301630206588, 0.0, 0.00048828124999999995, 0.0010990412717521313, 0.0, 0.0, 0.0, 0.0018424255347780686, 0.0], [0.0, 0.0, 0.0, 0.0, 0.0, 0.0, 0.0, 0.0, 0.0, 0.0, 0.0, 0.0, 0.0, 1.0, 0.0, 0.0, 0.0, 0.0, 0.0, 0.0, 0.0, 0.0, 0.0, 0.0, 0.0, 0.0, 0.0, 0.0, 0.0, 0.0, 0.0, 0.0, 0.0, 0.0, 0.0, 0.0, 0.0, 0.0, 0.0, 0.0, 0.0, 0.0, 0.0, 0.0, 0.0, 0.0, 0.0, 0.0, 0.0, 0.0, 0.0, 0.0, 0.0, 0.0, 0.0, 0.0, 0.0, 0.0, 0.0, 0.0, 0.0, 0.0, 0.0, 0.0, 0.0, 0.0, 0.0, 0.0, 0.0, 0.0, 0.0, 0.0, 0.0, 0.0, 0.0, 0.0, 0.0, 0.0, 0.0, 0.0, 0.0, 0.0, 0.0, 0.0], [0.0, 0.0, 0.0, 0.4394071920386676, 0.0, 0.0, 0.0, 0.0, 0.0, 0.27013877536673025, 0.0, 0.1413673767012975, 0.0, 0.0, 1.0, 0.0, 0.0, 0.21749197259161412, 0.0, 0.6226021609482992, 0.23203839195023945, 0.0, 0.0, 0.0, 0.0, 0.21842837853548872, 0.0, 0.0, 0.0, 0.272841259803921, 0.0, 0.09375, 0.0, 0.0, 0.0, 0.0, 0.0, 0.0, 0.0, 0.25980988849613623, 0.011718749999999997, 0.0625, 0.0, 0.09374999999999999, 0.22642586167298162, 0.0, 0.15792912972114526, 0.6086329775293535, 0.0, 0.0, 0.0, 0.0, 0.0, 0.41645340409122644, 0.0, 0.6307041792763063, 0.0, 0.031249999999999993, 0.0, 0.0, 0.0, 0.3032011688994374, 0.0, 0.0, 0.0, 0.0, 0.0, 0.0, 0.0, 0.13827917642141282, 0.0, 0.0, 0.0, 0.0, 0.0, 0.26206637532540333, 0.0, 0.5997934939778418, 0.0, 0.0, 0.0, 0.31068862262356656, 0.3305121594463568, 0.0], [0.0, 0.0, 0.0, 0.0, 0.0, 0.0, 0.0, 0.0, 0.0, 0.0, 0.0, 0.0, 0.0, 0.0, 0.0, 1.0, 0.0, 0.0, 0.0, 0.0, 0.0, 0.0, 0.0, 0.0, 0.0, 0.0, 0.0, 0.0, 0.0, 0.0, 0.0, 0.0, 0.0, 0.0, 0.0, 0.0, 0.0, 0.0, 0.0, 0.0, 0.0, 0.0, 0.0, 0.0, 0.0, 0.0, 0.0, 0.0, 0.0, 0.0, 0.0, 0.0, 0.0, 0.0, 0.0, 0.0, 0.0, 0.0, 0.0, 0.0, 0.0, 0.0, 0.0, 0.0, 0.0, 0.0, 0.0, 0.0, 0.0, 0.0, 0.0, 0.0, 0.0, 0.0, 0.0, 0.0, 0.0, 0.0, 0.0, 0.0, 0.0, 0.0, 0.0, 0.0], [0.0, 0.0, 0.0, 0.0, 0.0, 0.0, 0.0, 0.0, 0.0, 0.0, 0.0, 0.0, 0.0, 0.0, 0.0, 0.0, 1.0, 0.0, 0.0, 0.0, 0.0, 0.0, 0.0, 0.0, 0.0, 0.0, 0.0, 0.0, 0.0, 0.0, 0.0, 0.0, 0.0, 0.0, 0.0, 0.0, 0.0, 0.0, 0.0, 0.0, 0.0, 0.0, 0.0, 0.0, 0.0, 0.0, 0.0, 0.0, 0.0, 0.0, 0.0, 0.0, 0.0, 0.0, 0.0, 0.0, 0.0, 0.0, 0.0, 0.0, 0.0, 0.0, 0.0, 0.0, 0.0, 0.0, 0.0, 0.0, 0.0, 0.0, 0.0, 0.0, 0.0, 0.0, 0.0, 0.0, 0.0, 0.0, 0.0, 0.0, 0.0, 0.0, 0.0, 0.0], [0.0, 0.0, 0.0, 0.5566284074307712, 0.0, 0.0, 0.0, 0.0, 0.0, 0.2904633064394941, 0.0, 0.292400833516809, 0.0013818765948049566, 0.0, 0.21749197259161412, 0.0, 0.0, 1.0, 0.001854923079224157, 0.49933159913654207, 0.13361842259885598, 0.0001794531572340301, 0.000346422570283048, 0.0, 0.0030083617448351664, 0.20170422155894147, 0.0, 0.004705208092562762, 0.0, 0.7853582443565859, 0.0, 0.051617525437411015, 0.0, 0.0018732180368797938, 0.0, 0.0, 0.0, 0.0, 0.0, 0.7482165665023148, 0.016200849019101217, 0.034499632684807775, 0.0, 0.06818863333180825, 0.6173584194633971, 0.0001558343066890936, 0.24216172622091536, 0.3845977936329689, 0.0, 0.0, 0.0, 0.0, 0.001077869257930599, 0.688289428594727, 0.0, 0.4846394197767411, 0.0, 0.03100362707675763, 0.0, 0.0022544992359349774, 0.0009666566586153506, 0.7918636747113165, 0.0, 0.0030644961863748243, 0.0, 0.0, 0.0, 0.0013573124004031157, 0.0, 0.5747829185697402, 0.00019939002146934098, 0.0, 0.0013081046539728878, 0.0, 0.0, 0.4014545551455258, 0.0, 0.33826570627384756, 0.0014838360028209341, 0.0, 1.1063028432930387e-05, 0.5260699218926586, 0.46449302130789, 0.0], [0.0, 0.0, 0.0, 0.0021106324623074817, 0.0, 0.0, 0.0, 0.0, 0.0, 0.0015670494718273082, 0.0, 0.001867012132086413, 0.000732421875, 0.0, 0.0, 0.0, 0.0, 0.001854923079224157, 1.0, 0.0015682967212437625, 0.00048828125, 0.00013767176483572155, 0.00019037506553762226, 0.0, 0.0, 0.0, 0.0, 0.0014610179981748325, 0.0, 0.0005418650251474137, 0.0, 0.0, 0.0, 3.0517578124999997e-05, 0.0, 0.0, 0.0, 0.0, 0.0, 0.0023188729974898963, 0.0, 0.00025718807955128786, 0.0, 0.0, 0.0013667847266213011, 0.0002914607010608449, 0.0006646143243031868, 0.0, 0.0, 0.0, 0.0, 0.0, 0.0003231996859510781, 0.0009945996230633176, 0.0, 0.002936756850024051, 0.0, 0.0005481849603396599, 0.0, 0.0010070800781249998, 0.0004882812500000001, 0.0026960793821314746, 0.0, 0.0007427042139127095, 0.0, 0.0, 0.0, 0.00048828125, 0.0, 0.0017354233511547956, 9.896936414378959e-05, 0.0, 0.0004187775417916334, 0.0, 0.0, 0.0024939965017150567, 0.0, 0.0005132887098524305, 0.0007958574726480952, 0.0, 1.52587890625e-05, 0.0, 0.0011438757767087077, 0.0], [0.0, 0.0, 0.0, 0.6505314674757559, 0.0, 0.0, 0.0, 0.0, 0.0, 0.46684853189926845, 0.0, 0.11361500479132625, 0.0009911916970445135, 0.0, 0.6226021609482992, 0.0, 0.0, 0.49933159913654207, 0.0015682967212437625, 1.0, 0.1526922454985417, 0.0002425559889987795, 0.00016185213846989327, 0.0, 0.00657934793221404, 0.31032038610733104, 0.0, 0.005679934194335718, 0.0, 0.552279413397353, 0.0, 0.03224829082161146, 0.0, 0.0004309895440960646, 0.0, 0.0, 0.0, 0.0, 0.0, 0.4818689768429111, 0.024351374668601003, 0.012402933309541946, 0.0, 0.042957322644771166, 0.6481855568895951, 0.00020881293727179864, 0.215668951747757, 0.6748527219126446, 0.0, 0.0, 0.0, 0.0, 0.000255404356521887, 0.7593767615766329, 0.0, 0.876015709670148, 0.0, 0.031867974460604076, 0.0, 0.0013140790766879677, 0.0019480001848102225, 0.38267247026004914, 0.0, 0.0015613277255673947, 0.0, 0.0, 0.0, 0.00034476232940678736, 0.0, 0.2128560608609014, 0.00023750572185492192, 0.0, 0.0002442781970965102, 0.0, 0.0, 0.12290358826424962, 0.0, 0.7443560335867937, 0.0010636601662709511, 0.0, 3.737624729588589e-05, 0.6198033518551109, 0.21495304707540358, 0.0], [0.0, 0.0, 0.0, 0.17344767014045406, 0.0, 0.0, 0.0, 0.0, 0.0, 0.13910402328402785, 0.0, 0.13429594059759198, 0.0004882812500000001, 0.0, 0.23203839195023945, 0.0, 0.0, 0.13361842259885598, 0.00048828125, 0.1526922454985417, 1.0, 0.0, 0.0, 0.0, 0.0, 0.17465411535208986, 0.0, 0.0005977125704600833, 0.0, 0.12430888323898417, 0.0, 0.015625, 0.0, 0.0, 0.0, 0.0, 0.0, 0.0, 0.0, 0.08184689900214243, 0.0, 0.015625, 0.0, 0.046875, 0.14331442992020266, 0.0, 0.0, 0.10946021586393524, 0.0, 0.0, 0.0, 0.0, 0.0, 0.10633386289816485, 0.0, 0.20698350066939383, 0.0, 0.031798184960339655, 0.0, 0.0, 0.00048828125, 0.15384794582682562, 0.0, 0.0004882812500000001, 0.0, 0.0, 0.0, 0.001953125, 0.0, 0.12039810106516835, 0.0, 0.0, 0.0, 0.0, 0.0, 0.20313115287844807, 0.0, 0.06298828125, 0.001288531146192154, 0.0, 0.0, 0.1257094774070441, 0.11113987408815865, 0.0], [0.0, 0.0, 0.0, 4.8880480357266055e-05, 0.0, 0.0, 0.0, 0.0, 0.0, 7.665594032440583e-05, 0.0, 0.00020046113358962063, 0.0, 0.0, 0.0, 0.0, 0.0, 0.0001794531572340301, 0.00013767176483572155, 0.0002425559889987795, 0.0, 1.0, 0.0, 0.0, 0.0, 0.0, 0.0, 0.00027112672257494563, 0.0, 0.00024972497505199715, 0.0, 0.0, 0.0, 0.0, 0.0, 0.0, 0.0, 0.0, 0.0, 0.00015601411238178845, 0.0, 0.00027352937493833104, 0.0, 0.0, 0.00017089245884888292, 9.155273437499999e-05, 0.00013678305923474048, 0.0, 0.0, 0.0, 0.0, 0.0, 0.00021362304687499997, 1.874766381838058e-05, 0.0, 2.061950094438496e-05, 0.0, 0.0, 0.0, 0.0, 0.0, 0.00022705156407107637, 0.0, 1.874766381838058e-05, 0.0, 0.0, 0.0, 0.0, 0.0, 0.0002537487610602703, 0.0, 0.0, 0.0, 0.0, 0.0, 0.00013788752879299044, 0.0, 3.030632883539619e-05, 0.0, 0.0, 1.8747663818380576e-05, 0.0, 0.00011095955543190603, 0.0], [0.0, 0.0, 0.0, 0.00015617097835423223, 0.0, 0.0, 0.0, 0.0, 0.0, 0.0003601363239888164, 0.0, 0.0003857322940495475, 0.0, 0.0, 0.0, 0.0, 0.0, 0.000346422570283048, 0.00019037506553762226, 0.00016185213846989327, 0.0, 0.0, 1.0, 0.0, 0.0, 0.0, 0.0, 0.00011542293970970525, 0.0, 4.293596835794584e-05, 0.0, 0.0, 0.0, 3.0517578125e-05, 0.0, 0.0, 0.0, 0.0, 0.0, 6.823937919616056e-05, 0.0, 0.000152587890625, 0.0, 0.0, 1.4375036718362899e-05, 4.7762644423799494e-05, 0.00015937134519297756, 0.0, 0.0, 0.0, 0.0, 0.0, 3.0517578124999997e-05, 0.00048828124999999984, 0.0, 0.0, 0.0, 0.0, 0.0, 3.0517578125e-05, 0.0, 0.00033405508878788203, 0.0, 0.000244140625, 0.0, 0.0, 0.0, 0.0, 0.0, 9.518278157690516e-05, 0.0001414808124016507, 0.0, 0.00019406550558664952, 0.0, 0.0, 0.0006004064231331074, 0.0, 0.0, 0.0, 0.0, 0.0, 0.0, 0.00035522427217011697, 0.0], [0.0, 0.0, 0.0, 0.0, 0.0, 0.0, 0.0, 0.0, 0.0, 0.0, 0.0, 0.0, 0.0, 0.0, 0.0, 0.0, 0.0, 0.0, 0.0, 0.0, 0.0, 0.0, 0.0, 1.0, 0.0, 0.0, 0.0, 0.0, 0.0, 0.0, 0.0, 0.0, 0.0, 0.0, 0.0, 0.0, 0.0, 0.0, 0.0, 0.0, 0.0, 0.0, 0.0, 0.0, 0.0, 0.0, 0.0, 0.0, 0.0, 0.0, 0.0, 0.0, 0.0, 0.0, 0.0, 0.0, 0.0, 0.0, 0.0, 0.0, 0.0, 0.0, 0.0, 0.0, 0.0, 0.0, 0.0, 0.0, 0.0, 0.0, 0.0, 0.0, 0.0, 0.0, 0.0, 0.0, 0.0, 0.0, 0.0, 0.0, 0.0, 0.0, 0.0, 0.0], [0.0, 0.0, 0.0, 0.005990914795689077, 0.0, 0.0, 0.0, 0.0, 0.0, 0.006029247133916324, 0.0, 0.0033045224733447066, 0.0, 0.0, 0.0, 0.0, 0.0, 0.0030083617448351664, 0.0, 0.00657934793221404, 0.0, 0.0, 0.0, 0.0, 1.0, 0.0, 0.0, 0.001983216568838296, 0.0, 0.0040194980892775505, 0.0, 0.0, 0.0, 0.0, 0.0, 0.0, 0.0, 0.0, 0.0, 0.0031894397692489294, 0.0, 0.0, 0.0, 0.0, 0.004729878799558393, 0.0, 0.0, 0.0, 0.0, 0.0, 0.0, 0.0, 0.0, 0.000359902068411415, 0.0, 0.0025436674075348447, 0.0, 0.0, 0.0, 0.0, 0.0, 0.0036026114368473616, 0.0, 0.0, 0.0, 0.0, 0.0, 0.0, 0.0, 0.00016033865630250013, 0.0, 0.0, 0.0, 0.0, 0.0, 0.00359929190986055, 0.0, 0.00427794184808034, 0.0, 0.0, 0.0, 0.0, 0.002539934694711764, 0.0], [0.0, 0.0, 0.0, 0.15813864267082092, 0.0, 0.0, 0.0, 0.0, 0.0, 0.19411206977115109, 0.0, 0.14145879082603097, 0.0, 0.0, 0.21842837853548872, 0.0, 0.0, 0.20170422155894147, 0.0, 0.31032038610733104, 0.17465411535208986, 0.0, 0.0, 0.0, 0.0, 1.0, 0.0, 0.0, 0.0, 0.24322394725467814, 0.0, 0.0625, 0.0, 0.0, 0.0, 0.0, 0.0, 0.0, 0.0, 0.14089312261682463, 0.0, 0.0625, 0.0, 0.1264150131749857, 0.17234442379142376, 0.0, 0.0, 0.14636182271679454, 0.0, 0.0, 0.0, 0.0, 0.0, 0.2125120895323938, 0.0, 0.35221554453682896, 0.0, 0.05064963308206416, 0.0, 0.0, 0.0, 0.04296717354074456, 0.0, 0.0, 0.0, 0.0, 0.0, 0.0, 0.0, 0.12989414684360384, 0.0, 0.0, 0.0, 0.0, 0.0, 0.1313669196658075, 0.0, 0.24848330248309086, 0.0, 0.0, 0.0, 0.3264443807626411, 0.15734102492552854, 0.0], [0.0, 0.0, 0.0, 0.0, 0.0, 0.0, 0.0, 0.0, 0.0, 0.0, 0.0, 0.0, 0.0, 0.0, 0.0, 0.0, 0.0, 0.0, 0.0, 0.0, 0.0, 0.0, 0.0, 0.0, 0.0, 0.0, 1.0, 0.0, 0.0, 0.0, 0.0, 0.0, 0.0, 0.0, 0.0, 0.0, 0.0, 0.0, 0.0, 0.0, 0.0, 0.0, 0.0, 0.0, 0.0, 0.0, 0.0, 0.0, 0.0, 0.0, 0.0, 0.0, 0.0, 0.0, 0.0, 0.0, 0.0, 0.0, 0.0, 0.0, 0.0, 0.0, 0.0, 0.0, 0.0, 0.0, 0.0, 0.0, 0.0, 0.0, 0.0, 0.0, 0.0, 0.0, 0.0, 0.0, 0.0, 0.0, 0.0, 0.0, 0.0, 0.0, 0.0, 0.0], [0.0, 0.0, 0.0, 0.0011149402380388022, 0.0, 0.0, 0.0, 0.0, 0.0, 0.005443130058204732, 0.0, 0.004273543945460509, 0.002291949272436218, 0.0, 0.0, 0.0, 0.0, 0.004705208092562762, 0.0014610179981748325, 0.005679934194335718, 0.0005977125704600833, 0.00027112672257494563, 0.00011542293970970525, 0.0, 0.001983216568838296, 0.0, 0.0, 1.0, 0.0, 0.007033842176104602, 0.0, 0.0, 0.0, 0.0015046201940644172, 0.0, 0.0, 0.0, 0.0, 0.0, 0.006698125144615315, 0.0, 0.0005048012886259225, 0.0, 0.0, 0.003933715924149055, 0.00012675426269419558, 0.0005524415857126382, 0.0, 0.0, 0.0, 0.0, 0.0, 0.0007040267302774305, 0.01045062960995704, 0.0, 0.003458245496869601, 0.0, 0.0005467746545290727, 0.0, 0.001097331923651613, 0.0005233469475681585, 0.0058360884992715535, 0.0, 0.0020558108977064334, 0.0, 0.0, 0.0, 0.0005977125704600835, 0.0, 0.009070276280000813, 0.00010381693449742253, 0.0, 0.0006032383707059558, 0.0, 0.0, 0.004218701458032072, 0.0, 0.003699544887024628, 0.0010017125990074089, 0.0, 3.6396662131134876e-05, 0.0, 0.003137538125741394, 0.0], [0.0, 0.0, 0.0, 0.0, 0.0, 0.0, 0.0, 0.0, 0.0, 0.0, 0.0, 0.0, 0.0, 0.0, 0.0, 0.0, 0.0, 0.0, 0.0, 0.0, 0.0, 0.0, 0.0, 0.0, 0.0, 0.0, 0.0, 0.0, 1.0, 0.0, 0.0, 0.0, 0.0, 0.0, 0.0, 0.0, 0.0, 0.0, 0.0, 0.0, 0.0, 0.0, 0.0, 0.0, 0.0, 0.0, 0.0, 0.0, 0.0, 0.0, 0.0, 0.0, 0.0, 0.0, 0.0, 0.0, 0.0, 0.0, 0.0, 0.0, 0.0, 0.0, 0.0, 0.0, 0.0, 0.0, 0.0, 0.0, 0.0, 0.0, 0.0, 0.0, 0.0, 0.0, 0.0, 0.0, 0.0, 0.0, 0.0, 0.0, 0.0, 0.0, 0.0, 0.0], [0.0, 0.0, 0.0, 0.4044150276844448, 0.0, 0.0, 0.0, 0.0, 0.0, 0.5734914248888667, 0.0, 0.23506821870218186, 0.0006500286167586838, 0.0, 0.272841259803921, 0.0, 0.0, 0.7853582443565859, 0.0005418650251474137, 0.552279413397353, 0.12430888323898417, 0.00024972497505199715, 4.293596835794584e-05, 0.0, 0.0040194980892775505, 0.24322394725467814, 0.0, 0.007033842176104602, 0.0, 1.0, 0.0, 0.010849119039714427, 0.0, 0.0004065112918611244, 0.0, 0.0, 0.0, 0.0, 0.0, 0.4889373947973227, 0.01475448243267439, 0.008792728839125024, 0.0, 0.040013880217279016, 0.44280002458120954, 0.0002470619861089335, 0.03430837581577878, 0.5420956746184085, 0.0, 0.0, 0.0, 0.0, 0.0007611996346235987, 0.5111245698761943, 0.0, 0.4943491506431642, 0.0, 0.03371345423186391, 0.0, 0.0015506330366626877, 0.0028274604279848545, 0.7457922244546171, 0.0, 0.0027369074724521406, 0.0, 0.0, 0.0, 0.0007649609632391035, 0.0, 0.63156357153645, 0.00024030925426117192, 0.0, 0.0007404492482631278, 0.0, 0.0, 0.11277353798659473, 0.0, 0.48870694685060706, 0.0005721348590805673, 0.0, 2.231901983165268e-05, 0.5865241754497688, 0.272333613730027, 0.0], [0.0, 0.0, 0.0, 0.0, 0.0, 0.0, 0.0, 0.0, 0.0, 0.0, 0.0, 0.0, 0.0, 0.0, 0.0, 0.0, 0.0, 0.0, 0.0, 0.0, 0.0, 0.0, 0.0, 0.0, 0.0, 0.0, 0.0, 0.0, 0.0, 0.0, 1.0, 0.0, 0.0, 0.0, 0.0, 0.0, 0.0, 0.0, 0.0, 0.0, 0.0, 0.0, 0.0, 0.0, 0.0, 0.0, 0.0, 0.0, 0.0, 0.0, 0.0, 0.0, 0.0, 0.0, 0.0, 0.0, 0.0, 0.0, 0.0, 0.0, 0.0, 0.0, 0.0, 0.0, 0.0, 0.0, 0.0, 0.0, 0.0, 0.0, 0.0, 0.0, 0.0, 0.0, 0.0, 0.0, 0.0, 0.0, 0.0, 0.0, 0.0, 0.0, 0.0, 0.0], [0.0, 0.0, 0.0, 0.04163591063691941, 0.0, 0.0, 0.0, 0.0, 0.0, 0.035884733715700584, 0.0, 0.044903782899654694, 0.0, 0.0, 0.09375, 0.0, 0.0, 0.051617525437411015, 0.0, 0.03224829082161146, 0.015625, 0.0, 0.0, 0.0, 0.0, 0.0625, 0.0, 0.0, 0.0, 0.010849119039714427, 0.0, 1.0, 0.0, 0.0, 0.0, 0.0, 0.0, 0.0, 0.0, 0.048261926665475526, 0.007812500000000002, 0.0625, 0.0, 0.0625, 0.014974312224648633, 0.0, 0.0, 0.026463151342107825, 0.0, 0.0, 0.0, 0.0, 0.0, 0.04375135287229791, 0.0, 0.024330454423413157, 0.0, 0.0, 0.0, 0.0, 0.0, 0.033387457082317606, 0.0, 0.0, 0.0, 0.0, 0.0, 0.0, 0.0, 0.01365632804031875, 0.0, 0.0, 0.0, 0.0, 0.0, 0.04878308006294356, 0.0, 0.0078125, 0.0, 0.0, 0.0, 0.0244904353436342, 0.0792594944002242, 0.0], [0.0, 0.0, 0.0, 0.0, 0.0, 0.0, 0.0, 0.0, 0.0, 0.0, 0.0, 0.0, 0.0, 0.0, 0.0, 0.0, 0.0, 0.0, 0.0, 0.0, 0.0, 0.0, 0.0, 0.0, 0.0, 0.0, 0.0, 0.0, 0.0, 0.0, 0.0, 0.0, 1.0, 0.0, 0.0, 0.0, 0.0, 0.0, 0.0, 0.0, 0.0, 0.0, 0.0, 0.0, 0.0, 0.0, 0.0, 0.0, 0.0, 0.0, 0.0, 0.0, 0.0, 0.0, 0.0, 0.0, 0.0, 0.0, 0.0, 0.0, 0.0, 0.0, 0.0, 0.0, 0.0, 0.0, 0.0, 0.0, 0.0, 0.0, 0.0, 0.0, 0.0, 0.0, 0.0, 0.0, 0.0, 0.0, 0.0, 0.0, 0.0, 0.0, 0.0, 0.0], [0.0, 0.0, 0.0, 0.001301820793277913, 0.0, 0.0, 0.0, 0.0, 0.0, 0.0006165746970708291, 0.0, 0.0014552444451238942, 0.0, 0.0, 0.0, 0.0, 0.0, 0.0018732180368797938, 3.0517578124999997e-05, 0.0004309895440960646, 0.0, 0.0, 3.0517578125e-05, 0.0, 0.0, 0.0, 0.0, 0.0015046201940644172, 0.0, 0.0004065112918611244, 0.0, 0.0, 0.0, 1.0, 0.0, 0.0, 0.0, 0.0, 0.0, 0.000988436011813691, 0.0, 3.0517578124999997e-05, 0.0, 0.0, 0.0025279941048081665, 3.0132138092866788e-05, 0.00011994841885584955, 0.0, 0.0, 0.0, 0.0, 0.0, 3.0517578125e-05, 0.001810976223545774, 0.0, 0.0, 0.0, 0.0, 0.0, 0.003822545829345186, 0.00103166502734535, 0.0009292849356156936, 0.0, 0.003932902681561759, 0.0, 0.0, 0.0, 0.0, 0.0, 0.001958201995898228, 0.0, 0.0, 0.0, 0.0, 0.0, 0.0009976309030719486, 0.0, 0.0013610199043720581, 0.0, 0.0, 0.0, 0.0, 7.397057342070835e-05, 0.0], [0.0, 0.0, 0.0, 0.0, 0.0, 0.0, 0.0, 0.0, 0.0, 0.0, 0.0, 0.0, 0.0, 0.0, 0.0, 0.0, 0.0, 0.0, 0.0, 0.0, 0.0, 0.0, 0.0, 0.0, 0.0, 0.0, 0.0, 0.0, 0.0, 0.0, 0.0, 0.0, 0.0, 0.0, 1.0, 0.0, 0.0, 0.0, 0.0, 0.0, 0.0, 0.0, 0.0, 0.0, 0.0, 0.0, 0.0, 0.0, 0.0, 0.0, 0.0, 0.0, 0.0, 0.0, 0.0, 0.0, 0.0, 0.0, 0.0, 0.0, 0.0, 0.0, 0.0, 0.0, 0.0, 0.0, 0.0, 0.0, 0.0, 0.0, 0.0, 0.0, 0.0, 0.0, 0.0, 0.0, 0.0, 0.0, 0.0, 0.0, 0.0, 0.0, 0.0, 0.0], [0.0, 0.0, 0.0, 0.0, 0.0, 0.0, 0.0, 0.0, 0.0, 0.0, 0.0, 0.0, 0.0, 0.0, 0.0, 0.0, 0.0, 0.0, 0.0, 0.0, 0.0, 0.0, 0.0, 0.0, 0.0, 0.0, 0.0, 0.0, 0.0, 0.0, 0.0, 0.0, 0.0, 0.0, 0.0, 1.0, 0.0, 0.0, 0.0, 0.0, 0.0, 0.0, 0.0, 0.0, 0.0, 0.0, 0.0, 0.0, 0.0, 0.0, 0.0, 0.0, 0.0, 0.0, 0.0, 0.0, 0.0, 0.0, 0.0, 0.0, 0.0, 0.0, 0.0, 0.0, 0.0, 0.0, 0.0, 0.0, 0.0, 0.0, 0.0, 0.0, 0.0, 0.0, 0.0, 0.0, 0.0, 0.0, 0.0, 0.0, 0.0, 0.0, 0.0, 0.0], [0.0, 0.0, 0.0, 0.0, 0.0, 0.0, 0.0, 0.0, 0.0, 0.0, 0.0, 0.0, 0.0, 0.0, 0.0, 0.0, 0.0, 0.0, 0.0, 0.0, 0.0, 0.0, 0.0, 0.0, 0.0, 0.0, 0.0, 0.0, 0.0, 0.0, 0.0, 0.0, 0.0, 0.0, 0.0, 0.0, 1.0, 0.0, 0.0, 0.0, 0.0, 0.0, 0.0, 0.0, 0.0, 0.0, 0.0, 0.0, 0.0, 0.0, 0.0, 0.0, 0.0, 0.0, 0.0, 0.0, 0.0, 0.0, 0.0, 0.0, 0.0, 0.0, 0.0, 0.0, 0.0, 0.0, 0.0, 0.0, 0.0, 0.0, 0.0, 0.0, 0.0, 0.0, 0.0, 0.0, 0.0, 0.0, 0.0, 0.0, 0.0, 0.0, 0.0, 0.0], [0.0, 0.0, 0.0, 0.0, 0.0, 0.0, 0.0, 0.0, 0.0, 0.0, 0.0, 0.0, 0.0, 0.0, 0.0, 0.0, 0.0, 0.0, 0.0, 0.0, 0.0, 0.0, 0.0, 0.0, 0.0, 0.0, 0.0, 0.0, 0.0, 0.0, 0.0, 0.0, 0.0, 0.0, 0.0, 0.0, 0.0, 1.0, 0.0, 0.0, 0.0, 0.0, 0.0, 0.0, 0.0, 0.0, 0.0, 0.0, 0.0, 0.0, 0.0, 0.0, 0.0, 0.0, 0.0, 0.0, 0.0, 0.0, 0.0, 0.0, 0.0, 0.0, 0.0, 0.0, 0.0, 0.0, 0.0, 0.0, 0.0, 0.0, 0.0, 0.0, 0.0, 0.0, 0.0, 0.0, 0.0, 0.0, 0.0, 0.0, 0.0, 0.0, 0.0, 0.0], [0.0, 0.0, 0.0, 0.0, 0.0, 0.0, 0.0, 0.0, 0.0, 0.0, 0.0, 0.0, 0.0, 0.0, 0.0, 0.0, 0.0, 0.0, 0.0, 0.0, 0.0, 0.0, 0.0, 0.0, 0.0, 0.0, 0.0, 0.0, 0.0, 0.0, 0.0, 0.0, 0.0, 0.0, 0.0, 0.0, 0.0, 0.0, 1.0, 0.0, 0.0, 0.0, 0.0, 0.0, 0.0, 0.0, 0.0, 0.0, 0.0, 0.0, 0.0, 0.0, 0.0, 0.0, 0.0, 0.0, 0.0, 0.0, 0.0, 0.0, 0.0, 0.0, 0.0, 0.0, 0.0, 0.0, 0.0, 0.0, 0.0, 0.0, 0.0, 0.0, 0.0, 0.0, 0.0, 0.0, 0.0, 0.0, 0.0, 0.0, 0.0, 0.0, 0.0, 0.0], [0.0, 0.0, 0.0, 0.646955588138451, 0.0, 0.0, 0.0, 0.0, 0.0, 0.49037509651672284, 0.0, 0.3532286001862325, 0.0006607639731311946, 0.0, 0.25980988849613623, 0.0, 0.0, 0.7482165665023148, 0.0023188729974898963, 0.4818689768429111, 0.08184689900214243, 0.00015601411238178845, 6.823937919616056e-05, 0.0, 0.0031894397692489294, 0.14089312261682463, 0.0, 0.006698125144615315, 0.0, 0.4889373947973227, 0.0, 0.048261926665475526, 0.0, 0.000988436011813691, 0.0, 0.0, 0.0, 0.0, 0.0, 1.0, 0.015522640144432172, 0.03639122225985874, 0.0, 0.07909085941151836, 0.6231284407450677, 0.00011870207233790435, 0.43591909823195363, 0.396392669260417, 0.0, 0.0, 0.0, 0.0, 0.00031808468974321214, 0.6718249001984913, 0.0, 0.5148276781454333, 0.0, 0.043438715386907086, 0.0, 0.0017954443710005217, 0.0009037307977755144, 0.7861480068900236, 0.0, 0.0017854450260012368, 0.0, 0.0, 0.0, 0.00044533535235068595, 0.0, 0.43166632768758806, 0.0, 0.0, 0.00015833434483811305, 0.0, 0.0, 0.38514202632512506, 0.0, 0.31962354034258955, 0.0007701730147569724, 0.0, 1.5258789062499998e-05, 0.41629033431496654, 0.3774339998679861, 0.0], [0.0, 0.0, 0.0, 0.03552459884415343, 0.0, 0.0, 0.0, 0.0, 0.0, 0.014113008014246767, 0.0, 0.0039062499999999996, 0.0, 0.0, 0.011718749999999997, 0.0, 0.0, 0.016200849019101217, 0.0, 0.024351374668601003, 0.0, 0.0, 0.0, 0.0, 0.0, 0.0, 0.0, 0.0, 0.0, 0.01475448243267439, 0.0, 0.007812500000000002, 0.0, 0.0, 0.0, 0.0, 0.0, 0.0, 0.0, 0.015522640144432172, 1.0, 0.0, 0.0, 0.0, 0.010429077153788194, 0.0, 0.0, 0.015901134554893254, 0.0, 0.0, 0.0, 0.0, 0.0, 0.024684314858091624, 0.0, 0.023794363639207797, 0.0, 0.0, 0.0, 0.0, 0.0, 0.02335846039892374, 0.0, 0.0, 0.0, 0.0, 0.0, 0.0, 0.0, 0.039947154018756766, 0.0, 0.0, 0.0, 0.0, 0.0, 0.032859404879772035, 0.0, 0.01171875, 0.0, 0.0, 0.0, 0.012490132735374361, 0.030091546750448714, 0.0], [0.0, 0.0, 0.0, 0.04039560571420047, 0.0, 0.0, 0.0, 0.0, 0.0, 0.005362717753709003, 0.0, 0.026507607156497307, 0.0, 0.0, 0.0625, 0.0, 0.0, 0.034499632684807775, 0.00025718807955128786, 0.012402933309541946, 0.015625, 0.00027352937493833104, 0.000152587890625, 0.0, 0.0, 0.0625, 0.0, 0.0005048012886259225, 0.0, 0.008792728839125024, 0.0, 0.0625, 0.0, 3.0517578124999997e-05, 0.0, 0.0, 0.0, 0.0, 0.0, 0.03639122225985874, 0.0, 1.0, 0.0, 0.0625, 0.011077513092809474, 0.00017515261541021888, 0.00022130433943341038, 0.015955280100024536, 0.0, 0.0, 0.0, 0.0, 0.00027465820312499995, 0.019215176061633803, 0.0, 0.014286147767925493, 0.0, 0.0, 0.0, 3.0517578124999997e-05, 0.0, 0.026072620812909255, 0.0, 0.0005340576171875001, 0.0, 0.0, 0.0, 0.0, 0.0, 0.005836397130062977, 0.00014148081240165073, 0.0, 0.00019406550558664952, 0.0, 0.0, 0.043558701470908144, 0.0, 2.5007459852430558e-05, 0.0, 0.0, 1.5258789062499997e-05, 0.022605132289238068, 0.05521307221226083, 0.0], [0.0, 0.0, 0.0, 0.0, 0.0, 0.0, 0.0, 0.0, 0.0, 0.0, 0.0, 0.0, 0.0, 0.0, 0.0, 0.0, 0.0, 0.0, 0.0, 0.0, 0.0, 0.0, 0.0, 0.0, 0.0, 0.0, 0.0, 0.0, 0.0, 0.0, 0.0, 0.0, 0.0, 0.0, 0.0, 0.0, 0.0, 0.0, 0.0, 0.0, 0.0, 0.0, 1.0, 0.0, 0.0, 0.0, 0.0, 0.0, 0.0, 0.0, 0.0, 0.0, 0.0, 0.0, 0.0, 0.0, 0.0, 0.0, 0.0, 0.0, 0.0, 0.0, 0.0, 0.0, 0.0, 0.0, 0.0, 0.0, 0.0, 0.0, 0.0, 0.0, 0.0, 0.0, 0.0, 0.0, 0.0, 0.0, 0.0, 0.0, 0.0, 0.0, 0.0, 0.0], [0.0, 0.0, 0.0, 0.09072764787998011, 0.0, 0.0, 0.0, 0.0, 0.0, 0.036070562915405904, 0.0, 0.0734732614591711, 0.0, 0.0, 0.09374999999999999, 0.0, 0.0, 0.06818863333180825, 0.0, 0.042957322644771166, 0.046875, 0.0, 0.0, 0.0, 0.0, 0.1264150131749857, 0.0, 0.0, 0.0, 0.040013880217279016, 0.0, 0.0625, 0.0, 0.0, 0.0, 0.0, 0.0, 0.0, 0.0, 0.07909085941151836, 0.0, 0.0625, 0.0, 1.0, 0.04936402796714583, 0.0, 0.0, 0.10658823994160706, 0.0, 0.0, 0.0, 0.0, 0.0, 0.06548900476879527, 0.0, 0.018358298734566902, 0.0, 0.031249999999999993, 0.0, 0.0, 0.0, 0.10040944007066979, 0.0, 0.0, 0.0, 0.0, 0.0, 0.0, 0.0, 0.0366093307857034, 0.0, 0.0, 0.0, 0.0, 0.0, 0.0678789316664604, 0.0, 0.0, 0.0, 0.0, 0.0, 0.04564892419175378, 0.11015752741974214, 0.0], [0.0, 0.0, 0.0, 0.8399175380123278, 0.0, 0.0, 0.0, 0.0, 0.0, 0.6369019564176519, 0.0, 0.2963904077876647, 0.001432940383595227, 0.0, 0.22642586167298162, 0.0, 0.0, 0.6173584194633971, 0.0013667847266213011, 0.6481855568895951, 0.14331442992020266, 0.00017089245884888292, 1.4375036718362899e-05, 0.0, 0.004729878799558393, 0.17234442379142376, 0.0, 0.003933715924149055, 0.0, 0.44280002458120954, 0.0, 0.014974312224648633, 0.0, 0.0025279941048081665, 0.0, 0.0, 0.0, 0.0, 0.0, 0.6231284407450677, 0.010429077153788194, 0.011077513092809474, 0.0, 0.04936402796714583, 1.0, 0.00014806602413650454, 0.27496678480478143, 0.41950888442263123, 0.0, 0.0, 0.0, 0.0, 0.0010524594585282186, 0.8954406294755228, 0.0, 0.5862230689339788, 0.0, 0.03883981035740435, 0.0, 0.003410268872530123, 0.0037147568006554313, 0.4283526467627492, 0.0, 0.003265910471265368, 0.0, 0.0, 0.0, 0.00046376806364379204, 0.0, 0.25681254737060566, 0.00012702998821474427, 0.0, 0.0010733968185266459, 0.0, 0.0, 0.5473061204621733, 0.0, 0.3758753277168576, 0.000755903035446168, 0.0, 6.002289441899284e-05, 0.5940105192996865, 0.5523553092104643, 0.0], [0.0, 0.0, 0.0, 0.0001145759326505886, 0.0, 0.0, 0.0, 0.0, 0.0, 7.07827919559782e-05, 0.0, 0.00031651847058213295, 0.0, 0.0, 0.0, 0.0, 0.0, 0.0001558343066890936, 0.0002914607010608449, 0.00020881293727179864, 0.0, 9.155273437499999e-05, 4.7762644423799494e-05, 0.0, 0.0, 0.0, 0.0, 0.00012675426269419558, 0.0, 0.0002470619861089335, 0.0, 0.0, 0.0, 3.0132138092866788e-05, 0.0, 0.0, 0.0, 0.0, 0.0, 0.00011870207233790435, 0.0, 0.00017515261541021888, 0.0, 0.0, 0.00014806602413650454, 1.0, 0.00024626354398522664, 0.0, 0.0, 0.0, 0.0, 0.0, 0.00010879780067379949, 0.0, 0.0, 0.0, 0.0, 0.0, 0.0, 1.1539967780246858e-05, 0.0, 0.00028116639357574113, 0.0, 4.7762644423799494e-05, 0.0, 0.0, 0.0, 0.0, 0.0, 9.39734664224969e-05, 0.0, 0.0, 0.0, 0.0, 0.0, 0.00017976163361320302, 0.0, 0.0, 0.0, 0.0, 0.0, 0.0, 9.043972591119974e-05, 0.0], [0.0, 0.0, 0.0, 0.37021104151086054, 0.0, 0.0, 0.0, 0.0, 0.0, 0.42599485206600257, 0.0, 0.0011514027044796813, 0.0009765625, 0.0, 0.15792912972114526, 0.0, 0.0, 0.24216172622091536, 0.0006646143243031868, 0.215668951747757, 0.0, 0.00013678305923474048, 0.00015937134519297756, 0.0, 0.0, 0.0, 0.0, 0.0005524415857126382, 0.0, 0.03430837581577878, 0.0, 0.0, 0.0, 0.00011994841885584955, 0.0, 0.0, 0.0, 0.0, 0.0, 0.43591909823195363, 0.0, 0.00022130433943341038, 0.0, 0.0, 0.27496678480478143, 0.00024626354398522664, 1.0, 0.12759831017474774, 0.0, 0.0, 0.0, 0.0, 0.0011050522388494713, 0.36261298151479876, 0.0, 0.23305430855587175, 0.0, 0.0, 0.0, 0.0002814416576929776, 0.0, 0.22132568831346489, 0.0, 0.00015937134519297758, 0.0, 0.0, 0.0, 0.0, 0.0, 0.12445062899900355, 0.00013252633060407788, 0.0, 0.0013558723518284515, 0.0, 0.0, 0.13182827235307534, 0.0, 0.14461193962079502, 0.0, 0.0, 0.0, 0.1171394322915717, 0.08956646889923654, 0.0], [0.0, 0.0, 0.0, 0.41172819672227023, 0.0, 0.0, 0.0, 0.0, 0.0, 0.31326428850677873, 0.0, 0.09054787163770188, 0.0, 0.0, 0.6086329775293535, 0.0, 0.0, 0.3845977936329689, 0.0, 0.6748527219126446, 0.10946021586393524, 0.0, 0.0, 0.0, 0.0, 0.14636182271679454, 0.0, 0.0, 0.0, 0.5420956746184085, 0.0, 0.026463151342107825, 0.0, 0.0, 0.0, 0.0, 0.0, 0.0, 0.0, 0.396392669260417, 0.015901134554893254, 0.015955280100024536, 0.0, 0.10658823994160706, 0.41950888442263123, 0.0, 0.12759831017474774, 1.0, 0.0, 0.0, 0.0, 0.0, 0.0, 0.5504063881024502, 0.0, 0.5973042555806867, 0.0, 0.008735706972682649, 0.0, 0.0, 0.0, 0.4608393813305642, 0.0, 0.0, 0.0, 0.0, 0.0, 0.0, 0.0, 0.19683229433788135, 0.0, 0.0, 0.0, 0.0, 0.0, 0.3593205374824356, 0.0, 0.5628987600847853, 0.0, 0.0, 0.0, 0.36595216759289473, 0.4360872160909557, 0.0], [0.0, 0.0, 0.0, 0.0, 0.0, 0.0, 0.0, 0.0, 0.0, 0.0, 0.0, 0.0, 0.0, 0.0, 0.0, 0.0, 0.0, 0.0, 0.0, 0.0, 0.0, 0.0, 0.0, 0.0, 0.0, 0.0, 0.0, 0.0, 0.0, 0.0, 0.0, 0.0, 0.0, 0.0, 0.0, 0.0, 0.0, 0.0, 0.0, 0.0, 0.0, 0.0, 0.0, 0.0, 0.0, 0.0, 0.0, 0.0, 1.0, 0.0, 0.0, 0.0, 0.0, 0.0, 0.0, 0.0, 0.0, 0.0, 0.0, 0.0, 0.0, 0.0, 0.0, 0.0, 0.0, 0.0, 0.0, 0.0, 0.0, 0.0, 0.0, 0.0, 0.0, 0.0, 0.0, 0.0, 0.0, 0.0, 0.0, 0.0, 0.0, 0.0, 0.0, 0.0], [0.0, 0.0, 0.0, 0.0, 0.0, 0.0, 0.0, 0.0, 0.0, 0.0, 0.0, 0.0, 0.0, 0.0, 0.0, 0.0, 0.0, 0.0, 0.0, 0.0, 0.0, 0.0, 0.0, 0.0, 0.0, 0.0, 0.0, 0.0, 0.0, 0.0, 0.0, 0.0, 0.0, 0.0, 0.0, 0.0, 0.0, 0.0, 0.0, 0.0, 0.0, 0.0, 0.0, 0.0, 0.0, 0.0, 0.0, 0.0, 0.0, 1.0, 0.0, 0.0, 0.0, 0.0, 0.0, 0.0, 0.0, 0.0, 0.0, 0.0, 0.0, 0.0, 0.0, 0.0, 0.0, 0.0, 0.0, 0.0, 0.0, 0.0, 0.0, 0.0, 0.0, 0.0, 0.0, 0.0, 0.0, 0.0, 0.0, 0.0, 0.0, 0.0, 0.0, 0.0], [0.0, 0.0, 0.0, 0.0, 0.0, 0.0, 0.0, 0.0, 0.0, 0.0, 0.0, 0.0, 0.0, 0.0, 0.0, 0.0, 0.0, 0.0, 0.0, 0.0, 0.0, 0.0, 0.0, 0.0, 0.0, 0.0, 0.0, 0.0, 0.0, 0.0, 0.0, 0.0, 0.0, 0.0, 0.0, 0.0, 0.0, 0.0, 0.0, 0.0, 0.0, 0.0, 0.0, 0.0, 0.0, 0.0, 0.0, 0.0, 0.0, 0.0, 1.0, 0.0, 0.0, 0.0, 0.0, 0.0, 0.0, 0.0, 0.0, 0.0, 0.0, 0.0, 0.0, 0.0, 0.0, 0.0, 0.0, 0.0, 0.0, 0.0, 0.0, 0.0, 0.0, 0.0, 0.0, 0.0, 0.0, 0.0, 0.0, 0.0, 0.0, 0.0, 0.0, 0.0], [0.0, 0.0, 0.0, 0.0, 0.0, 0.0, 0.0, 0.0, 0.0, 0.0, 0.0, 0.0, 0.0, 0.0, 0.0, 0.0, 0.0, 0.0, 0.0, 0.0, 0.0, 0.0, 0.0, 0.0, 0.0, 0.0, 0.0, 0.0, 0.0, 0.0, 0.0, 0.0, 0.0, 0.0, 0.0, 0.0, 0.0, 0.0, 0.0, 0.0, 0.0, 0.0, 0.0, 0.0, 0.0, 0.0, 0.0, 0.0, 0.0, 0.0, 0.0, 1.0, 0.0, 0.0, 0.0, 0.0, 0.0, 0.0, 0.0, 0.0, 0.0, 0.0, 0.0, 0.0, 0.0, 0.0, 0.0, 0.0, 0.0, 0.0, 0.0, 0.0, 0.0, 0.0, 0.0, 0.0, 0.0, 0.0, 0.0, 0.0, 0.0, 0.0, 0.0, 0.0], [0.0, 0.0, 0.0, 0.0009444394701705993, 0.0, 0.0, 0.0, 0.0, 0.0, 0.0005006187315570714, 0.0, 0.0009721204755403644, 0.0009765625, 0.0, 0.0, 0.0, 0.0, 0.001077869257930599, 0.0003231996859510781, 0.000255404356521887, 0.0, 0.00021362304687499997, 3.0517578124999997e-05, 0.0, 0.0, 0.0, 0.0, 0.0007040267302774305, 0.0, 0.0007611996346235987, 0.0, 0.0, 0.0, 3.0517578125e-05, 0.0, 0.0, 0.0, 0.0, 0.0, 0.00031808468974321214, 0.0, 0.00027465820312499995, 0.0, 0.0, 0.0010524594585282186, 0.00010879780067379949, 0.0011050522388494713, 0.0, 0.0, 0.0, 0.0, 0.0, 1.0, 0.0008309372566655837, 0.0, 0.0002957922523512611, 0.0, 0.0, 0.0, 0.000274658203125, 0.0, 0.0011572121125598103, 0.0, 3.0517578124999997e-05, 0.0, 0.0, 0.0, 0.0, 0.0, 0.0003685951221506985, 0.0, 0.0, 0.0009765625, 0.0, 0.0, 0.0006516854379427823, 0.0, 0.0, 0.0, 0.0, 0.0, 0.0, 0.0010268068510651243, 0.0], [0.0, 0.0, 0.0, 0.8948677818888651, 0.0, 0.0, 0.0, 0.0, 0.0, 0.6716419173491626, 0.0, 0.2921074620773595, 0.001494502230001997, 0.0, 0.41645340409122644, 0.0, 0.0, 0.688289428594727, 0.0009945996230633176, 0.7593767615766329, 0.10633386289816485, 1.874766381838058e-05, 0.00048828124999999984, 0.0, 0.000359902068411415, 0.2125120895323938, 0.0, 0.01045062960995704, 0.0, 0.5111245698761943, 0.0, 0.04375135287229791, 0.0, 0.001810976223545774, 0.0, 0.0, 0.0, 0.0, 0.0, 0.6718249001984913, 0.024684314858091624, 0.019215176061633803, 0.0, 0.06548900476879527, 0.8954406294755228, 0.0, 0.36261298151479876, 0.5504063881024502, 0.0, 0.0, 0.0, 0.0, 0.0008309372566655837, 1.0, 0.0, 0.712784333145736, 0.0, 0.048107467276596524, 0.0, 0.002892043653241195, 0.0008581104167996024, 0.5581213089292184, 0.0, 0.0028386063754745065, 0.0, 0.0, 0.0, 0.001681793984145737, 0.0, 0.2734106632848756, 0.00014148081240165073, 0.0, 0.0010250027622522332, 0.0, 0.0, 0.3838433410814882, 0.0, 0.5338379122100803, 0.0009208315105215419, 0.0, 6.103515625e-05, 0.4738338241998802, 0.38216233347627804, 0.0], [0.0, 0.0, 0.0, 0.0, 0.0, 0.0, 0.0, 0.0, 0.0, 0.0, 0.0, 0.0, 0.0, 0.0, 0.0, 0.0, 0.0, 0.0, 0.0, 0.0, 0.0, 0.0, 0.0, 0.0, 0.0, 0.0, 0.0, 0.0, 0.0, 0.0, 0.0, 0.0, 0.0, 0.0, 0.0, 0.0, 0.0, 0.0, 0.0, 0.0, 0.0, 0.0, 0.0, 0.0, 0.0, 0.0, 0.0, 0.0, 0.0, 0.0, 0.0, 0.0, 0.0, 0.0, 1.0, 0.0, 0.0, 0.0, 0.0, 0.0, 0.0, 0.0, 0.0, 0.0, 0.0, 0.0, 0.0, 0.0, 0.0, 0.0, 0.0, 0.0, 0.0, 0.0, 0.0, 0.0, 0.0, 0.0, 0.0, 0.0, 0.0, 0.0, 0.0, 0.0], [0.0, 0.0, 0.0, 0.5471574330942861, 0.0, 0.0, 0.0, 0.0, 0.0, 0.37388233095121526, 0.0, 0.11644237011269735, 0.00079374094534139, 0.0, 0.6307041792763063, 0.0, 0.0, 0.4846394197767411, 0.002936756850024051, 0.876015709670148, 0.20698350066939383, 2.061950094438496e-05, 0.0, 0.0, 0.0025436674075348447, 0.35221554453682896, 0.0, 0.003458245496869601, 0.0, 0.4943491506431642, 0.0, 0.024330454423413157, 0.0, 0.0, 0.0, 0.0, 0.0, 0.0, 0.0, 0.5148276781454333, 0.023794363639207797, 0.014286147767925493, 0.0, 0.018358298734566902, 0.5862230689339788, 0.0, 0.23305430855587175, 0.5973042555806867, 0.0, 0.0, 0.0, 0.0, 0.0002957922523512611, 0.712784333145736, 0.0, 1.0, 0.0, 0.022202402325081184, 0.0, 0.0009613248201415984, 0.0004979486929901288, 0.3253984727634972, 0.0, 0.0005204881925519202, 0.0, 0.0, 0.0, 0.00045904645135027514, 0.0, 0.29763354767472455, 0.0, 0.0, 0.0002957922523512611, 0.0, 0.0, 0.2238200048570897, 0.0, 0.7339346278583103, 0.0007784011988321266, 0.0, 5.438101481575049e-05, 0.5634623386935973, 0.2771603887689626, 0.0], [0.0, 0.0, 0.0, 0.0, 0.0, 0.0, 0.0, 0.0, 0.0, 0.0, 0.0, 0.0, 0.0, 0.0, 0.0, 0.0, 0.0, 0.0, 0.0, 0.0, 0.0, 0.0, 0.0, 0.0, 0.0, 0.0, 0.0, 0.0, 0.0, 0.0, 0.0, 0.0, 0.0, 0.0, 0.0, 0.0, 0.0, 0.0, 0.0, 0.0, 0.0, 0.0, 0.0, 0.0, 0.0, 0.0, 0.0, 0.0, 0.0, 0.0, 0.0, 0.0, 0.0, 0.0, 0.0, 0.0, 1.0, 0.0, 0.0, 0.0, 0.0, 0.0, 0.0, 0.0, 0.0, 0.0, 0.0, 0.0, 0.0, 0.0, 0.0, 0.0, 0.0, 