"{\"names\": [\"172.217.10.1\", \"104.88.86.240\", \"38.93.140.48\", \"192.168.10.15\", \"104.88.108.223\", \"195.142.105.15\", \"172.217.12.163\", \"206.217.206.48\", \"172.217.6.228\", \"178.255.83.1\", \"74.119.118.82\", \"192.168.10.9\", \"172.217.7.6\", \"35.186.227.40\", \"31.13.71.36\", \"206.126.112.142\", \"151.101.2.49\", \"192.168.10.25\", \"172.217.3.98\", \"192.168.10.16\", \"72.30.202.150\", \"172.217.12.132\", \"50.31.164.173\", \"162.208.20.178\", \"23.15.4.16\", \"216.58.217.99\", \"172.217.6.198\", \"172.217.12.174\", \"169.46.44.40\", \"192.168.10.17\", \"52.84.143.130\", \"104.19.195.102\", \"216.200.232.61\", \"104.97.73.166\", \"152.163.13.79\", \"192.229.163.25\", \"74.119.118.86\", \"54.225.188.92\", \"188.165.145.88\", \"192.168.10.14\", \"8.43.72.98\", \"199.96.57.6\", \"68.67.178.110\", \"104.88.70.158\", \"192.168.10.19\", \"69.172.216.56\", \"157.240.18.35\", \"172.217.11.34\", \"185.54.150.20\", \"69.169.85.7\", \"198.232.124.194\", \"74.119.118.72\", \"172.217.12.134\", \"192.168.10.5\", \"23.111.9.30\", \"192.168.10.8\", \"151.101.66.2\", \"68.67.178.199\", \"213.239.195.215\", \"138.108.7.20\", \"52.84.145.87\", \"192.168.10.50\", \"52.84.145.198\", \"52.40.24.51\", \"212.77.100.137\", \"185.54.150.115\", \"172.217.10.138\", \"152.163.66.165\", \"52.84.137.78\", \"192.168.10.51\", \"68.67.178.109\", \"129.146.14.96\", \"54.152.24.232\", \"172.217.10.33\", \"52.8.229.108\", \"192.168.10.12\", \"64.147.131.201\", \"172.217.12.206\", \"68.67.180.12\", \"172.217.10.134\", \"38.69.238.16\", \"172.217.10.142\", \"192.168.10.3\", \"172.217.6.202\"], \"funcEdges\": [[1.0, 0.0, 0.0, 0.0, 0.0, 0.0, 0.0, 0.0, 0.0, 0.0, 0.0, 0.0, 0.0, 0.0, 0.0, 0.0, 0.0, 0.0, 0.0, 0.0, 0.0, 0.0, 0.0, 0.0, 0.0, 0.0, 0.0, 0.0, 0.0, 0.0, 0.0, 0.0, 0.0, 0.0, 0.0, 0.0, 0.0, 0.0, 0.0, 0.0, 0.0, 0.0, 0.0, 0.0, 0.0, 0.0, 0.0, 0.0, 0.0, 0.0, 0.0, 0.0, 0.0, 0.0, 0.0, 0.0, 0.0, 0.0, 0.0, 0.0, 0.0, 0.0, 0.0, 0.0, 0.0, 0.0, 0.0, 0.0, 0.0, 0.0, 0.0, 0.0, 0.0, 0.0, 0.0, 0.0, 0.0, 0.0, 0.0, 0.0, 0.0, 0.0, 0.0, 0.0], [0.0, 1.0, 0.0, 8.959173995301984e-20, 0.0, 0.0, 0.0, 0.0, 5.785513528095593e-20, 1.0008530891959583e-19, 1.4164780687899953e-20, 5.1100909529706224e-20, 0.0, 0.0, 3.701558727515274e-20, 0.0, 0.0, 3.784592768016767e-20, 6.545556381299943e-20, 3.996789242316673e-20, 2.1841194451982222e-23, 1.6124906485363352e-21, 0.0, 0.0, 3.0957900726384e-22, 2.5934981451235165e-22, 1.4447347848945763e-20, 9.95295988991925e-20, 0.0, 5.1608264582540104e-20, 0.0, 0.0, 0.0, 0.0, 0.0, 0.0, 0.0, 0.0, 0.0, 5.1057242980705726e-20, 0.0, 3.7647655444499104e-21, 0.0, 0.0, 8.29590370521221e-20, 5.359551458312177e-20, 1.3104716671189338e-22, 4.003399383852874e-22, 0.0, 0.0, 3.3881317890172014e-21, 1.0587911840678754e-22, 0.0, 9.842357243562864e-20, 0.0, 6.566437366289206e-20, 0.0, 0.0, 0.0, 0.0, 6.915995053662709e-22, 7.124224718163625e-20, 0.0, 0.0, 0.0, 0.0, 0.0, 0.0, 0.0, 6.472329811113815e-20, 0.0, 0.0, 0.0, 0.0, 0.0, 3.69406036181202e-20, 0.0, 5.843126139877755e-20, 0.0, 0.0, 0.0, 1.2461940245905273e-21, 1.1679279249448154e-19, 0.0], [0.0, 0.0, 1.0, 4.0576072448622956e-09, 0.0, 1.1285107209367615e-09, 7.662492194452762e-09, 0.0, 0.0, 4.322731696429535e-09, 0.0, 4.1129317097354095e-09, 0.0, 3.725290298461914e-09, 0.0, 0.0, 0.0, 1.0471439254683252e-08, 0.0, 8.074860034868693e-09, 0.0, 0.0, 0.0, 0.0, 0.0, 0.0, 0.0, 0.0, 0.0, 5.311984765279737e-09, 0.0, 8.712408945980451e-09, 2.9806886762357888e-09, 0.0, 0.0, 0.0, 0.0, 0.0, 9.313225746154781e-10, 6.327525712656629e-09, 3.3689632951536747e-09, 1.8971060489460607e-10, 0.0, 0.0, 4.456923434967822e-09, 0.0, 7.427911268236688e-09, 1.6782851144985406e-09, 0.0, 0.0, 0.0, 1.8626451492309566e-09, 0.0, 3.1093807790399833e-09, 0.0, 3.3739965149686325e-09, 0.0, 1.4554313537364158e-09, 0.0, 1.8971060489460604e-10, 0.0, 7.755339193456582e-09, 0.0, 0.0, 1.8626451492309566e-09, 0.0, 0.0, 0.0, 0.0, 4.212265670263388e-09, 1.0898981177016187e-09, 0.0, 0.0, 0.0, 0.0, 4.163479870141065e-09, 0.0, 4.206718883574682e-09, 0.0, 1.8971060489460607e-10, 2.563943359262762e-09, 2.6085208173008335e-10, 8.925693317147732e-09, 0.0], [0.0, 8.959173995301984e-20, 4.0576072448622956e-09, 1.0, 0.0, 2.9239192024419936e-09, 8.88827173974662e-06, 6.3464097939759234e-15, 1.3854123492048234e-19, 0.5732046845662223, 0.1732189834328171, 0.5546681133869735, 4.847877077128303e-12, 1.0421607224285447e-09, 0.276749828115632, 0.0, 1.1997457553431293e-10, 0.386846443378506, 4.631749789222645e-13, 0.5439174415367591, 0.3708986812007183, 6.484738908432352e-12, 3.7917295409374486e-12, 0.0, 0.0007817160756468355, 7.329466776350815e-22, 4.751363599243943e-13, 1.8305315301600287e-05, 1.75633995913075e-09, 0.7927506986478507, 0.00025344447430873483, 1.3995162640312373e-07, 8.367325818434909e-09, 2.4653795342803907e-07, 0.0, 0.09276726711815957, 0.11774017540029211, 2.0763426297314387e-10, 1.4354743989064415e-09, 0.3250386358625077, 7.896236618791793e-09, 0.02275009394942701, 0.013614828400875098, 0.05824978903019888, 0.8216745496966045, 0.03329995781228249, 0.0004520623456304243, 5.1964879266117766e-05, 0.0011166576210076093, 0.06697094145009982, 0.00019343774353717128, 0.0013608345051895488, 6.249776155639786e-27, 0.35521053440224243, 1.4108150096257322e-18, 0.35205161151311626, 0.018429583864665915, 0.10464189381029258, 0.0793864449212301, 0.10924550080519599, 0.0010159008944364185, 0.39609421530741834, 0.005407513237461823, 4.0623236707617686e-12, 5.028116655197899e-09, 0.0017932501598017488, 0.06709909453724253, 0.00869027731213164, 4.984894304028388e-05, 0.3675433740056411, 1.0786258326971188e-05, 0.06878744155744251, 0.0037524788372536883, 1.2068791015035602e-12, 0.0, 0.27035682391293375, 0.06117424051986539, 0.22581461570058614, 0.0055998545385713035, 1.6049121956885696e-10, 2.9157324011198174e-09, 1.0038098251470173e-09, 0.7441814221509229, 0.0012473776911512053], [0.0, 0.0, 0.0, 0.0, 1.0, 0.0, 0.0, 0.0, 0.0, 0.0, 0.0, 0.0, 0.0, 0.0, 0.0, 0.0, 0.0, 0.0, 0.0, 0.0, 0.0, 0.0, 0.0, 0.0, 0.0, 0.0, 0.0, 0.0, 0.0, 0.0, 0.0, 0.0, 0.0, 0.0, 0.0, 0.0, 0.0, 0.0, 0.0, 0.0, 0.0, 0.0, 0.0, 0.0, 0.0, 0.0, 0.0, 0.0, 0.0, 0.0, 0.0, 0.0, 0.0, 0.0, 0.0, 0.0, 0.0, 0.0, 0.0, 0.0, 0.0, 0.0, 0.0, 0.0, 0.0, 0.0, 0.0, 0.0, 0.0, 0.0, 0.0, 0.0, 0.0, 0.0, 0.0, 0.0, 0.0, 0.0, 0.0, 0.0, 0.0, 0.0, 0.0, 0.0], [0.0, 0.0, 1.1285107209367615e-09, 2.9239192024419936e-09, 0.0, 1.0, 5.826486873739809e-10, 0.0, 0.0, 3.5917746063865396e-09, 7.380297473931205e-11, 1.0218592084828472e-09, 4.18352436709573e-12, 9.313225746154782e-10, 6.882601722007429e-12, 0.0, 5.363555622551721e-11, 2.6847265397439897e-09, 0.0, 1.973576129456139e-09, 3.676477009429883e-12, 1.3694561284274362e-11, 0.0, 0.0, 2.04402871243514e-10, 0.0, 0.0, 0.0, 6.011661369054604e-10, 3.2234906167281457e-09, 1.5992636535268197e-11, 9.396439085222064e-10, 1.1180435270048322e-09, 7.771004491543697e-11, 0.0, 0.0, 0.0, 1.8155620378396146e-10, 1.2984678977591207e-09, 1.9239057325615993e-09, 3.3615655969881285e-09, 3.910960880461056e-10, 0.0, 0.0, 1.7487789781508624e-09, 0.0, 5.960779961988613e-10, 2.417042321397013e-09, 0.0, 0.0, 1.884245802114868e-09, 1.6294224055822245e-09, 0.0, 4.380373975390054e-09, 0.0, 3.546425039411991e-09, 0.0, 0.0, 0.0, 5.958413165122058e-10, 0.0, 2.543844632177414e-09, 0.0, 2.744144861966095e-12, 4.530874746053277e-10, 0.0, 6.437960991267109e-12, 0.0, 7.622721693100919e-11, 2.3092398866127586e-09, 1.6910642546070789e-09, 0.0, 0.0, 0.0, 0.0, 2.3716834877175075e-09, 0.0, 9.450259424199803e-10, 0.0, 1.7908462735864445e-10, 1.9501761049641164e-09, 1.7527697244759025e-10, 1.923914047309443e-09, 0.0], [0.0, 0.0, 7.662492194452762e-09, 8.88827173974662e-06, 0.0, 5.826486873739809e-10, 1.0, 2.220446049250313e-16, 0.0, 3.7428921594226832e-06, 5.840572638451995e-07, 1.099284435749283e-05, 5.605331576927037e-13, 0.0, 1.1677192197659598e-13, 0.0, 3.06638653435767e-11, 1.039398019830435e-05, 1.5870759409519514e-13, 7.128032859067201e-06, 3.8448149652862505e-06, 4.4993140466886454e-13, 3.541279892662171e-12, 0.0, 3.816375093002851e-06, 0.0, 1.8805587992164018e-13, 6.257683330207607e-06, 0.0, 5.860324543037076e-06, 1.3322676295501878e-15, 1.5281088003189161e-06, 1.6103152582949502e-08, 6.278452299136665e-07, 0.0, 5.320690272081157e-07, 1.8445696184844234e-07, 1.512511770796573e-10, 3.1841635770638547e-10, 1.5271471836681014e-05, 2.9897238344515484e-09, 4.2767726765347055e-06, 3.451110426204828e-12, 0.0, 6.481479560931146e-06, 1.1053672906841621e-12, 5.2442265106437666e-06, 1.3549121806161747e-05, 2.7637530328760604e-17, 1.547664129448571e-05, 2.4773481778699144e-08, 1.7854551812338379e-09, 0.0, 7.096560440362783e-06, 0.0, 1.2875942495746703e-05, 0.0, 2.727340322286795e-10, 0.0, 5.122111874336197e-10, 0.0, 4.881153095684696e-06, 0.0, 0.0, 5.1394106233750164e-09, 4.156480281906255e-17, 0.0, 5.281639635879644e-07, 3.543075012124103e-11, 1.5028870740869414e-05, 1.4767198169793614e-06, 3.814697265625e-06, 0.0, 1.2478164363893216e-12, 0.0, 8.040774452927768e-06, 6.229374549688428e-06, 1.1173526029593172e-07, 3.814697265625001e-06, 5.469507106256669e-10, 5.040749748788914e-10, 3.8698055067641145e-10, 1.3817895659197745e-05, 0.0], [0.0, 0.0, 0.0, 6.3464097939759234e-15, 0.0, 0.0, 2.220446049250313e-16, 1.0, 0.0, 4.20623890221259e-15, 4.420082388024067e-15, 5.23873240571899e-15, 0.0, 0.0, 0.0, 0.0, 0.0, 4.190563383577552e-15, 1.365580243997933e-15, 3.2005836929757243e-15, 0.0, 0.0, 0.0, 0.0, 3.3000976769701676e-15, 0.0, 8.437694987151188e-15, 0.0, 0.0, 4.409193055980483e-15, 2.2204460492503128e-16, 0.0, 2.7232368488001444e-15, 0.0, 0.0, 0.0, 0.0, 0.0, 0.0, 1.1245109063499383e-14, 0.0, 1.520996764247939e-16, 0.0, 0.0, 4.19485152523249e-15, 0.0, 8.437694987151188e-15, 0.0, 0.0, 0.0, 0.0, 0.0, 0.0, 4.829087554091207e-15, 0.0, 2.21693988433863e-15, 0.0, 0.0, 0.0, 8.437694987151188e-15, 0.0, 6.51433577450575e-15, 0.0, 0.0, 1.6098392208098299e-15, 0.0, 0.0, 0.0, 0.0, 4.047337988322387e-15, 0.0, 0.0, 0.0, 0.0, 0.0, 8.60537698425985e-15, 0.0, 0.0, 0.0, 0.0, 0.0, 3.330669073875469e-15, 2.82875749353936e-15, 0.0], [0.0, 5.785513528095593e-20, 0.0, 1.3854123492048234e-19, 0.0, 0.0, 0.0, 0.0, 1.0, 7.628212050664763e-20, 1.5481753805884636e-20, 1.062797065560475e-19, 0.0, 0.0, 1.1088688070954516e-19, 0.0, 0.0, 8.0164317529364e-20, 6.273155527747291e-20, 8.87586078600031e-20, 0.0, 3.672154193555877e-21, 0.0, 0.0, 3.717827322689203e-21, 1.6857737943302858e-21, 2.3042733714308688e-20, 8.67069555748153e-20, 0.0, 5.632025462035021e-20, 0.0, 0.0, 0.0, 0.0, 0.0, 0.0, 0.0, 0.0, 0.0, 1.072997883508827e-19, 0.0, 3.3881317890172014e-21, 0.0, 1.4622380700078846e-21, 9.19846388256775e-20, 2.1649390636680418e-20, 0.0, 0.0, 0.0, 0.0, 4.070509555020881e-21, 0.0, 0.0, 2.654512931869423e-20, 0.0, 1.165191549489412e-19, 0.0, 0.0, 0.0, 0.0, 2.352118038570873e-21, 7.151619526535719e-20, 0.0, 0.0, 0.0, 0.0, 0.0, 0.0, 0.0, 9.18391119854952e-20, 0.0, 0.0, 0.0, 0.0, 0.0, 1.419769991434299e-19, 0.0, 4.113743282242496e-20, 0.0, 0.0, 0.0, 0.0, 6.663167948893132e-20, 0.0], [0.0, 1.0008530891959583e-19, 4.322731696429535e-09, 0.5732046845662223, 0.0, 3.5917746063865396e-09, 3.7428921594226832e-06, 4.20623890221259e-15, 7.628212050664763e-20, 1.0, 0.2278471716417832, 0.30814637688318275, 7.594310955462591e-12, 1.5083259533698034e-09, 0.4600850591253946, 0.0, 1.2271252383820944e-10, 0.35448412702314946, 1.3025859524814858e-13, 0.7224814967427831, 0.49910526251746207, 4.2233672573949305e-12, 1.066472404537482e-12, 0.0, 0.002531423124468831, 8.295006317257011e-22, 3.9964584393739876e-13, 1.0626342563020511e-05, 2.984150015339262e-11, 0.7366464116945409, 0.00020826132612414538, 1.659838624559186e-06, 7.394613765447307e-09, 5.686861159067254e-07, 0.0, 0.036750324617275516, 0.08971129211964696, 1.0632120383114436e-10, 2.043727198466392e-09, 0.6199322784083565, 5.8924491870849685e-09, 0.013939533389009853, 1.8700650788163285e-12, 0.16988022138402792, 0.41242262205542457, 0.02992410635196576, 8.559262778838096e-05, 2.496913277059575e-05, 0.0036695760465517164, 0.12895880600563267, 0.00017575381964047386, 0.003379207796037217, 3.3128168721991845e-27, 0.23175885561451445, 3.645793317495054e-20, 0.5232565579769495, 0.0055452918495838156, 0.05042508774588801, 0.20412414523193148, 0.017427802786719924, 0.0014364381500149481, 0.6061149561822272, 0.0033807490888759775, 2.8671236617874673e-13, 8.08767179726068e-09, 0.00657420680441124, 0.1296956030200901, 0.011306842282989824, 0.00012372582440611882, 0.21301979752256572, 1.8033411119474122e-07, 0.04135510847102685, 0.002083156869141675, 2.040220888928747e-12, 0.0, 0.44516961094808954, 0.0744346935696546, 0.2835275904802412, 0.006666553053611378, 2.891642052721518e-10, 3.4848988458369607e-09, 2.1210449125066068e-09, 0.7476418874825452, 0.0002476015009239283], [0.0, 1.4164780687899953e-20, 0.0, 0.1732189834328171, 0.0, 7.380297473931205e-11, 5.840572638451995e-07, 4.420082388024067e-15, 1.5481753805884636e-20, 0.2278471716417832, 1.0, 0.1301411536575565, 3.8899039408002024e-13, 0.0, 0.12272017341890872, 0.0, 2.8978910808162522e-11, 0.13668354312375036, 1.851941199523365e-15, 0.1980798154101208, 0.22382117688026185, 4.2016967086950524e-21, 0.0, 0.0, 5.889595367455016e-11, 5.424290101180465e-22, 4.112682357392904e-15, 2.3841857910163095e-07, 0.0, 0.1455230869638764, 0.0, 2.9103830456733697e-11, 1.7327939085554282e-15, 2.3841857910156245e-07, 0.0, 0.0312502384185791, 0.13007117688026182, 6.058445431600944e-11, 0.0, 0.19081086418276866, 5.421010862427522e-20, 2.3841903384891683e-07, 0.0, 3.3881317890172014e-21, 0.13739367651090242, 3.5477653747821694e-21, 0.00012230877951682905, 6.905108504053682e-11, 0.0, 0.125, 4.235164736271502e-21, 3.631623800580047e-23, 0.0, 0.16353353912292712, 0.0, 0.0933002171924436, 0.0, 0.031249999999999997, 0.0, 0.03125000000000411, 1.4657630550328236e-21, 0.07389065218362482, 0.0, 0.0, 2.910560681357309e-11, 0.0, 0.125, 3.3020445346526814e-07, 2.9103830456733697e-11, 0.031338200606324924, 5.161696325808019e-23, 0.013514927455357144, 0.00012207031249999997, 4.547473508986334e-13, 0.0, 0.09897222389624882, 0.00028797257061503347, 0.09882117688026185, 0.0, 0.0, 5.421010862427523e-20, 2.911180919491316e-11, 0.242003908115511, 0.0], [0.0, 5.1100909529706224e-20, 4.1129317097354095e-09, 0.5546681133869735, 0.0, 1.0218592084828472e-09, 1.099284435749283e-05, 5.23873240571899e-15, 1.062797065560475e-19, 0.30814637688318275, 0.1301411536575565, 1.0, 4.464057747296289e-12, 9.313225746154782e-10, 0.3437908886155545, 0.0, 0.0, 0.45398916031157543, 2.571058762146395e-13, 0.27984143307202275, 0.3970947167484713, 6.228645578071447e-12, 9.273025804311572e-13, 0.0, 0.001656613335100847, 1.3136000323588887e-21, 3.9114199921695625e-13, 1.346371135204623e-05, 0.0, 0.5686121676932274, 0.00021872255893505495, 5.687605471873543e-07, 1.2561448774240413e-08, 6.435485302475903e-07, 0.0, 0.03543048325603976, 0.07455884071856062, 0.0, 1.1283056821771363e-09, 0.5136597112758906, 4.613737567028502e-09, 0.028226405819363736, 0.004397449335117959, 0.24252409760629856, 0.589719453712841, 0.030090587969475155, 0.0005155067251265176, 4.640571839946572e-05, 0.0036235213562331335, 0.059617657881643, 0.0002131167049492333, 0.0036605137933150944, 6.4329536834625534e-27, 0.21001244052277537, 2.1859448535376685e-18, 0.3656968395231667, 0.012834370021283365, 0.06087516909214249, 0.03062174661224948, 0.05214958664713851, 0.003369337369734243, 0.5262471405663762, 0.004291281449784907, 7.263831683395279e-12, 1.1965620811085143e-08, 0.005030745817090936, 0.0464559094229747, 0.0022195342933932823, 8.786892132044282e-06, 0.4023226100681181, 0.00026077020094636985, 0.06030515612918437, 0.0019168819874426962, 9.35848109983117e-13, 0.0, 0.41070031430394305, 0.06601763423057071, 0.2814565161995375, 0.007696569257270748, 1.4149834863620025e-10, 3.489270346205315e-09, 4.677857142227348e-10, 0.30599852532772237, 0.001242569190823003], [0.0, 0.0, 0.0, 4.847877077128303e-12, 0.0, 4.18352436709573e-12, 5.605331576927037e-13, 0.0, 0.0, 7.594310955462591e-12, 3.8899039408002024e-13, 4.464057747296289e-12, 1.0, 0.0, 2.0005858749375964e-12, 0.0, 0.0, 4.904286944871194e-12, 4.776045813870924e-13, 7.099404199593555e-12, 2.8217028544326824e-12, 2.7785583675007098e-14, 9.241853111153546e-13, 0.0, 1.8498934209893912e-12, 0.0, 3.9869941941203244e-13, 1.5166848024914054e-26, 0.0, 5.438480486915516e-12, 2.096079550749098e-12, 1.3149780924629768e-13, 0.0, 0.0, 0.0, 0.0, 0.0, 0.0, 0.0, 4.656523692189724e-12, 0.0, 4.074896881682765e-12, 1.3180176967549462e-12, 0.0, 5.912474319561106e-12, 2.3592369905988506e-12, 6.804946788141297e-12, 2.096079550749098e-12, 0.0, 0.0, 0.0, 0.0, 6.462348535570529e-27, 5.129420509668768e-12, 0.0, 3.2436982686694755e-12, 0.0, 3.627583770288935e-27, 0.0, 4.70236295000375e-13, 3.2311742677852636e-27, 6.725651706223977e-12, 0.0, 1.6935026582411477e-12, 1.0842641970752612e-11, 0.0, 0.0, 3.231174267785264e-27, 0.0, 4.950280746305505e-12, 0.0, 0.0, 6.462348535570529e-27, 2.2101300748371707e-12, 0.0, 1.1907369113073154e-11, 0.0, 3.231174267785264e-27, 7.272845059111892e-27, 2.096079550749098e-12, 0.0, 3.3174121966532577e-12, 4.4244778686356176e-12, 0.0], [0.0, 0.0, 3.725290298461914e-09, 1.0421607224285447e-09, 0.0, 9.313225746154782e-10, 0.0, 0.0, 0.0, 1.5083259533698034e-09, 0.0, 9.313225746154782e-10, 0.0, 1.0, 0.0, 0.0, 0.0, 2.8730552169669374e-09, 0.0, 3.2317922161359677e-09, 0.0, 0.0, 0.0, 0.0, 0.0, 0.0, 0.0, 0.0, 0.0, 3.2596290111541752e-09, 0.0, 1.2618283490566223e-09, 1.1180435270048324e-09, 0.0, 0.0, 0.0, 0.0, 0.0, 9.313225746154784e-10, 3.676429201926841e-09, 1.3551355102445034e-09, 0.0, 0.0, 0.0, 3.716421547308475e-09, 0.0, 0.0, 1.2181829126187386e-09, 0.0, 0.0, 0.0, 0.0, 0.0, 9.58948635135533e-10, 0.0, 9.113924433272367e-10, 0.0, 0.0, 0.0, 0.0, 0.0, 1.1951606936324328e-10, 0.0, 0.0, 0.0, 0.0, 0.0, 0.0, 0.0, 9.313225746154782e-10, 1.0898981177016187e-09, 0.0, 0.0, 0.0, 0.0, 2.9223581424084904e-09, 0.0, 9.313225746154782e-10, 0.0, 0.0, 2.281265093743036e-09, 0.0, 1.4305572531739452e-09, 0.0], [0.0, 3.701558727515274e-20, 0.0, 0.276749828115632, 0.0, 6.882601722007429e-12, 1.1677192197659598e-13, 0.0, 1.1088688070954516e-19, 0.4600850591253946, 0.12272017341890872, 0.3437908886155545, 2.0005858749375964e-12, 0.0, 1.0, 0.0, 0.0, 0.1065677864666758, 2.055748982287774e-13, 0.2832451171775139, 0.24772017341845398, 5.1077690756905064e-12, 9.76854598126291e-14, 0.0, 2.4200797106012687e-13, 1.812910565492555e-23, 2.065118466675476e-13, 1.013178895531093e-18, 0.0, 0.3284659647192668, 4.31411216618705e-12, 2.2737367544385244e-13, 0.0, 0.0, 0.0, 0.03835005419326687, 0.007670010838653374, 0.0, 4.3141121661870495e-12, 0.5205223946624322, 3.170452245527154e-19, 0.017107603779237184, 1.9076370709818413e-13, 0.14404148992450794, 0.1031088840066445, 0.013765389002674754, 8.700413140910045e-12, 1.0569716079242366e-11, 6.577675950026042e-18, 0.1398277771967053, 6.471168249280576e-12, 4.31412030673723e-12, 0.0, 0.23002102439680283, 8.673617379884035e-19, 0.1802805881237281, 0.0, 0.05545765797151819, 0.125, 0.038350054193380556, 0.0, 0.06801809499558581, 0.0, 0.0, 1.5517242264506329e-12, 6.93889390390723e-18, 0.12272017341989203, 0.0, 0.0, 0.23788297837164277, 7.551004093976752e-18, 0.07218199912761275, 0.0, 6.821210263389539e-13, 0.0, 0.3148914337157048, 0.017107603778251337, 0.010997745286018712, 0.0, 1.4380373887290166e-12, 3.17045147004533e-19, 6.181764869463612e-12, 0.42783921172977135, 0.0], [0.0, 0.0, 0.0, 0.0, 0.0, 0.0, 0.0, 0.0, 0.0, 0.0, 0.0, 0.0, 0.0, 0.0, 0.0, 1.0, 0.0, 0.0, 0.0, 0.0, 0.0, 0.0, 0.0, 0.0, 0.0, 0.0, 0.0, 0.0, 0.0, 0.0, 0.0, 0.0, 0.0, 0.0, 0.0, 0.0, 0.0, 0.0, 0.0, 0.0, 0.0, 0.0, 0.0, 0.0, 0.0, 0.0, 0.0, 0.0, 0.0, 0.0, 0.0, 0.0, 0.0, 0.0, 0.0, 0.0, 0.0, 0.0, 0.0, 0.0, 0.0, 0.0, 0.0, 0.0, 0.0, 0.0, 0.0, 0.0, 0.0, 0.0, 0.0, 0.0, 0.0, 0.0, 0.0, 0.0, 0.0, 0.0, 0.0, 0.0, 0.0, 0.0, 0.0, 0.0], [0.0, 0.0, 0.0, 1.1997457553431293e-10, 0.0, 5.363555622551721e-11, 3.06638653435767e-11, 0.0, 0.0, 1.2271252383820944e-10, 2.8978910808162522e-11, 0.0, 0.0, 0.0, 0.0, 0.0, 1.0, 1.2510305056274863e-10, 0.0, 1.8101093882451986e-11, 0.0, 0.0, 0.0, 0.0, 1.7151714441394284e-10, 0.0, 0.0, 0.0, 0.0, 9.49497410117536e-11, 0.0, 0.0, 0.0, 1.4257906835893972e-10, 0.0, 0.0, 0.0, 1.544606573888514e-10, 9.505271223929317e-11, 9.616863037860991e-11, 0.0, 0.0, 0.0, 0.0, 1.3041124530397448e-10, 0.0, 3.4393344082524354e-11, 1.2075012832770543e-10, 0.0, 0.0, 9.505271223929314e-11, 0.0, 0.0, 4.344173300495095e-11, 0.0, 4.0268189974354786e-11, 0.0, 0.0, 0.0, 1.4257906835893974e-10, 0.0, 1.273192075742166e-10, 0.0, 0.0, 1.4257906835893974e-10, 0.0, 0.0, 0.0, 0.0, 1.0597682750080235e-10, 0.0, 0.0, 0.0, 0.0, 0.0, 1.6170502773500639e-10, 0.0, 0.0, 0.0, 7.335632548348563e-11, 1.4257906835893974e-10, 9.505271223929315e-11, 1.9367633786254646e-10, 0.0], [0.0, 3.784592768016767e-20, 1.0471439254683252e-08, 0.386846443378506, 0.0, 2.6847265397439897e-09, 1.039398019830435e-05, 4.190563383577552e-15, 8.0164317529364e-20, 0.35448412702314946, 0.13668354312375036, 0.45398916031157543, 4.904286944871194e-12, 2.8730552169669374e-09, 0.1065677864666758, 0.0, 1.2510305056274863e-10, 1.0, 4.957882800289985e-13, 0.33562067611380786, 0.5157118297626566, 6.329705216161139e-12, 2.659919445058641e-12, 0.0, 0.003645523162446739, 4.3175825171400945e-22, 2.911669294988683e-13, 2.124093242949455e-05, 2.3106897413071017e-10, 0.23077126422673533, 0.00018144439558431555, 5.9623261134019e-07, 7.840537744505178e-09, 4.709528790996259e-07, 0.0, 0.09440091367845647, 0.06267110237059272, 2.4468069186185483e-10, 9.049566715543112e-10, 0.28972731003629765, 7.848260780736448e-09, 0.031337334058702856, 0.015623048057198424, 0.07434899020742196, 0.4303663978422818, 0.03400986430909325, 0.0012124635660448473, 5.734421613023445e-05, 0.005948063001849721, 0.07725036968990379, 0.00013311215949284648, 0.0055898327381898, 7.132740424216882e-27, 0.5546513959296858, 7.673130680575293e-19, 0.611663222840548, 0.018429916872242356, 0.0678469338710029, 0.45695885493751903, 0.09208059458700084, 0.0006983827034047421, 0.698038584084921, 0.008735845814497002, 4.322703346530575e-12, 1.3114124011615985e-08, 0.009889931309227263, 0.060860752224576556, 0.007637917697333621, 0.0001523194780640694, 0.43804205937038926, 0.0006769527565063885, 0.073965626266569, 0.002558365480771923, 3.2234758953840926e-12, 0.0, 0.33471453814186924, 0.10964344186347352, 0.10527701015294158, 0.010407510462837628, 3.90763902566734e-10, 3.1491311910119095e-09, 5.817377012971642e-10, 0.220264207040322, 0.0003161692296253405], [0.0, 6.545556381299943e-20, 0.0, 4.631749789222645e-13, 0.0, 0.0, 1.5870759409519514e-13, 1.365580243997933e-15, 6.273155527747291e-20, 1.3025859524814858e-13, 1.851941199523365e-15, 2.571058762146395e-13, 4.776045813870924e-13, 0.0, 2.055748982287774e-13, 0.0, 0.0, 4.957882800289985e-13, 1.0, 1.352387416875499e-13, 2.066696028848426e-19, 1.3647992308273168e-13, 1.1896632806237547e-13, 0.0, 9.037152367142282e-14, 0.0, 1.9837635258106985e-13, 3.887834829595195e-18, 0.0, 4.053196307130615e-13, 3.3306690738754696e-16, 1.1429402089737933e-13, 8.907018548143705e-15, 2.01948391736579e-28, 0.0, 0.0, 5.351875422348687e-15, 0.0, 0.0, 4.636673654593935e-13, 5.264396273885385e-19, 4.932666178766498e-13, 2.1214289473887821e-13, 5.2293317531552e-20, 4.888161073959981e-13, 1.245287231500091e-14, 1.3277404807285864e-13, 3.1561867300524154e-22, 0.0, 0.0, 0.0, 4.2310998877139767e-22, 2.1387561136156716e-27, 6.322138934456076e-13, 8.673617379884035e-19, 1.9532831653475254e-13, 0.0, 5.346982072856638e-15, 0.0, 4.956369841005466e-13, 3.231174267785265e-27, 3.063272159758993e-13, 0.0, 4.91480421288024e-27, 1.1899176332713693e-13, 1.3503355402138866e-17, 0.0, 3.2311742677852644e-27, 0.0, 2.6053139667822573e-13, 9.109530793387024e-24, 0.0, 2.771237308341236e-27, 0.0, 0.0, 2.9965965346917737e-13, 2.8421691663161173e-16, 1.2588021965836246e-16, 5.266542973839647e-27, 0.0, 5.264396274895127e-19, 5.618007056365799e-13, 5.674259490140975e-13, 0.0], [0.0, 3.996789242316673e-20, 8.074860034868693e-09, 0.5439174415367591, 0.0, 1.973576129456139e-09, 7.128032859067201e-06, 3.2005836929757243e-15, 8.87586078600031e-20, 0.7224814967427831, 0.1980798154101208, 0.27984143307202275, 7.099404199593555e-12, 3.2317922161359677e-09, 0.2832451171775139, 0.0, 1.8101093882451986e-11, 0.33562067611380786, 1.352387416875499e-13, 1.0, 0.543073256353454, 1.6367580008823532e-12, 1.9347996624858713e-12, 0.0, 0.0019028688142569863, 2.7595903849566144e-22, 3.964005765305572e-13, 2.5514539086970058e-05, 6.997055503684394e-10, 0.6171330201432028, 0.00014404016816932602, 4.5070676040116734e-07, 1.3176205781322518e-08, 3.895829171629635e-07, 0.0, 0.14975843711970466, 0.1451310249679188, 2.4085707777359934e-10, 7.027928367543185e-10, 0.33466318357525016, 7.840880947110388e-09, 0.021276017093545686, 0.005943127854847097, 0.16258970803181896, 0.5158860335902554, 0.018235691183375344, 0.0005233842448357413, 3.403633616584787e-05, 0.003152762278445262, 0.052160396597792945, 0.00011143743251705965, 0.002867745082197635, 1.6901242566118907e-27, 0.23173287367584935, 1.0718322920403207e-18, 0.4445091948361929, 0.012836161949500062, 0.13863681800722585, 0.12981247115841926, 0.12946818277428365, 0.0003620119234774302, 0.5985837780236578, 0.004089388472532416, 2.799096917364992e-12, 1.2304707081731141e-08, 0.005245356731460388, 0.05283776304925032, 0.004227164679926906, 0.00022672502716646693, 0.0964038959847772, 0.00045835515548997606, 0.0877204124029611, 0.0022869645726748696, 2.9185194584995927e-12, 0.0, 0.3972316152073949, 0.05845170441154304, 0.17693254423713398, 0.0022449728236644687, 4.481149396746443e-10, 1.4082527073663428e-09, 1.1233416593441656e-09, 0.8043858962569881, 0.0009655129820994132], [0.0, 2.1841194451982222e-23, 0.0, 0.3708986812007183, 0.0, 3.676477009429883e-12, 3.8448149652862505e-06, 0.0, 0.0, 0.49910526251746207, 0.22382117688026185, 0.3970947167484713, 2.8217028544326824e-12, 0.0, 0.24772017341845398, 0.0, 0.0, 0.5157118297626566, 2.066696028848426e-19, 0.543073256353454, 1.0, 2.725602418953852e-22, 0.0, 0.0, 5.920867290653602e-06, 1.1557639849747907e-24, 5.421010862427522e-20, 9.180904669401195e-06, 0.0, 0.36662218661253204, 3.7522886350736104e-13, 1.0339757656912846e-25, 0.0, 0.0, 0.0, 0.034460409355859464, 0.09375, 0.0, 0.0, 0.2699873321009376, 1.6263032587282567e-19, 8.951477564445456e-09, 2.2737367544323203e-13, 0.06401843996644797, 0.28321309754912427, 7.131897690132575e-23, 3.847581882735843e-06, 1.030507272564821e-05, 0.0, 0.12501222190027614, 3.073874849852304e-09, 1.3104716671189336e-22, 0.0, 0.23633768304402852, 0.0, 0.16952288359904452, 0.0, 0.031251622959630125, 0.12499999999999999, 0.0625, 3.2311742677852644e-27, 0.4322965421050397, 0.0, 5.143809478583255e-13, 2.251373181044168e-12, 0.0, 0.1514694911561287, 1.2924697071141057e-26, 0.0, 0.061898145879457314, 0.0, 0.01339865112348967, 0.0, 0.0, 0.0, 0.2799747180914435, 0.007833004093615637, 0.06250002743257647, 4.516144360186321e-05, 7.129348406639864e-12, 1.6263032587282567e-19, 2.251373228765377e-12, 0.42827962574432643, 0.0], [0.0, 1.6124906485363352e-21, 0.0, 6.484738908432352e-12, 0.0, 1.3694561284274362e-11, 4.4993140466886454e-13, 0.0, 3.672154193555877e-21, 4.2233672573949305e-12, 4.2016967086950524e-21, 6.228645578071447e-12, 2.7785583675007098e-14, 0.0, 5.1077690756905064e-12, 0.0, 0.0, 6.329705216161139e-12, 1.3647992308273168e-13, 1.6367580008823532e-12, 2.725602418953852e-22, 1.0, 4.4431652476458215e-14, 0.0, 4.004681299987906e-21, 6.417504679431771e-22, 1.364799258610338e-13, 2.0637392645826428e-21, 0.0, 1.1891030742079894e-11, 1.4439659127382676e-11, 0.0, 0.0, 0.0, 0.0, 0.0, 0.0, 0.0, 1.4439659127382676e-11, 1.2304055826731247e-11, 0.0, 1.7357674890500525e-13, 8.513818019723958e-14, 3.3881317890172014e-21, 4.213002418806783e-12, 2.9775346340188038e-22, 6.7410660596320746e-12, 2.7509266679013734e-12, 0.0, 0.0, 1.3508068216785664e-11, 1.4439659127578203e-11, 1.413638742156053e-27, 4.815838455003072e-12, 0.0, 1.4475946452481294e-11, 0.0, 0.0, 0.0, 1.364799227697107e-13, 5.848496480664614e-21, 5.131241550680515e-13, 0.0, 1.2406163232981025e-28, 4.640593133325609e-12, 0.0, 4.192159101506464e-12, 0.0, 0.0, 4.3286390275081165e-12, 5.16169632580802e-23, 0.0, 0.0, 3.8836936201659394e-24, 0.0, 6.791594998438276e-12, 0.0, 7.015291953460475e-21, 0.0, 4.192159101498196e-12, 1.2406163232981023e-28, 1.3222151368380519e-11, 1.2497399532282113e-12, 0.0], [0.0, 0.0, 0.0, 3.7917295409374486e-12, 0.0, 0.0, 3.541279892662171e-12, 0.0, 0.0, 1.066472404537482e-12, 0.0, 9.273025804311572e-13, 9.241853111153546e-13, 0.0, 9.76854598126291e-14, 0.0, 0.0, 2.659919445058641e-12, 1.1896632806237547e-13, 1.9347996624858713e-12, 0.0, 4.4431652476458215e-14, 1.0, 0.0, 9.094947017729281e-13, 0.0, 1.1892142933711366e-13, 7.638049437739614e-28, 0.0, 2.428967960422958e-12, 0.0, 0.0, 0.0, 2.0194839173657902e-28, 0.0, 0.0, 0.0, 0.0, 0.0, 3.927346290188873e-12, 0.0, 3.684317885217825e-12, 4.073721627363397e-12, 0.0, 1.0661643735436157e-12, 1.9992500665448785e-12, 9.094947017729292e-13, 0.0, 0.0, 0.0, 0.0, 0.0, 2.01948391736579e-28, 1.410456863731765e-12, 0.0, 2.4833678243341157e-12, 0.0, 0.0, 0.0, 1.1892142933711387e-13, 0.0, 1.9212663685084997e-12, 0.0, 1.6155871338926322e-27, 1.563390675414314e-12, 0.0, 0.0, 0.0, 0.0, 1.7027565853613366e-12, 9.362414805351794e-28, 0.0, 1.2842177902926221e-27, 9.094947017729281e-13, 0.0, 7.067761104227377e-13, 2.0763658206384236e-16, 1.3877787807814454e-17, 0.0, 0.0, 0.0, 3.2567368783830232e-12, 8.676843463267016e-13, 0.0], [0.0, 0.0, 0.0, 0.0, 0.0, 0.0, 0.0, 0.0, 0.0, 0.0, 0.0, 0.0, 0.0, 0.0, 0.0, 0.0, 0.0, 0.0, 0.0, 0.0, 0.0, 0.0, 0.0, 1.0, 0.0, 0.0, 0.0, 0.0, 0.0, 0.0, 0.0, 0.0, 0.0, 0.0, 0.0, 0.0, 0.0, 0.0, 0.0, 0.0, 0.0, 0.0, 0.0, 0.0, 0.0, 0.0, 0.0, 0.0, 0.0, 0.0, 0.0, 0.0, 0.0, 0.0, 0.0, 0.0, 0.0, 0.0, 0.0, 0.0, 0.0, 0.0, 0.0, 0.0, 0.0, 0.0, 0.0, 0.0, 0.0, 0.0, 0.0, 0.0, 0.0, 0.0, 0.0, 0.0, 0.0, 0.0, 0.0, 0.0, 0.0, 0.0, 0.0, 0.0], [0.0, 3.0957900726384e-22, 0.0, 0.0007817160756468355, 0.0, 2.04402871243514e-10, 3.816375093002851e-06, 3.3000976769701676e-15, 3.717827322689203e-21, 0.002531423124468831, 5.889595367455016e-11, 0.001656613335100847, 1.8498934209893912e-12, 0.0, 2.4200797106012687e-13, 0.0, 1.7151714441394284e-10, 0.003645523162446739, 9.037152367142282e-14, 0.0019028688142569863, 5.920867290653602e-06, 4.004681299987906e-21, 9.094947017729281e-13, 0.0, 1.0, 1.5922607734584442e-21, 9.322831732339568e-14, 1.5262854953846963e-05, 0.0, 0.002269874011440763, 0.0, 4.3715244095571465e-11, 2.663881089140761e-09, 1.1641532182693481e-10, 0.0, 0.0, 6.03961325396085e-14, 1.5517190330039396e-10, 5.82076609134674e-11, 0.001503450325032794, 0.0, 0.003908334412694651, 9.094947017729281e-13, 3.1249789276169977e-21, 0.0017522731162568491, 2.0142577005067606e-12, 1.6952748393272846e-05, 6.0520162802023934e-05, 0.0, 3.429166648624272e-05, 1.0913936421364423e-10, 4.065891346960228e-09, 0.0, 0.0034420344890102894, 0.0, 3.840115583265557e-05, 0.0010768023521327756, 0.0010768302492884776, 0.0, 0.0012305425227170609, 0.0008293324103727672, 0.0006131676466872816, 0.0038930546577108033, 0.0, 1.4950309376924673e-08, 0.0038930546577108046, 0.0, 0.003308448344081568, 8.725884491764931e-11, 4.904192584537671e-05, 2.6638598480084253e-09, 1.52587890625e-05, 0.0010768023521327754, 5.358924379074837e-12, 0.0, 0.003954057110187873, 0.0007342289859503405, 0.0039011749171490315, 0.003200597706014753, 1.996506298222914e-11, 2.328306436538696e-10, 1.0324721019425881e-10, 0.0031436431306694633, 0.0], [0.0, 2.5934981451235165e-22, 0.0, 7.329466776350815e-22, 0.0, 0.0, 0.0, 0.0, 1.6857737943302858e-21, 8.295006317257011e-22, 5.424290101180465e-22, 1.3136000323588887e-21, 0.0, 0.0, 1.812910565492555e-23, 0.0, 0.0, 4.3175825171400945e-22, 0.0, 2.7595903849566144e-22, 1.1557639849747907e-24, 6.417504679431771e-22, 0.0, 0.0, 1.5922607734584442e-21, 1.0, 0.0, 1.7462853350209633e-23, 0.0, 1.6287857324706756e-21, 0.0, 4.1359030627651384e-25, 0.0, 0.0, 0.0, 0.0, 0.0, 0.0, 0.0, 5.50581769905118e-22, 0.0, 6.613439751110356e-24, 0.0, 8.3654438427187e-25, 7.965034605293511e-22, 0.0, 1.2968209205864452e-23, 7.210394704601001e-24, 0.0, 0.0, 0.0, 0.0, 0.0, 5.442863197643955e-22, 0.0, 6.403306877209259e-22, 0.0, 3.351711561472634e-25, 0.0, 0.0, 7.764468683164419e-22, 1.1235333414757817e-21, 0.0, 0.0, 0.0, 0.0, 1.9604281208886033e-23, 0.0, 0.0, 1.0824910916295668e-21, 0.0, 0.0, 0.0, 1.5385331690850255e-23, 0.0, 1.460849088076333e-21, 0.0, 9.55258083312661e-24, 0.0, 0.0, 0.0, 2.3998841271011243e-23, 1.3101282347471978e-21, 0.0], [0.0, 1.4447347848945763e-20, 0.0, 4.751363599243943e-13, 0.0, 0.0, 1.8805587992164018e-13, 8.437694987151188e-15, 2.3042733714308688e-20, 3.9964584393739876e-13, 4.112682357392904e-15, 3.9114199921695625e-13, 3.9869941941203244e-13, 0.0, 2.065118466675476e-13, 0.0, 0.0, 2.911669294988683e-13, 1.9837635258106985e-13, 3.964005765305572e-13, 5.421010862427522e-20, 1.364799258610338e-13, 1.1892142933711366e-13, 0.0, 9.322831732339568e-14, 0.0, 1.0, 2.603119492211423e-19, 0.0, 3.1053248510859057e-13, 0.0, 1.853332918972709e-13, 1.77635683940025e-15, 0.0, 0.0, 0.0, 1.77635683940025e-14, 0.0, 0.0, 5.113985495086135e-13, 5.421010862427521e-20, 3.5486385157893993e-13, 2.8181231673671616e-13, 8.470329472543005e-22, 2.2832166232437763e-13, 3.552732869103466e-15, 1.6278102737826177e-13, 0.0, 0.0, 0.0, 4.235164736271501e-21, 0.0, 0.0, 4.2548353230023795e-13, 0.0, 2.0889047249966033e-13, 0.0, 3.5527136788005e-15, 0.0, 1.8364295080369308e-13, 6.7272371334794275e-21, 6.464708049063501e-13, 0.0, 0.0, 1.1723955140041653e-13, 0.0, 0.0, 0.0, 0.0, 7.940943245811118e-13, 0.0, 0.0, 0.0, 0.0, 0.0, 7.067254963391312e-13, 0.0, 5.996006517778145e-20, 0.0, 0.0, 5.4210108624275216e-20, 2.7135391137467064e-13, 2.904554361059396e-13, 0.0], [0.0, 9.95295988991925e-20, 0.0, 1.8305315301600287e-05, 0.0, 0.0, 6.257683330207607e-06, 0.0, 8.67069555748153e-20, 1.0626342563020511e-05, 2.3841857910163095e-07, 1.346371135204623e-05, 1.5166848024914054e-26, 0.0, 1.013178895531093e-18, 0.0, 0.0, 2.124093242949455e-05, 3.887834829595195e-18, 2.5514539086970058e-05, 9.180904669401195e-06, 2.0637392645826428e-21, 7.638049437739614e-28, 0.0, 1.5262854953846963e-05, 1.7462853350209633e-23, 2.603119492211423e-19, 1.0, 0.0, 2.3881259546148093e-05, 0.0, 5.137115601976456e-07, 3.7252902984619136e-09, 2.384185791015625e-07, 0.0, 3.5762786865234375e-07, 3.8440207615742625e-07, 0.0, 0.0, 9.228100111215859e-06, 5.421010862427521e-20, 3.2342498986008693e-06, 0.0, 5.760735257943264e-19, 2.3062517204892877e-05, 4.574564414999867e-19, 5.304829176887708e-06, 7.273930469556429e-06, 0.0, 8.26997350300147e-06, 4.3146582114738846e-08, 3.72529029846233e-09, 4.658858096036721e-27, 2.3013355118737034e-05, 8.673617379884035e-19, 5.806926994299338e-06, 0.0, 3.043866018217491e-06, 0.0, 1.3242151334390685e-23, 4.400640862087508e-21, 2.142909793483845e-05, 0.0, 1.3604215341263979e-26, 3.7252902984619132e-09, 0.0, 2.6199027744248069e-23, 9.973607229758872e-07, 0.0, 1.165677324082399e-05, 5.980899304060963e-07, 1.8468912587904252e-05, 3.991896679968343e-27, 2.621624008651659e-23, 0.0, 2.138872092102996e-05, 1.0183833164872364e-05, 7.012424473179865e-08, 3.8146972656249996e-06, 0.0, 5.421010886512812e-20, 2.689582187518634e-18, 1.6778073112857556e-05, 0.0], [0.0, 0.0, 0.0, 1.75633995913075e-09, 0.0, 6.011661369054604e-10, 0.0, 0.0, 0.0, 2.984150015339262e-11, 0.0, 0.0, 0.0, 0.0, 0.0, 0.0, 0.0, 2.3106897413071017e-10, 0.0, 6.997055503684394e-10, 0.0, 0.0, 0.0, 0.0, 0.0, 0.0, 0.0, 0.0, 1.0, 7.604216979143453e-10, 0.0, 0.0, 4.656612873077393e-10, 0.0, 0.0, 0.0, 0.0, 0.0, 0.0, 6.473442569529152e-10, 3.52356579780261e-10, 0.0, 0.0, 0.0, 0.0, 0.0, 0.0, 5.289556777543061e-10, 0.0, 0.0, 6.98491930961609e-10, 2.3848727332967515e-10, 0.0, 0.0, 0.0, 2.9997903253769856e-10, 0.0, 0.0, 0.0, 0.0, 0.0, 4.119480666375639e-10, 0.0, 0.0, 0.0, 0.0, 0.0, 0.0, 0.0, 4.656612873077394e-10, 4.656612873077392e-10, 0.0, 0.0, 0.0, 0.0, 5.361425682790044e-10, 0.0, 0.0, 0.0, 0.0, 0.0, 4.656612873077393e-10, 2.5910334706384114e-10, 0.0], [0.0, 5.1608264582540104e-20, 5.311984765279737e-09, 0.7927506986478507, 0.0, 3.2234906167281457e-09, 5.860324543037076e-06, 4.409193055980483e-15, 5.632025462035021e-20, 0.7366464116945409, 0.1455230869638764, 0.5686121676932274, 5.438480486915516e-12, 3.2596290111541752e-09, 0.3284659647192668, 0.0, 9.49497410117536e-11, 0.23077126422673533, 4.053196307130615e-13, 0.6171330201432028, 0.36662218661253204, 1.1891030742079894e-11, 2.428967960422958e-12, 0.0, 0.002269874011440763, 1.6287857324706756e-21, 3.1053248510859057e-13, 2.3881259546148093e-05, 7.604216979143453e-10, 1.0, 7.928167984124464e-05, 5.616145175875196e-07, 9.868993287136865e-09, 2.980874252107264e-07, 0.0, 0.023541686869935154, 0.17063510072286214, 1.5542105858335847e-10, 1.7055201384602272e-09, 0.5562562917691102, 5.9949156225761954e-09, 0.03743284604758444, 0.011469144915079048, 0.012718320498547918, 0.7021242357160472, 0.02988680685050659, 0.0007479983593823788, 4.066515863503667e-05, 0.001949162987704716, 0.09037019349397529, 4.1214039341318874e-05, 0.002124741611908468, 5.037196640344714e-27, 0.20188888686048498, 9.67328167054923e-19, 0.516350850426176, 0.021684367561871296, 0.024064337230968513, 0.060309478406486865, 0.0371995089011683, 0.0020681753641173637, 0.46479199283241746, 0.005236185351812075, 6.839413950524868e-12, 2.22049615016094e-08, 0.003938509285504401, 0.07796193308584032, 0.004450545671737418, 0.00011015864108653625, 0.2138660829128435, 0.0005724393257794204, 0.11547894133153275, 0.003908172988435843, 3.012206100457635e-12, 0.0, 0.26746942077649577, 0.086342301868641, 0.28153713476609143, 0.0056115407019312735, 3.475692801939708e-10, 3.831710697836983e-09, 1.3665087306784376e-09, 0.6556307411895902, 0.0007380890373214275], [0.0, 0.0, 0.0, 0.00025344447430873483, 0.0, 1.5992636535268197e-11, 1.3322676295501878e-15, 2.2204460492503128e-16, 0.0, 0.00020826132612414538, 0.0, 0.00021872255893505495, 2.096079550749098e-12, 0.0, 4.31411216618705e-12, 0.0, 0.0, 0.00018144439558431555, 3.3306690738754696e-16, 0.00014404016816932602, 3.7522886350736104e-13, 1.4439659127382676e-11, 0.0, 0.0, 0.0, 0.0, 0.0, 0.0, 0.0, 7.928167984124464e-05, 1.0, 0.0, 8.881784197001252e-16, 0.0, 0.0, 0.0, 0.00027675883501830206, 0.0, 1.4551915228366852e-11, 7.28893913099269e-05, 0.0, 1.8193212573853293e-12, 0.0, 0.0, 3.304327313539534e-05, 0.0, 0.00012188910923193406, 4.2583825342803e-12, 0.0, 0.0, 0.0002441406377329258, 1.4551915228366852e-11, 0.0, 0.00026710450904748754, 0.0, 0.00010862018714222037, 0.0, 0.0, 0.0, 0.0, 0.0, 0.00015648642689584276, 0.0, 7.263831683395263e-12, 5.457967411359732e-12, 0.0, 3.637978807091712e-12, 0.0, 6.395283262350766e-05, 8.980472552002733e-05, 0.0, 9.294274751304696e-05, 6.103515624999999e-05, 0.0, 0.0, 0.00012086018670140005, 0.00011430047016204421, 0.00028753319649393384, 0.0, 5.4569682106375694e-12, 0.0, 1.5350393553242018e-11, 0.0001598483033041357, 0.00032510013731637993], [0.0, 0.0, 8.712408945980451e-09, 1.3995162640312373e-07, 0.0, 9.396439085222064e-10, 1.5281088003189161e-06, 0.0, 0.0, 1.659838624559186e-06, 2.9103830456733697e-11, 5.687605471873543e-07, 1.3149780924629768e-13, 1.2618283490566223e-09, 2.2737367544385244e-13, 0.0, 0.0, 5.9623261134019e-07, 1.1429402089737933e-13, 4.5070676040116734e-07, 1.0339757656912846e-25, 0.0, 0.0, 0.0, 4.3715244095571465e-11, 4.1359030627651384e-25, 1.853332918972709e-13, 5.137115601976456e-07, 0.0, 5.616145175875196e-07, 0.0, 1.0, 4.699939269243179e-09, 5.961919669061899e-08, 0.0, 0.0, 2.384185826542762e-07, 7.922582487478159e-11, 1.8927425235849336e-09, 4.1697904804579537e-07, 2.7386657218095084e-09, 7.344762493257902e-07, 7.542994384232735e-14, 4.1359030627651384e-25, 1.9451713660298873e-06, 1.356003792282831e-14, 4.84042019592825e-07, 1.5399479372264654e-09, 0.0, 5.960464477539063e-08, 1.4551915228366852e-11, 1.8626451492309566e-09, 0.0, 1.9553989359938665e-06, 0.0, 1.151036566834889e-06, 0.0, 1.4554349064500946e-09, 0.0, 3.197442310920451e-14, 0.0, 5.840990645962253e-07, 0.0, 0.0, 1.9790640237715702e-09, 0.0, 0.0, 7.335536568655395e-07, 1.317529080583850