"{\"names\": [\"172.217.10.1\", \"104.88.86.240\", \"38.93.140.48\", \"192.168.10.15\", \"104.88.108.223\", \"195.142.105.15\", \"172.217.12.163\", \"206.217.206.48\", \"172.217.6.228\", \"178.255.83.1\", \"74.119.118.82\", \"192.168.10.9\", \"172.217.7.6\", \"35.186.227.40\", \"31.13.71.36\", \"206.126.112.142\", \"151.101.2.49\", \"192.168.10.25\", \"172.217.3.98\", \"192.168.10.16\", \"72.30.202.150\", \"172.217.12.132\", \"50.31.164.173\", \"162.208.20.178\", \"23.15.4.16\", \"216.58.217.99\", \"172.217.6.198\", \"172.217.12.174\", \"169.46.44.40\", \"192.168.10.17\", \"52.84.143.130\", \"104.19.195.102\", \"216.200.232.61\", \"104.97.73.166\", \"152.163.13.79\", \"192.229.163.25\", \"74.119.118.86\", \"54.225.188.92\", \"188.165.145.88\", \"192.168.10.14\", \"8.43.72.98\", \"199.96.57.6\", \"68.67.178.110\", \"104.88.70.158\", \"192.168.10.19\", \"69.172.216.56\", \"157.240.18.35\", \"172.217.11.34\", \"185.54.150.20\", \"69.169.85.7\", \"198.232.124.194\", \"74.119.118.72\", \"172.217.12.134\", \"192.168.10.5\", \"23.111.9.30\", \"192.168.10.8\", \"151.101.66.2\", \"68.67.178.199\", \"213.239.195.215\", \"138.108.7.20\", \"52.84.145.87\", \"192.168.10.50\", \"52.84.145.198\", \"52.40.24.51\", \"212.77.100.137\", \"185.54.150.115\", \"172.217.10.138\", \"152.163.66.165\", \"52.84.137.78\", \"192.168.10.51\", \"68.67.178.109\", \"129.146.14.96\", \"54.152.24.232\", \"172.217.10.33\", \"52.8.229.108\", \"192.168.10.12\", \"64.147.131.201\", \"172.217.12.206\", \"68.67.180.12\", \"172.217.10.134\", \"38.69.238.16\", \"172.217.10.142\", \"192.168.10.3\", \"172.217.6.202\"], \"funcEdges\": [[1.0, 0.0, 0.0, 0.0, 0.0, 0.0, 0.0, 0.0, 0.0, 0.0, 0.0, 0.0, 0.0, 0.0, 0.0, 0.0, 0.0, 0.0, 0.0, 0.0, 0.0, 0.0, 0.0, 0.0, 0.0, 0.0, 0.0, 0.0, 0.0, 0.0, 0.0, 0.0, 0.0, 0.0, 0.0, 0.0, 0.0, 0.0, 0.0, 0.0, 0.0, 0.0, 0.0, 0.0, 0.0, 0.0, 0.0, 0.0, 0.0, 0.0, 0.0, 0.0, 0.0, 0.0, 0.0, 0.0, 0.0, 0.0, 0.0, 0.0, 0.0, 0.0, 0.0, 0.0, 0.0, 0.0, 0.0, 0.0, 0.0, 0.0, 0.0, 0.0, 0.0, 0.0, 0.0, 0.0, 0.0, 0.0, 0.0, 0.0, 0.0, 0.0, 0.0, 0.0], [0.0, 1.0, 0.0, 2.935742134780554e-15, 0.0, 0.0, 0.0, 0.0, 1.895797072886364e-15, 3.279595402677316e-15, 4.641515335811056e-16, 1.6744746034694135e-15, 0.0, 0.0, 1.212926763832205e-15, 0.0, 0.0, 1.2401353582237342e-15, 2.1448479150243653e-15, 1.3096678989223275e-15, 7.156922598025535e-19, 5.283809357123863e-17, 0.0, 0.0, 1.0144284910021509e-17, 8.498374721940739e-18, 4.734106943142548e-16, 3.2613858967287396e-15, 0.0, 1.6910996138406741e-15, 0.0, 0.0, 0.0, 0.0, 0.0, 0.0, 0.0, 0.0, 0.0, 1.6730437379917652e-15, 0.0, 1.2336383736053466e-16, 0.0, 0.0, 2.718401726123937e-15, 1.7562178218597342e-15, 4.294153558815322e-18, 1.3118339101009097e-17, 0.0, 0.0, 1.1102230246251565e-16, 3.469446951953614e-18, 0.0, 3.225143621570679e-15, 0.0, 2.151690196185647e-15, 0.0, 0.0, 0.0, 0.0, 2.2662332591841966e-17, 2.3344659556478565e-15, 0.0, 0.0, 0.0, 0.0, 0.0, 0.0, 0.0, 2.120853032505775e-15, 0.0, 0.0, 0.0, 0.0, 0.0, 1.2104696993585628e-15, 0.0, 1.9146755735151427e-15, 0.0, 0.0, 0.0, 4.08352857977824e-17, 3.827066224459171e-15, 0.0], [0.0, 0.0, 1.0, 0.0001329596741996477, 0.0, 3.69790393036558e-05, 0.0002510845442278281, 0.0, 0.0, 0.000141647272228603, 0.0, 0.0001347725462646099, 0.0, 0.0001220703125, 0.0, 0.0, 0.0, 0.0003431281214974608, 0.0, 0.00026459701362257734, 0.0, 0.0, 0.0, 0.0, 0.0, 0.0, 0.0, 0.0, 0.0, 0.00017406311678868643, 0.0, 0.0002854882163418874, 9.767120654289433e-05, 0.0, 0.0, 0.0, 0.0, 0.0, 3.0517578124999986e-05, 0.00020734036255233242, 0.00011039418925559561, 6.2164371011864515e-06, 0.0, 0.0, 0.0001460444671170256, 0.0, 0.0002433977964375798, 5.499404663188818e-05, 0.0, 0.0, 0.0, 6.1035156249999986e-05, 0.0, 0.00010188818936758217, 0.0, 0.00011055911780249215, 0.0, 4.769157459923487e-05, 0.0, 6.216437101186451e-06, 0.0, 0.0002541269546911853, 0.0, 0.0, 6.1035156249999986e-05, 0.0, 0.0, 0.0, 0.0, 0.0001380275214831907, 3.571378152084664e-05, 0.0, 0.0, 0.0, 0.0, 0.00013642890838478242, 0.0, 0.00013784576437697517, 0.0, 6.2164371011864515e-06, 8.401529599632218e-05, 8.547601014131371e-06, 0.0002924771186162969, 0.0], [0.0, 2.935742134780554e-15, 0.0001329596741996477, 1.0, 0.0, 9.581098442561925e-05, 0.29125088836801727, 2.0795915612900306e-10, 4.539719185874365e-15, 0.22135262189598628, 0.02289235440730088, 0.5332146573849341, 1.5885523606334023e-07, 3.4149522552538554e-05, 2.577032534563373e-07, 0.0, 3.931326891108366e-06, 0.7832612722090759, 1.5177317709324762e-08, 0.575940151002031, 0.3635638562001736, 2.1249192455151131e-07, 1.2424739359743831e-07, 0.0, 0.4272806382766706, 2.4017196732746352e-17, 1.5569268242002552e-08, 0.5998285718028382, 5.7551747780796416e-05, 0.5925177852040797, 2.948262287027583e-07, 0.0045859348939775585, 0.0002741805324184751, 0.008078555657929984, 0.0, 0.002189616663138367, 0.012898516287338607, 6.803759529103978e-06, 4.703762510336628e-05, 0.31599853243080667, 0.00025874388152456946, 0.08310247481724478, 1.414722270815657e-07, 1.5344544246051254e-14, 0.526101105973693, 4.140354595495675e-08, 0.2578895596419598, 0.019892084822955337, 9.070527432739914e-13, 0.1650005583706389, 0.001443784208881334, 0.00021414654198697062, 2.047926650680045e-22, 0.4949728296161867, 4.6229586235415993e-14, 0.5226695844728512, 0.0, 0.03298030384533913, 0.0, 1.978285249498111e-05, 2.879293271215605e-16, 0.5920573848109205, 0.0, 1.3311422204352163e-07, 0.00016476132655752476, 1.023181539494544e-12, 3.684152700816732e-07, 0.005607896697278042, 1.7059154380773163e-06, 0.2867053653255746, 0.0035170067463090107, 0.4712070618365589, 2.952946243831404e-22, 3.954701439806866e-08, 0.0, 0.6816252468583405, 0.382548453527341, 0.010942814164563813, 0.2785470573333682, 5.258976282832305e-06, 9.554271931989418e-05, 3.289284035041746e-05, 0.3559804638347441, 0.0], [0.0, 0.0, 0.0, 0.0, 1.0, 0.0, 0.0, 0.0, 0.0, 0.0, 0.0, 0.0, 0.0, 0.0, 0.0, 0.0, 0.0, 0.0, 0.0, 0.0, 0.0, 0.0, 0.0, 0.0, 0.0, 0.0, 0.0, 0.0, 0.0, 0.0, 0.0, 0.0, 0.0, 0.0, 0.0, 0.0, 0.0, 0.0, 0.0, 0.0, 0.0, 0.0, 0.0, 0.0, 0.0, 0.0, 0.0, 0.0, 0.0, 0.0, 0.0, 0.0, 0.0, 0.0, 0.0, 0.0, 0.0, 0.0, 0.0, 0.0, 0.0, 0.0, 0.0, 0.0, 0.0, 0.0, 0.0, 0.0, 0.0, 0.0, 0.0, 0.0, 0.0, 0.0, 0.0, 0.0, 0.0, 0.0, 0.0, 0.0, 0.0, 0.0, 0.0, 0.0], [0.0, 0.0, 3.69790393036558e-05, 9.581098442561925e-05, 0.0, 1.0, 1.9092232187870607e-05, 0.0, 0.0, 0.00011769527030207413, 2.4183758762577773e-06, 3.3484282543565936e-05, 1.370857264609929e-07, 3.051757812499999e-05, 2.2552909322673944e-07, 0.0, 1.757529906397748e-06, 8.797311925433105e-05, 0.0, 6.467014261001877e-05, 1.204707986449984e-07, 4.487433841631023e-07, 0.0, 0.0, 6.697873284907467e-06, 0.0, 0.0, 0.0, 1.9699011974118127e-05, 0.00010562734052894788, 5.240467139876683e-07, 3.079025159445566e-05, 3.663605029289434e-05, 2.5464027517890385e-06, 0.0, 0.0, 0.0, 5.949233685592849e-06, 4.254819607377087e-05, 6.304254304457849e-05, 0.000110151781482107, 1.2815436613094788e-05, 0.0, 0.0, 5.730398955604746e-05, 0.0, 1.9532283779444288e-05, 7.920164278753732e-05, 0.0, 0.0, 6.174296644369999e-05, 5.339291338611833e-05, 0.0, 0.0001435360944255813, 0.0, 0.00011620925569145213, 0.0, 0.0, 0.0, 1.952452825947196e-05, 0.0, 8.33567009071895e-05, 0.0, 8.9920138836905e-08, 1.4846770367867377e-05, 0.0, 2.1095910576184064e-07, 0.0, 2.497813444395309e-06, 7.566917260452687e-05, 5.541279349496476e-05, 0.0, 0.0, 0.0, 0.0, 7.771532452552728e-05, 0.0, 3.096661008121791e-05, 0.0, 5.868245069288061e-06, 6.390337060746417e-05, 5.743475833162637e-06, 6.304281550223583e-05, 0.0], [0.0, 0.0, 0.0002510845442278281, 0.29125088836801727, 0.0, 1.9092232187870607e-05, 1.0, 7.275957614183426e-12, 0.0, 0.12264709027996248, 0.019138388421679496, 0.36021352390632505, 1.8367550511274515e-08, 0.0, 3.826382339329097e-09, 0.0, 1.0047935395783213e-06, 0.3405899431380369, 5.2005304433113545e-09, 0.23357138072591405, 0.12598689678249986, 1.4743352268189353e-08, 1.1604065952275401e-07, 0.0, 0.12505497904751742, 0.0, 6.1622150732723054e-09, 0.20505176736424285, 0.0, 0.1920311146262389, 4.3655745685100555e-11, 0.050073069168850244, 0.0005276681038380893, 0.020573232493811024, 0.0, 0.017434837883555536, 0.006044285725849759, 4.956198570546211e-06, 1.0433867209322839e-05, 0.5004155891443635, 9.796727060730834e-05, 0.14014128706468923, 1.130859864458798e-07, 0.0, 0.2123851222525918, 3.6220675381138624e-08, 0.17184281430077494, 0.4439776233443081, 9.056265938128275e-13, 0.5071385819377078, 0.0008117774509244135, 5.85057953786704e-05, 0.0, 0.23254009250980767, 0.0, 0.42191888370062797, 0.0, 8.93694876806937e-06, 0.0, 1.678413618982485e-05, 0.0, 0.15994562463939613, 0.0, 0.0, 0.00016840820730675254, 1.3619954587750416e-12, 0.0, 0.01730687675885042, 1.1609948199728262e-06, 0.492466036436809, 0.048389154962779714, 0.125, 0.0, 4.088844898760529e-08, 0.0, 0.2634800972735371, 0.2041241452441904, 0.0036613410093770905, 0.12500000000000003, 1.7922480885781854e-05, 1.6517528776831513e-05, 1.268057868456465e-05, 0.4527848049605917, 0.0], [0.0, 0.0, 0.0, 2.0795915612900306e-10, 0.0, 0.0, 7.275957614183426e-12, 1.0, 0.0, 1.3783003634770214e-10, 1.4483725969077262e-10, 1.7166278347059987e-10, 0.0, 0.0, 0.0, 0.0, 0.0, 1.3731638095306923e-10, 4.474733343532427e-11, 1.0487672645142853e-10, 0.0, 0.0, 0.0, 0.0, 1.0813760067895845e-10, 0.0, 2.7648638933897013e-10, 0.0, 0.0, 1.4448043805836846e-10, 7.275957614183425e-12, 0.0, 8.923502506148313e-11, 0.0, 0.0, 0.0, 0.0, 0.0, 0.0, 3.684797337927478e-10, 0.0, 4.984002197087647e-12, 0.0, 0.0, 1.3745689477881824e-10, 0.0, 2.7648638933897013e-10, 0.0, 0.0, 0.0, 0.0, 0.0, 0.0, 1.5823954097246068e-10, 0.0, 7.264468613000823e-11, 0.0, 0.0, 0.0, 2.7648638933897013e-10, 0.0, 2.1346175465900443e-10, 0.0, 0.0, 5.2751211587496506e-11, 0.0, 0.0, 0.0, 0.0, 1.3262317120134797e-10, 0.0, 0.0, 0.0, 0.0, 0.0, 2.819809930202268e-10, 0.0, 0.0, 0.0, 0.0, 0.0, 1.0913936421275136e-10, 9.269272554829775e-11, 0.0], [0.0, 1.895797072886364e-15, 0.0, 4.539719185874365e-15, 0.0, 0.0, 0.0, 0.0, 1.0, 2.4996125247618294e-15, 5.073061087112277e-16, 3.4825734244285644e-15, 0.0, 0.0, 3.633541307090376e-15, 0.0, 0.0, 2.6268243568021996e-15, 2.0555876033322325e-15, 2.9084420623565815e-15, 0.0, 1.2032914861443897e-16, 0.0, 0.0, 1.218257657098798e-16, 5.5239435692614805e-17, 7.550642983504671e-16, 2.8412135202755476e-15, 0.0, 1.8455021033996356e-15, 0.0, 0.0, 0.0, 0.0, 0.0, 0.0, 0.0, 0.0, 0.0, 3.5159994646817242e-15, 0.0, 1.1102230246251565e-16, 0.0, 4.7914617078018364e-17, 3.0141526450398002e-15, 7.094072323827439e-16, 0.0, 0.0, 0.0, 0.0, 1.3338245709892422e-16, 0.0, 0.0, 8.698307975149725e-16, 0.0, 3.8180996693669055e-15, 0.0, 0.0, 0.0, 0.0, 7.707420388789037e-17, 2.3434426864552243e-15, 0.0, 0.0, 0.0, 0.0, 0.0, 0.0, 0.0, 3.0093840215407066e-15, 0.0, 0.0, 0.0, 0.0, 0.0, 4.652302307931911e-15, 0.0, 1.347991398725221e-15, 0.0, 0.0, 0.0, 0.0, 2.1833868734933016e-15, 0.0], [0.0, 3.279595402677316e-15, 0.000141647272228603, 0.22135262189598628, 0.0, 0.00011769527030207413, 0.12264709027996248, 1.3783003634770214e-10, 2.4996125247618294e-15, 1.0, 0.020535455847918813, 0.1610949526942639, 2.488503813885982e-07, 4.942482484002172e-05, 1.0190682910575743e-07, 0.0, 4.021043981130447e-06, 0.3483964596306579, 4.268313649091333e-09, 0.1926179246532391, 0.13439211720789324, 1.3839129829031708e-07, 3.494616775188421e-08, 0.0, 0.0008887048866158252, 2.7181076700387773e-17, 1.3095595014140683e-08, 0.3482039931050561, 9.778462770263694e-07, 0.31211740519616404, 1.2195656968644618e-07, 0.05438959204955541, 0.00024230670386617736, 0.018634706646031576, 0.0, 0.023145048817176828, 0.012352606631273268, 3.4839332071389385e-06, 6.696885283934674e-05, 0.2085873193732447, 0.00019308377496240025, 0.13129526784759457, 6.127829250265345e-08, 2.776339717216405e-17, 0.31180796997125726, 8.106859121240052e-08, 0.045487946872198926, 0.0018291133520286676, 3.564696782385814e-13, 0.09647019559625597, 0.003627655379343309, 0.00035508103485868005, 1.0855438326822288e-22, 0.3187661762025485, 1.1946535542767794e-15, 0.16547695550848618, 0.0, 0.10321581597877633, 0.0, 3.905080956500491e-05, 2.1971420833994227e-16, 0.20192323334669615, 0.0, 9.394990814945173e-09, 0.00026501682945263795, 5.288763062316941e-13, 4.768371582036204e-07, 0.06652703976252988, 3.6339671210198247e-06, 0.26688464915516386, 0.00590918815562928, 0.10539288072061885, 8.82145718730709e-23, 6.685395808841718e-08, 0.0, 0.19343077181376345, 0.1325175248867572, 0.006335461273210917, 1.9504687541660896e-22, 9.47533267835787e-06, 0.00011419316538038553, 6.950239969301649e-05, 0.25876875402230726, 0.0], [0.0, 4.641515335811056e-16, 0.0, 0.02289235440730088, 0.0, 2.4183758762577773e-06, 0.019138388421679496, 1.4483725969077262e-10, 5.073061087112277e-16, 0.020535455847918813, 1.0, 0.019136638764166283, 1.2746437233214103e-08, 0.0, 1.490117063429812e-08, 0.0, 9.495809493618695e-07, 0.005532459597863228, 6.068440922598163e-11, 0.00781467436995105, 1.7822483694780226e-15, 1.3768119775051948e-16, 0.0, 0.0, 1.9299026100076596e-06, 1.7774313803548146e-17, 1.3476437548705067e-10, 0.007812500000002243, 0.0, 0.007813555248338246, 0.0, 9.536743164062498e-07, 5.678019079554427e-11, 0.007812499999999998, 0.0, 0.0078125, 0.0, 1.985231399026997e-06, 0.0, 0.008201907698198821, 1.7763568394002505e-15, 0.007812514901161307, 0.0, 1.1102230246251565e-16, 0.017694597558277153, 1.1625317580086213e-16, 0.007814087207454226, 2.2626659546083106e-06, 0.0, 0.0, 1.3877787807814457e-16, 1.1900104869740698e-18, 0.0, 0.027484052497938394, 0.0, 3.7535164367973604e-06, 0.0, 0.0, 0.0, 1.3476246078601406e-10, 4.8030123787315565e-17, 0.013418606701014857, 0.0, 0.0, 9.53732524067163e-07, 0.0, 3.2021701206768287e-19, 0.010820139531149906, 9.536743164062498e-07, 0.023687522311888753, 1.6913846520407716e-18, 0.0, 0.0, 1.490116119424642e-08, 0.0, 1.7046224597690877e-06, 0.0, 2.438611009160256e-16, 0.0, 0.0, 1.776356839400251e-15, 9.539357636989145e-07, 0.02553582920332567, 0.0], [0.0, 1.6744746034694135e-15, 0.0001347725462646099, 0.5332146573849341, 0.0, 3.3484282543565936e-05, 0.36021352390632505, 1.7166278347059987e-10, 3.4825734244285644e-15, 0.1610949526942639, 0.019136638764166283, 1.0, 1.462782442634048e-07, 3.051757812499999e-05, 1.444864423780291e-07, 0.0, 0.0, 0.4773777983610971, 8.424845351801307e-09, 0.5574470219688339, 0.4138626887847512, 2.0410025830224517e-07, 3.038585095556816e-08, 0.0, 0.25858999980982833, 4.3044045860336065e-17, 1.2816941030341222e-08, 0.4411788935838509, 0.0, 0.5687120516504287, 4.116725594439402e-07, 0.018637145610235224, 0.00041161355343430985, 0.02108779823915304, 0.0, 0.02838275907699572, 0.008363101037074779, 0.0, 3.69723205935804e-05, 0.49246559822743247, 0.00015118295259638996, 0.19229594019957266, 4.8467185343643294e-08, 2.646257519907096e-14, 0.4011470637422835, 9.060787226696193e-08, 0.4035797952990467, 0.2359599269095458, 2.6271540708638233e-13, 0.5049931486134707, 0.00043570022472208585, 0.0002961965758614141, 2.1079502629970095e-22, 0.523831406939804, 7.162904096072232e-14, 0.6081589575264579, 0.0, 0.01542138576692686, 0.0, 2.766992603440022e-05, 1.3317313716476208e-16, 0.43364808025913787, 0.0, 2.380212366014965e-07, 0.00039208946273763795, 3.723083821180925e-13, 4.447464153202516e-07, 0.03872639645683315, 0.0, 0.35423195406730323, 0.058915798965023504, 0.293005080630179, 2.3333075212825504e-22, 3.066587086792678e-08, 0.0, 0.5672664573894974, 0.5573209367441366, 0.003559254950729119, 0.19973861264928913, 4.63661788811101e-06, 0.00011433641070445577, 1.5328402283650574e-05, 0.4520986257415309, 0.0], [0.0, 0.0, 0.0, 1.5885523606334023e-07, 0.0, 1.370857264609929e-07, 1.8367550511274515e-08, 0.0, 0.0, 2.488503813885982e-07, 1.2746437233214103e-08, 1.462782442634048e-07, 1.0, 0.0, 6.555519794995516e-08, 0.0, 0.0, 1.607036746095393e-07, 1.5650146922892243e-08, 2.326332768122816e-07, 9.246155913405014e-08, 9.104780058626326e-10, 3.028370427462794e-08, 0.0, 6.061730761898037e-08, 0.0, 1.3064582575293479e-08, 4.969872760803837e-22, 0.0, 1.7820812859524763e-07, 6.868433471894644e-08, 4.308920213382682e-09, 0.0, 0.0, 0.0, 0.0, 0.0, 0.0, 0.0, 1.5258496834567288e-07, 0.0, 1.3352622101898085e-07, 4.3188803887266076e-08, 0.0, 1.9373995850337833e-07, 7.730747770794314e-08, 2.2298449635381403e-07, 6.868433471894644e-08, 0.0, 0.0, 0.0, 0.0, 2.117582368135751e-22, 1.680808512608262e-07, 0.0, 1.0628950486776137e-07, 0.0, 1.1886866498482781e-22, 0.0, 1.5408702914572287e-08, 1.0587911840678752e-22, 2.2038615510954728e-07, 0.0, 5.5492695105245926e-08, 3.552916920976216e-07, 0.0, 0.0, 1.0587911840678753e-22, 0.0, 1.6221079949493878e-07, 0.0, 0.0, 2.117582368135751e-22, 7.242154229226441e-08, 0.0, 3.901806710971811e-07, 0.0, 1.0587911840678753e-22, 2.3831658689697847e-22, 6.868433471894644e-08, 0.0, 1.0870496285993395e-07, 1.4498129079945192e-07, 0.0], [0.0, 0.0, 0.0001220703125, 3.4149522552538554e-05, 0.0, 3.051757812499999e-05, 0.0, 0.0, 0.0, 4.942482484002172e-05, 0.0, 3.051757812499999e-05, 0.0, 1.0, 0.0, 0.0, 0.0, 9.41442733495726e-05, 0.0, 0.00010589936733834339, 0.0, 0.0, 0.0, 0.0, 0.0, 0.0, 0.0, 0.0, 0.0, 0.00010681152343750001, 0.0, 4.13475913418874e-05, 3.663605029289435e-05, 0.0, 0.0, 0.0, 0.0, 0.0, 3.0517578124999997e-05, 0.00012046923208873873, 4.440508039969189e-05, 0.0, 0.0, 0.0, 0.00012177970126220411, 0.0, 0.0, 3.9917417680690826e-05, 0.0, 0.0, 0.0, 0.0, 0.0, 3.1422828876121146e-05, 0.0, 2.9864507582946893e-05, 0.0, 0.0, 0.0, 0.0, 0.0, 3.916302560894756e-06, 0.0, 0.0, 0.0, 0.0, 0.0, 0.0, 0.0, 3.051757812499999e-05, 3.571378152084664e-05, 0.0, 0.0, 0.0, 0.0, 9.575983161044141e-05, 0.0, 3.051757812499999e-05, 0.0, 0.0, 7.47524945917718e-05, 0.0, 4.6876500072003836e-05, 0.0], [0.0, 1.212926763832205e-15, 0.0, 2.577032534563373e-07, 0.0, 2.2552909322673944e-07, 3.826382339329097e-09, 0.0, 3.633541307090376e-15, 1.0190682910575743e-07, 1.490117063429812e-08, 1.444864423780291e-07, 6.555519794995516e-08, 0.0, 1.0, 0.0, 0.0, 3.507590742667322e-07, 6.736278265160578e-09, 1.581185507416627e-07, 5.8870835983846814e-15, 1.6737137707222651e-07, 3.2009571471402302e-09, 0.0, 7.930117195698237e-09, 5.940545341006004e-19, 6.7669801916022e-09, 3.319984604876285e-14, 0.0, 1.2476193921198129e-08, 1.4136482746161726e-07, 7.450580596944157e-09, 0.0, 0.0, 0.0, 0.0, 0.0, 0.0, 1.4136482746161724e-07, 2.2471138953132785e-07, 1.0388937918143379e-14, 3.2304413938508554e-08, 6.250945154193298e-09, 2.0328790734103205e-20, 6.109027768126308e-08, 8.901693107286526e-16, 2.8509513780134036e-07, 3.4634845648461385e-07, 2.1553728553045333e-13, 0.0, 2.1204724119242592e-07, 1.4136509421116554e-07, 0.0, 8.957538153738868e-08, 2.842170943040401e-14, 1.7544796367282545e-07, 0.0, 6.776263578034401e-21, 0.0, 3.7252902984619136e-09, 0.0, 4.458390971099678e-07, 0.0, 0.0, 5.084689945233434e-08, 2.273736754432321e-13, 4.712160915428342e-08, 0.0, 0.0, 5.243105674668097e-07, 2.474313021514302e-13, 0.0, 0.0, 2.235174179107484e-08, 0.0, 4.314186365469408e-07, 2.2737367544323206e-13, 4.717561529303997e-15, 0.0, 4.7121609153872417e-08, 1.0388935377044537e-14, 2.0256407124258365e-07, 3.796523170076119e-07, 0.0], [0.0, 0.0, 0.0, 0.0, 0.0, 0.0, 0.0, 0.0, 0.0, 0.0, 0.0, 0.0, 0.0, 0.0, 0.0, 1.0, 0.0, 0.0, 0.0, 0.0, 0.0, 0.0, 0.0, 0.0, 0.0, 0.0, 0.0, 0.0, 0.0, 0.0, 0.0, 0.0, 0.0, 0.0, 0.0, 0.0, 0.0, 0.0, 0.0, 0.0, 0.0, 0.0, 0.0, 0.0, 0.0, 0.0, 0.0, 0.0, 0.0, 0.0, 0.0, 0.0, 0.0, 0.0, 0.0, 0.0, 0.0, 0.0, 0.0, 0.0, 0.0, 0.0, 0.0, 0.0, 0.0, 0.0, 0.0, 0.0, 0.0, 0.0, 0.0, 0.0, 0.0, 0.0, 0.0, 0.0, 0.0, 0.0, 0.0, 0.0, 0.0, 0.0, 0.0, 0.0], [0.0, 0.0, 0.0, 3.931326891108366e-06, 0.0, 1.757529906397748e-06, 1.0047935395783213e-06, 0.0, 0.0, 4.021043981130447e-06, 9.495809493618695e-07, 0.0, 0.0, 0.0, 0.0, 0.0, 1.0, 4.099376760840147e-06, 0.0, 5.931366443401867e-07, 0.0, 0.0, 0.0, 0.0, 5.620273788156079e-06, 0.0, 0.0, 0.0, 0.0, 3.111313113473142e-06, 0.0, 0.0, 0.0, 4.672030911985737e-06, 0.0, 0.0, 0.0, 5.061366821317882e-06, 3.1146872746571585e-06, 3.1512536802462896e-06, 0.0, 0.0, 0.0, 0.0, 4.273315686120636e-06, 0.0, 1.127001098896158e-06, 3.9567402050422515e-06, 0.0, 0.0, 3.1146872746571576e-06, 0.0, 0.0, 1.4234987071062326e-06, 0.0, 1.3195080490796576e-06, 0.0, 0.0, 0.0, 4.6720309119857375e-06, 0.0, 4.1719957937919296e-06, 0.0, 0.0, 4.6720309119857375e-06, 0.0, 0.0, 0.0, 0.0, 3.4726486835462915e-06, 0.0, 0.0, 0.0, 0.0, 0.0, 5.298750348820689e-06, 0.0, 0.0, 0.0, 2.403740073442857e-06, 4.6720309119857375e-06, 3.114687274657158e-06, 6.346386239079922e-06, 0.0], [0.0, 1.2401353582237342e-15, 0.0003431281214974608, 0.7832612722090759, 0.0, 8.797311925433105e-05, 0.3405899431380369, 1.3731638095306923e-10, 2.6268243568021996e-15, 0.3483964596306579, 0.005532459597863228, 0.4773777983610971, 1.607036746095393e-07, 9.41442733495726e-05, 3.507590742667322e-07, 0.0, 4.099376760840147e-06, 1.0, 1.6245990359990222e-08, 0.6091802694899733, 0.22706564917451014, 2.074117805231682e-07, 8.716024037568155e-08, 0.0, 0.42746299865995496, 1.4147854392164662e-17, 9.540957945818916e-09, 0.6960228738496774, 7.571668144315111e-06, 0.6354305956054197, 3.6135532201359226e-07, 0.019537350208395345, 0.00025691874081194566, 0.01543218394233654, 0.0, 0.008026562364952911, 0.009956325172619195, 8.017696910929259e-06, 2.965362021349167e-05, 0.3095288258342998, 0.00025717180926317193, 0.09186949901721271, 9.52078965368897e-08, 3.968241714554787e-14, 0.46176908240063713, 7.942921813896266e-08, 0.27278198299276, 0.0054831292877300765, 6.536753731485512e-13, 0.1647656302845183, 0.003405143382056987, 0.0001657707324642778, 2.337256382207388e-22, 0.6475296358516656, 2.514331461410912e-14, 0.4079346417695884, 0.0, 0.016093761031031568, 0.0, 1.239059408146628e-05, 1.26324542615147e-16, 0.6430300905716406, 0.0, 1.416463432591139e-07, 0.0004297236156126326, 7.694086165042007e-13, 1.2899934058927136e-07, 0.03794028343166902, 5.474310612059503e-07, 0.25539671671335307, 0.0019042467701992551, 0.4419179025551621, 2.836499815351608e-22, 1.0562685813994595e-07, 0.0, 0.6284610131805725, 0.5091759832492164, 0.01136138836651319, 0.1814253953383028, 1.280455155930674e-05, 0.00010319073086707825, 1.9062380996105475e-05, 0.19104028535584391, 0.0], [0.0, 2.1448479150243653e-15, 0.0, 1.5177317709324762e-08, 0.0, 0.0, 5.2005304433113545e-09, 4.474733343532427e-11, 2.0555876033322325e-15, 4.268313649091333e-09, 6.068440922598163e-11, 8.424845351801307e-09, 1.5650146922892243e-08, 0.0, 6.736278265160578e-09, 0.0, 0.0, 1.6245990359990222e-08, 1.0, 4.431503087617635e-09, 6.7721495473305226e-15, 4.472174119574952e-09, 3.8982886379479195e-09, 0.0, 2.961294087665183e-09, 0.0, 6.500396321376497e-09, 1.2739657169617534e-13, 0.0, 1.32815136592056e-08, 1.0913936421275139e-11, 3.745186476765326e-09, 2.918651837855729e-10, 6.617444900424221e-24, 0.0, 0.0, 1.7537025383952178e-10, 0.0, 0.0, 1.5193452231373407e-08, 1.725037371026763e-14, 1.616336053458206e-08, 6.951498374803561e-09, 1.713547428873896e-15, 1.6017526207152064e-08, 4.080557200179498e-10, 4.350740007251432e-09, 1.0342192677035755e-17, 0.0, 0.0, 0.0, 1.3864468112061159e-17, 7.008276033095833e-23, 2.071638486042567e-08, 2.842170943040401e-14, 6.400518276210771e-09, 0.0, 1.752099085633663e-10, 0.0, 1.624103269500671e-08, 1.0587911840678757e-22, 1.0037730213098268e-08, 0.0, 1.610483044476597e-22, 3.899122100703623e-09, 4.4247794981728636e-13, 0.0, 1.0587911840678754e-22, 0.0, 8.5370928063521e-09, 2.98501105037706e-19, 0.0, 9.080790411972562e-23, 0.0, 0.0, 9.819247524878004e-09, 9.313219924184653e-12, 4.124843037765221e-12, 1.7257408016677755e-22, 0.0, 1.725037371357635e-14, 1.840908552229945e-08, 1.8593413497293946e-08, 0.0], [0.0, 1.3096678989223275e-15, 0.00026459701362257734, 0.575940151002031, 0.0, 6.467014261001877e-05, 0.23357138072591405, 1.0487672645142853e-10, 2.9084420623565815e-15, 0.1926179246532391, 0.00781467436995105, 0.5574470219688339, 2.326332768122816e-07, 0.00010589936733834339, 1.581185507416627e-07, 0.0, 5.931366443401867e-07, 0.6091802694899733, 4.431503087617635e-09, 1.0, 0.37378528919107734, 5.363328617291295e-08, 6.339951534033703e-08, 0.0, 0.501083059827278, 9.042625773425834e-18, 1.2989254091753298e-08, 0.8360604168018348, 2.292795147447302e-05, 0.7529841700190281, 1.7422742141471255e-07, 0.014768759124825451, 0.00043175791104237626, 0.012765853029595988, 0.0, 0.015625, 0.009926345099630121, 7.892404724485303e-06, 2.3029115674765508e-05, 0.2553777260125298, 0.0002569299868749132, 0.10280129604150362, 9.281878876117359e-08, 1.836926013374307e-14, 0.6575660775422073, 3.7705525238745995e-08, 0.1705746231625631, 0.2388549993902568, 5.178881999551171e-13, 0.3545848131889336, 0.000507238253679097, 0.00021342232198271152, 5.538199164065843e-23, 0.7320615045030765, 3.512180054557723e-14, 0.17311103911442535, 0.0, 0.06839062270586597, 0.0, 3.147994753955206e-05, 1.4799151903631363e-16, 0.7342251559341197, 0.0, 9.172080778821606e-08, 0.00040320064165416604, 7.777344511856862e-13, 3.928259398232282e-07, 0.030654395956154927, 1.013967924363043e-06, 0.41066255925104916, 0.013288996256988282, 0.5799009670659732, 5.296939039657572e-23, 9.563404561611465e-08, 0.0, 0.8002454698377036, 0.2864947497490132, 0.009523036901996459, 0.12499999999999999, 1.4683830343258745e-05, 4.614562471498032e-05, 3.680965949338962e-05, 0.38054621413770395, 0.0], [0.0, 7.156922598025535e-19, 0.0, 0.3635638562001736, 0.0, 1.204707986449984e-07, 0.12598689678249986, 0.0, 0.0, 0.13439211720789324, 1.7822483694780226e-15, 0.4138626887847512, 9.246155913405014e-08, 0.0, 5.8870835983846814e-15, 0.0, 0.0, 0.22706564917451014, 6.7721495473305226e-15, 0.37378528919107734, 1.0, 8.931254006427983e-18, 0.0, 0.0, 0.12534506189419015, 3.787207425965394e-20, 1.7763568394002505e-15, 0.30083988420693836, 0.0, 0.40061700807747236, 1.2295499399409207e-08, 3.3881317890172014e-21, 0.0, 0.0, 0.0, 0.0, 0.0, 0.0, 0.0, 0.3186222031647732, 5.329070518200751e-15, 0.0002933220168317487, 7.450580596923827e-09, 1.0164395367051604e-20, 0.1632483661446784, 2.3369802351026422e-18, 0.1260775631334881, 0.16263678692996383, 0.0, 0.34891616593512986, 0.0001007247310799603, 4.2941535588153215e-18, 0.0, 0.27893923574642215, 0.0, 0.2693904539136419, 0.0, 0.05318114115993645, 0.0, 8.673617379884037e-19, 1.0587911840678754e-22, 0.2087568755662387, 0.0, 1.685523489942161e-08, 7.37729963964553e-08, 0.0, 0.0, 4.235164736271502e-22, 0.0, 0.30845644906491515, 0.0, 0.18985715736653466, 0.0, 0.0, 0.0, 0.36599162933289925, 0.3771249672238333, 0.0008989106658058285, 0.5, 2.3361448858877508e-07, 5.329070518200751e-15, 7.377299796018387e-08, 0.2983006255760194, 0.0], [0.0, 5.283809357123863e-17, 0.0, 2.1249192455151131e-07, 0.0, 4.487433841631023e-07, 1.4743352268189353e-08, 0.0, 1.2032914861443897e-16, 1.3839129829031708e-07, 1.3768119775051948e-16, 2.0410025830224517e-07, 9.104780058626326e-10, 0.0, 1.6737137707222651e-07, 0.0, 0.0, 2.074117805231682e-07, 4.472174119574952e-09, 5.363328617291295e-08, 8.931254006427983e-18, 1.0, 1.4559363883485828e-09, 0.0, 1.312253968380037e-16, 2.102887933356203e-17, 4.4721742106143555e-09, 6.762460822184404e-17, 0.0, 3.8964529535647395e-07, 4.7315875028607553e-07, 0.0, 0.0, 0.0, 0.0, 0.0, 0.0, 0.0, 4.7315875028607553e-07, 4.031793013303295e-07, 0.0, 5.687762908119212e-09, 2.7898078887031465e-09, 1.1102230246251565e-16, 1.3805166325946066e-07, 9.756785488752816e-18, 2.2089125264202382e-07, 9.01423650537922e-08, 0.0, 0.0, 4.4263237932763265e-07, 4.7315875029248254e-07, 4.6322114302969544e-23, 1.5780539449354066e-07, 0.0, 4.7434781335490703e-07, 0.0, 0.0, 0.0, 4.4721741093178806e-09, 1.9164353267841808e-16, 1.6814052313269912e-08, 0.0, 4.065251568183222e-24, 1.5206295579281355e-07, 0.0, 1.3736866943816383e-07, 0.0, 0.0, 1.4184084365338596e-07, 1.691384652040772e-18, 0.0, 0.0, 1.272608725455975e-19, 0.0, 2.2254698490882544e-07, 0.0, 2.2987708673099283e-16, 0.0, 1.3736866943789288e-07, 4.0652515681832216e-24, 4.3326345603909284e-07, 4.095147878738203e-08, 0.0], [0.0, 0.0, 0.0, 1.2424739359743831e-07, 0.0, 0.0, 1.1604065952275401e-07, 0.0, 0.0, 3.494616775188421e-08, 0.0, 3.038585095556816e-08, 3.028370427462794e-08, 0.0, 3.2009571471402302e-09, 0.0, 0.0, 8.716024037568155e-08, 3.8982886379479195e-09, 6.339951534033703e-08, 0.0, 1.4559363883485828e-09, 1.0, 0.0, 2.980232238769531e-08, 0.0, 3.8968173965185405e-09, 2.5028360397585167e-23, 0.0, 7.959242212713948e-08, 0.0, 0.0, 0.0, 6.617444900424222e-24, 0.0, 0.0, 0.0, 0.0, 0.0, 1.28691283236909e-07, 0.0, 1.2072772846281768e-07, 1.334877102854438e-07, 0.0, 3.49360741922772e-08, 6.551142618054258e-08, 2.9802322387695346e-08, 0.0, 0.0, 0.0, 0.0, 0.0, 6.617444900424221e-24, 4.621785051076248e-08, 0.0, 8.13749968677803e-08, 0.0, 0.0, 0.0, 3.896817396518547e-09, 0.0, 6.295605636328652e-08, 0.0, 5.293955920339377e-23, 5.122918565197624e-08, 0.0, 0.0, 0.0, 0.0, 5.579592778912028e-08, 3.067876083417676e-23, 0.0, 4.208124855230864e-23, 2.980232238769531e-08, 0.0, 2.3159639586332268e-08, 6.8038355210679865e-12, 4.54747350886464e-13, 0.0, 0.0, 0.0, 1.067167540308549e-07, 2.843228066043336e-08, 0.0], [0.0, 0.0, 0.0, 0.0, 0.0, 0.0, 0.0, 0.0, 0.0, 0.0, 0.0, 0.0, 0.0, 0.0, 0.0, 0.0, 0.0, 0.0, 0.0, 0.0, 0.0, 0.0, 0.0, 1.0, 0.0, 0.0, 0.0, 0.0, 0.0, 0.0, 0.0, 0.0, 0.0, 0.0, 0.0, 0.0, 0.0, 0.0, 0.0, 0.0, 0.0, 0.0, 0.0, 0.0, 0.0, 0.0, 0.0, 0.0, 0.0, 0.0, 0.0, 0.0, 0.0, 0.0, 0.0, 0.0, 0.0, 0.0, 0.0, 0.0, 0.0, 0.0, 0.0, 0.0, 0.0, 0.0, 0.0, 0.0, 0.0, 0.0, 0.0, 0.0, 0.0, 0.0, 0.0, 0.0, 0.0, 0.0, 0.0, 0.0, 0.0, 0.0, 0.0, 0.0], [0.0, 1.0144284910021509e-17, 0.0, 0.4272806382766706, 0.0, 6.697873284907467e-06, 0.12505497904751742, 1.0813760067895845e-10, 1.218257657098798e-16, 0.0008887048866158252, 1.9299026100076596e-06, 0.25858999980982833, 6.061730761898037e-08, 0.0, 7.930117195698237e-09, 0.0, 5.620273788156079e-06, 0.42746299865995496, 2.961294087665183e-09, 0.501083059827278, 0.12534506189419015, 1.312253968380037e-16, 2.980232238769531e-08, 0.0, 1.0, 5.21752010246863e-17, 3.0549055020530296e-09, 0.5001332311276573, 0.0, 0.43512486024843405, 0.0, 1.4324611185236858e-06, 8.729005552896446e-05, 3.814697265625e-06, 0.0, 0.0, 1.9790604710578914e-09, 5.084672927347309e-06, 1.9073486328124998e-06, 0.0013526261365140362, 0.0, 0.0006870113106613757, 2.980232238769531e-08, 1.0239930950015378e-16, 0.4983685850437962, 6.600319633020553e-08, 0.12588246363624117, 0.23814914072100904, 0.0, 0.125, 3.576278686552694e-06, 0.00013323112765719274, 0.0, 0.49352101457013436, 0.0, 0.007616127351943512, 0.0, 0.0009141339980463258, 0.0, 1.909806534038979e-06, 6.15191533158247e-17, 0.4902613583735883, 0.0, 0.0, 0.0004898917376630677, 0.0, 0.0, 0.0, 2.8592978302615327e-06, 0.21255521444176387, 8.728935949954008e-05, 0.5, 0.0, 1.7560123405352426e-07, 0.0, 0.4996494661253018, 0.20412414523193148, 0.0005673304694369119, 0.12499999999999999, 6.542151838016844e-07, 7.629394531249999e-06, 3.383204583645473e-06, 0.214214068433856, 0.0], [0.0, 8.498374721940739e-18, 0.0, 2.4017196732746352e-17, 0.0, 0.0, 0.0, 0.0, 5.5239435692614805e-17, 2.7181076700387773e-17, 1.7774313803548146e-17, 4.3044045860336065e-17, 0.0, 0.0, 5.940545341006004e-19, 0.0, 0.0, 1.4147854392164662e-17, 0.0, 9.042625773425834e-18, 3.787207425965394e-20, 2.102887933356203e-17, 0.0, 0.0, 5.21752010246863e-17, 1.0, 0.0, 5.722227785796693e-19, 0.0, 5.3372050881599097e-17, 0.0, 1.3552527156068805e-20, 0.0, 0.0, 0.0, 0.0, 0.0, 0.0, 0.0, 1.8041463436250908e-17, 0.0, 2.1670919376438413e-19, 0.0, 2.7411886383820635e-20, 2.6099825394625778e-17, 0.0, 4.2494227925776637e-19, 2.362702136803656e-19, 0.0, 0.0, 0.0, 0.0, 0.0, 1.783517412603971e-17, 0.0, 2.09823559752393e-17, 0.0, 1.0982888444633528e-20, 0.0, 0.0, 2.544261098099317e-17, 3.6815940533478413e-17, 0.0, 0.0, 0.0, 0.0, 6.423930866527775e-19, 0.0, 0.0, 3.5471068090517644e-17, 0.0, 0.0, 0.0, 5.0414654884578115e-19, 0.0, 4.786910291808528e-17, 0.0, 3.1301896873989274e-19, 0.0, 0.0, 0.0, 7.863940307684964e-19, 4.293028199619618e-17, 0.0], [0.0, 4.734106943142548e-16, 0.0, 1.5569268242002552e-08, 0.0, 0.0, 6.1622150732723054e-09, 2.7648638933897013e-10, 7.550642983504671e-16, 1.3095595014140683e-08, 1.3476437548705067e-10, 1.2816941030341222e-08, 1.3064582575293479e-08, 0.0, 6.7669801916022e-09, 0.0, 0.0, 9.540957945818916e-09, 6.500396321376497e-09, 1.2989254091753298e-08, 1.7763568394002505e-15, 4.4721742106143555e-09, 3.8968173965185405e-09, 0.0, 3.0549055020530296e-09, 0.0, 1.0, 8.529901952078391e-15, 0.0, 1.0175528472038296e-08, 0.0, 6.0730013088897725e-09, 5.8207660913467394e-11, 0.0, 0.0, 0.0, 5.82076609134674e-10, 0.0, 0.0, 1.6757507670298248e-08, 1.77635683940025e-15, 1.1628178688538704e-08, 9.234425994828715e-09, 2.775557561562892e-17, 7.481644231045206e-09, 1.1641595065478237e-10, 5.334008705130882e-09, 0.0, 0.0, 0.0, 1.3877787807814454e-16, 0.0, 0.0, 1.3942244386414197e-08, 0.0, 6.84492300286887e-09, 0.0, 1.1641532182693479e-10, 0.0, 6.017612211935415e-09, 2.2043810638985388e-16, 2.118355533517128e-08, 0.0, 0.0, 3.841705620288849e-09, 0.0, 0.0, 0.0, 0.0, 2.602088282787387e-08, 0.0, 0.0, 0.0, 0.0, 0.0, 2.3157981064040652e-08, 0.0, 1.9647714157455425e-15, 0.0, 0.0, 1.7763568394002503e-15, 8.891724967925208e-09, 9.517643730319429e-09, 0.0], [0.0, 3.2613858967287396e-15, 0.0, 0.5998285718028382, 0.0, 0.0, 0.20505176736424285, 0.0, 2.8412135202755476e-15, 0.3482039931050561, 0.007812500000002243, 0.4411788935838509, 4.969872760803837e-22, 0.0, 3.319984604876285e-14, 0.0, 0.0, 0.6960228738496774, 1.2739657169617534e-13, 0.8360604168018348, 0.30083988420693836, 6.762460822184404e-17, 2.5028360397585167e-23, 0.0, 0.5001332311276573, 5.722227785796693e-19, 8.529901952078391e-15, 1.0, 0.0, 0.7825411128081807, 0.0, 0.01683330040455645, 0.00012207031249999999, 0.0078125, 0.0, 0.01171875, 0.012596087231526543, 0.0, 0.0, 0.30238638444432125, 1.77635683940025e-15, 0.10597990067735329, 0.0, 1.8876777293228488e-14, 0.7557125637699298, 1.4989932675071564e-14, 0.1738286424682564, 0.23835215362642506, 0.0, 0.27099049174635215, 0.0014138272027357625, 0.00012207031250001363, 1.5266146209093128e-22, 0.7541016205307751, 2.842170943040401e-14, 0.1902813837492007, 0.0, 0.09974140168495074, 0.0, 4.33918814925314e-19, 1.4420019976888347e-16, 0.7021886811287863, 0.0, 4.4578292830253805e-22, 0.00012207031249999997, 0.0, 8.584897411235207e-19, 0.03268151617047387, 0.0, 0.3819691455553205, 0.019598210839546965, 0.6051893276804465, 1.3080647040920267e-22, 8.590537551549756e-19, 0.0, 0.7008656071403098, 0.3337038451465376, 0.0022978312513715782, 0.12499999999999999, 0.0, 1.7763568472925183e-15, 8.813222912061059e-14, 0.5497838997621164, 0.0], [0.0, 0.0, 0.0, 5.7551747780796416e-05, 0.0, 1.9699011974118127e-05, 0.0, 0.0, 0.0, 9.778462770263694e-07, 0.0, 0.0, 0.0, 0.0, 0.0, 0.0, 0.0, 7.571668144315111e-06, 0.0, 2.292795147447302e-05, 0.0, 0.0, 0.0, 0.0, 0.0, 0.0, 0.0, 0.0, 1.0, 2.4917498197257268e-05, 0.0, 0.0, 1.52587890625e-05, 0.0, 0.0, 0.0, 0.0, 0.0, 0.0, 2.1212176611833125e-05, 1.1546020406239592e-05, 0.0, 0.0, 0.0, 0.0, 0.0, 0.0, 1.73328196486531e-05, 0.0, 0.0, 2.2888183593750003e-05, 7.814750972466795e-06, 0.0, 0.0, 0.0, 9.829712938195307e-06, 0.0, 0.0, 0.0, 0.0, 0.0, 1.3498714247579694e-05, 0.0, 0.0, 0.0, 0.0, 0.0, 0.0, 0.0, 1.5258789062500003e-05, 1.5258789062499998e-05, 0.0, 0.0, 0.0, 0.0, 1.7568319677366415e-05, 0.0, 0.0, 0.0, 0.0, 0.0, 1.52587890625e-05, 8.490298476587947e-06, 0.0], [0.0, 1.6910996138406741e-15, 0.00017406311678868643, 0.5925177852040797, 0.0, 0.00010562734052894788, 0.1920311146262389, 1.4448043805836846e-10, 1.8455021033996356e-15, 0.31211740519616404, 0.007813555248338246, 0.5687120516504287, 1.7820812859524763e-07, 0.00010681152343750001, 1.2476193921198129e-08, 0.0, 3.111313113473142e-06, 0.6354305956054197, 1.32815136592056e-08, 0.7529841700190281, 0.40061700807747236, 3.8964529535647395e-07, 7.959242212713948e-08, 0.0, 0.43512486024843405, 5.3372050881599097e-17, 1.0175528472038296e-08, 0.7825411128081807, 2.4917498197257268e-05, 1.0, 6.028187350037502e-07, 0.018402984512307843, 0.0003233871720329008, 0.009767728749305083, 0.0, 0.012065086358998577, 0.013206632783958077, 5.09283724765949e-06, 5.5886483897064725e-05, 0.4792646446448289, 0.00019644139512057677, 0.06201794166378222, 8.790005223820961e-08, 3.4583104937533184e-15, 0.7949367724020595, 6.9666216967877704e-09, 0.3065236549675889, 0.08016761253416135, 2.1553728553045333e-13, 0.26244415122700676, 0.0032306014308746325, 0.0002477174537071193, 1.650588595108156e-22, 0.7130049297903556, 3.169740937805572e-14, 0.3780537496261063, 0.0, 0.17739606103542555, 0.0, 2.4998538274866896e-05, 1.311638913023194e-16, 0.6805910860209571, 0.0, 2.2411391633079887e-07, 0.0007276121784847368, 4.70446358951835e-13, 1.0685870650811274e-18, 0.012689460790329447, 8.151114945333255e-07, 0.23807013386933365, 0.004243350638583563, 0.6223465851076555, 1.6055933671642837e-22, 9.870396949979579e-08, 0.0, 0.6511145099215867, 0.441481778686203, 0.010094335975398508, 0.2338535866733713, 1.1389150173396036e-05, 0.00012555749614672225, 4.4777758086871044e-05, 0.14889805225672495, 0.0], [0.0, 0.0, 0.0, 2.948262287027583e-07, 0.0, 5.240467139876683e-07, 4.3655745685100555e-11, 7.275957614183425e-12, 0.0, 1.2195656968644618e-07, 0.0, 4.116725594439402e-07, 6.868433471894644e-08, 0.0, 1.4136482746161726e-07, 0.0, 0.0, 3.6135532201359226e-07, 1.0913936421275139e-11, 1.7422742141471255e-07, 1.2295499399409207e-08, 4.7315875028607553e-07, 0.0, 0.0, 0.0, 0.0, 0.0, 0.0, 0.0, 6.028187350037502e-07, 1.0, 0.0, 2.9103830456733704e-11, 0.0, 0.0, 0.0, 0.0, 0.0, 4.76837158203125e-07, 4.7113563262833423e-07, 0.0, 5.961551896200247e-08, 0.0, 0.0, 2.0000632558314143e-07, 0.0, 2.830246301605081e-07, 1.3953867888329688e-07, 0.0, 0.0, 4.172325134277344e-07, 4.76837158203125e-07, 0.0, 1.9419809237463962e-07, 0.0, 5.240249608000983e-07, 0.0, 0.0, 0.0, 0.0, 0.0, 7.630880413402486e-08, 0.0, 2.3802123660149598e-07, 1.788466761354357e-07, 0.0, 1.1920928955078122e-07, 0.0, 0.0, 1.937928879055573e-07, 0.0, 0.0, 0.0, 0.0, 0.0, 2.527165170907323e-07, 6.288238652247294e-12, 1.4551915228366849e-11, 0.0, 1.7881393432617188e-07, 0.0, 5.030016959526344e-07, 2.0812110964728356e-07, 0.0], [0.0, 0.0, 0.0002854882163418874, 0.0045859348939775585, 0.0, 3.079025159445566e-05, 0.050073069168850244, 0.0, 0.0, 0.05438959204955541, 9.536743164062498e-07, 0.018637145610235224, 4.308920213382682e-09, 4.13475913418874e-05, 7.450580596944157e-09, 0.0, 0.0, 0.019537350208395345, 3.745186476765326e-09, 0.014768759124825451, 3.3881317890172014e-21, 0.0, 0.0, 0.0, 1.4324611185236858e-06, 1.3552527156068805e-20, 6.0730013088897725e-09, 0.01683330040455645, 0.0, 0.018402984512307843, 0.0, 1.0, 0.00015400760997456048, 0.001953601837158203, 0.0, 0.0, 0.007812500116415322, 2.596071829496843e-06, 6.20213870128311e-05, 0.013663569446364623, 8.974059837225397e-05, 0.024067317737907493, 2.4716883998253827e-09, 1.3552527156068805e-20, 0.06373937532206735, 4.4433532265523806e-10, 0.01586108889801769, 5.046101400703682e-05, 0.0, 0.001953125, 4.76837158203125e-07, 6.1035156249999986e-05, 0.0, 0.06407451233464702, 0.0, 0.03771716622204564, 0.0, 4.76916910145567e-05, 0.0, 1.0477378964424133e-09, 0.0, 0.01913975814868911, 0.0, 0.0, 6.484996993094681e-05, 0.0, 0.0, 0.02403708622817, 4.317279291257162e-06, 0.05220767815368611, 0.022315468158850372, 0.0, 0.0, 0.0, 0.0, 0.05135421484603534, 0.0, 0.002102615191761546, 0.0, 0.0, 7.5022593244995355e-06, 1.432490535080438e-06, 0.02543650849778814, 0.0], [0.0, 0.0, 9.767120654289433e-05, 0.0002741805324184751, 0.0, 3.663605029289434e-05, 0.0005276681038380893, 8.923502506148313e-11, 0.0, 0.00024230670386617736, 5.678019079554427e-11, 0.00041161355343430985, 0.0, 3.663605029289435e-05, 0.0, 0.0, 0.0, 0.00025691874081194566, 2.918651837855729e-10, 0.00043175791104237626, 0.0, 0.0, 0.0, 0.0, 8.729005552896446e-05, 0.0, 5.8207660913467394e-11, 0.00012207031249999999, 1.52587890625e-05, 0.0003233871720329008, 2.9103830456733704e-11, 0.00015400760997456048, 1.0, 0.0, 0.0, 0.0, 0.0, 0.0, 3.663605029289434e-05, 0.0003168735068086304, 0.00018095048310976935, 0.00012207125469676123, 0.0, 0.0, 0.0003824625567923547, 2.328306436538696e-10, 8.02066690779618e-05, 0.00031295398104659263, 0.0, 0.0, 5.340576171874999e-05, 0.00020459603392428366, 0.0, 0.00029794094325636647, 0.0, 0.00026779665799421174, 0