"{\"names\": [\"172.217.10.1\", \"104.88.86.240\", \"38.93.140.48\", \"192.168.10.15\", \"104.88.108.223\", \"195.142.105.15\", \"172.217.12.163\", \"206.217.206.48\", \"172.217.6.228\", \"178.255.83.1\", \"74.119.118.82\", \"192.168.10.9\", \"172.217.7.6\", \"35.186.227.40\", \"31.13.71.36\", \"206.126.112.142\", \"151.101.2.49\", \"192.168.10.25\", \"172.217.3.98\", \"192.168.10.16\", \"72.30.202.150\", \"172.217.12.132\", \"50.31.164.173\", \"162.208.20.178\", \"23.15.4.16\", \"216.58.217.99\", \"172.217.6.198\", \"172.217.12.174\", \"169.46.44.40\", \"192.168.10.17\", \"52.84.143.130\", \"104.19.195.102\", \"216.200.232.61\", \"104.97.73.166\", \"152.163.13.79\", \"192.229.163.25\", \"74.119.118.86\", \"54.225.188.92\", \"188.165.145.88\", \"192.168.10.14\", \"8.43.72.98\", \"199.96.57.6\", \"68.67.178.110\", \"104.88.70.158\", \"192.168.10.19\", \"69.172.216.56\", \"157.240.18.35\", \"172.217.11.34\", \"185.54.150.20\", \"69.169.85.7\", \"198.232.124.194\", \"74.119.118.72\", \"172.217.12.134\", \"192.168.10.5\", \"23.111.9.30\", \"192.168.10.8\", \"151.101.66.2\", \"68.67.178.199\", \"213.239.195.215\", \"138.108.7.20\", \"52.84.145.87\", \"192.168.10.50\", \"52.84.145.198\", \"52.40.24.51\", \"212.77.100.137\", \"185.54.150.115\", \"172.217.10.138\", \"152.163.66.165\", \"52.84.137.78\", \"192.168.10.51\", \"68.67.178.109\", \"129.146.14.96\", \"54.152.24.232\", \"172.217.10.33\", \"52.8.229.108\", \"192.168.10.12\", \"64.147.131.201\", \"172.217.12.206\", \"68.67.180.12\", \"172.217.10.134\", \"38.69.238.16\", \"172.217.10.142\", \"192.168.10.3\", \"172.217.6.202\"], \"funcEdges\": [[1.0, 0.0, 0.0, 0.0, 0.0, 0.0, 0.0, 0.0, 0.0, 0.0, 0.0, 0.0, 0.0, 0.0, 0.0, 0.0, 0.0, 0.0, 0.0, 0.0, 0.0, 0.0, 0.0, 0.0, 0.0, 0.0, 0.0, 0.0, 0.0, 0.0, 0.0, 0.0, 0.0, 0.0, 0.0, 0.0, 0.0, 0.0, 0.0, 0.0, 0.0, 0.0, 0.0, 0.0, 0.0, 0.0, 0.0, 0.0, 0.0, 0.0, 0.0, 0.0, 0.0, 0.0, 0.0, 0.0, 0.0, 0.0, 0.0, 0.0, 0.0, 0.0, 0.0, 0.0, 0.0, 0.0, 0.0, 0.0, 0.0, 0.0, 0.0, 0.0, 0.0, 0.0, 0.0, 0.0, 0.0, 0.0, 0.0, 0.0, 0.0, 0.0, 0.0, 0.0], [0.0, 1.0, 0.0, 0.0, 0.0, 0.0, 0.0, 0.0, 0.0, 0.0, 0.0, 0.0, 0.0, 0.0, 0.0, 0.0, 0.0, 0.0, 0.0, 0.0, 0.0, 0.0, 0.0, 0.0, 0.0, 0.0, 0.0, 0.0, 0.0, 0.0, 0.0, 0.0, 0.0, 0.0, 0.0, 0.0, 0.0, 0.0, 0.0, 0.0, 0.0, 0.0, 0.0, 0.0, 0.0, 0.0, 0.0, 0.0, 0.0, 0.0, 0.0, 0.0, 0.0, 0.0, 0.0, 0.0, 0.0, 0.0, 0.0, 0.0, 0.0, 0.0, 0.0, 0.0, 0.0, 0.0, 0.0, 0.0, 0.0, 0.0, 0.0, 0.0, 0.0, 0.0, 0.0, 0.0, 0.0, 0.0, 0.0, 0.0, 0.0, 0.0, 0.0, 0.0], [0.0, 0.0, 1.0, 0.0, 0.0, 0.0, 0.0, 0.0, 0.0, 0.0, 0.0, 0.0, 0.0, 0.0, 0.0, 0.0, 0.0, 0.0, 0.0, 0.0, 0.0, 0.0, 0.0, 0.0, 0.0, 0.0, 0.0, 0.0, 0.0, 0.0, 0.0, 0.0, 0.0, 0.0, 0.0, 0.0, 0.0, 0.0, 0.0, 0.0, 0.0, 0.0, 0.0, 0.0, 0.0, 0.0, 0.0, 0.0, 0.0, 0.0, 0.0, 0.0, 0.0, 0.0, 0.0, 0.0, 0.0, 0.0, 0.0, 0.0, 0.0, 0.0, 0.0, 0.0, 0.0, 0.0, 0.0, 0.0, 0.0, 0.0, 0.0, 0.0, 0.0, 0.0, 0.0, 0.0, 0.0, 0.0, 0.0, 0.0, 0.0, 0.0, 0.0, 0.0], [0.0, 0.0, 0.0, 1.0, 0.0, 0.0, 0.0, 0.0, 0.0, 0.27340265071601266, 0.0, 0.6184762184606766, 0.007655359609176906, 0.0, 0.4208147760143498, 0.0, 0.0, 0.31117013604627175, 0.016885059698459853, 0.47401846949433735, 0.1813331289295182, 0.00039104384285812844, 0.0012493678268338578, 0.0, 0.04792731836551262, 0.32035580361387384, 0.0, 0.008919521904310418, 0.0, 0.46301274936707665, 0.0, 0.3330872850953553, 0.0, 0.010414566346223304, 0.0, 0.0, 0.0, 0.0, 0.0, 0.30312975638557016, 0.28419679075322746, 0.32316484571360377, 0.0, 0.3203558036138738, 0.18677551054160021, 0.0009166074612047088, 0.010105384989282727, 0.10039352039413377, 0.0, 0.0, 0.0, 0.0, 0.007555515761364795, 0.5372998684440295, 0.0, 0.45262456327655326, 0.0, 5.896044506001695e-05, 0.0, 0.011652425823324325, 0.03409291796666584, 0.6471506258856559, 0.0, 0.014013059617253364, 0.0, 0.0, 0.0, 0.0023107680864710807, 0.0, 0.5757949849649916, 0.0007246700368743626, 0.0, 0.010894448724675966, 0.0, 0.0, 0.46772479455676236, 0.0, 0.210966630703408, 0.0022717715624599316, 0.0, 3.30399144572612e-05, 0.1280515926791236, 0.3679729475935927, 0.0], [0.0, 0.0, 0.0, 0.0, 1.0, 0.0, 0.0, 0.0, 0.0, 0.0, 0.0, 0.0, 0.0, 0.0, 0.0, 0.0, 0.0, 0.0, 0.0, 0.0, 0.0, 0.0, 0.0, 0.0, 0.0, 0.0, 0.0, 0.0, 0.0, 0.0, 0.0, 0.0, 0.0, 0.0, 0.0, 0.0, 0.0, 0.0, 0.0, 0.0, 0.0, 0.0, 0.0, 0.0, 0.0, 0.0, 0.0, 0.0, 0.0, 0.0, 0.0, 0.0, 0.0, 0.0, 0.0, 0.0, 0.0, 0.0, 0.0, 0.0, 0.0, 0.0, 0.0, 0.0, 0.0, 0.0, 0.0, 0.0, 0.0, 0.0, 0.0, 0.0, 0.0, 0.0, 0.0, 0.0, 0.0, 0.0, 0.0, 0.0, 0.0, 0.0, 0.0, 0.0], [0.0, 0.0, 0.0, 0.0, 0.0, 1.0, 0.0, 0.0, 0.0, 0.0, 0.0, 0.0, 0.0, 0.0, 0.0, 0.0, 0.0, 0.0, 0.0, 0.0, 0.0, 0.0, 0.0, 0.0, 0.0, 0.0, 0.0, 0.0, 0.0, 0.0, 0.0, 0.0, 0.0, 0.0, 0.0, 0.0, 0.0, 0.0, 0.0, 0.0, 0.0, 0.0, 0.0, 0.0, 0.0, 0.0, 0.0, 0.0, 0.0, 0.0, 0.0, 0.0, 0.0, 0.0, 0.0, 0.0, 0.0, 0.0, 0.0, 0.0, 0.0, 0.0, 0.0, 0.0, 0.0, 0.0, 0.0, 0.0, 0.0, 0.0, 0.0, 0.0, 0.0, 0.0, 0.0, 0.0, 0.0, 0.0, 0.0, 0.0, 0.0, 0.0, 0.0, 0.0], [0.0, 0.0, 0.0, 0.0, 0.0, 0.0, 1.0, 0.0, 0.0, 0.0, 0.0, 0.0, 0.0, 0.0, 0.0, 0.0, 0.0, 0.0, 0.0, 0.0, 0.0, 0.0, 0.0, 0.0, 0.0, 0.0, 0.0, 0.0, 0.0, 0.0, 0.0, 0.0, 0.0, 0.0, 0.0, 0.0, 0.0, 0.0, 0.0, 0.0, 0.0, 0.0, 0.0, 0.0, 0.0, 0.0, 0.0, 0.0, 0.0, 0.0, 0.0, 0.0, 0.0, 0.0, 0.0, 0.0, 0.0, 0.0, 0.0, 0.0, 0.0, 0.0, 0.0, 0.0, 0.0, 0.0, 0.0, 0.0, 0.0, 0.0, 0.0, 0.0, 0.0, 0.0, 0.0, 0.0, 0.0, 0.0, 0.0, 0.0, 0.0, 0.0, 0.0, 0.0], [0.0, 0.0, 0.0, 0.0, 0.0, 0.0, 0.0, 1.0, 0.0, 0.0, 0.0, 0.0, 0.0, 0.0, 0.0, 0.0, 0.0, 0.0, 0.0, 0.0, 0.0, 0.0, 0.0, 0.0, 0.0, 0.0, 0.0, 0.0, 0.0, 0.0, 0.0, 0.0, 0.0, 0.0, 0.0, 0.0, 0.0, 0.0, 0.0, 0.0, 0.0, 0.0, 0.0, 0.0, 0.0, 0.0, 0.0, 0.0, 0.0, 0.0, 0.0, 0.0, 0.0, 0.0, 0.0, 0.0, 0.0, 0.0, 0.0, 0.0, 0.0, 0.0, 0.0, 0.0, 0.0, 0.0, 0.0, 0.0, 0.0, 0.0, 0.0, 0.0, 0.0, 0.0, 0.0, 0.0, 0.0, 0.0, 0.0, 0.0, 0.0, 0.0, 0.0, 0.0], [0.0, 0.0, 0.0, 0.0, 0.0, 0.0, 0.0, 0.0, 1.0, 0.0, 0.0, 0.0, 0.0, 0.0, 0.0, 0.0, 0.0, 0.0, 0.0, 0.0, 0.0, 0.0, 0.0, 0.0, 0.0, 0.0, 0.0, 0.0, 0.0, 0.0, 0.0, 0.0, 0.0, 0.0, 0.0, 0.0, 0.0, 0.0, 0.0, 0.0, 0.0, 0.0, 0.0, 0.0, 0.0, 0.0, 0.0, 0.0, 0.0, 0.0, 0.0, 0.0, 0.0, 0.0, 0.0, 0.0, 0.0, 0.0, 0.0, 0.0, 0.0, 0.0, 0.0, 0.0, 0.0, 0.0, 0.0, 0.0, 0.0, 0.0, 0.0, 0.0, 0.0, 0.0, 0.0, 0.0, 0.0, 0.0, 0.0, 0.0, 0.0, 0.0, 0.0, 0.0], [0.0, 0.0, 0.0, 0.27340265071601266, 0.0, 0.0, 0.0, 0.0, 0.0, 1.0, 0.0, 0.25527091131219964, 0.008175856532470667, 0.0, 0.29474788056425805, 0.0, 0.0, 0.2922271158703667, 0.012536395774618465, 0.677718143623457, 0.34207654234892726, 0.0006132475225952466, 0.0028810905919105312, 0.0, 0.04823397707133059, 0.038564503323247186, 0.0, 0.043545040465637855, 0.0, 0.49420616986224597, 0.0, 0.2870778697256047, 0.0, 0.0049325975765666325, 0.0, 0.0, 0.0, 0.0, 0.0, 0.4879236771028239, 0.11290406411397413, 0.04290174202967202, 0.0, 0.03856450332324717, 0.5890401183399321, 0.0005662623356478256, 0.004071402280445277, 0.40450962298197074, 0.0, 0.0, 0.0, 0.0, 0.004004949852456571, 0.514206074750731, 0.0, 0.2563273644621625, 0.0, 0.006732952080687843, 0.0, 0.005698427309698266, 0.021355060894928626, 0.24665933076408786, 0.0, 0.013912181605652878, 0.0, 0.0, 0.0, 0.0035659020670909254, 0.0, 0.41749960632788774, 0.001209148756128628, 0.0, 0.0032545432618287917, 0.0, 0.0, 0.4053118376002035, 0.0, 0.08453788447008954, 0.007195959586373793, 0.0, 0.00012207031249999999, 0.3747455884924014, 0.3220976302938685, 0.0], [0.0, 0.0, 0.0, 0.0, 0.0, 0.0, 0.0, 0.0, 0.0, 0.0, 1.0, 0.0, 0.0, 0.0, 0.0, 0.0, 0.0, 0.0, 0.0, 0.0, 0.0, 0.0, 0.0, 0.0, 0.0, 0.0, 0.0, 0.0, 0.0, 0.0, 0.0, 0.0, 0.0, 0.0, 0.0, 0.0, 0.0, 0.0, 0.0, 0.0, 0.0, 0.0, 0.0, 0.0, 0.0, 0.0, 0.0, 0.0, 0.0, 0.0, 0.0, 0.0, 0.0, 0.0, 0.0, 0.0, 0.0, 0.0, 0.0, 0.0, 0.0, 0.0, 0.0, 0.0, 0.0, 0.0, 0.0, 0.0, 0.0, 0.0, 0.0, 0.0, 0.0, 0.0, 0.0, 0.0, 0.0, 0.0, 0.0, 0.0, 0.0, 0.0, 0.0, 0.0], [0.0, 0.0, 0.0, 0.6184762184606766, 0.0, 0.0, 0.0, 0.0, 0.0, 0.25527091131219964, 0.0, 1.0, 0.011329593547391251, 0.0, 0.48423026319723744, 0.0, 0.0, 0.4905485398687052, 0.014936097056691303, 0.372323440656833, 0.17920043407009045, 0.001603689068716965, 0.00308585835239638, 0.0, 0.026436179786757653, 0.20780579384469466, 0.0, 0.03418835156368407, 0.0, 0.5259875984445008, 0.0, 0.35923026319723755, 0.0, 0.011641955560991154, 0.0, 0.0, 0.0, 0.0, 0.0, 0.4172864702825017, 0.031249999999999997, 0.21206085725197846, 0.0, 0.2078057938446947, 0.4541156754721961, 0.0025321477646570636, 0.00921122163583745, 0.36784064542821304, 0.0, 0.0, 0.0, 0.0, 0.007776963804322915, 0.6064687997115248, 0.0, 0.25703589910303026, 0.0, 0.006322418796802644, 0.0, 0.020086699555531502, 0.033850604936107906, 0.5932648064873556, 0.0, 0.020556787919490564, 0.0, 0.0, 0.0, 0.013290969629568111, 0.0, 0.2193689657944105, 0.0023084969321825253, 0.0, 0.008608385338072162, 0.0, 0.0, 0.1629701963927028, 0.0, 0.3158329628864641, 0.014906622610497971, 0.0, 0.000197094404624451, 0.2627417996474092, 0.3840567889631253, 0.0], [0.0, 0.0, 0.0, 0.007655359609176906, 0.0, 0.0, 0.0, 0.0, 0.0, 0.008175856532470667, 0.0, 0.011329593547391251, 1.0, 0.0, 0.0, 0.0, 0.0, 0.011055012758439653, 0.005859375, 0.007929533576356108, 0.003906250000000001, 0.0, 0.0, 0.0, 0.0, 0.0, 0.0, 0.018335594179489743, 0.0, 0.0052002289340694705, 0.0, 0.0, 0.0, 0.0, 0.0, 0.0, 0.0, 0.0, 0.0, 0.005286111785049557, 0.0, 0.0, 0.0, 0.0, 0.011463523068761815, 0.0, 0.0078125, 0.0, 0.0, 0.0, 0.0, 0.0, 0.0078125, 0.011956017840015976, 0.0, 0.00634992756273112, 0.0, 0.004385479682717277, 0.0, 0.0019531249999999996, 0.003906249999999999, 0.013743837498374042, 0.0, 0.00390625, 0.0, 0.0, 0.0, 0.0039062499999999996, 0.0, 0.007306456949877296, 0.0, 0.0, 0.0078125, 0.0, 0.0, 0.006658413041652704, 0.0, 0.0039062499999999996, 0.00879233017401705, 0.0, 0.0, 0.0, 0.014739404278224549, 0.0], [0.0, 0.0, 0.0, 0.0, 0.0, 0.0, 0.0, 0.0, 0.0, 0.0, 0.0, 0.0, 0.0, 1.0, 0.0, 0.0, 0.0, 0.0, 0.0, 0.0, 0.0, 0.0, 0.0, 0.0, 0.0, 0.0, 0.0, 0.0, 0.0, 0.0, 0.0, 0.0, 0.0, 0.0, 0.0, 0.0, 0.0, 0.0, 0.0, 0.0, 0.0, 0.0, 0.0, 0.0, 0.0, 0.0, 0.0, 0.0, 0.0, 0.0, 0.0, 0.0, 0.0, 0.0, 0.0, 0.0, 0.0, 0.0, 0.0, 0.0, 0.0, 0.0, 0.0, 0.0, 0.0, 0.0, 0.0, 0.0, 0.0, 0.0, 0.0, 0.0, 0.0, 0.0, 0.0, 0.0, 0.0, 0.0, 0.0, 0.0, 0.0, 0.0, 0.0, 0.0], [0.0, 0.0, 0.0, 0.4208147760143498, 0.0, 0.0, 0.0, 0.0, 0.0, 0.29474788056425805, 0.0, 0.48423026319723744, 0.0, 0.0, 1.0, 0.0, 0.0, 0.5028863829287976, 0.0, 0.2671184939654794, 0.125, 0.0, 0.0, 0.0, 0.0, 0.4999999999999999, 0.0, 0.0, 0.0, 0.16333950677968972, 0.0, 0.75, 0.0, 0.0, 0.0, 0.0, 0.0, 0.0, 0.0, 0.40814660800168934, 0.09374999999999997, 0.5, 0.0, 0.49999999999999994, 0.16981945978844157, 0.0, 0.0, 0.22835206095005403, 0.0, 0.0, 0.0, 0.0, 0.0, 0.4247989216487266, 0.0, 0.25169806846076004, 0.0, 0.0, 0.0, 0.0, 0.0, 0.317649843901301, 0.0, 0.0, 0.0, 0.0, 0.0, 0.0, 0.0, 0.17912774861941838, 0.0, 0.0, 0.0, 0.0, 0.0, 0.4235849806819676, 0.0, 0.1875, 0.0, 0.0, 0.0, 0.1959234827490736, 0.7156569131938844, 0.0], [0.0, 0.0, 0.0, 0.0, 0.0, 0.0, 0.0, 0.0, 0.0, 0.0, 0.0, 0.0, 0.0, 0.0, 0.0, 1.0, 0.0, 0.0, 0.0, 0.0, 0.0, 0.0, 0.0, 0.0, 0.0, 0.0, 0.0, 0.0, 0.0, 0.0, 0.0, 0.0, 0.0, 0.0, 0.0, 0.0, 0.0, 0.0, 0.0, 0.0, 0.0, 0.0, 0.0, 0.0, 0.0, 0.0, 0.0, 0.0, 0.0, 0.0, 0.0, 0.0, 0.0, 0.0, 0.0, 0.0, 0.0, 0.0, 0.0, 0.0, 0.0, 0.0, 0.0, 0.0, 0.0, 0.0, 0.0, 0.0, 0.0, 0.0, 0.0, 0.0, 0.0, 0.0, 0.0, 0.0, 0.0, 0.0, 0.0, 0.0, 0.0, 0.0, 0.0, 0.0], [0.0, 0.0, 0.0, 0.0, 0.0, 0.0, 0.0, 0.0, 0.0, 0.0, 0.0, 0.0, 0.0, 0.0, 0.0, 0.0, 1.0, 0.0, 0.0, 0.0, 0.0, 0.0, 0.0, 0.0, 0.0, 0.0, 0.0, 0.0, 0.0, 0.0, 0.0, 0.0, 0.0, 0.0, 0.0, 0.0, 0.0, 0.0, 0.0, 0.0, 0.0, 0.0, 0.0, 0.0, 0.0, 0.0, 0.0, 0.0, 0.0, 0.0, 0.0, 0.0, 0.0, 0.0, 0.0, 0.0, 0.0, 0.0, 0.0, 0.0, 0.0, 0.0, 0.0, 0.0, 0.0, 0.0, 0.0, 0.0, 0.0, 0.0, 0.0, 0.0, 0.0, 0.0, 0.0, 0.0, 0.0, 0.0, 0.0, 0.0, 0.0, 0.0, 0.0, 0.0], [0.0, 0.0, 0.0, 0.31117013604627175, 0.0, 0.0, 0.0, 0.0, 0.0, 0.2922271158703667, 0.0, 0.4905485398687052, 0.011055012758439653, 0.0, 0.5028863829287976, 0.0, 0.0, 1.0, 0.014839384633793256, 0.4603582888432666, 0.2745470033766543, 0.0014356252578722408, 0.002771380562264384, 0.0, 0.02406689395868133, 0.271928769928849, 0.0, 0.037641664740502095, 0.0, 0.40176217708031725, 0.0, 0.4129402034992881, 0.0, 0.01498574429503835, 0.0, 0.0, 0.0, 0.0, 0.0, 0.31754226764774635, 0.12960679215280974, 0.2759970614784622, 0.0, 0.27192876992884896, 0.3761895638614813, 0.0012466744535127488, 0.01076521489335977, 0.4132689828505358, 0.0, 0.0, 0.0, 0.0, 0.008622954063444791, 0.41343823670906465, 0.0, 0.544068707419259, 0.0, 0.006260382298399499, 0.0, 0.01803599388747982, 0.007733253268922805, 0.245953537321969, 0.0, 0.024515969490998595, 0.0, 0.0, 0.0, 0.010858499203224925, 0.0, 0.1291052047352858, 0.0015951201717547278, 0.0, 0.010464837231783103, 0.0, 0.0, 0.2715724875822342, 0.0, 0.21959035982241998, 0.011870688022567473, 0.0, 8.850422746344309e-05, 0.384696023708705, 0.5456177502891095, 0.0], [0.0, 0.0, 0.0, 0.016885059698459853, 0.0, 0.0, 0.0, 0.0, 0.0, 0.012536395774618465, 0.0, 0.014936097056691303, 0.005859375, 0.0, 0.0, 0.0, 0.0, 0.014839384633793256, 1.0, 0.0125463737699501, 0.00390625, 0.0011013741186857724, 0.0015230005243009781, 0.0, 0.0, 0.0, 0.0, 0.01168814398539866, 0.0, 0.004334920201179309, 0.0, 0.0, 0.0, 0.00024414062499999997, 0.0, 0.0, 0.0, 0.0, 0.0, 0.01855098397991917, 0.0, 0.002057504636410303, 0.0, 0.0, 0.010934277812970409, 0.0023316856084867593, 0.005316914594425495, 0.0, 0.0, 0.0, 0.0, 0.0, 0.0025855974876086247, 0.007956796984506541, 0.0, 0.02349405480019241, 0.0, 0.004385479682717279, 0.0, 0.008056640624999998, 0.003906250000000001, 0.021568635057051797, 0.0, 0.005941633711301676, 0.0, 0.0, 0.0, 0.00390625, 0.0, 0.013883386809238365, 0.0007917549131503167, 0.0, 0.0033502203343330674, 0.0, 0.0, 0.019951972013720454, 0.0, 0.004106309678819444, 0.006366859781184762, 0.0, 0.0001220703125, 0.0, 0.009151006213669662, 0.0], [0.0, 0.0, 0.0, 0.47401846949433735, 0.0, 0.0, 0.0, 0.0, 0.0, 0.677718143623457, 0.0, 0.372323440656833, 0.007929533576356108, 0.0, 0.2671184939654794, 0.0, 0.0, 0.4603582888432666, 0.0125463737699501, 1.0, 0.44763635913655897, 0.001940447911990236, 0.0012948171077591462, 0.0, 0.05263478345771232, 0.09365858115816939, 0.0, 0.04543947355468574, 0.0, 0.38058897503405964, 0.0, 0.25798632657289167, 0.0, 0.0034479163527685167, 0.0, 0.0, 0.0, 0.0, 0.0, 0.48017510008212005, 0.19481099734880802, 0.09922346647633556, 0.0, 0.0936585811581694, 0.44856062342637326, 0.0016705034981743892, 0.002810717237465725, 0.37164334003040667, 0.0, 0.0, 0.0, 0.0, 0.002043234852175096, 0.3235415123190888, 0.0, 0.37598970618533045, 0.0, 0.004943795684832688, 0.0, 0.010512632613503742, 0.01558400147848178, 0.5563737034392664, 0.0, 0.012490621804539158, 0.0, 0.0, 0.0, 0.002758098635254299, 0.0, 0.4061754522935985, 0.0019000457748393753, 0.0, 0.0019542255767720815, 0.0, 0.0, 0.22788094317696375, 0.0, 0.14039027178578545, 0.008509281330167609, 0.0, 0.00029900997836708714, 0.3517124609051435, 0.3189894689627131, 0.0], [0.0, 0.0, 0.0, 0.1813331289295182, 0.0, 0.0, 0.0, 0.0, 0.0, 0.34207654234892726, 0.0, 0.17920043407009045, 0.003906250000000001, 0.0, 0.125, 0.0, 0.0, 0.2745470033766543, 0.00390625, 0.44763635913655897, 1.0, 0.0, 0.0, 0.0, 0.0, 0.12499999999999999, 0.0, 0.004781700563680666, 0.0, 0.1525406546396774, 0.0, 0.125, 0.0, 0.0, 0.0, 0.0, 0.0, 0.0, 0.0, 0.33589969738580655, 0.0, 0.125, 0.0, 0.125, 0.2412739615440244, 0.0, 0.0, 0.11700538740017992, 0.0, 0.0, 0.0, 0.0, 0.0, 0.10955017359796948, 0.0, 0.4030534031249858, 0.0, 0.004385479682717278, 0.0, 0.0, 0.00390625, 0.18353231083978197, 0.0, 0.003906250000000001, 0.0, 0.0, 0.0, 0.015625, 0.0, 0.17876805558148565, 0.0, 0.0, 0.0, 0.0, 0.0, 0.16626146682495707, 0.0, 0.0039062499999999996, 0.010308249169537232, 0.0, 0.0, 0.12056070554260304, 0.28409227670859166, 0.0], [0.0, 0.0, 0.0, 0.00039104384285812844, 0.0, 0.0, 0.0, 0.0, 0.0, 0.0006132475225952466, 0.0, 0.001603689068716965, 0.0, 0.0, 0.0, 0.0, 0.0, 0.0014356252578722408, 0.0011013741186857724, 0.001940447911990236, 0.0, 1.0, 0.0, 0.0, 0.0, 0.0, 0.0, 0.002169013780599565, 0.0, 0.001997799800415977, 0.0, 0.0, 0.0, 0.0, 0.0, 0.0, 0.0, 0.0, 0.0, 0.0012481128990543076, 0.0, 0.0021882349995066483, 0.0, 0.0, 0.0013671396707910634, 0.0007324218749999999, 0.0010942644738779238, 0.0, 0.0, 0.0, 0.0, 0.0, 0.0017089843749999998, 0.00014998131054704464, 0.0, 0.00016495600755507967, 0.0, 0.0, 0.0, 0.0, 0.0, 0.001816412512568611, 0.0, 0.00014998131054704464, 0.0, 0.0, 0.0, 0.0, 0.0, 0.0020299900884821623, 0.0, 0.0, 0.0, 0.0, 0.0, 0.0011031002303439235, 0.0, 0.00024245063068316952, 0.0, 0.0, 0.0001499813105470446, 0.0, 0.0008876764434552482, 0.0], [0.0, 0.0, 0.0, 0.0012493678268338578, 0.0, 0.0, 0.0, 0.0, 0.0, 0.0028810905919105312, 0.0, 0.00308585835239638, 0.0, 0.0, 0.0, 0.0, 0.0, 0.002771380562264384, 0.0015230005243009781, 0.0012948171077591462, 0.0, 0.0, 1.0, 0.0, 0.0, 0.0, 0.0, 0.000923383517677642, 0.0, 0.0003434877468635667, 0.0, 0.0, 0.0, 0.000244140625, 0.0, 0.0, 0.0, 0.0, 0.0, 0.0005459150335692845, 0.0, 0.001220703125, 0.0, 0.0, 0.00011500029374690319, 0.00038210115539039595, 0.0012749707615438205, 0.0, 0.0, 0.0, 0.0, 0.0, 0.00024414062499999997, 0.0039062499999999987, 0.0, 0.0, 0.0, 0.0, 0.0, 0.000244140625, 0.0, 0.0026724407103030563, 0.0, 0.001953125, 0.0, 0.0, 0.0, 0.0, 0.0, 0.0007614622526152413, 0.0011318464992132056, 0.0, 0.0015525240446931962, 0.0, 0.0, 0.004803251385064859, 0.0, 0.0, 0.0, 0.0, 0.0, 0.0, 0.0028417941773609358, 0.0], [0.0, 0.0, 0.0, 0.0, 0.0, 0.0, 0.0, 0.0, 0.0, 0.0, 0.0, 0.0, 0.0, 0.0, 0.0, 0.0, 0.0, 0.0, 0.0, 0.0, 0.0, 0.0, 0.0, 1.0, 0.0, 0.0, 0.0, 0.0, 0.0, 0.0, 0.0, 0.0, 0.0, 0.0, 0.0, 0.0, 0.0, 0.0, 0.0, 0.0, 0.0, 0.0, 0.0, 0.0, 0.0, 0.0, 0.0, 0.0, 0.0, 0.0, 0.0, 0.0, 0.0, 0.0, 0.0, 0.0, 0.0, 0.0, 0.0, 0.0, 0.0, 0.0, 0.0, 0.0, 0.0, 0.0, 0.0, 0.0, 0.0, 0.0, 0.0, 0.0, 0.0, 0.0, 0.0, 0.0, 0.0, 0.0, 0.0, 0.0, 0.0, 0.0, 0.0, 0.0], [0.0, 0.0, 0.0, 0.04792731836551262, 0.0, 0.0, 0.0, 0.0, 0.0, 0.04823397707133059, 0.0, 0.026436179786757653, 0.0, 0.0, 0.0, 0.0, 0.0, 0.02406689395868133, 0.0, 0.05263478345771232, 0.0, 0.0, 0.0, 0.0, 1.0, 0.0, 0.0, 0.015865732550706366, 0.0, 0.032155984714220404, 0.0, 0.0, 0.0, 0.0, 0.0, 0.0, 0.0, 0.0, 0.0, 0.025515518153991435, 0.0, 0.0, 0.0, 0.0, 0.037839030396467146, 0.0, 0.0, 0.0, 0.0, 0.0, 0.0, 0.0, 0.0, 0.00287921654729132, 0.0, 0.020349339260278758, 0.0, 0.0, 0.0, 0.0, 0.0, 0.028820891494778893, 0.0, 0.0, 0.0, 0.0, 0.0, 0.0, 0.0, 0.001282709250420001, 0.0, 0.0, 0.0, 0.0, 0.0, 0.0287943352788844, 0.0, 0.03422353478464272, 0.0, 0.0, 0.0, 0.0, 0.020319477557694112, 0.0], [0.0, 0.0, 0.0, 0.32035580361387384, 0.0, 0.0, 0.0, 0.0, 0.0, 0.038564503323247186, 0.0, 0.20780579384469466, 0.0, 0.0, 0.4999999999999999, 0.0, 0.0, 0.271928769928849, 0.0, 0.09365858115816939, 0.12499999999999999, 0.0, 0.0, 0.0, 0.0, 1.0, 0.0, 0.0, 0.0, 0.064059173033522, 0.0, 0.5, 0.0, 0.0, 0.0, 0.0, 0.0, 0.0, 0.0, 0.28972970500712913, 0.0, 0.5, 0.0, 0.4999999999999999, 0.08638684255813601, 0.0, 0.0, 0.1276422408001963, 0.0, 0.0, 0.0, 0.0, 0.0, 0.15262277568057042, 0.0, 0.1141088661469096, 0.0, 0.0, 0.0, 0.0, 0.0, 0.20415483380190844, 0.0, 0.0, 0.0, 0.0, 0.0, 0.0, 0.0, 0.04287464628562719, 0.0, 0.0, 0.0, 0.0, 0.0, 0.3469153181934992, 0.0, 0.0, 0.0, 0.0, 0.0, 0.1808410583139045, 0.4385276512474902, 0.0], [0.0, 0.0, 0.0, 0.0, 0.0, 0.0, 0.0, 0.0, 0.0, 0.0, 0.0, 0.0, 0.0, 0.0, 0.0, 0.0, 0.0, 0.0, 0.0, 0.0, 0.0, 0.0, 0.0, 0.0, 0.0, 0.0, 1.0, 0.0, 0.0, 0.0, 0.0, 0.0, 0.0, 0.0, 0.0, 0.0, 0.0, 0.0, 0.0, 0.0, 0.0, 0.0, 0.0, 0.0, 0.0, 0.0, 0.0, 0.0, 0.0, 0.0, 0.0, 0.0, 0.0, 0.0, 0.0, 0.0, 0.0, 0.0, 0.0, 0.0, 0.0, 0.0, 0.0, 0.0, 0.0, 0.0, 0.0, 0.0, 0.0, 0.0, 0.0, 0.0, 0.0, 0.0, 0.0, 0.0, 0.0, 0.0, 0.0, 0.0, 0.0, 0.0, 0.0, 0.0], [0.0, 0.0, 0.0, 0.008919521904310418, 0.0, 0.0, 0.0, 0.0, 0.0, 0.043545040465637855, 0.0, 0.03418835156368407, 0.018335594179489743, 0.0, 0.0, 0.0, 0.0, 0.037641664740502095, 0.01168814398539866, 0.04543947355468574, 0.004781700563680666, 0.002169013780599565, 0.000923383517677642, 0.0, 0.015865732550706366, 0.0, 0.0, 1.0, 0.0, 0.05627073740883681, 0.0, 0.0, 0.0, 0.012036961552515338, 0.0, 0.0, 0.0, 0.0, 0.0, 0.05358500115692252, 0.0, 0.00403841030900738, 0.0, 0.0, 0.03146972739319244, 0.0010140341015535646, 0.004419532685701106, 0.0, 0.0, 0.0, 0.0, 0.0, 0.005632213842219444, 0.08360503687965631, 0.0, 0.027665963974956808, 0.0, 0.004374197236232582, 0.0, 0.008778655389212905, 0.004186775580545268, 0.04668870799417243, 0.0, 0.016446487181651467, 0.0, 0.0, 0.0, 0.004781700563680668, 0.0, 0.0725622102400065, 0.0008305354759793802, 0.0, 0.0048259069656476465, 0.0, 0.0, 0.03374961166425658, 0.0, 0.029596359096197025, 0.008013700792059271, 0.0, 0.000291173297049079, 0.0, 0.02510030500593115, 0.0], [0.0, 0.0, 0.0, 0.0, 0.0, 0.0, 0.0, 0.0, 0.0, 0.0, 0.0, 0.0, 0.0, 0.0, 0.0, 0.0, 0.0, 0.0, 0.0, 0.0, 0.0, 0.0, 0.0, 0.0, 0.0, 0.0, 0.0, 0.0, 1.0, 0.0, 0.0, 0.0, 0.0, 0.0, 0.0, 0.0, 0.0, 0.0, 0.0, 0.0, 0.0, 0.0, 0.0, 0.0, 0.0, 0.0, 0.0, 0.0, 0.0, 0.0, 0.0, 0.0, 0.0, 0.0, 0.0, 0.0, 0.0, 0.0, 0.0, 0.0, 0.0, 0.0, 0.0, 0.0, 0.0, 0.0, 0.0, 0.0, 0.0, 0.0, 0.0, 0.0, 0.0, 0.0, 0.0, 0.0, 0.0, 0.0, 0.0, 0.0, 0.0, 0.0, 0.0, 0.0], [0.0, 0.0, 0.0, 0.46301274936707665, 0.0, 0.0, 0.0, 0.0, 0.0, 0.49420616986224597, 0.0, 0.5259875984445008, 0.0052002289340694705, 0.0, 0.16333950677968972, 0.0, 0.0, 0.40176217708031725, 0.004334920201179309, 0.38058897503405964, 0.1525406546396774, 0.001997799800415977, 0.0003434877468635667, 0.0, 0.032155984714220404, 0.064059173033522, 0.0, 0.05627073740883681, 0.0, 1.0, 0.0, 0.08679295231771542, 0.0, 0.003252090334888995, 0.0, 0.0, 0.0, 0.0, 0.0, 0.5888782506668179, 0.11803585946139512, 0.0703418307130002, 0.0, 0.06405917303352199, 0.5752583382430946, 0.001976495888871468, 0.007332287337290755, 0.6846588110678676, 0.0, 0.0, 0.0, 0.0, 0.00608959707698879, 0.41108206635434896, 0.0, 0.2981701300966161, 0.0, 0.013655765150201078, 0.0, 0.012405064293301502, 0.022619683423878836, 0.5409008939940165, 0.0, 0.021895259779617125, 0.0, 0.0, 0.0, 0.006119687705912828, 0.0, 0.3052629736375946, 0.0019224740340893754, 0.0, 0.005923593986105023, 0.0, 0.0, 0.2820091280556361, 0.0, 0.22396220421007113, 0.004577078872644538, 0.0, 0.00017855215865322143, 0.6689065445327911, 0.19315551340494402, 0.0], [0.0, 0.0, 0.0, 0.0, 0.0, 0.0, 0.0, 0.0, 0.0, 0.0, 0.0, 0.0, 0.0, 0.0, 0.0, 0.0, 0.0, 0.0, 0.0, 0.0, 0.0, 0.0, 0.0, 0.0, 0.0, 0.0, 0.0, 0.0, 0.0, 0.0, 1.0, 0.0, 0.0, 0.0, 0.0, 0.0, 0.0, 0.0, 0.0, 0.0, 0.0, 0.0, 0.0, 0.0, 0.0, 0.0, 0.0, 0.0, 0.0, 0.0, 0.0, 0.0, 0.0, 0.0, 0.0, 0.0, 0.0, 0.0, 0.0, 0.0, 0.0, 0.0, 0.0, 0.0, 0.0, 0.0, 0.0, 0.0, 0.0, 0.0, 0.0, 0.0, 0.0, 0.0, 0.0, 0.0, 0.0, 0.0, 0.0, 0.0, 0.0, 0.0, 0.0, 0.0], [0.0, 0.0, 0.0, 0.3330872850953553, 0.0, 0.0, 0.0, 0.0, 0.0, 0.2870778697256047, 0.0, 0.35923026319723755, 0.0, 0.0, 0.75, 0.0, 0.0, 0.4129402034992881, 0.0, 0.25798632657289167, 0.125, 0.0, 0.0, 0.0, 0.0, 0.5, 0.0, 0.0, 0.0, 0.08679295231771542, 0.0, 1.0, 0.0, 0.0, 0.0, 0.0, 0.0, 0.0, 0.0, 0.3860954133238042, 0.06250000000000001, 0.5, 0.0, 0.5, 0.11979449779718906, 0.0, 0.0, 0.2117052107368626, 0.0, 0.0, 0.0, 0.0, 0.0, 0.35001082297838326, 0.0, 0.19464363538730525, 0.0, 0.0, 0.0, 0.0, 0.0, 0.26709965665854085, 0.0, 0.0, 0.0, 0.0, 0.0, 0.0, 0.0, 0.10925062432255, 0.0, 0.0, 0.0, 0.0, 0.0, 0.3902646405035485, 0.0, 0.0625, 0.0, 0.0, 0.0, 0.1959234827490736, 0.6340759552017936, 0.0], [0.0, 0.0, 0.0, 0.0, 0.0, 0.0, 0.0, 0.0, 0.0, 0.0, 0.0, 0.0, 0.0, 0.0, 0.0, 0.0, 0.0, 0.0, 0.0, 0.0, 0.0, 0.0, 0.0, 0.0, 0.0, 0.0, 0.0, 0.0, 0.0, 0.0, 0.0, 0.0, 1.0, 0.0, 0.0, 0.0, 0.0, 0.0, 0.0, 0.0, 0.0, 0.0, 0.0, 0.0, 0.0, 0.0, 0.0, 0.0, 0.0, 0.0, 0.0, 0.0, 0.0, 0.0, 0.0, 0.0, 0.0, 0.0, 0.0, 0.0, 0.0, 0.0, 0.0, 0.0, 0.0, 0.0, 0.0, 0.0, 0.0, 0.0, 0.0, 0.0, 0.0, 0.0, 0.0, 0.0, 0.0, 0.0, 0.0, 0.0, 0.0, 0.0, 0.0, 0.0], [0.0, 0.0, 0.0, 0.010414566346223304, 0.0, 0.0, 0.0, 0.0, 0.0, 0.0049325975765666325, 0.0, 0.011641955560991154, 0.0, 0.0, 0.0, 0.0, 0.0, 0.01498574429503835, 0.00024414062499999997, 0.0034479163527685167, 0.0, 0.0, 0.000244140625, 0.0, 0.0, 0.0, 0.0, 0.012036961552515338, 0.0, 0.003252090334888995, 0.0, 0.0, 0.0, 1.0, 0.0, 0.0, 0.0, 0.0, 0.0, 0.007907488094509528, 0.0, 0.00024414062499999997, 0.0, 0.0, 0.020223952838465332, 0.0002410571047429343, 0.0009595873508467964, 0.0, 0.0, 0.0, 0.0, 0.0, 0.000244140625, 0.014487809788366193, 0.0, 0.0, 0.0, 0.0, 0.0, 0.030580366634761488, 0.0082533202187628, 0.007434279484925549, 0.0, 0.03146322145249407, 0.0, 0.0, 0.0, 0.0, 0.0, 0.015665615967185825, 0.0, 0.0, 0.0, 0.0, 0.0, 0.007981047224575589, 0.0, 0.010888159234976465, 0.0, 0.0, 0.0, 0.0, 0.0005917645873656668, 0.0], [0.0, 0.0, 0.0, 0.0, 0.0, 0.0, 0.0, 0.0, 0.0, 0.0, 0.0, 0.0, 0.0, 0.0, 0.0, 0.0, 0.0, 0.0, 0.0, 0.0, 0.0, 0.0, 0.0, 0.0, 0.0, 0.0, 0.0, 0.0, 0.0, 0.0, 0.0, 0.0, 0.0, 0.0, 1.0, 0.0, 0.0, 0.0, 0.0, 0.0, 0.0, 0.0, 0.0, 0.0, 0.0, 0.0, 0.0, 0.0, 0.0, 0.0, 0.0, 0.0, 0.0, 0.0, 0.0, 0.0, 0.0, 0.0, 0.0, 0.0, 0.0, 0.0, 0.0, 0.0, 0.0, 0.0, 0.0, 0.0, 0.0, 0.0, 0.0, 0.0, 0.0, 0.0, 0.0, 0.0, 0.0, 0.0, 0.0, 0.0, 0.0, 0.0, 0.0, 0.0], [0.0, 0.0, 0.0, 0.0, 0.0, 0.0, 0.0, 0.0, 0.0, 0.0, 0.0, 0.0, 0.0, 0.0, 0.0, 0.0, 0.0, 0.0, 0.0, 0.0, 0.0, 0.0, 0.0, 0.0, 0.0, 0.0, 0.0, 0.0, 0.0, 0.0, 0.0, 0.0, 0.0, 0.0, 0.0, 1.0, 0.0, 0.0, 0.0, 0.0, 0.0, 0.0, 0.0, 0.0, 0.0, 0.0, 0.0, 0.0, 0.0, 0.0, 0.0, 0.0, 0.0, 0.0, 0.0, 0.0, 0.0, 0.0, 0.0, 0.0, 0.0, 0.0, 0.0, 0.0, 0.0, 0.0, 0.0, 0.0, 0.0, 0.0, 0.0, 0.0, 0.0, 0.0, 0.0, 0.0, 0.0, 0.0, 0.0, 0.0, 0.0, 0.0, 0.0, 0.0], [0.0, 0.0, 0.0, 0.0, 0.0, 0.0, 0.0, 0.0, 0.0, 0.0, 0.0, 0.0, 0.0, 0.0, 0.0, 0.0, 0.0, 0.0, 0.0, 0.0, 0.0, 0.0, 0.0, 0.0, 0.0, 0.0, 0.0, 0.0, 0.0, 0.0, 0.0, 0.0, 0.0, 0.0, 0.0, 0.0, 1.0, 0.0, 0.0, 0.0, 0.0, 0.0, 0.0, 0.0, 0.0, 0.0, 0.0, 0.0, 0.0, 0.0, 0.0, 0.0, 0.0, 0.0, 0.0, 0.0, 0.0, 0.0, 0.0, 0.0, 0.0, 0.0, 0.0, 0.0, 0.0, 0.0, 0.0, 0.0, 0.0, 0.0, 0.0, 0.0, 0.0, 0.0, 0.0, 0.0, 0.0, 0.0, 0.0, 0.0, 0.0, 0.0, 0.0, 0.0], [0.0, 0.0, 0.0, 0.0, 0.0, 0.0, 0.0, 0.0, 0.0, 0.0, 0.0, 0.0, 0.0, 0.0, 0.0, 0.0, 0.0, 0.0, 0.0, 0.0, 0.0, 0.0, 0.0, 0.0, 0.0, 0.0, 0.0, 0.0, 0.0, 0.0, 0.0, 0.0, 0.0, 0.0, 0.0, 0.0, 0.0, 1.0, 0.0, 0.0, 0.0, 0.0, 0.0, 0.0, 0.0, 0.0, 0.0, 0.0, 0.0, 0.0, 0.0, 0.0, 0.0, 0.0, 0.0, 0.0, 0.0, 0.0, 0.0, 0.0, 0.0, 0.0, 0.0, 0.0, 0.0, 0.0, 0.0, 0.0, 0.0, 0.0, 0.0, 0.0, 0.0, 0.0, 0.0, 0.0, 0.0, 0.0, 0.0, 0.0, 0.0, 0.0, 0.0, 0.0], [0.0, 0.0, 0.0, 0.0, 0.0, 0.0, 0.0, 0.0, 0.0, 0.0, 0.0, 0.0, 0.0, 0.0, 0.0, 0.0, 0.0, 0.0, 0.0, 0.0, 0.0, 0.0, 0.0, 0.0, 0.0, 0.0, 0.0, 0.0, 0.0, 0.0, 0.0, 0.0, 0.0, 0.0, 0.0, 0.0, 0.0, 0.0, 1.0, 0.0, 0.0, 0.0, 0.0, 0.0, 0.0, 0.0, 0.0, 0.0, 0.0, 0.0, 0.0, 0.0, 0.0, 0.0, 0.0, 0.0, 0.0, 0.0, 0.0, 0.0, 0.0, 0.0, 0.0, 0.0, 0.0, 0.0, 0.0, 0.0, 0.0, 0.0, 0.0, 0.0, 0.0, 0.0, 0.0, 0.0, 0.0, 0.0, 0.0, 0.0, 0.0, 0.0, 0.0, 0.0], [0.0, 0.0, 0.0, 0.30312975638557016, 0.0, 0.0, 0.0, 0.0, 0.0, 0.4879236771028239, 0.0, 0.4172864702825017, 0.005286111785049557, 0.0, 0.40814660800168934, 0.0, 0.0, 0.31754226764774635, 0.01855098397991917, 0.48017510008212005, 0.33589969738580655, 0.0012481128990543076, 0.0005459150335692845, 0.0, 0.025515518153991435, 0.28972970500712913, 0.0, 0.05358500115692252, 0.0, 0.5888782506668179, 0.0, 0.3860954133238042, 0.0, 0.007907488094509528, 0.0, 0.0, 0.0, 0.0, 0.0, 1.0, 0.12418112115545737, 0.2911297780788699, 0.0, 0.2897297050071292, 0.6213738909183809, 0.0009496165787032348, 0.0017438145826423122, 0.5006359251910735, 0.0, 0.0, 0.0, 0.0, 0.002544677517945697, 0.4086115442133935, 0.0, 0.5277699527299514, 0.0, 0.004512552810238983, 0.0, 0.014363554968004174, 0.007229846382204115, 0.30620432798495695, 0.0, 0.014283560208009895, 0.0, 0.0, 0.0, 0.0035626828188054876, 0.0, 0.10658409956917282, 0.0, 0.0, 0.0012666747587049044, 0.0, 0.0, 0.3409053690321191, 0.0, 0.3299952707216317, 0.006161384118055779, 0.0, 0.00012207031249999999, 0.3244274886122863, 0.43403527799513003, 0.0], [0.0, 0.0, 0.0, 0.28419679075322746, 0.0, 0.0, 0.0, 0.0, 0.0, 0.11290406411397413, 0.0, 0.031249999999999997, 0.0, 0.0, 0.09374999999999997, 0.0, 0.0, 0.12960679215280974, 0.0, 0.19481099734880802, 0.0, 0.0, 0.0, 0.0, 0.0, 0.0, 0.0, 0.0, 0.0, 0.11803585946139512, 0.0, 0.06250000000000001, 0.0, 0.0, 0.0, 0.0, 0.0, 0.0, 0.0, 0.12418112115545737, 1.0, 0.0, 0.0, 0.0, 0.08343261723030555, 0.0, 0.0, 0.12720907643914603, 0.0, 0.0, 0.0, 0.0, 0.0, 0.197474518864733, 0.0, 0.19035490911366237, 0.0, 0.0, 0.0, 0.0, 0.0, 0.1868676831913899, 0.0, 0.0, 0.0, 0.0, 0.0, 0.0, 0.0, 0.3195772321500541, 0.0, 0.0, 0.0, 0.0, 0.0, 0.2628752390381763, 0.0, 0.09375, 0.0, 0.0, 0.0, 0.09992106188299489, 0.2407323740035897, 0.0], [0.0, 0.0, 0.0, 0.32316484571360377, 0.0, 0.0, 0.0, 0.0, 0.0, 0.04290174202967202, 0.0, 0.21206085725197846, 0.0, 0.0, 0.5, 0.0, 0.0, 0.2759970614784622, 0.002057504636410303, 0.09922346647633556, 0.125, 0.0021882349995066483, 0.001220703125, 0.0, 0.0, 0.5, 0.0, 0.00403841030900738, 0.0, 0.0703418307130002, 0.0, 0.5, 0.0, 0.00024414062499999997, 0.0, 0.0, 0.0, 0.0, 0.0, 0.2911297780788699, 0.0, 1.0, 0.0, 0.5, 0.0886201047424758, 0.001401220923281751, 0.001770434715467283, 0.1276422408001963, 0.0, 0.0, 0.0, 0.0, 0.0021972656249999996, 0.15372140849307042, 0.0, 0.11428918214340394, 0.0, 0.0, 0.0, 0.00024414062499999997, 0.0, 0.20858096650327404, 0.0, 0.004272460937500001, 0.0, 0.0, 0.0, 0.0, 0.0, 0.046691177040503816, 0.0011318464992132059, 0.0, 0.0015525240446931962, 0.0, 0.0, 0.34846961176726515, 0.0, 0.00020005967881944447, 0.0, 0.0, 0.00012207031249999997, 0.18084105831390454, 0.44170457769808663, 0.0], [0.0, 0.0, 0.0, 0.0, 0.0, 0.0, 0.0, 0.0, 0.0, 0.0, 0.0, 0.0, 0.0, 0.0, 0.0, 0.0, 0.0, 0.0, 0.0, 0.0, 0.0, 0.0, 0.0, 0.0, 0.0, 0.0, 0.0, 0.0, 0.0, 0.0, 0.0, 0.0, 0.0, 0.0, 0.0, 0.0, 0.0, 0.0, 0.0, 0.0, 0.0, 0.0, 1.0, 0.0, 0.0, 0.0, 0.0, 0.0, 0.0, 0.0, 0.0, 0.0, 0.0, 0.0, 0.0, 0.0, 0.0, 0.0, 0.0, 0.0, 0.0, 0.0, 0.0, 0.0, 0.0, 0.0, 0.0, 0.0, 0.0, 0.0, 0.0, 0.0, 0.0, 0.0, 0.0, 0.0, 0.0, 0.0, 0.0, 0.0, 0.0, 0.0, 0.0, 0.0], [0.0, 0.0, 0.0, 0.3203558036138738, 0.0, 0.0, 0.0, 0.0, 0.0, 0.03856450332324717, 0.0, 0.2078057938446947, 0.0, 0.0, 0.49999999999999994, 0.0, 0.0, 0.27192876992884896, 0.0, 0.0936585811581694, 0.125, 0.0, 0.0, 0.0, 0.0, 0.4999999999999999, 0.0, 0.0, 0.0, 0.06405917303352199, 0.0, 0.5, 0.0, 0.0, 0.0, 0.0, 0.0, 0.0, 0.0, 0.2897297050071292, 0.0, 0.5, 0.0, 1.0, 0.08638684255813601, 0.0, 0.0, 0.1276422408001963, 0.0, 0.0, 0.0, 0.0, 0.0, 0.1526227756805704, 0.0, 0.1141088661469096, 0.0, 0.0, 0.0, 0.0, 0.0, 0.2041548338019084, 0.0, 0.0, 0.0, 0.0, 0.0, 0.0, 0.0, 0.042874646285627205, 0.0, 0.0, 0.0, 0.0, 0.0, 0.3469153181934992, 0.0, 0.0, 0.0, 0.0, 0.0, 0.1808410583139045, 0.4385276512474901, 0.0], [0.0, 0.0, 0.0, 0.18677551054160021, 0.0, 0.0, 0.0, 0.0, 0.0, 0.5890401183399321, 0.0, 0.4541156754721961, 0.011463523068761815, 0.0, 0.16981945978844157, 0.0, 0.0, 0.3761895638614813, 0.010934277812970409, 0.44856062342637326, 0.2412739615440244, 0.0013671396707910634, 0.00011500029374690319, 0.0, 0.037839030396467146, 0.08638684255813601, 0.0, 0.03146972739319244, 0.0, 0.5752583382430946, 0.0, 0.11979449779718906, 0.0, 0.020223952838465332, 0.0, 0.0, 0.0, 0.0, 0.0, 0.6213738909183809, 0.08343261723030555, 0.0886201047424758, 0.0, 0.08638684255813601, 1.0, 0.0011845281930920363, 0.011879014651673729, 0.4882224012098425, 0.0, 0.0, 0.0, 0.0, 0.008419675668225749, 0.5769711813687446, 0.0, 0.29128087130305647, 0.0, 0.0021931016802041385, 0.0, 0.027282150980240984, 0.02971805440524345, 0.3854166831303271, 0.0, 0.026127283770122946, 0.0, 0.0, 0.0, 0.0037101445091503363, 0.0, 0.356802412392016, 0.0010162399057179541, 0.0, 0.008587174548213167, 0.0, 0.0, 0.37592601522040814, 0.0, 0.2790541327813344, 0.006047224283569344, 0.0, 0.0004801831553519427, 0.5223972529293576, 0.21800444224138738, 0.0], [0.0, 0.0, 0.0, 0.0009166074612047088, 0.0, 0.0, 0.0, 0.0, 0.0, 0.0005662623356478256, 0.0, 0.0025321477646570636, 0.0, 0.0, 0.0, 0.0, 0.0, 0.0012466744535127488, 0.0023316856084867593, 0.0016705034981743892, 0.0, 0.0007324218749999999, 0.00038210115539039595, 0.0, 0.0, 0.0, 0.0, 0.0010140341015535646, 0.0, 0.001976495888871468, 0.0, 0.0, 0.0, 0.0002410571047429343, 0.0, 0.0, 0.0, 0.0, 0.0, 0.0009496165787032348, 0.0, 0.001401220923281751, 0.0, 0.0, 0.0011845281930920363, 1.0, 0.001970108351881813, 0.0, 0.0, 0.0, 0.0, 0.0, 0.0008703824053903959, 0.0, 0.0, 0.0, 0.0, 0.0, 0.0, 9.231974224197487e-05, 0.0, 0.002249331148605929, 0.0, 0.00038210115539039595, 0.0, 0.0, 0.0, 0.0, 0.0, 0.0007517877313799752, 0.0, 0.0, 0.0, 0.0, 0.0, 0.0014380930689056241, 0.0, 0.0, 0.0, 0.0, 0.0, 0.0, 0.0007235178072895979, 0.0], [0.0, 0.0, 0.0, 0.010105384989282727, 0.0, 0.0, 0.0, 0.0, 0.0, 0.004071402280445277, 0.0, 0.00921122163583745, 0.0078125, 0.0, 0.0, 0.0, 0.0, 0.01076521489335977, 0.005316914594425495, 0.002810717237465725, 0.0, 0.0010942644738779238, 0.0012749707615438205, 0.0, 0.0, 0.0, 0.0, 0.004419532685701106, 0.0, 0.007332287337290755, 0.0, 0.0, 0.0, 0.0009595873508467964, 0.0, 0.0, 0.0, 0.0, 0.0, 0.0017438145826423122, 0.0, 0.001770434715467283, 0.0, 0.0, 0.011879014651673729, 0.001970108351881813, 1.0, 0.0, 0.0, 0.0, 0.0, 0.0, 0.00884041791079577, 0.007624060553324669, 0.0, 0.002366338018810089, 0.0, 0.0, 0.0, 0.002251533261543821, 0.0, 0.011522857834452466, 0.0, 0.0012749707615438207, 0.0, 0.0, 0.0, 0.0, 0.0, 0.002001291440741271, 0.001060210644832623, 0.0, 0.010846978814627612, 0.0, 0.0, 0.006342769481086192, 0.0, 0.0, 0.0, 0.0, 0.0, 0.0, 0.009752227248246665, 0.0], [0.0, 0.0, 0.0, 0.10039352039413377, 0.0, 0.0, 0.0, 0.0, 0.0, 0.40450962298197074, 0.0, 0.36784064542821304, 0.0, 0.0, 0.22835206095005403, 0.0, 0.0, 0.4132689828505358, 0.0, 0.37164334003040667, 0.11700538740017992, 0.0, 0.0, 0.0, 0.0, 0.1276422408001963, 0.0, 0.0, 0.0, 0.6846588110678676, 0.0, 0.2117052107368626, 0.0, 0.0, 0.0, 0.0, 0.0, 0.0, 0.0, 0.5006359251910735, 0.12720907643914603, 0.1276422408001963, 0.0, 0.1276422408001963, 0.4882224012098425, 0.0, 0.0, 1.0, 0.0, 0.0, 0.0, 0.0, 0.0, 0.2738810899159183, 0.0, 0.23898656965333914, 0.0, 0.0, 0.0, 0.0, 0.0, 0.4564575449900985, 0.0, 0.0, 0.0, 0.0, 0.0, 0.0, 0.0, 0.2430300408561995, 0.0, 0.0, 0.0, 0.0, 0.0, 0.21662493985785342, 0.0, 0.10070982014985773, 0.0, 0.0, 0.0, 0.6977158196650237, 0.20550326752800413, 0.0], [0.0, 0.0, 0.0, 0.0, 0.0, 0.0, 0.0, 0.0, 0.0, 0.0, 0.0, 0.0, 0.0, 0.0, 0.0, 0.0, 0.0, 0.0, 0.0, 0.0, 0.0, 0.0, 0.0, 0.0, 0.0, 0.0, 0.0, 0.0, 0.0, 0.0, 0.0, 0.0, 0.0, 0.0, 0.0, 0.0, 0.0, 0.0, 0.0, 0.0, 0.0, 0.0, 0.0, 0.0, 0.0, 0.0, 0.0, 0.0, 1.0, 0.0, 0.0, 0.0, 0.0, 0.0, 0.0, 0.0, 0.0, 0.0, 0.0, 0.0, 0.0, 0.0, 0.0, 0.0, 0.0, 0.0, 0.0, 0.0, 0.0, 0.0, 0.0, 0.0, 0.0, 0.0, 0.0, 0.0, 0.0, 0.0, 0.0, 0.0, 0.0, 0.0, 0.0, 0.0], [0.0, 0.0, 0.0, 0.0, 0.0, 0.0, 0.0, 0.0, 0.0, 0.0, 0.0, 0.0, 0.0, 0.0, 0.0, 0.0, 0.0, 0.0, 0.0, 0.0, 0.0, 0.0, 0.0, 0.0, 0.0, 0.0, 0.0, 0.0, 0.0, 0.0, 0.0, 0.0, 0.0, 0.0, 0.0, 0.0, 0.0, 0.0, 0.0, 0.0, 0.0, 0.0, 0.0, 0.0, 0.0, 0.0, 0.0, 0.0, 0.0, 1.0, 0.0, 0.0, 0.0, 0.0, 0.0, 0.0, 0.0, 0.0, 0.0, 0.0, 0.0, 0.0, 0.0, 0.0, 0.0, 0.0, 0.0, 0.0, 0.0, 0.0, 0.0, 0.0, 0.0, 0.0, 0.0, 0.0, 0.0, 0.0, 0.0, 0.0, 0.0, 0.0, 0.0, 0.0], [0.0, 0.0, 0.0, 0.0, 0.0, 0.0, 0.0, 0.0, 0.0, 0.0, 0.0, 0.0, 0.0, 0.0, 0.0, 0.0, 0.0, 0.0, 0.0, 0.0, 0.0, 0.0, 0.0, 0.0, 0.0, 0.0, 0.0, 0.0, 0.0, 0.0, 0.0, 0.0, 0.0, 0.0, 0.0, 0.0, 0.0, 0.0, 0.0, 0.0, 0.0, 0.0, 0.0, 0.0, 0.0, 0.0, 0.0, 0.0, 0.0, 0.0, 1.0, 0.0, 0.0, 0.0, 0.0, 0.0, 0.0, 0.0, 0.0, 0.0, 0.0, 0.0, 0.0, 0.0, 0.0, 0.0, 0.0, 0.0, 0.0, 0.0, 0.0, 0.0, 0.0, 0.0, 0.0, 0.0, 0.0, 0.0, 0.0, 0.0, 0.0, 0.0, 0.0, 0.0], [0.0, 0.0, 0.0, 0.0, 0.0, 0.0, 0.0, 0.0, 0.0, 0.0, 0.0, 0.0, 0.0, 0.0, 0.0, 0.0, 0.0, 0.0, 0.0, 0.0, 0.0, 0.0, 0.0, 0.0, 0.0, 0.0, 0.0, 0.0, 0.0, 0.0, 0.0, 0.0, 0.0, 0.0, 0.0, 0.0, 0.0, 0.0, 0.0, 0.0, 0.0, 0.0, 0.0, 0.0, 0.0, 0.0, 0.0, 0.0, 0.0, 0.0, 0.0, 1.0, 0.0, 0.0, 0.0, 0.0, 0.0, 0.0, 0.0, 0.0, 0.0, 0.0, 0.0, 0.0, 0.0, 0.0, 0.0, 0.0, 0.0, 0.0, 0.0, 0.0, 0.0, 0.0, 0.0, 0.0, 0.0, 0.0, 0.0, 0.0, 0.0, 0.0, 0.0, 0.0], [0.0, 0.0, 0.0, 0.007555515761364795, 0.0, 0.0, 0.0, 0.0, 0.0, 0.004004949852456571, 0.0, 0.007776963804322915, 0.0078125, 0.0, 0.0, 0.0, 0.0, 0.008622954063444791, 0.0025855974876086247, 0.002043234852175096, 0.0, 0.0017089843749999998, 0.00024414062499999997, 0.0, 0.0, 0.0, 0.0, 0.005632213842219444, 0.0, 0.00608959707698879, 0.0, 0.0, 0.0, 0.000244140625, 0.0, 0.0, 0.0, 0.0, 0.0, 0.002544677517945697, 0.0, 0.0021972656249999996, 0.0, 0.0, 0.008419675668225749, 0.0008703824053903959, 0.00884041791079577, 0.0, 0.0, 0.0, 0.0, 0.0, 1.0, 0.006647498053324669, 0.0, 0.002366338018810089, 0.0, 0.0, 0.0, 0.002197265625, 0.0, 0.009257696900478483, 0.0, 0.00024414062499999997, 0.0, 0.0, 0.0, 0.0, 0.0, 0.002948760977205588, 0.0, 0.0, 0.0078125, 0.0, 0.0, 0.005213483503542259, 0.0, 0.0, 0.0, 0.0, 0.0, 0.0, 0.008214454808520994, 0.0], [0.0, 0.0, 0.0, 0.5372998684440295, 0.0, 0.0, 0.0, 0.0, 0.0, 0.514206074750731, 0.0, 0.6064687997115248, 0.011956017840015976, 0.0, 0.4247989216487266, 0.0, 0.0, 0.41343823670906465, 0.007956796984506541, 0.3235415123190888, 0.10955017359796948, 0.00014998131054704464, 0.0039062499999999987, 0.0, 0.00287921654729132, 0.15262277568057042, 0.0, 0.08360503687965631, 0.0, 0.41108206635434896, 0.0, 0.35001082297838326, 0.0, 0.014487809788366193, 0.0, 0.0, 0.0, 0.0, 0.0, 0.4086115442133935, 0.197474518864733, 0.15372140849307042, 0.0, 0.1526227756805704, 0.5769711813687446, 0.0, 0.007624060553324669, 0.2738810899159183, 0.0, 0.0, 0.0, 0.0, 0.006647498053324669, 1.0, 0.0, 0.3918223334470328, 0.0, 0.006987332791388434, 0.0, 0.02313634922592956, 0.006864883334396819, 0.41704094675651154, 0.0, 0.022708851003796052, 0.0, 0.0, 0.0, 0.013454351873165895, 0.0, 0.45169932658129636, 0.0011318464992132059, 0.0, 0.008200022098017866, 0.0, 0.0, 0.46465590214077257, 0.0, 0.2061203201452172, 0.007366652084172335, 0.0, 0.00048828125, 0.22984942134306394, 0.27716983896648806, 0.0], [0.0, 0.0, 0.0, 0.0, 0.0, 0.0, 0.0, 0.0, 0.0, 0.0, 0.0, 0.0, 0.0, 0.0, 0.0, 0.0, 0.0, 0.0, 0.0, 0.0, 0.0, 0.0, 0.0, 0.0, 0.0, 0.0, 0.0, 0.0, 0.0, 0.0, 0.0, 0.0, 0.0, 0.0, 0.0, 0.0, 0.0, 0.0, 0.0, 0.0, 0.0, 0.0, 0.0, 0.0, 0.0, 0.0, 0.0, 0.0, 0.0, 0.0, 0.0, 0.0, 0.0, 0.0, 1.0, 0.0, 0.0, 0.0, 0.0, 0.0, 0.0, 0.0, 0.0, 0.0, 0.0, 0.0, 0.0, 0.0, 0.0, 0.0, 0.0, 0.0, 0.0, 0.0, 0.0, 0.0, 0.0, 0.0, 0.0, 0.0, 0.0, 0.0, 0.0, 0.0], [0.0, 0.0, 0.0, 0.45262456327655326, 0.0, 0.0, 0.0, 0.0, 0.0, 0.2563273644621625, 0.0, 0.25703589910303026, 0.00634992756273112, 0.0, 0.25169806846076004, 0.0, 0.0, 0.544068707419259, 0.02349405480019241, 0.37598970618533045, 0.4030534031249858, 0.00016495600755507967, 0.0, 0.0, 0.020349339260278758, 0.1141088661469096, 0.0, 0.027665963974956808, 0.0, 0.2981701300966161, 0.0, 0.19464363538730525, 0.0, 0.0, 0.0, 0.0, 0.0, 0.0, 0.0, 0.5277699527299514, 0.19035490911366237, 0.11428918214340394, 0.0, 0.1141088661469096, 0.29128087130305647, 0.0, 0.002366338018810089, 0.23898656965333914, 0.0, 0.0, 0.0, 0.0, 0.002366338018810089, 0.3918223334470328, 0.0, 1.0, 0.0, 0.004472307458342571, 0.0, 0.007690598561132787, 0.003983589543921031, 0.2668992801675002, 0.0, 0.004163905540415362, 0.0, 0.0, 0.0, 0.003672371610802201, 0.0, 0.4808259856143189, 0.0, 0.0, 0.002366338018810089, 0.0, 0.0, 0.3440114216988241, 0.0, 0.25341149572581034, 0.006227209590657013, 0.0, 0.0004350481185260039, 0.2209767402042555, 0.46592897496780905, 0.0], [0.0, 0.0, 0.0, 0.0, 0.0, 0.0, 0.0, 0.0, 0.0, 0.0, 0.0, 0.0, 0.0, 0.0, 0.0, 0.0, 0.0, 0.0, 0.0, 0.0, 0.0, 0.0, 0.0, 0.0, 0.0, 0.0, 0.0, 0.0, 0.0, 0.0, 0.0, 0.0, 0.0, 0.0, 0.0, 0.0, 0.0, 0.0, 0.0, 0.0, 0.0, 0.0, 0.0, 0.0, 0.0, 0.0, 0.0, 0.0, 0.0, 0.0, 0.0, 0.0, 0.0, 0.0, 0.0, 0.0, 1.0, 0.0, 0.0, 0.0, 0.0, 0.0, 0.0, 0.0, 0.0, 0.0, 0.0, 0.0, 0.0, 0.0, 0.0, 0.0, 0.0, 0.0, 0.0, 0.0, 0.0, 0.0, 0.0, 0.0, 0.0, 0.0, 0.0, 0.0], [0.0, 0.0, 0.0, 5.896044506001695e-05, 0.0, 0.0, 0.0, 0.0, 0.0, 0.006732952080687843, 0.0, 0.006322418796802644, 0.004385479682717277, 0.0, 0.0, 0.0, 0.0, 0.006260382298399499, 0.004385479682717279, 0.004943795684832688, 0.004385479682717278, 0.0, 0.0, 0.0, 0.0, 0.0, 0.0, 0.004374197236232582, 0.0, 0.013655765150201078, 0.0, 0.0, 0.0, 0.0, 0.0, 0.0, 0.0, 0.0, 0.0, 0.004512552810238983, 0.0, 0.0, 0.0, 0.0, 0.0021931016802041385, 0.0, 0.0, 0.0, 0.0, 0.0, 0.0, 0.0, 0.0, 0.006987332791388434, 0.0, 0.004472307458342571, 0.0, 1.0, 0.0, 0.0, 0.002392079826936697, 0.005999469386381969, 0.0, 0.015548518875088532, 0.0, 0.0, 0.0, 0.004385479682717278, 0.0, 0.005348296108666779, 0.