"{\"names\": [\"172.217.10.1\", \"104.88.86.240\", \"38.93.140.48\", \"192.168.10.15\", \"104.88.108.223\", \"195.142.105.15\", \"172.217.12.163\", \"206.217.206.48\", \"172.217.6.228\", \"178.255.83.1\", \"74.119.118.82\", \"192.168.10.9\", \"172.217.7.6\", \"35.186.227.40\", \"31.13.71.36\", \"206.126.112.142\", \"151.101.2.49\", \"192.168.10.25\", \"172.217.3.98\", \"192.168.10.16\", \"72.30.202.150\", \"172.217.12.132\", \"50.31.164.173\", \"162.208.20.178\", \"23.15.4.16\", \"216.58.217.99\", \"172.217.6.198\", \"172.217.12.174\", \"169.46.44.40\", \"192.168.10.17\", \"52.84.143.130\", \"104.19.195.102\", \"216.200.232.61\", \"104.97.73.166\", \"152.163.13.79\", \"192.229.163.25\", \"74.119.118.86\", \"54.225.188.92\", \"188.165.145.88\", \"192.168.10.14\", \"8.43.72.98\", \"199.96.57.6\", \"68.67.178.110\", \"104.88.70.158\", \"192.168.10.19\", \"69.172.216.56\", \"157.240.18.35\", \"172.217.11.34\", \"185.54.150.20\", \"69.169.85.7\", \"198.232.124.194\", \"74.119.118.72\", \"172.217.12.134\", \"192.168.10.5\", \"23.111.9.30\", \"192.168.10.8\", \"151.101.66.2\", \"68.67.178.199\", \"213.239.195.215\", \"138.108.7.20\", \"52.84.145.87\", \"192.168.10.50\", \"52.84.145.198\", \"52.40.24.51\", \"212.77.100.137\", \"185.54.150.115\", \"172.217.10.138\", \"152.163.66.165\", \"52.84.137.78\", \"192.168.10.51\", \"68.67.178.109\", \"129.146.14.96\", \"54.152.24.232\", \"172.217.10.33\", \"52.8.229.108\", \"192.168.10.12\", \"64.147.131.201\", \"172.217.12.206\", \"68.67.180.12\", \"172.217.10.134\", \"38.69.238.16\", \"172.217.10.142\", \"192.168.10.3\", \"172.217.6.202\"], \"funcEdges\": [[1.0, 0.0, 0.0, 0.0, 0.0, 0.0, 0.0, 0.0, 0.0, 0.0, 0.0, 0.0, 0.0, 0.0, 0.0, 0.0, 0.0, 0.0, 0.0, 0.0, 0.0, 0.0, 0.0, 0.0, 0.0, 0.0, 0.0, 0.0, 0.0, 0.0, 0.0, 0.0, 0.0, 0.0, 0.0, 0.0, 0.0, 0.0, 0.0, 0.0, 0.0, 0.0, 0.0, 0.0, 0.0, 0.0, 0.0, 0.0, 0.0, 0.0, 0.0, 0.0, 0.0, 0.0, 0.0, 0.0, 0.0, 0.0, 0.0, 0.0, 0.0, 0.0, 0.0, 0.0, 0.0, 0.0, 0.0, 0.0, 0.0, 0.0, 0.0, 0.0, 0.0, 0.0, 0.0, 0.0, 0.0, 0.0, 0.0, 0.0, 0.0, 0.0, 0.0, 0.0], [0.0, 1.0, 0.0, 6.156697489439309e-09, 0.0, 0.0, 0.0, 0.0, 3.975774622997784e-09, 6.877810057915539e-09, 9.733963169526829e-10, 3.5116277636150876e-09, 0.0, 0.0, 2.5436917886242364e-09, 0.0, 0.0, 2.6007523467696207e-09, 4.498072094689178e-09, 2.746572653560757e-09, 1.5009154540294446e-12, 1.1080951360911024e-10, 0.0, 0.0, 2.1274107387621427e-11, 1.7822383544867465e-11, 9.92814184402528e-10, 6.83962195609647e-09, 0.0, 3.5464929373651974e-09, 0.0, 0.0, 0.0, 0.0, 0.0, 0.0, 0.0, 0.0, 0.0, 3.5086270212169064e-09, 0.0, 2.5871271824832e-10, 0.0, 0.0, 5.7009016167442665e-09, 3.6830557175487854e-09, 9.00549272417667e-12, 2.751115108235943e-11, 0.0, 0.0, 2.3283064365386963e-10, 7.275957614183426e-12, 0.0, 6.763616396264193e-09, 0.0, 4.512421398311122e-09, 0.0, 0.0, 0.0, 0.0, 4.7526356119646563e-11, 4.895729947818814e-09, 0.0, 0.0, 0.0, 0.0, 0.0, 0.0, 0.0, 4.447751178825551e-09, 0.0, 0.0, 0.0, 0.0, 0.0, 2.5385389509492087e-09, 0.0, 4.0153657083484285e-09, 0.0, 0.0, 0.0, 8.563780128139095e-11, 8.025939586757e-09, 0.0], [0.0, 0.0, 1.0, 0.0, 0.0, 0.0, 0.0, 0.0, 0.0, 0.0, 0.0, 0.0, 0.0, 0.0, 0.0, 0.0, 0.0, 0.0, 0.0, 0.0, 0.0, 0.0, 0.0, 0.0, 0.0, 0.0, 0.0, 0.0, 0.0, 0.0, 0.0, 0.0, 0.0, 0.0, 0.0, 0.0, 0.0, 0.0, 0.0, 0.0, 0.0, 0.0, 0.0, 0.0, 0.0, 0.0, 0.0, 0.0, 0.0, 0.0, 0.0, 0.0, 0.0, 0.0, 0.0, 0.0, 0.0, 0.0, 0.0, 0.0, 0.0, 0.0, 0.0, 0.0, 0.0, 0.0, 0.0, 0.0, 0.0, 0.0, 0.0, 0.0, 0.0, 0.0, 0.0, 0.0, 0.0, 0.0, 0.0, 0.0, 0.0, 0.0, 0.0, 0.0], [0.0, 6.156697489439309e-09, 0.0, 1.0, 0.0, 0.06537204504606134, 0.25624406386881027, 0.000436121960194251, 9.520481170094797e-09, 0.23334715401911138, 0.0003044042213542831, 0.33363817490691944, 0.3331435760207061, 0.0, 0.01156911342030011, 0.0, 0.0, 0.2553533655654998, 0.03182914218874584, 0.3524035337427247, 0.13053420288677903, 0.00891364579681636, 0.26056566997765496, 0.0, 0.08836711513792408, 5.036771216247248e-11, 0.032651122032252136, 1.603062456127725e-07, 0.0, 0.44093687370802215, 0.2602506934903526, 0.004512349077915979, 0.002315253130393261, 5.9199955707204615e-16, 0.0, 0.0, 0.0029807822725393847, 0.0, 0.0, 0.4186913189898375, 9.466267543191932e-09, 0.30757475881103025, 0.29668876396855964, 3.217984165469488e-08, 0.16197878976185517, 0.08682952920652946, 0.25300665613113527, 0.34027232685871006, 1.9022274746625376e-06, 0.0, 1.4551451539827596e-10, 1.8880442404850565e-06, 4.294813471326958e-16, 0.18067484875136214, 9.695046923277512e-08, 0.38858150359727894, 0.0, 0.00021290596373088838, 0.0, 0.02010946852801921, 6.038315642316348e-10, 0.11093548058979004, 0.0, 0.2791607569870155, 0.3358721705300225, 2.145767211914062e-06, 1.8017492647263302e-12, 1.3135195822946347e-16, 0.0, 0.41509047317359454, 1.9026385598090852e-06, 0.0, 6.192777121143516e-16, 0.08293610033893849, 0.0, 0.3115281419745629, 2.7186910261749535e-05, 9.626233960115464e-06, 1.2913526248098217e-16, 0.06004805767690768, 9.466251390352818e-09, 0.5607846000936909, 0.38203137985684366, 0.0], [0.0, 0.0, 0.0, 0.0, 1.0, 0.0, 0.0, 0.0, 0.0, 0.0, 0.0, 0.0, 0.0, 0.0, 0.0, 0.0, 0.0, 0.0, 0.0, 0.0, 0.0, 0.0, 0.0, 0.0, 0.0, 0.0, 0.0, 0.0, 0.0, 0.0, 0.0, 0.0, 0.0, 0.0, 0.0, 0.0, 0.0, 0.0, 0.0, 0.0, 0.0, 0.0, 0.0, 0.0, 0.0, 0.0, 0.0, 0.0, 0.0, 0.0, 0.0, 0.0, 0.0, 0.0, 0.0, 0.0, 0.0, 0.0, 0.0, 0.0, 0.0, 0.0, 0.0, 0.0, 0.0, 0.0, 0.0, 0.0, 0.0, 0.0, 0.0, 0.0, 0.0, 0.0, 0.0, 0.0, 0.0, 0.0, 0.0, 0.0, 0.0, 0.0, 0.0, 0.0], [0.0, 0.0, 0.0, 0.06537204504606134, 0.0, 1.0, 0.0, 0.0, 0.0, 0.3815976554130942, 0.0, 0.20412414523193148, 0.28748960541912416, 0.0, 0.0, 0.0, 0.0, 0.24358066180762328, 0.0, 0.45220949137732247, 0.2526455763199557, 0.0, 0.0, 0.0, 0.0, 0.0, 0.0, 0.0, 0.0, 0.33144431589465945, 0.20412414523193154, 0.0, 0.0, 0.0, 0.0, 0.0, 0.0, 0.0, 0.0, 0.4954231514258702, 0.0, 0.2041241452319315, 0.0, 0.0, 0.3149748554797885, 0.0, 0.28068992217841204, 0.3061862178478973, 0.0, 0.0, 0.0, 0.0, 0.0, 0.187906813235894, 0.0, 0.1840465583014671, 0.0, 0.0, 0.0, 0.0, 0.0, 0.4797885788770037, 0.0, 0.188576199002093, 0.30618621784789735, 0.0, 0.0, 0.0, 0.0, 0.2553422683412012, 0.0, 0.0, 0.0, 0.0, 0.0, 0.30856976789174884, 0.0, 0.0, 0.0, 0.20412414523193148, 0.0, 0.3061862178478973, 0.06274700518658399, 0.0], [0.0, 0.0, 0.0, 0.25624406386881027, 0.0, 0.0, 1.0, 1.52587890625e-05, 0.0, 0.05137755580670843, 0.0, 0.0396769924828521, 0.03851954528982037, 0.0, 0.008024505375688695, 0.0, 0.0, 0.1941219897397263, 0.010906302820251294, 0.1948417989046168, 0.0, 0.03091905069593784, 0.24335490119946263, 0.0, 0.09331371316931578, 0.0, 0.012923101665343162, 0.0, 0.0, 0.15953265402588432, 9.1552734375e-05, 0.0030881617775081827, 6.103515625000001e-05, 0.0, 0.0, 0.0, 3.681314082062092e-07, 0.0, 0.0, 0.24974103305270465, 0.0, 0.2428917233914419, 0.2371585026469497, 0.0, 0.09186695372030107, 0.07596026181690563, 0.09192561612627079, 0.0, 1.8992366224677587e-06, 0.0, 0.0, 1.8770184357263035e-06, 0.0, 0.03402995555294039, 0.0, 0.14735796576553434, 0.0, 0.0, 0.0, 0.014200482996671612, 0.0, 0.043041489369016604, 0.0, 0.0, 0.09578510323592836, 2.856311500360996e-06, 0.0, 0.0, 0.0, 0.16267910391558024, 1.8948002865439968e-06, 0.0, 0.0, 0.08574929257125441, 0.0, 0.023424769772030944, 2.570878588373884e-05, 3.4332275390625e-05, 0.0, 0.0, 0.0, 0.19750079770797427, 0.11517215948263362, 0.0], [0.0, 0.0, 0.0, 0.000436121960194251, 0.0, 0.0, 1.52587890625e-05, 1.0, 0.0, 0.00028905053638665623, 0.0003037457488350232, 0.00036000294968093545, 0.0, 0.0, 0.0, 0.0, 0.0, 0.00028797332294849104, 9.384195980855716e-05, 0.00021994243663106625, 0.0, 0.0, 0.0, 0.0, 0.00022678098553907908, 0.0, 0.0005798339843749999, 0.0, 0.0, 0.00030299743963498353, 1.5258789062499998e-05, 0.0, 0.00018713941127773947, 0.0, 0.0, 0.0, 0.0, 0.0, 0.0, 0.0007727580106829286, 0.0, 1.0452210175626753e-05, 0.0, 0.0, 0.00028826800179918824, 0.0, 0.0005798339843749999, 0.0, 0.0, 0.0, 0.0, 0.0, 0.0, 0.00033185236982947785, 0.0, 0.00015234694880691903, 0.0, 0.0, 0.0, 0.0005798339843749999, 0.0, 0.00044766174570664045, 0.0, 0.0, 0.00011062730888314147, 0.0, 0.0, 0.0, 0.0, 0.0002781309487312493, 0.0, 0.0, 0.0, 0.0, 0.0, 0.0005913570034743546, 0.0, 0.0, 0.0, 0.0, 0.0, 0.00022888183593749995, 0.00019439073476906372, 0.0], [0.0, 3.975774622997784e-09, 0.0, 9.520481170094797e-09, 0.0, 0.0, 0.0, 0.0, 1.0, 5.24206740552932e-09, 1.0638980204959687e-09, 7.303485822187213e-09, 0.0, 0.0, 7.620088419247196e-09, 0.0, 0.0, 5.5088499535164466e-09, 4.310879653503398e-09, 6.09944508795523e-09, 0.0, 2.523485146750679e-10, 0.0, 0.0, 2.5548714821000585e-10, 1.1584549304163852e-10, 1.5834846034142788e-09, 5.958456616472905e-09, 0.0, 3.870298427148753e-09, 0.0, 0.0, 0.0, 0.0, 0.0, 0.0, 0.0, 0.0, 0.0, 7.373585309356207e-09, 0.0, 2.3283064365386963e-10, 0.0, 1.0048423503440037e-10, 6.321136247850507e-09, 1.4877347962059362e-09, 0.0, 0.0, 0.0, 0.0, 2.797232866699231e-10, 0.0, 0.0, 1.8241673966701196e-09, 0.0, 8.007135357812145e-09, 0.0, 0.0, 0.0, 0.0, 1.6163632083189706e-10, 4.9145555167849466e-09, 0.0, 0.0, 0.0, 0.0, 0.0, 0.0, 0.0, 6.311135719542136e-09, 0.0, 0.0, 0.0, 0.0, 0.0, 9.756585089684023e-09, 0.0, 2.826942857819395e-09, 0.0, 0.0, 0.0, 0.0, 4.5788941485202245e-09, 0.0], [0.0, 6.877810057915539e-09, 0.0, 0.23334715401911138, 0.0, 0.3815976554130942, 0.05137755580670843, 0.00028905053638665623, 5.24206740552932e-09, 1.0, 0.050677190841753726, 0.1670051055093934, 0.5218770750298615, 0.0, 0.11489293359253555, 0.0, 0.0, 0.4709035936668956, 0.008951302505819186, 0.5023770939334017, 0.046620826620819775, 0.00214460814311914, 0.07328742559319948, 0.0, 0.15373127238365736, 5.700284936437162e-11, 0.02746345327509516, 3.6944333973193233e-07, 0.0, 0.43523943867265785, 0.005761464031069992, 0.016728101724447057, 0.0024238033057274572, 2.803857101165836e-16, 0.0, 0.0, 0.0007704009151867633, 0.0, 0.0, 0.5009236855828421, 2.4749136159622197e-08, 0.23844984423664428, 0.1285098936785247, 5.822406390639818e-11, 0.4682988516124651, 0.17001315819826818, 0.24230776947127547, 0.23367988574745652, 7.475710986573974e-07, 0.0, 9.878813893116735e-10, 9.042713234387245e-07, 2.2765504197972014e-16, 0.2667888991936728, 2.5053700906586564e-09, 0.6610832314783847, 0.0, 0.000270763176398481, 0.0, 0.008654401342405003, 4.607740914485266e-10, 0.6565048256230612, 0.0, 0.0197027237775439, 0.4838608035227333, 1.1091340033664098e-06, 1.0390221666335146e-12, 2.026980648162706e-16, 0.0, 0.728893062083174, 8.387770445652108e-07, 0.0, 1.8499936583275437e-16, 0.14020291191304027, 0.0, 0.5246624109978134, 2.2809956860255823e-05, 7.886607610294514e-06, 4.090429448736923e-16, 0.022798037629377665, 2.4749129748708082e-08, 0.2723863577054315, 0.41980746114965223, 0.0], [0.0, 9.733963169526829e-10, 0.0, 0.0003044042213542831, 0.0, 0.0, 0.0, 0.0003037457488350232, 1.0638980204959687e-09, 0.050677190841753726, 1.0, 0.00031178925640072116, 0.026731216336509423, 0.0, 0.031250019798059574, 0.0, 0.0, 0.046105464278557606, 0.00012726443017708583, 0.12034009291701707, 3.737645732547574e-09, 2.887383992248974e-10, 0.0, 0.0, 0.04822847206750991, 3.72754377417386e-11, 0.0002826213795814193, 4.702209861199259e-09, 0.0, 0.04160002936285606, 0.0, 0.0, 0.00011907669068725726, 0.0, 0.0, 0.0, 0.0, 0.0, 0.0, 0.0004241810739204703, 3.725290298461914e-09, 0.03125000023544761, 0.0, 2.3283064365386963e-10, 0.11888132952355031, 2.438005801371296e-10, 0.03153261737152408, 4.91553464447313e-12, 0.0, 0.0, 2.9103830456733704e-10, 2.4956328727786444e-12, 0.0, 0.03367828460465107, 0.0, 0.058681184597360034, 0.0, 0.0, 0.0, 0.00028261736416231096, 1.0072647016081641e-10, 0.013350351552510104, 0.0, 0.0, 0.00012207031249999997, 0.0, 6.715437472917653e-13, 0.0, 0.0, 0.024737518696664483, 3.5470907057966083e-12, 0.0, 0.0, 0.03125000000083627, 0.0, 0.009821084579803326, 0.0, 5.114137955082449e-10, 0.0, 0.0, 3.725290298461915e-09, 0.0005482947127063516, 0.0498646979834802, 0.0], [0.0, 3.5116277636150876e-09, 0.0, 0.33363817490691944, 0.0, 0.20412414523193148, 0.0396769924828521, 0.00036000294968093545, 7.303485822187213e-09, 0.1670051055093934, 0.00031178925640072116, 1.0, 0.3067677125134879, 0.0, 0.03762590636412776, 0.0, 0.0, 0.36525582091275177, 0.017668181279220815, 0.3641439962142845, 0.03413747682401497, 0.009378829358390982, 0.06372374810317168, 0.0, 0.07148371801703485, 9.02699068640955e-11, 0.026879073515662155, 5.440124127373314e-07, 0.0, 0.5195516662329358, 0.5000327726607816, 0.011521604706213228, 0.0008165853777211524, 6.617685563123333e-16, 0.0, 0.0, 0.0019525562685444942, 0.0, 0.0, 0.2873777478164129, 1.1115950161170067e-08, 0.22093645839523327, 0.10164305467779222, 5.549604250388206e-08, 0.30820212094169874, 0.19001848054040374, 0.16005340848537578, 0.1250000000292804, 5.509541414020209e-07, 0.0, 4.701082756754782e-10, 6.736059733003064e-07, 4.4206921099447045e-16, 0.3833482307534757, 1.5021698650886074e-07, 0.16949792423324989, 0.0, 0.00019929762244239312, 0.0, 0.010563806070586004, 2.792843109513551e-10, 0.3334447595005905, 0.0, 0.4991667123813016, 0.24134458630539032, 7.807872681757219e-07, 1.3203217268486705e-12, 7.555041537198185e-16, 0.0, 0.29319100340573473, 6.086611190108155e-07, 0.0, 4.893300534872743e-16, 0.06431099242241438, 0.0, 0.2510316819643038, 1.734144651095782e-05, 8.828407911901174e-06, 8.473433928485276e-16, 0.12499999999999997, 1.1115948396016747e-08, 0.2296680290649924, 0.6237756631126247, 0.0], [0.0, 0.0, 0.0, 0.3331435760207061, 0.0, 0.28748960541912416, 0.03851954528982037, 0.0, 0.0, 0.5218770750298615, 0.026731216336509423, 0.3067677125134879, 1.0, 0.0, 0.13747921449114436, 0.0, 0.0, 0.33702003261474456, 0.032820736919637314, 0.48786734173343, 0.1939059436610915, 0.0019094107709508317, 0.06350953098694453, 0.0, 0.12712370790775993, 0.0, 0.02739841547694187, 1.0422578600065289e-15, 0.0, 0.37372953329978076, 0.14404148992450796, 0.009036460643335919, 0.0, 0.0, 0.0, 0.0, 0.0, 0.0, 0.0, 0.31999387153606457, 0.0, 0.28002478146239773, 0.09057348644978783, 0.0, 0.4063021414552769, 0.16212553149016837, 0.4676323824973938, 0.14404148992450796, 0.0, 0.0, 0.0, 0.0, 4.440892098500626e-16, 0.35249109338334417, 0.0, 0.2229052477124355, 0.0, 2.492856585102616e-16, 0.0, 0.0323143921347011, 2.2204460492503126e-16, 0.4621832659602973, 0.0, 0.1163766165253567, 0.7451006826659113, 0.0, 0.0, 2.2204460492503128e-16, 0.0, 0.34018070258240984, 0.0, 0.0, 4.440892098500626e-16, 0.1518789822613069, 0.0, 0.8182681747527956, 0.0, 2.2204460492503128e-16, 4.997861068441722e-16, 0.14404148992450796, 0.0, 0.2279708302716362, 0.3040478039626522, 0.0], [0.0, 0.0, 0.0, 0.0, 0.0, 0.0, 0.0, 0.0, 0.0, 0.0, 0.0, 0.0, 0.0, 1.0, 0.0, 0.0, 0.0, 0.0, 0.0, 0.0, 0.0, 0.0, 0.0, 0.0, 0.0, 0.0, 0.0, 0.0, 0.0, 0.0, 0.0, 0.0, 0.0, 0.0, 0.0, 0.0, 0.0, 0.0, 0.0, 0.0, 0.0, 0.0, 0.0, 0.0, 0.0, 0.0, 0.0, 0.0, 0.0, 0.0, 0.0, 0.0, 0.0, 0.0, 0.0, 0.0, 0.0, 0.0, 0.0, 0.0, 0.0, 0.0, 0.0, 0.0, 0.0, 0.0, 0.0, 0.0, 0.0, 0.0, 0.0, 0.0, 0.0, 0.0, 0.0, 0.0, 0.0, 0.0, 0.0, 0.0, 0.0, 0.0, 0.0, 0.0], [0.0, 2.5436917886242364e-09, 0.0, 0.01156911342030011, 0.0, 0.0, 0.008024505375688695, 0.0, 7.620088419247196e-09, 0.11489293359253555, 0.031250019798059574, 0.03762590636412776, 0.13747921449114436, 0.0, 1.0, 0.0, 0.0, 0.02185375160822122, 0.014126999436338036, 0.079488892880174, 1.2346109142519631e-08, 0.009378828875543794, 0.006712893683039428, 0.0, 0.01663066113719295, 1.2458226542981423e-12, 0.014191386042778937, 6.962512354085511e-08, 0.0, 0.026164475034228498, 0.0, 0.015625000000042633, 0.0, 0.0, 0.0, 0.0, 0.0, 0.0, 0.0, 0.014502155197561494, 2.1787181932910223e-08, 0.06774726629997109, 0.013109182132006783, 4.2632564145606005e-14, 0.029294421139554386, 1.8668203503332153e-09, 0.050781250000118724, 2.7677423419361436e-13, 4.5201444942476127e-07, 0.0, 0.0, 5.594143486837511e-07, 0.0, 0.06490223433064148, 5.960464477539063e-08, 0.06344560618468645, 0.0, 1.4210854715202e-14, 0.0, 0.007812499999999999, 0.0, 0.012034617156295212, 0.0, 0.0, 0.0078125, 4.768371582031251e-07, 8.619186533975667e-13, 0.0, 0.0, 0.11134718638153632, 5.189010501694762e-07, 0.0, 0.0, 0.046875000000636186, 0.0, 0.026435205942903883, 4.76837158203125e-07, 9.893443596302937e-09, 0.0, 0.0, 2.1787176603839705e-08, 0.011718772294294622, 0.10296004550126257, 0.0], [0.0, 0.0, 0.0, 0.0, 0.0, 0.0, 0.0, 0.0, 0.0, 0.0, 0.0, 0.0, 0.0, 0.0, 0.0, 1.0, 0.0, 0.0, 0.0, 0.0, 0.0, 0.0, 0.0, 0.0, 0.0, 0.0, 0.0, 0.0, 0.0, 0.0, 0.0, 0.0, 0.0, 0.0, 0.0, 0.0, 0.0, 0.0, 0.0, 0.0, 0.0, 0.0, 0.0, 0.0, 0.0, 0.0, 0.0, 0.0, 0.0, 0.0, 0.0, 0.0, 0.0, 0.0, 0.0, 0.0, 0.0, 0.0, 0.0, 0.0, 0.0, 0.0, 0.0, 0.0, 0.0, 0.0, 0.0, 0.0, 0.0, 0.0, 0.0, 0.0, 0.0, 0.0, 0.0, 0.0, 0.0, 0.0, 0.0, 0.0, 0.0, 0.0, 0.0, 0.0], [0.0, 0.0, 0.0, 0.0, 0.0, 0.0, 0.0, 0.0, 0.0, 0.0, 0.0, 0.0, 0.0, 0.0, 0.0, 0.0, 1.0, 0.0, 0.0, 0.0, 0.0, 0.0, 0.0, 0.0, 0.0, 0.0, 0.0, 0.0, 0.0, 0.0, 0.0, 0.0, 0.0, 0.0, 0.0, 0.0, 0.0, 0.0, 0.0, 0.0, 0.0, 0.0, 0.0, 0.0, 0.0, 0.0, 0.0, 0.0, 0.0, 0.0, 0.0, 0.0, 0.0, 0.0, 0.0, 0.0, 0.0, 0.0, 0.0, 0.0, 0.0, 0.0, 0.0, 0.0, 0.0, 0.0, 0.0, 0.0, 0.0, 0.0, 0.0, 0.0, 0.0, 0.0, 0.0, 0.0, 0.0, 0.0, 0.0, 0.0, 0.0, 0.0, 0.0, 0.0], [0.0, 2.6007523467696207e-09, 0.0, 0.2553533655654998, 0.0, 0.24358066180762328, 0.1941219897397263, 0.00028797332294849104, 5.5088499535164466e-09, 0.4709035936668956, 0.046105464278557606, 0.36525582091275177, 0.33702003261474456, 0.0, 0.02185375160822122, 0.0, 0.0, 1.0, 0.034070311175434215, 0.2028548357258203, 0.2865814420434945, 0.021734945327306878, 0.1827882724243413, 0.0, 0.24054532819824906, 2.9670201134236905e-11, 0.020008839037990032, 4.0032492417185906e-07, 0.0, 0.4355561635771402, 0.3048345198008988, 0.0029729205677334553, 0.0006957159258118425, 8.518409399038291e-16, 0.0, 0.0, 0.004128342157204926, 0.0, 0.0, 0.45262882359879586, 2.7409116547889797e-08, 0.4701213570480207, 0.1996654306381313, 8.322006048162e-08, 0.36913933197080673, 0.16657514367856183, 0.4191852235614663, 0.10052227346327398, 1.3708566161492305e-06, 0.0, 4.2251420959903827e-10, 1.3320974062524868e-06, 4.901581896458988e-16, 0.5306617887349687, 5.272935252960817e-08, 0.4449858847891355, 0.0, 0.00014237057187616806, 0.0, 0.01957857775926752, 2.6492176719444074e-10, 0.41860457034469306, 0.0, 0.2970539120585372, 0.3452944779462664, 1.6135668189190174e-06, 1.1151404803726309e-12, 6.172342184086645e-16, 0.0, 0.34665014383589254, 1.3336620181988726e-06, 0.0, 5.948571260764255e-16, 0.22151557680190392, 0.0, 0.3877353034796548, 1.708168238874693e-05, 8.251464578153733e-06, 6.747704914327797e-16, 0.2950815123373268, 2.7409109185627508e-08, 0.233382184222411, 0.41444722755416896, 0.0], [0.0, 4.498072094689178e-09, 0.0, 0.03182914218874584, 0.0, 0.0, 0.010906302820251294, 9.384195980855716e-05, 4.310879653503398e-09, 0.008951302505819186, 0.00012726443017708583, 0.017668181279220815, 0.032820736919637314, 0.0, 0.014126999436338036, 0.0, 0.0, 0.034070311175434215, 1.0, 0.009293535563203498, 1.42022269674833e-08, 0.009378828899214849, 0.008175303813649755, 0.0, 0.006210283818535214, 0.0, 0.013632319146167363, 2.671699751257775e-07, 0.0, 0.02785335293343034, 2.288818359375e-05, 0.007854225310121357, 0.0006120856539062818, 1.3877787807814455e-17, 0.0, 0.0, 0.0003677780785800608, 0.0, 0.0, 0.0318629787339292, 3.617665572723518e-08, 0.03389702387181984, 0.014578348719716038, 3.5935694175577488e-09, 0.033591187120381366, 0.0008557548693470835, 0.009124163107687355, 2.1689150057030887e-11, 0.0, 0.0, 0.0, 2.9075897030145284e-11, 1.4697420099358992e-16, 0.04344540794281142, 5.960464477539063e-08, 0.013422859703991971, 0.0, 0.00036744181016348077, 0.0, 0.03405991419839871, 2.2204460492503136e-16, 0.02105064599185946, 0.0, 3.3774277376901844e-16, 0.008177051711734804, 9.279435174152217e-07, 0.0, 2.220446049250313e-16, 0.0, 0.01790358125302692, 6.260021894320352e-13, 0.0, 1.9043797774049082e-16, 0.0, 0.0, 0.020592454585292956, 1.9531237790443694e-05, 8.650422826335409e-06, 3.619140773699179e-16, 0.0, 3.617665573417407e-08, 0.03860665052126134, 0.03899321430267699, 0.0], [0.0, 2.746572653560757e-09, 0.0, 0.3524035337427247, 0.0, 0.45220949137732247, 0.1948417989046168, 0.00021994243663106625, 6.09944508795523e-09, 0.5023770939334017, 0.12034009291701707, 0.3641439962142845, 0.48786734173343, 0.0, 0.079488892880174, 0.0, 0.0, 0.2028548357258203, 0.009293535563203498, 1.0, 0.41039223260638835, 0.030816152677938493, 0.13295842039501848, 0.0, 0.20871877615206236, 1.8963760725991535e-11, 0.027240440197028613, 1.9328687400580384e-07, 0.0, 0.6059074862879542, 0.20593318423888712, 0.01031781201587054, 0.002255916600208425, 1.9599135343745029e-16, 0.0, 0.0, 0.0011441501971462945, 0.0, 0.0, 0.6161794046838104, 1.863649321048235e-08, 0.5131745111242397, 0.19465510848807271, 3.8523130627999546e-08, 0.7093555772711271, 0.07907421766548664, 0.5489588223810931, 0.28091083850494564, 1.0860902743122737e-06, 0.0, 4.954068821281173e-11, 1.3053125565082044e-06, 1.1614445453319012e-16, 0.5596908590840692, 7.365575425775837e-08, 0.3185074079254766, 0.0, 0.0002104176790877618, 0.0, 0.008234395404334967, 3.103607101300432e-10, 0.6011551499036498, 0.0, 0.19235247549467288, 0.44490030692751437, 1.6310273597729641e-06, 4.251929127671832e-13, 1.5677975598318306e-16, 0.0, 0.36937139322242957, 1.2107707009922605e-06, 0.0, 1.1108486300895956e-16, 0.20055913003192608, 0.0, 0.5448805900137543, 6.633566788220848e-06, 2.5141145339454246e-05, 4.83696642855171e-16, 0.34156204220985753, 1.863648215375598e-08, 0.4621093318499602, 0.34296345381863985, 0.0], [0.0, 1.5009154540294446e-12, 0.0, 0.13053420288677903, 0.0, 0.2526455763199557, 0.0, 0.0, 0.0, 0.046620826620819775, 3.737645732547574e-09, 0.03413747682401497, 0.1939059436610915, 0.0, 1.2346109142519631e-08, 0.0, 0.0, 0.2865814420434945, 1.42022269674833e-08, 0.41039223260638835, 1.0, 1.8730197202088457e-11, 0.0, 0.0, 0.0, 7.942349627778179e-14, 3.725290298461914e-09, 3.7294998700345414e-09, 0.0, 0.05904470980315042, 0.025785531156469817, 7.105427357601002e-15, 0.0, 0.0, 0.0, 0.0, 0.0, 0.0, 0.0, 0.31537782442589946, 1.1175870895385742e-08, 0.48992509198375855, 0.015624999999999998, 2.1316282072803006e-14, 0.43854741852242196, 4.901002774005976e-12, 0.48682235294337173, 0.15471318695339328, 0.0, 0.0, 0.0, 9.005492724176669e-12, 0.0, 0.5354219514168108, 0.0, 0.20015569320198487, 0.0, 1.4460140373712263e-14, 0.0, 1.818989403545857e-12, 2.220446049250313e-16, 0.3104616400524648, 0.0, 0.03534798957979183, 0.15471318693881903, 0.0, 0.0, 8.881784197001252e-16, 0.0, 0.05241527144618699, 0.0, 0.0, 0.0, 0.0, 0.0, 0.24981801783080484, 0.0, 7.483925914911051e-09, 5.859561252655812e-16, 0.48992509197292683, 1.1175870895385742e-08, 0.15471319021819552, 0.20480554270665963, 0.0], [0.0, 1.1080951360911024e-10, 0.0, 0.00891364579681636, 0.0, 0.0, 0.03091905069593784, 0.0, 2.523485146750679e-10, 0.00214460814311914, 2.887383992248974e-10, 0.009378829358390982, 0.0019094107709508317, 0.0, 0.009378828875543794, 0.0, 0.0, 0.021734945327306878, 0.009378828899214849, 0.030816152677938493, 1.8730197202088457e-11, 1.0, 0.003053319908698007, 0.0, 2.7519960342961316e-10, 4.4100756352138275e-11, 0.009378829090138317, 1.4181908238165667e-10, 0.0, 0.00736908026850417, 0.0, 0.0, 0.0, 0.0, 0.0, 0.0, 0.0, 0.0, 0.0, 0.012136566334082775, 0.0, 0.011928103358288021, 0.005850651193409581, 2.3283064365386963e-10, 0.0014323418588884904, 2.0461462201308946e-11, 2.2368238210914002e-11, 3.002499934023168e-11, 0.0, 0.0, 5.820766091346742e-11, 1.3436536558296035e-11, 9.714451465470118e-17, 0.02199559354732553, 0.0, 9.267871614686171e-05, 0.0, 0.0, 0.0, 0.009378828877704212, 4.019056178436098e-10, 0.0004585692463628023, 0.0, 8.525450456718581e-18, 0.030816152017794564, 0.0, 5.681914416519974e-13, 0.0, 0.0, 0.009378829100369671, 3.547090705796609e-12, 0.0, 0.0, 2.668853933807449e-13, 0.0, 0.009258925430319379, 0.0, 4.820871921920751e-10, 0.0, 0.0, 8.52545045671858e-18, 0.009378828951187575, 0.015059518363945033, 0.0], [0.0, 0.0, 0.0, 0.26056566997765496, 0.0, 0.0, 0.24335490119946263, 0.0, 0.0, 0.07328742559319948, 0.0, 0.06372374810317168, 0.06350953098694453, 0.0, 0.006712893683039428, 0.0, 0.0, 0.1827882724243413, 0.008175303813649755, 0.13295842039501848, 0.0, 0.003053319908698007, 1.0, 0.0, 0.06249999999999999, 0.0, 0.00817221839674365, 5.248827606451653e-17, 0.0, 0.16691740724877482, 0.0, 0.0, 0.0, 1.3877787807814457e-17, 0.0, 0.0, 0.0, 0.0, 0.0, 0.26988518202285017, 0.0, 0.253184397201255, 0.279944018600539, 0.0, 0.07326625786448251, 0.13738741843737723, 0.06250000000000007, 0.0, 0.0, 0.0, 0.0, 0.0, 1.3877787807814455e-17, 0.09692585763434655, 0.0, 0.1706557374312592, 0.0, 0.0, 0.0, 0.008172218396743664, 0.0, 0.13202841951437905, 0.0, 1.1102230246251565e-16, 0.10743538914841327, 0.0, 0.0, 0.0, 0.0, 0.11701254155480917, 6.433802464091546e-17, 0.0, 8.825077456397117e-17, 0.06249999999999999, 0.0, 0.04856928447775589, 1.426867727067877e-05, 9.536743164062498e-07, 0.0, 0.0, 0.0, 0.22380125414931543, 0.05962681425158914, 0.0], [0.0, 0.0, 0.0, 0.0, 0.0, 0.0, 0.0, 0.0, 0.0, 0.0, 0.0, 0.0, 0.0, 0.0, 0.0, 0.0, 0.0, 0.0, 0.0, 0.0, 0.0, 0.0, 0.0, 1.0, 0.0, 0.0, 0.0, 0.0, 0.0, 0.0, 0.0, 0.0, 0.0, 0.0, 0.0, 0.0, 0.0, 0.0, 0.0, 0.0, 0.0, 0.0, 0.0, 0.0, 0.0, 0.0, 0.0, 0.0, 0.0, 0.0, 0.0, 0.0, 0.0, 0.0, 0.0, 0.0, 0.0, 0.0, 0.0, 0.0, 0.0, 0.0, 0.0, 0.0, 0.0, 0.0, 0.0, 0.0, 0.0, 0.0, 0.0, 0.0, 0.0, 0.0, 0.0, 0.0, 0.0, 0.0, 0.0, 0.0, 0.0, 0.0, 0.0, 0.0], [0.0, 2.1274107387621427e-11, 0.0, 0.08836711513792408, 0.0, 0.0, 0.09331371316931578, 0.00022678098553907908, 2.5548714821000585e-10, 0.15373127238365736, 0.04822847206750991, 0.07148371801703485, 0.12712370790775993, 0.0, 0.01663066113719295, 0.0, 0.0, 0.24054532819824906, 0.006210283818535214, 0.20871877615206236, 0.0, 2.7519960342961316e-10, 0.06249999999999999, 0.0, 1.0, 1.0941932717932292e-10, 0.006406601183441515, 9.203529474113799e-11, 0.0, 0.20208280185602503, 0.0, 0.004088699634184806, 0.0014596794993963595, 0.0, 0.0, 0.0, 0.004150390624999999, 0.0, 0.0, 0.06963380913973066, 0.0, 0.10276527703859659, 0.06249999999999999, 2.147469167168665e-10, 0.10938385655741466, 0.1384187351902832, 0.18591707167073018, 0.0, 0.0, 0.0, 6.135626191910472e-11, 0.0, 0.0, 0.2140286836379008, 0.0, 0.2792826705270785, 0.0, 0.0009765625, 0.0, 0.005154592472913684, 1.290150154145884e-10, 0.23959547414880317, 0.0, 0.0, 0.10060508478692476, 0.0, 0.0, 0.0, 0.0, 0.25991749818567295, 0.0, 0.0, 0.0, 0.3682624791978165, 0.0, 0.17370833007200195, 0.0, 1.381319837628957e-10, 0.0, 0.0, 0.0, 0.09509425900127076, 0.12215985098608562, 0.0], [0.0, 1.7822383544867465e-11, 0.0, 5.036771216247248e-11, 0.0, 0.0, 0.0, 0.0, 1.1584549304163852e-10, 5.700284936437162e-11, 3.72754377417386e-11, 9.02699068640955e-11, 0.0, 0.0, 1.2458226542981423e-12, 0.0, 0.0, 2.9670201134236905e-11, 0.0, 1.8963760725991535e-11, 7.942349627778179e-14, 4.4100756352138275e-11, 0.0, 0.0, 1.0941932717932292e-10, 1.0, 0.0, 1.2000381445439106e-12, 0.0, 1.1192930325044731e-10, 0.0, 2.842170943040401e-14, 0.0, 0.0, 0.0, 0.0, 0.0, 0.0, 0.0, 3.7835691128260463e-11, 0.0, 4.544721191213657e-13, 0.0, 5.748689235360221e-14, 5.473530102599024e-11, 0.0, 8.911685508299833e-13, 4.954945511602061e-13, 0.0, 0.0, 0.0, 0.0, 0.0, 3.740307108877243e-11, 0.0, 4.4003189798185046e-11, 0.0, 2.3032786467440092e-14, 0.0, 0.0, 5.335702250401179e-11, 7.720862332166532e-11, 0.0, 0.0, 0.0, 0.0, 1.3471959464600457e-12, 0.0, 0.0, 7.438822138816526e-11, 0.0, 0.0, 0.0, 1.0572719432050276e-12, 0.0, 1.0038878492286839e-10, 0.0, 6.564483563308035e-13, 0.0, 0.0, 0.0, 1.6491878144142138e-12, 9.00313267488868e-11, 0.0], [0.0, 9.92814184402528e-10, 0.0, 0.032651122032252136, 0.0, 0.0, 0.012923101665343162, 0.0005798339843749999, 1.5834846034142788e-09, 0.02746345327509516, 0.0002826213795814193, 0.026879073515662155, 0.02739841547694187, 0.0, 0.014191386042778937, 0.0, 0.0, 0.020008839037990032, 0.013632319146167363, 0.027240440197028613, 3.725290298461914e-09, 0.009378829090138317, 0.00817221839674365, 0.0, 0.006406601183441515, 0.0, 1.0, 1.7888500938605102e-08, 0.0, 0.021339629886192056, 0.0, 0.012736006840940804, 0.00012207031249999997, 0.0, 0.0, 0.0, 0.0012207031249999998, 0.0, 0.0, 0.03514304072578131, 3.7252902984619132e-09, 0.02438605819302632, 0.01936599494390703, 5.820766091346742e-11, 0.015690145162424916, 0.00024414194374757815, 0.011186227023982639, 0.0, 0.0, 0.0, 2.91038304567337e-10, 0.0, 0.0, 0.029239005699457307, 0.0, 0.014354843965312456, 0.0, 0.00024414062499999995, 0.0, 0.012619847485484779, 4.6229221569169485e-10, 0.04442513543826512, 0.0, 0.0, 0.008056640625, 0.0, 0.0, 0.0, 0.0, 0.05456974646424134, 0.0, 0.0, 0.0, 0.0, 0.0, 0.04856580630441498, 0.0, 4.120424304073596e-09, 0.0, 0.0, 3.7252902984619136e-09, 0.018647298799934285, 0.01995994558432685, 0.0], [0.0, 6.83962195609647e-09, 0.0, 1.603062456127725e-07, 0.0, 0.0, 0.0, 0.0, 5.958456616472905e-09, 3.6944333973193233e-07, 4.702209861199259e-09, 5.440124127373314e-07, 1.0422578600065289e-15, 0.0, 6.962512354085511e-08, 0.0, 0.0, 4.0032492417185906e-07, 2.671699751257775e-07, 1.9328687400580384e-07, 3.7294998700345414e-09, 1.4181908238165667e-10, 5.248827606451653e-17, 0.0, 9.203529474113799e-11, 1.2000381445439106e-12, 1.7888500938605102e-08, 1.0, 0.0, 3.98125308993987e-07, 0.0, 0.0, 0.0, 6.842220473410713e-16, 0.0, 0.0, 0.0, 0.0, 0.0, 3.1533215774263057e-07, 3.7252902984619132e-09, 3.155972714582778e-10, 0.0, 3.958747125404871e-08, 8.046867958412688e-07, 3.143616728939168e-08, 7.847529792859056e-12, 1.974789549954947e-11, 0.0, 0.0, 3.451339118946923e-10, 2.867079092000418e-11, 3.201542905469207e-16, 4.0959821756243766e-07, 5.960464477539063e-08, 2.4766542225272785e-07, 0.0, 2.4864432567895744e-16, 0.0, 9.09993710558252e-13, 3.024097373457135e-10, 3.5011706051732235e-07, 0.0, 9.348745596555243e-16, 0.0, 0.0, 1.8003834775766737e-12, 2.71808208008262e-16, 0.0, 3.6402755467639565e-07, 3.547137916272548e-12, 0.0, 2.743210510316002e-16, 1.8015663007307675e-12, 0.0, 1.4481078771928223e-07, 0.0, 1.26762785742267e-07, 4.555261507482141e-16, 0.0, 3.725290315013199e-09, 1.8482668056474675e-07, 4.842696350382996e-07, 0.0], [0.0, 0.0, 0.0, 0.0, 0.0, 0.0, 0.0, 0.0, 0.0, 0.0, 0.0, 0.0, 0.0, 0.0, 0.0, 0.0, 0.0, 0.0, 0.0, 0.0, 0.0, 0.0, 0.0, 0.0, 0.0, 0.0, 0.0, 0.0, 1.0, 0.0, 0.0, 0.0, 0.0, 0.0, 0.0, 0.0, 0.0, 0.0, 0.0, 0.0, 0.0, 0.0, 0.0, 0.0, 0.0, 0.0, 0.0, 0.0, 0.0, 0.0, 0.0, 0.0, 0.0, 0.0, 0.0, 0.0, 0.0, 0.0, 0.0, 0.0, 0.0, 0.0, 0.0, 0.0, 0.0, 0.0, 0.0, 0.0, 0.0, 0.0, 0.0, 0.0, 0.0, 0.0, 0.0, 0.0, 0.0, 0.0, 0.0, 0.0, 0.0, 0.0, 0.0, 0.0], [0.0, 3.5464929373651974e-09, 0.0, 0.44093687370802215, 0.0, 0.33144431589465945, 0.15953265402588432, 0.00030299743963498353, 3.870298427148753e-09, 0.43523943867265785, 0.04160002936285606, 0.5195516662329358, 0.37372953329978076, 0.0, 0.026164475034228498, 0.0, 0.0, 0.4355561635771402, 0.02785335293343034, 0.6059074862879542, 0.05904470980315042, 0.00736908026850417, 0.16691740724877482, 0.0, 0.20208280185602503, 1.1192930325044731e-10, 0.021339629886192056, 3.98125308993987e-07, 0.0, 1.0, 0.47363310070849013, 0.009382847149135391, 0.0011072411158497125, 1.8485993307928055e-16, 0.0, 0.0, 0.0013431997822818244, 0.0, 0.0, 0.5232393154154018, 1.3927186827958663e-08, 0.31878213892598495, 0.18433977035146576, 7.252602768595759e-09, 0.24385842875658886, 0.014610064624661866, 0.35293987090007156, 0.2405539117517779, 4.5201444942476127e-07, 0.0, 9.838707981071443e-10, 5.594150958916551e-07, 3.4615351734082594e-16, 0.24119495222853662, 6.647428547200831e-08, 0.4364816935570153, 0.0, 0.0003662109375153311, 0.0, 0.013852477558658496, 2.7507061697244175e-10, 0.36676663547616467, 0.0, 0.4700009478609675, 0.3083039408856163, 9.865975225685587e-07, 2.2409895007090164e-12, 3.4786397156454016e-16, 0.0, 0.281901546829588, 5.189012242423161e-07, 0.0, 3.367173341135312e-16, 0.20699722704443574, 0.0, 0.4546926126378804, 2.3130948287221693e-05, 9.91179014053473e-06, 2.6017681151668843e-16, 0.05262116819087306, 1.392718012854638e-08, 0.46511565656211123, 0.5843296846737769, 0.0], [0.0, 0.0, 0.0, 0.2602506934903526, 0.0, 0.20412414523193154, 9.1552734375e-05, 1.5258789062499998e-05, 0.0, 0.005761464031069992, 0.0, 0.5000327726607816, 0.14404148992450796, 0.0, 0.0, 0.0, 0.0, 0.3048345198008988, 2.288818359375e-05, 0.20593318423888712, 0.025785531156469817, 0.0, 0.0, 0.0, 0.0, 0.0, 0.0, 0.0, 0.0, 0.47363310070849013, 1.0, 0.0, 6.103515625e-05, 0.0, 0.0, 0.0, 0.0, 0.0, 0.0, 0.20476239873842186, 0.0, 0.1250228048222014, 0.0, 0.0, 0.16944366570933628, 0.0, 0.0836205914528062, 0.125, 0.0, 0.0, 0.0, 0.0, 0.0, 0.13392117717547375, 0.0, 0.09918387352092994, 0.0, 0.0, 0.0, 0.0, 0.0, 0.07007616146084873, 0.0, 0.4991667123813005, 0.12506866455078128, 0.0, 0.0, 0.0, 0.0, 0.15641314245691534, 0.0, 0.0, 0.0, 0.0, 0.0, 0.12598833901969997, 1.3187392266037717e-05, 3.0517578124999993e-05, 0.0, 0.125, 0.0, 0.125091552734375, 0.42645653626888713, 0.0], [0.0, 0.0, 0.0, 0.004512349077915979, 0.0, 0.0, 0.0030881617775081827, 0.0, 0.0, 0.016728101724447057, 0.0, 0.011521604706213228, 0.009036460643335919, 0.0, 0.015625000000042633, 0.0, 0.0, 0.0029729205677334553, 0.007854225310121357, 0.01031781201587054, 7.105427357601002e-15, 0.0, 0.0, 0.0, 0.004088699634184806, 2.842170943040401e-14, 0.012736006840940804, 0.0, 0.0, 0.009382847149135391, 0.0, 1.0, 0.0018130222256122965, 0.0, 0.0, 0.0, 0.000244140625, 0.0, 0.0, 0.011999193232274568, 3.552713678800502e-15, 0.007955915370802008, 0.005183506271070601, 2.842170943040401e-14, 0.007136631271077409, 0.0009318387105770778, 0.006103515625000001, 1.2034047968931111e-14, 0.0, 0.0, 0.0, 0.0, 0.0, 0.016345695191003432, 0.0, 0.012960965055175445, 0.0, 0.00024414062499999997, 0.0, 0.002197265625, 0.0, 0.012748146862780283, 0.0, 0.0, 0.000244140625, 0.0, 0.0, 0.0, 0.0, 0.013100242963796662, 0.0, 0.0, 0.0, 0.0, 0.0, 0.013778956090860443, 0.0, 3.552713678800501e-15, 0.0, 0.0, 0.0, 0.004150390625011137, 0.013476259232993695, 0.0], [0.0, 0.0, 0.0, 0.002315253130393261, 0.0, 0.0, 6.103515625000001e-05, 0.00018713941127773947, 0.0, 0.0024238033057274572, 0.00011907669068725726, 0.0008165853777211524, 0.0, 0.0, 0.0, 0.0, 0.0, 0.0006957159258118425, 0.0006120856539062818, 0.002255916600208425, 0.0, 0.0, 0.0, 0.0, 0.0014596794993963595, 0.0, 0.00012207031249999997, 0.0, 0.0, 0.0011072411158497125, 6.103515625e-05, 0.0018130222256122965, 1.0, 0.0, 0.0, 0.0, 0.0, 0.0, 0.0, 0.00018765867592359113, 0.0, 0.0019759298222013673, 0.0, 0.0, 0.0002591452946567845, 0.00048828124999999995, 0.00012207031249999997, 0.0, 0.0, 0.0, 0.0, 0.0, 0.0, 0.002044706048552573, 0.0, 0.002357726048785606, 0.0, 0.0, 0.0, 0.00012207031249999997, 0.0, 0.0022565932367293222, 0.0, 0.0, 9.155273437500001e-05, 0.0, 0.0, 0.0, 0.0, 0.0021514455324033927, 0.0, 0.0, 0.0, 0.0, 0.0, 0.0018689362274120626, 0.0, 0.0, 0.0, 0.0, 0.0, 0.00018310546875, 0.002000923542889387, 0.0], [0.0, 0.0, 0.0, 5.9199955707204615e-16, 0.0, 0.0, 0.0, 0.0, 0.0, 2.803857101165836e-16, 0.0, 6.617685563123333e-16, 0.0, 0.0, 0.0, 0.0, 0.0, 8.518409399038291e-16, 1.3877787807814455e-17, 1.9599135343745029e-16, 0.0, 0.0, 1.3877787807814457e-17, 0.0, 0.0, 0.0, 0.0, 6.842220473410713e-16, 0.0, 1.8485993307928055e-16, 0.0, 0.0, 0.0, 1.0, 0.0, 0.0, 0.0, 0.0, 0.0, 4.494886578930577e-16, 0.0, 1.3877787807814455e-17, 0.0, 0.0, 1.149598622218112e-15, 1.3702509974276285e-17, 5.4546225717717585e-17, 0.0, 0.0, 0.0, 0.0, 0.0, 1.3877787807814457e-17, 8.235366401758138e-16, 0.0, 0.0, 0.0, 0.0, 0.0, 1.7382925895368253e-15, 4.691469381875094e-16, 4.2258986268993503e-16, 0.0, 1.7884770757344807e-15, 0.0, 0.0, 0.0, 0.0, 0.0, 8.90487170135306e-16, 0.0, 0.0, 0.0, 0.0, 0.0, 4.536700103344395e-16, 0.0, 6.189201960169422e-16, 0.0, 0.0, 0.0, 0.0, 3.3637922306619816e-17, 0.0], [0.0, 0.0, 0.0, 0.0, 0.0, 0.0, 0.0, 0.0, 0.0, 0.0, 0.0, 0.0, 0.0, 0.0, 0.0, 0.0, 0.0, 0.0, 0.0, 0.0, 0.0, 0.0, 0.0, 0.0, 0.0, 0.0, 0.0, 0.0, 0.0, 0.0, 0.0, 0.0, 0.0, 0.0, 1.0, 0.0, 0.0, 0.0, 0.0, 0.0, 0.0, 0.0, 0.0, 0.0, 0.0, 0.0, 0.0, 0.0, 0.0, 0.0, 0.0, 0.0, 0.0, 0.0, 0.0, 0.0, 0.0, 0.0, 0.0, 0.0, 0.0, 0.0, 0.0, 0.0, 0.0, 0.0, 0.0, 0.0, 0.0, 0.0, 0.0, 0.0, 0.0, 0.0, 0.0, 0.0, 0.0, 0.0, 0.0, 0.0, 0.0, 0.0, 0.0, 0.0], [0.0, 0.0, 0.0, 0.0, 0.0, 0.0, 0.0, 0.0, 0.0, 0.0, 0.0, 0.0, 0.0, 0.0, 0.0, 0.0, 0.0, 0.0, 0.0, 0.0, 0.0, 0.0, 0.0, 0.0, 0.0, 0.0, 0.0, 0.0, 0.0, 0.0, 0.0, 0.0, 0.0, 0.0, 0.0, 1.0, 0.0, 0.0, 0.0, 0.0, 0.0, 0.0, 0.0, 0.0, 0.0, 0.0, 0.0, 0.0, 0.0, 0.0, 0.0, 0.0, 0.0, 0.0, 0.0, 0.0, 0.0, 0.0, 0.0, 0.0, 0.0, 0.0, 0.0, 0.0, 0.0, 0.0, 0.0, 0.0, 0.0, 0.0, 0.0, 0.0, 0.0, 0.0, 0.0, 0.0, 0.0, 0.0, 0.0, 0.0, 0.0, 0.0, 0.0, 0.0], [0.0, 0.0, 0.0, 0.0029807822725393847, 0.0, 0.0, 3.681314082062092e-07, 0.0, 0.0, 0.0007704009151867633, 0.0, 0.0019525562685444942, 0.0, 0.0, 0.0, 0.0, 0.0, 0.004128342157204926, 0.0003677780785800608, 0.0011441501971462945, 0.0, 0.0, 0.0, 0.0, 0.004150390624999999, 0.0, 0.0012207031249999998, 0.0, 0.0, 0.0013431997822818244, 0.0, 0.000244140625, 0.0, 0.0, 0.0, 0.0, 1.0, 0.0, 0.0, 0.0015558229802187704, 0.0, 0.0002443246907041031, 0.0, 0.0, 3.0677617350517425e-07, 0.0009765624999999999, 0.00024414062499999997, 0.0, 0.0, 0.0, 0.0, 0.0, 0.0, 0.004513763501486908, 0.0, 0.002764217637333541, 0.0, 0.00024414062499999995, 0.0, 0.00024414062499999997, 0.0, 0.0015449347131499037, 0.0, 0.0, 0.00024414062499999997, 3.681314082062092e-07, 0.0, 0.0, 0.0, 0.0024393251434313944, 0.0, 0.0, 0.0, 0.0, 0.0, 0.0006858842956592645, 5.986890785976859e-07, 0.0, 0.0, 0.0, 0.0, 0.00024433657268040874, 0.0029266981676813724, 0.0], [0.0, 0.0, 0.0, 0.0, 0.0, 0.0, 0.0, 0.0, 0.0, 0.0, 0.0, 0.0, 0.0, 0.0, 0.0, 0.0, 0.0, 0.0, 0.0, 0.0, 0.0, 0.0, 0.0, 0.0, 0.0, 0.0, 0.0, 0.0, 0.0, 0.0, 0.0, 0.0, 0.0, 0.0, 0.0, 0.0, 0.0, 1.0, 0.0, 0.0, 0.0, 0.0, 0.0, 0.0, 0.0, 0.0, 0.0, 0.0, 0.0, 0.0, 0.0, 0.0, 0.0, 0.0, 0.0, 0.0, 0.0, 0.0, 0.0, 0.0, 0.0, 0.0, 0.0, 0.0, 0.0, 0.0, 0.0, 0.0, 0.0, 0.0, 0.0, 0.0, 0.0, 0.0, 0.0, 0.0, 0.0, 0.0, 0.0, 0.0, 0.0, 0.0, 0.0, 0.0], [0.0, 0.0, 0.0, 0.0, 0.0, 0.0, 0.0, 0.0, 0.0, 0.0, 0.0, 0.0, 0.0, 0.0, 0.0, 0.0, 0.0, 0.0, 0.0, 0.0, 0.0, 0.0, 0.0, 0.0, 0.0, 0.0, 0.0, 0.0, 0.0, 0.0, 0.0, 0.0, 0.0, 0.0, 0.0, 0.0, 0.0, 0.0, 1.0, 0.0, 0.0, 0.0, 0.0, 0.0, 0.0, 0.0, 0.0, 0.0, 0.0, 0.0, 0.0, 0.0, 0.0, 0.0, 0.0, 0.0, 0.0, 0.0, 0.0, 0.0, 0.0, 0.0, 0.0, 0.0, 0.0, 0.0, 0.0, 0.0, 0.0, 0.0, 0.0, 0.0, 0.0, 0.0, 0.0, 0.0, 0.0, 0.0, 0.0, 0.0, 0.0, 0.0, 0.0, 0.0], [0.0, 3.5086270212169064e-09, 0.0, 0.4186913189898375, 0.0, 0.4954231514258702, 0.24974103305270465, 0.0007727580106829286, 7.373585309356207e-09, 0.5009236855828421, 0.0004241810739204703, 0.2873777478164129, 0.31999387153606457, 0.0, 0.014502155197561494, 0.0, 0.0, 0.45262882359879586, 0.0318629787339292, 0.6161794046838104, 0.31537782442589946, 0.012136566334082775, 0.26988518202285017, 0.0, 0.06963380913973066, 3.7835691128260463e-11, 0.03514304072578131, 3.1533215774263057e-07, 0.0, 0.5232393154154018, 0.20476239873842186, 0.011999193232274568, 0.00018765867592359113, 4.494886578930577e-16, 0.0, 0.0, 0.0015558229802187704, 0.0, 0.0, 1.0, 2.459211782368393e-08, 0.46921814736161327, 0.29827584496452236, 9.997069242182177e-08, 0.42655928775895285, 0.1378739598599517, 0.34592608381634704, 0.35657647459798053, 1.9022274746625376e-06, 0.0, 9.370364883130954e-10, 1.8880384006048973e-06, 1.4464817001826857e-16, 0.37933338468986655, 7.56189512049207e-08, 0.3516664335115257, 0.0, 0.000827664943753511, 0.0, 0.026068396809949462, 1.2927610396466984e-10, 0.6204288007374901, 0.0, 0.19249845853467226, 0.3584463364165852, 2.1368733035499083e-06, 1.191367013008239e-12, 2.0251507173756452e-16, 0.0, 0.3832423119156527, 1.9026383315429157e-06, 0.0, 7.20021238694758e-17, 0.06250000000101719, 0.0, 0.33932653940614443, 9.708797192716116e-06, 9.812230146697198e-07, 3.5023413818497484e-16, 0.204701309458066, 2.459211077174334e-08, 0.5994274038860029, 0.20076635173320176, 0.0], [0.0, 0.0, 0.0, 9.466267543191932e-09, 0.0, 0.0, 0.0, 0.0, 0.0, 2.4749136159622197e-08, 3.725290298461914e-09, 1.1115950161170067e-08, 0.0, 0.0, 2.1787181932910223e-08, 0.0, 0.0, 2.7409116547889797e-08, 3.617665572723518e-08, 1.863649321048235e-08, 1.1175870895385742e-08, 0.0, 0.0, 0.0, 0.0, 0.0, 3.7252902984619132e-09, 3.7252902984619132e-09, 0.0, 1.3927186827958663e-08, 0.0, 3.552713678800502e-15, 0.0, 0.0, 0.0, 0.0, 0.0, 0.0, 0.0, 2.459211782368393e-08, 1.0, 0.0, 0.0, 0.0