"{\"names\": [\"172.217.10.1\", \"104.88.86.240\", \"38.93.140.48\", \"192.168.10.15\", \"104.88.108.223\", \"195.142.105.15\", \"172.217.12.163\", \"206.217.206.48\", \"172.217.6.228\", \"178.255.83.1\", \"74.119.118.82\", \"192.168.10.9\", \"172.217.7.6\", \"35.186.227.40\", \"31.13.71.36\", \"206.126.112.142\", \"151.101.2.49\", \"192.168.10.25\", \"172.217.3.98\", \"192.168.10.16\", \"72.30.202.150\", \"172.217.12.132\", \"50.31.164.173\", \"162.208.20.178\", \"23.15.4.16\", \"216.58.217.99\", \"172.217.6.198\", \"172.217.12.174\", \"169.46.44.40\", \"192.168.10.17\", \"52.84.143.130\", \"104.19.195.102\", \"216.200.232.61\", \"104.97.73.166\", \"152.163.13.79\", \"192.229.163.25\", \"74.119.118.86\", \"54.225.188.92\", \"188.165.145.88\", \"192.168.10.14\", \"8.43.72.98\", \"199.96.57.6\", \"68.67.178.110\", \"104.88.70.158\", \"192.168.10.19\", \"69.172.216.56\", \"157.240.18.35\", \"172.217.11.34\", \"185.54.150.20\", \"69.169.85.7\", \"198.232.124.194\", \"74.119.118.72\", \"172.217.12.134\", \"192.168.10.5\", \"23.111.9.30\", \"192.168.10.8\", \"151.101.66.2\", \"68.67.178.199\", \"213.239.195.215\", \"138.108.7.20\", \"52.84.145.87\", \"192.168.10.50\", \"52.84.145.198\", \"52.40.24.51\", \"212.77.100.137\", \"185.54.150.115\", \"172.217.10.138\", \"152.163.66.165\", \"52.84.137.78\", \"192.168.10.51\", \"68.67.178.109\", \"129.146.14.96\", \"54.152.24.232\", \"172.217.10.33\", \"52.8.229.108\", \"192.168.10.12\", \"64.147.131.201\", \"172.217.12.206\", \"68.67.180.12\", \"172.217.10.134\", \"38.69.238.16\", \"172.217.10.142\", \"192.168.10.3\", \"172.217.6.202\"], \"funcEdges\": [[1.0, 0.0, 0.0, 0.0, 0.0, 0.0, 0.0, 0.0, 0.0, 0.0, 0.0, 0.0, 0.0, 0.0, 0.0, 0.0, 0.0, 0.0, 0.0, 0.0, 0.0, 0.0, 0.0, 0.0, 0.0, 0.0, 0.0, 0.0, 0.0, 0.0, 0.0, 0.0, 0.0, 0.0, 0.0, 0.0, 0.0, 0.0, 0.0, 0.0, 0.0, 0.0, 0.0, 0.0, 0.0, 0.0, 0.0, 0.0, 0.0, 0.0, 0.0, 0.0, 0.0, 0.0, 0.0, 0.0, 0.0, 0.0, 0.0, 0.0, 0.0, 0.0, 0.0, 0.0, 0.0, 0.0, 0.0, 0.0, 0.0, 0.0, 0.0, 0.0, 0.0, 0.0, 0.0, 0.0, 0.0, 0.0, 0.0, 0.0, 0.0, 0.0, 0.0, 0.0], [0.0, 1.0, 0.0, 0.5048050813855322, 0.0, 0.0, 0.0, 0.0, 0.0, 0.32400806766005213, 0.08574929257125442, 0.2579722042934347, 0.0, 0.0, 0.0, 0.0, 0.0, 0.22048935700312983, 0.056318443479720835, 0.42883194990392126, 0.012892765578234912, 0.6201020727250723, 0.0, 0.0, 0.0, 0.0, 0.0, 0.07543718410745294, 0.0, 0.31840000229337506, 0.0, 0.0, 0.0, 0.0, 0.0, 0.0, 0.0, 0.0, 0.0, 0.05975575150278016, 0.0, 0.2223253278715936, 0.0, 0.0, 0.2228898514225739, 0.24333079903754962, 0.0773565934694095, 0.2363189883480975, 0.0, 0.0, 0.0, 0.0625, 0.0, 0.24885076572353343, 0.0, 0.4755636463008465, 0.0, 0.0, 0.0, 0.0, 0.0, 0.5839443639444504, 0.0, 0.0, 0.0, 0.0, 0.0, 0.0, 0.0, 0.09773120862462902, 0.0, 0.0, 0.0, 0.0, 0.0, 0.18196592320450433, 0.0, 0.13082952325700828, 0.0, 0.0, 0.0, 0.7356231116098421, 0.49048679202796996, 0.0], [0.0, 0.0, 1.0, 0.0, 0.0, 0.0, 0.0, 0.0, 0.0, 0.0, 0.0, 0.0, 0.0, 0.0, 0.0, 0.0, 0.0, 0.0, 0.0, 0.0, 0.0, 0.0, 0.0, 0.0, 0.0, 0.0, 0.0, 0.0, 0.0, 0.0, 0.0, 0.0, 0.0, 0.0, 0.0, 0.0, 0.0, 0.0, 0.0, 0.0, 0.0, 0.0, 0.0, 0.0, 0.0, 0.0, 0.0, 0.0, 0.0, 0.0, 0.0, 0.0, 0.0, 0.0, 0.0, 0.0, 0.0, 0.0, 0.0, 0.0, 0.0, 0.0, 0.0, 0.0, 0.0, 0.0, 0.0, 0.0, 0.0, 0.0, 0.0, 0.0, 0.0, 0.0, 0.0, 0.0, 0.0, 0.0, 0.0, 0.0, 0.0, 0.0, 0.0, 0.0], [0.0, 0.5048050813855322, 0.0, 1.0, 0.0, 0.0, 0.0, 0.0, 0.0, 0.42374435589542075, 0.05936703887891506, 0.5983478929955933, 3.737968559168411e-06, 0.0, 0.012381585788994561, 0.0, 0.0, 0.462583476299655, 0.23057675685014856, 0.5794097012493581, 0.12500844467622954, 0.5919768525904207, 6.100428841962196e-07, 0.0, 2.3402010920660457e-05, 0.015256962535986483, 0.0, 0.2535887953168686, 0.0, 0.40007391272025716, 0.0, 0.00016264027592546645, 0.0, 5.0852374737418475e-06, 0.0, 0.0, 0.0, 0.0, 0.0, 0.3958123900555122, 0.00013876796423497434, 0.29650676529862996, 0.0, 0.0003544048745311723, 0.3951240971809855, 0.12568998761764683, 0.1408386044221638, 0.19670871248581923, 0.0, 0.0, 0.0, 0.17878812745061506, 3.6892166803539036e-06, 0.5351278984635675, 0.0, 0.7869217262957748, 0.0, 0.00019800993157764998, 0.0, 0.06559525529415337, 1.6646932600911054e-05, 0.736929890731921, 0.0, 6.842314266236994e-06, 0.0, 0.0, 0.01547690833518327, 1.1283047297222074e-06, 0.0, 0.3395595175471393, 0.011818498780604949, 0.0, 5.3195550413456866e-06, 0.015537823279848064, 0.0, 0.5239059373196563, 0.0, 0.1824744626123297, 1.1092634582323885e-06, 0.0, 1.613277073108457e-08, 0.6358971230562398, 0.7060307860909416, 0.0], [0.0, 0.0, 0.0, 0.0, 1.0, 0.0, 0.0, 0.0, 0.0, 0.0, 0.0, 0.0, 0.0, 0.0, 0.0, 0.0, 0.0, 0.0, 0.0, 0.0, 0.0, 0.0, 0.0, 0.0, 0.0, 0.0, 0.0, 0.0, 0.0, 0.0, 0.0, 0.0, 0.0, 0.0, 0.0, 0.0, 0.0, 0.0, 0.0, 0.0, 0.0, 0.0, 0.0, 0.0, 0.0, 0.0, 0.0, 0.0, 0.0, 0.0, 0.0, 0.0, 0.0, 0.0, 0.0, 0.0, 0.0, 0.0, 0.0, 0.0, 0.0, 0.0, 0.0, 0.0, 0.0, 0.0, 0.0, 0.0, 0.0, 0.0, 0.0, 0.0, 0.0, 0.0, 0.0, 0.0, 0.0, 0.0, 0.0, 0.0, 0.0, 0.0, 0.0, 0.0], [0.0, 0.0, 0.0, 0.0, 0.0, 1.0, 0.0, 0.0, 0.0, 0.0, 0.0, 0.0, 0.0, 0.0, 0.0, 0.0, 0.0, 0.0, 0.0, 0.0, 0.0, 0.0, 0.0, 0.0, 0.0, 0.0, 0.0, 0.0, 0.0, 0.0, 0.0, 0.0, 0.0, 0.0, 0.0, 0.0, 0.0, 0.0, 0.0, 0.0, 0.0, 0.0, 0.0, 0.0, 0.0, 0.0, 0.0, 0.0, 0.0, 0.0, 0.0, 0.0, 0.0, 0.0, 0.0, 0.0, 0.0, 0.0, 0.0, 0.0, 0.0, 0.0, 0.0, 0.0, 0.0, 0.0, 0.0, 0.0, 0.0, 0.0, 0.0, 0.0, 0.0, 0.0, 0.0, 0.0, 0.0, 0.0, 0.0, 0.0, 0.0, 0.0, 0.0, 0.0], [0.0, 0.0, 0.0, 0.0, 0.0, 0.0, 1.0, 0.0, 0.0, 0.0, 0.0, 0.0, 0.0, 0.0, 0.0, 0.0, 0.0, 0.0, 0.0, 0.0, 0.0, 0.0, 0.0, 0.0, 0.0, 0.0, 0.0, 0.0, 0.0, 0.0, 0.0, 0.0, 0.0, 0.0, 0.0, 0.0, 0.0, 0.0, 0.0, 0.0, 0.0, 0.0, 0.0, 0.0, 0.0, 0.0, 0.0, 0.0, 0.0, 0.0, 0.0, 0.0, 0.0, 0.0, 0.0, 0.0, 0.0, 0.0, 0.0, 0.0, 0.0, 0.0, 0.0, 0.0, 0.0, 0.0, 0.0, 0.0, 0.0, 0.0, 0.0, 0.0, 0.0, 0.0, 0.0, 0.0, 0.0, 0.0, 0.0, 0.0, 0.0, 0.0, 0.0, 0.0], [0.0, 0.0, 0.0, 0.0, 0.0, 0.0, 0.0, 1.0, 0.0, 0.0, 0.0, 0.0, 0.0, 0.0, 0.0, 0.0, 0.0, 0.0, 0.0, 0.0, 0.0, 0.0, 0.0, 0.0, 0.0, 0.0, 0.0, 0.0, 0.0, 0.0, 0.0, 0.0, 0.0, 0.0, 0.0, 0.0, 0.0, 0.0, 0.0, 0.0, 0.0, 0.0, 0.0, 0.0, 0.0, 0.0, 0.0, 0.0, 0.0, 0.0, 0.0, 0.0, 0.0, 0.0, 0.0, 0.0, 0.0, 0.0, 0.0, 0.0, 0.0, 0.0, 0.0, 0.0, 0.0, 0.0, 0.0, 0.0, 0.0, 0.0, 0.0, 0.0, 0.0, 0.0, 0.0, 0.0, 0.0, 0.0, 0.0, 0.0, 0.0, 0.0, 0.0, 0.0], [0.0, 0.0, 0.0, 0.0, 0.0, 0.0, 0.0, 0.0, 1.0, 0.0, 0.0, 0.0, 0.0, 0.0, 0.0, 0.0, 0.0, 0.0, 0.0, 0.0, 0.0, 0.0, 0.0, 0.0, 0.0, 0.0, 0.0, 0.0, 0.0, 0.0, 0.0, 0.0, 0.0, 0.0, 0.0, 0.0, 0.0, 0.0, 0.0, 0.0, 0.0, 0.0, 0.0, 0.0, 0.0, 0.0, 0.0, 0.0, 0.0, 0.0, 0.0, 0.0, 0.0, 0.0, 0.0, 0.0, 0.0, 0.0, 0.0, 0.0, 0.0, 0.0, 0.0, 0.0, 0.0, 0.0, 0.0, 0.0, 0.0, 0.0, 0.0, 0.0, 0.0, 0.0, 0.0, 0.0, 0.0, 0.0, 0.0, 0.0, 0.0, 0.0, 0.0, 0.0], [0.0, 0.32400806766005213, 0.0, 0.42374435589542075, 0.0, 0.0, 0.0, 0.0, 0.0, 1.0, 0.25684603615480345, 0.49742424986545297, 3.992117447495443e-06, 0.0, 0.010652824197371315, 0.0, 0.0, 0.2385352589228149, 0.24401398010523895, 0.34594318200179347, 0.11608087780955481, 0.4858270860415948, 1.406782515581314e-06, 0.0, 2.355174661686064e-05, 0.01111117648142862, 0.0, 0.12200950988244125, 0.0, 0.11375018456785542, 0.0, 0.0001401747410769554, 0.0, 2.408494910432926e-06, 0.0, 0.0, 0.0, 0.0, 0.0, 0.40597631774826537, 5.512893755565143e-05, 0.5054024371660486, 0.0, 0.00014090063638830431, 0.2997435797812301, 0.09404532140819713, 0.0682052967803868, 0.39801892970529634, 0.0, 0.0, 0.0, 0.0625, 1.95554192014481e-06, 0.3589988531944657, 0.0, 0.4776828196450114, 0.0, 0.0004915688242581483, 0.0, 0.031838404111585346, 1.0427275827601868e-05, 0.39581640011444336, 0.0, 6.793057424635194e-06, 0.0, 0.0, 0.008925132451020015, 1.741163118696741e-06, 0.0, 0.47283993419112424, 0.005377521667257369, 0.0, 1.5891324520648397e-06, 0.004967325582510947, 0.0, 0.3069348886459009, 0.0, 0.30182048140071394, 3.5136521417840788e-06, 0.0, 5.960464477539062e-08, 0.33282177654426925, 0.3905195006079154, 0.0], [0.0, 0.08574929257125442, 0.0, 0.05936703887891506, 0.0, 0.0, 0.0, 0.0, 0.0, 0.25684603615480345, 1.0, 0.04910565061298657, 0.0, 0.0, 0.012673151975565351, 0.0, 0.0, 0.07765884874335428, 0.022930204411792058, 0.029876323745833995, 0.10613237065158375, 0.14571211496662875, 0.0, 0.0, 0.0, 0.010713257614029456, 0.0, 0.04494605024447937, 0.0, 0.0388592633388041, 0.0, 0.0, 0.0, 0.0, 0.0, 0.0, 0.0, 0.0, 0.0, 0.1715453759760657, 0.0, 0.022479581485397908, 0.0, 0.0, 0.169138964076384, 0.0942310368695972, 0.07104963899434391, 0.04222412108073416, 0.0, 0.0, 0.0, 0.021437323142813613, 0.0, 0.16435353208176912, 0.0, 0.038549937767264335, 0.0, 0.0, 0.0, 0.007812499999999999, 0.0, 0.025449755764120948, 0.0, 0.0, 0.0, 0.0, 0.005768516864902841, 0.0, 0.0, 0.13752538795785083, 0.03046927715468398, 0.0, 0.0, 0.0071834990409448286, 0.0, 0.054657728589801745, 0.0, 0.11382667950302282, 0.0, 0.0, 0.0, 0.10107572891132224, 0.02982153509636534, 0.0], [0.0, 0.2579722042934347, 0.0, 0.5983478929955933, 0.0, 0.0, 0.0, 0.0, 0.0, 0.49742424986545297, 0.04910565061298657, 1.0, 5.532028099312134e-06, 0.0, 0.012662930611464458, 0.0, 0.0, 0.18091877322727973, 0.3024824421382814, 0.5297810636789668, 0.07206299664798324, 0.40612072631207163, 1.5067667736310448e-06, 0.0, 1.290829091150276e-05, 0.019636505323297943, 0.0, 0.33610834896820246, 0.0, 0.41089982974620376, 0.0, 0.00017540540195177615, 0.0, 5.684548613765212e-06, 0.0, 0.0, 0.0, 0.0, 0.0, 0.431682492681281, 1.5258789062499998e-05, 0.5781226604149167, 0.0, 0.0002870049275748871, 0.6270198596112112, 0.22695262316838494, 0.10711683572997421, 0.25151686652964234, 0.0, 0.0, 0.0, 0.2462596826484498, 3.7973456075795484e-06, 0.38804934819261705, 0.0, 0.7702610496075888, 0.0, 0.0004617764429177095, 0.0, 0.05050158425556993, 1.652861569145894e-05, 0.4416847018864275, 0.0, 1.0037494101313752e-05, 0.0, 0.0, 0.01134147727402657, 6.489731264437554e-06, 0.0, 0.4039300666633838, 0.03046027828831102, 0.0, 4.203313153355548e-06, 0.0077304318066447105, 0.0, 0.6305793316467427, 0.0, 0.3535418301528299, 7.2786243215322125e-06, 0.0, 9.623750225803272e-08, 0.4531880401884602, 0.732188973326281, 0.0], [0.0, 0.0, 0.0, 3.737968559168411e-06, 0.0, 0.0, 0.0, 0.0, 0.0, 3.992117447495443e-06, 0.0, 5.532028099312134e-06, 1.0, 0.0, 0.0, 0.0, 0.0, 5.397955448456862e-06, 2.86102294921875e-06, 3.871842566580131e-06, 1.9073486328125004e-06, 0.0, 0.0, 0.0, 0.0, 0.0, 0.0, 8.952926845453976e-06, 0.0, 2.5391742842136087e-06, 0.0, 0.0, 0.0, 0.0, 0.0, 0.0, 0.0, 0.0, 0.0, 2.581109270043729e-06, 0.0, 0.0, 0.0, 0.0, 5.597423373418855e-06, 0.0, 3.814697265625e-06, 0.0, 0.0, 0.0, 0.0, 0.0, 3.814697265625e-06, 5.837899335945301e-06, 0.0, 3.100550567739805e-06, 0.0, 2.1413475013267955e-06, 0.0, 9.536743164062498e-07, 1.9073486328124996e-06, 6.71085815350295e-06, 0.0, 1.9073486328125e-06, 0.0, 0.0, 0.0, 1.9073486328124998e-06, 0.0, 3.5676059325572734e-06, 0.0, 0.0, 3.814697265625e-06, 0.0, 0.0, 3.2511782429944844e-06, 0.0, 1.9073486328124998e-06, 4.293129967781763e-06, 0.0, 0.0, 0.0, 7.19697474522683e-06, 0.0], [0.0, 0.0, 0.0, 0.0, 0.0, 0.0, 0.0, 0.0, 0.0, 0.0, 0.0, 0.0, 0.0, 1.0, 0.0, 0.0, 0.0, 0.0, 0.0, 0.0, 0.0, 0.0, 0.0, 0.0, 0.0, 0.0, 0.0, 0.0, 0.0, 0.0, 0.0, 0.0, 0.0, 0.0, 0.0, 0.0, 0.0, 0.0, 0.0, 0.0, 0.0, 0.0, 0.0, 0.0, 0.0, 0.0, 0.0, 0.0, 0.0, 0.0, 0.0, 0.0, 0.0, 0.0, 0.0, 0.0, 0.0, 0.0, 0.0, 0.0, 0.0, 0.0, 0.0, 0.0, 0.0, 0.0, 0.0, 0.0, 0.0, 0.0, 0.0, 0.0, 0.0, 0.0, 0.0, 0.0, 0.0, 0.0, 0.0, 0.0, 0.0, 0.0, 0.0, 0.0], [0.0, 0.0, 0.0, 0.012381585788994561, 0.0, 0.0, 0.0, 0.0, 0.0, 0.010652824197371315, 0.012673151975565351, 0.012662930611464458, 0.0, 0.0, 1.0, 0.0, 0.0, 0.010012517130275605, 0.0, 0.005109475840669151, 0.0009063999685556229, 0.004834787091838094, 0.0, 0.0, 0.0, 0.01070153511365287, 0.0, 0.0052086671045748776, 0.0, 0.012134341150073492, 0.0, 0.0003662109375, 0.0, 0.0, 0.0, 0.0, 0.0, 0.0, 0.0, 0.011475950357157497, 4.5776367187499986e-05, 0.000244140625, 0.0, 0.00036621093749999995, 0.007761110358660617, 0.0, 0.0010198095872930647, 0.002377472568474037, 0.0, 0.0, 0.0, 0.0, 0.0, 0.013392928465069604, 0.0, 0.02166663121633778, 0.0, 0.00012207031249999997, 0.0, 0.0, 0.0, 0.009334649107225992, 0.0, 0.0, 0.0, 0.0, 0.007403824856309816, 0.0, 0.0, 0.007546403712526205, 0.0, 0.0, 0.0, 0.0054647658851143316, 0.0, 0.002604684836117027, 0.0, 0.0023429433358509444, 0.0, 0.0, 0.0, 0.004829618712422308, 0.00824381825775094, 0.0], [0.0, 0.0, 0.0, 0.0, 0.0, 0.0, 0.0, 0.0, 0.0, 0.0, 0.0, 0.0, 0.0, 0.0, 0.0, 1.0, 0.0, 0.0, 0.0, 0.0, 0.0, 0.0, 0.0, 0.0, 0.0, 0.0, 0.0, 0.0, 0.0, 0.0, 0.0, 0.0, 0.0, 0.0, 0.0, 0.0, 0.0, 0.0, 0.0, 0.0, 0.0, 0.0, 0.0, 0.0, 0.0, 0.0, 0.0, 0.0, 0.0, 0.0, 0.0, 0.0, 0.0, 0.0, 0.0, 0.0, 0.0, 0.0, 0.0, 0.0, 0.0, 0.0, 0.0, 0.0, 0.0, 0.0, 0.0, 0.0, 0.0, 0.0, 0.0, 0.0, 0.0, 0.0, 0.0, 0.0, 0.0, 0.0, 0.0, 0.0, 0.0, 0.0, 0.0, 0.0], [0.0, 0.0, 0.0, 0.0, 0.0, 0.0, 0.0, 0.0, 0.0, 0.0, 0.0, 0.0, 0.0, 0.0, 0.0, 0.0, 1.0, 0.0, 0.0, 0.0, 0.0, 0.0, 0.0, 0.0, 0.0, 0.0, 0.0, 0.0, 0.0, 0.0, 0.0, 0.0, 0.0, 0.0, 0.0, 0.0, 0.0, 0.0, 0.0, 0.0, 0.0, 0.0, 0.0, 0.0, 0.0, 0.0, 0.0, 0.0, 0.0, 0.0, 0.0, 0.0, 0.0, 0.0, 0.0, 0.0, 0.0, 0.0, 0.0, 0.0, 0.0, 0.0, 0.0, 0.0, 0.0, 0.0, 0.0, 0.0, 0.0, 0.0, 0.0, 0.0, 0.0, 0.0, 0.0, 0.0, 0.0, 0.0, 0.0, 0.0, 0.0, 0.0, 0.0, 0.0], [0.0, 0.22048935700312983, 0.0, 0.462583476299655, 0.0, 0.0, 0.0, 0.0, 0.0, 0.2385352589228149, 0.07765884874335428, 0.18091877322727973, 5.397955448456862e-06, 0.0, 0.010012517130275605, 0.0, 0.0, 1.0, 0.043536419703843095, 0.3970511181793416, 0.11177767038245834, 0.22168361595572111, 1.3532131651681562e-06, 0.0, 1.1751413065762369e-05, 0.014734658272295982, 0.0, 0.03657839715168264, 0.0, 0.6776712654463637, 0.0, 0.00020163095873988678, 0.0, 7.317257956561694e-06, 0.0, 0.0, 0.0, 0.0, 0.0, 0.33953411105313114, 6.328456648086413e-05, 0.27293629271328346, 0.0, 0.00026636184895237596, 0.22483656328434767, 0.18833707386676843, 0.11528140831491841, 0.25494184270972287, 0.0, 0.0, 0.0, 0.009794094331041947, 4.210426788791402e-06, 0.6394574347264018, 0.0, 0.47354032982523786, 0.0, 0.0001211079182685845, 0.0, 0.02489829197016492, 3.7760025727162133e-06, 0.22393286447483626, 0.0, 1.1970688228026657e-05, 0.0, 0.0, 0.009578983787292359, 5.302001564074671e-06, 0.0, 0.6326721603242302, 0.0053143256210068, 0.0, 5.109783804581593e-06, 0.007783390284141369, 0.0, 0.5152328265814135, 0.0, 0.5476769689714763, 5.796234386019274e-06, 0.0, 4.321495481613432e-08, 0.3277175470098699, 0.510214718756317, 0.0], [0.0, 0.056318443479720835, 0.0, 0.23057675685014856, 0.0, 0.0, 0.0, 0.0, 0.0, 0.24401398010523895, 0.022930204411792058, 0.3024824421382814, 2.86102294921875e-06, 0.0, 0.0, 0.0, 0.0, 0.043536419703843095, 1.0, 0.1819852699533891, 0.11246615228925035, 0.20816760072947665, 7.43652599756337e-07, 0.0, 0.0, 0.0, 0.0, 0.3043751193335155, 0.0, 0.029876408250649838, 0.0, 0.0, 0.0, 1.1920928955078124e-07, 0.0, 0.0, 0.0, 0.0, 0.0, 0.16664842001040603, 0.0, 0.30965136412376043, 0.0, 0.0, 0.2872387746964798, 0.13408414902471136, 0.1228049080103744, 0.1863083803459684, 0.0, 0.0, 0.0, 0.24976005369267504, 1.2624987732463988e-06, 0.2055607069845219, 0.0, 0.3125005259958657, 0.0, 2.1413475013267963e-06, 0.0, 0.03767999905836817, 1.9073486328125004e-06, 0.26185810382843755, 0.0, 2.9011883355965217e-06, 0.0, 0.0, 0.0, 1.9073486328125e-06, 0.0, 0.21269839436702875, 0.005377317861669976, 0.0, 1.635849772623568e-06, 0.0, 0.0, 0.33320582531607945, 0.0, 0.175627121581272, 3.108818252531622e-06, 0.0, 5.960464477539063e-08, 0.12031897755672938, 0.27562111629533026, 0.0], [0.0, 0.42883194990392126, 0.0, 0.5794097012493581, 0.0, 0.0, 0.0, 0.0, 0.0, 0.34594318200179347, 0.029876323745833995, 0.5297810636789668, 3.871842566580131e-06, 0.0, 0.005109475840669151, 0.0, 0.0, 0.3970511181793416, 0.1819852699533891, 1.0, 0.23648103257392647, 0.49413818576612156, 6.322349158980206e-07, 0.0, 2.5700577860211092e-05, 0.011975195455754335, 0.0, 0.15177127387222789, 0.0, 0.372411806616953, 0.0, 0.00012596988602191976, 0.0, 1.6835529066252523e-06, 0.0, 0.0, 0.0, 0.0, 0.0, 0.5073532954454588, 9.512255729922267e-05, 0.3802692740768521, 0.0, 0.00016780204158113737, 0.2683007011493074, 0.09498574498808264, 0.24616849382744418, 0.4464938467129974, 0.0, 0.0, 0.0, 0.10659747580165917, 9.97673267663621e-07, 0.24207583794400261, 0.0, 0.6652249725575988, 0.0, 0.00012448427523673467, 0.0, 0.06180818657765592, 7.609375721914932e-06, 0.5755221180784281, 0.0, 6.098936427997636e-06, 0.0, 0.0, 0.0036523793096520656, 1.3467278492452631e-06, 0.0, 0.39208096824648747, 0.013605856380699312, 0.0, 9.54211707408243e-07, 0.004575739554610015, 0.0, 0.5094149985842754, 0.0, 0.6077886486345967, 4.154922524495903e-06, 0.0, 1.4600096599955427e-07, 0.5042654385146309, 0.7208831176479227, 0.0], [0.0, 0.012892765578234912, 0.0, 0.12500844467622954, 0.0, 0.0, 0.0, 0.0, 0.0, 0.11608087780955481, 0.10613237065158375, 0.07206299664798324, 1.9073486328125004e-06, 0.0, 0.0009063999685556229, 0.0, 0.0, 0.11177767038245834, 0.11246615228925035, 0.23648103257392647, 1.0, 0.16089116886120125, 0.0, 0.0, 0.0, 0.000682242638094101, 0.0, 0.036159944469214764, 0.0, 0.17920618436717387, 0.0, 6.103515625e-05, 0.0, 0.0, 0.0, 0.0, 0.0, 0.0, 0.0, 0.08434117454839757, 0.0, 0.09304262862565951, 0.0, 0.00018310546875, 0.07054743168822661, 0.042099293263921894, 0.29920212765957444, 0.12519206247747516, 0.0, 0.0, 0.0, 0.07735659346940948, 0.0, 0.09611775165618597, 0.0, 0.12756205533233034, 0.0, 0.00012421166000132678, 0.0, 0.015625000000000003, 1.9073486328125e-06, 0.020904942642654287, 0.0, 1.9073486328125004e-06, 0.0, 0.0, 0.0, 7.62939453125e-06, 0.0, 0.16130821248321256, 0.0, 0.0, 0.0, 0.0, 0.0, 0.12296256627875743, 0.0, 0.2864341004596955, 5.033324789813101e-06, 0.0, 0.0, 0.013383818224356185, 0.17130331064104887, 0.0], [0.0, 0.6201020727250723, 0.0, 0.5919768525904207, 0.0, 0.0, 0.0, 0.0, 0.0, 0.4858270860415948, 0.14571211496662875, 0.40612072631207163, 0.0, 0.0, 0.004834787091838094, 0.0, 0.0, 0.22168361595572111, 0.20816760072947665, 0.49413818576612156, 0.16089116886120125, 1.0, 0.0, 0.0, 0.0, 0.0063788795384978605, 0.0, 0.2811432628177666, 0.0, 0.32668066507492033, 0.0, 0.0, 0.0, 0.0, 0.0, 0.0, 0.0, 0.0, 0.0, 0.24414745387201212, 0.0, 0.3871862562037144, 0.0, 0.0, 0.3578690896887676, 0.17576262196592418, 0.19214170317002638, 0.25791278045743327, 0.0, 0.0, 0.0, 0.11541897017877974, 8.344650268554686e-07, 0.3135743865779899, 0.0, 0.5846300950650305, 0.0, 0.0, 0.0, 0.023392639155193174, 0.0, 0.7247307285793065, 0.0, 7.323306179054914e-08, 0.0, 0.0, 0.004880727319524842, 0.0, 0.0, 0.2617167002095405, 0.030469277154683987, 0.0, 0.0, 0.0022925280727007884, 0.0, 0.22644289352849942, 0.0, 0.4512376253679366, 0.0, 0.0, 7.323306179054913e-08, 0.65460991916081, 0.5698421341173874, 0.0], [0.0, 0.0, 0.0, 6.100428841962196e-07, 0.0, 0.0, 0.0, 0.0, 0.0, 1.406782515581314e-06, 0.0, 1.5067667736310448e-06, 0.0, 0.0, 0.0, 0.0, 0.0, 1.3532131651681562e-06, 7.43652599756337e-07, 6.322349158980206e-07, 0.0, 0.0, 1.0, 0.0, 0.0, 0.0, 0.0, 4.5087085824103614e-07, 0.0, 1.6771862639822594e-07, 0.0, 0.0, 0.0, 1.1920928955078125e-07, 0.0, 0.0, 0.0, 0.0, 0.0, 2.665600749850022e-07, 0.0, 5.960464477539062e-07, 0.0, 0.0, 5.615248718110507e-08, 1.8657282978046677e-07, 6.225443171600686e-07, 0.0, 0.0, 0.0, 0.0, 0.0, 1.1920928955078124e-07, 1.9073486328124994e-06, 0.0, 0.0, 0.0, 0.0, 0.0, 1.1920928955078125e-07, 0.0, 1.3049026905776642e-06, 0.0, 9.5367431640625e-07, 0.0, 0.0, 0.0, 0.0, 0.0, 3.718077405347858e-07, 5.526594234439481e-07, 0.0, 7.580683811978497e-07, 0.0, 0.0, 2.3453375903637007e-06, 0.0, 0.0, 0.0, 0.0, 0.0, 0.0, 1.3875948131645194e-06, 0.0], [0.0, 0.0, 0.0, 0.0, 0.0, 0.0, 0.0, 0.0, 0.0, 0.0, 0.0, 0.0, 0.0, 0.0, 0.0, 0.0, 0.0, 0.0, 0.0, 0.0, 0.0, 0.0, 0.0, 1.0, 0.0, 0.0, 0.0, 0.0, 0.0, 0.0, 0.0, 0.0, 0.0, 0.0, 0.0, 0.0, 0.0, 0.0, 0.0, 0.0, 0.0, 0.0, 0.0, 0.0, 0.0, 0.0, 0.0, 0.0, 0.0, 0.0, 0.0, 0.0, 0.0, 0.0, 0.0, 0.0, 0.0, 0.0, 0.0, 0.0, 0.0, 0.0, 0.0, 0.0, 0.0, 0.0, 0.0, 0.0, 0.0, 0.0, 0.0, 0.0, 0.0, 0.0, 0.0, 0.0, 0.0, 0.0, 0.0, 0.0, 0.0, 0.0, 0.0, 0.0], [0.0, 0.0, 0.0, 2.3402010920660457e-05, 0.0, 0.0, 0.0, 0.0, 0.0, 2.355174661686064e-05, 0.0, 1.290829091150276e-05, 0.0, 0.0, 0.0, 0.0, 0.0, 1.1751413065762369e-05, 0.0, 2.5700577860211092e-05, 0.0, 0.0, 0.0, 0.0, 1.0, 0.0, 0.0, 7.746939722024593e-06, 0.0, 1.570116441124043e-05, 0.0, 0.0, 0.0, 0.0, 0.0, 0.0, 0.0, 0.0, 0.0, 1.245874909862863e-05, 0.0, 0.0, 0.0, 0.0, 1.8476089060774974e-05, 0.0, 0.0, 0.0, 0.0, 0.0, 0.0, 0.0, 0.0, 1.4058674547320898e-06, 0.0, 9.936200810682987e-06, 0.0, 0.0, 0.0, 0.0, 0.0, 1.4072700925185006e-05, 0.0, 0.0, 0.0, 0.0, 0.0, 0.0, 0.0, 6.263228761816411e-07, 0.0, 0.0, 0.0, 0.0, 0.0, 1.4059734022892773e-05, 0.0, 1.6710710344063828e-05, 0.0, 0.0, 0.0, 0.0, 9.921619901217828e-06, 0.0], [0.0, 0.0, 0.0, 0.015256962535986483, 0.0, 0.0, 0.0, 0.0, 0.0, 0.01111117648142862, 0.010713257614029456, 0.019636505323297943, 0.0, 0.0, 0.01070153511365287, 0.0, 0.0, 0.014734658272295982, 0.0, 0.011975195455754335, 0.000682242638094101, 0.0063788795384978605, 0.0, 0.0, 0.0, 1.0, 0.0, 0.010308249169537233, 0.0, 0.014180441844636875, 0.0, 0.000244140625, 0.0, 0.0, 0.0, 0.0, 0.0, 0.0, 0.0, 0.005085496215061847, 0.0, 0.003903885777140164, 0.0, 0.0004938086452147879, 0.006934642722848341, 0.0, 0.0076550795620769834, 0.004256265785158568, 0.0, 0.0, 0.0, 0.0, 0.0, 0.015484511290701625, 0.0, 0.020944292320713733, 0.0, 0.00019785012922681313, 0.0, 0.0, 0.0, 0.014932135372913815, 0.0, 0.0, 0.0, 0.0, 0.011572325062699326, 0.0, 0.0, 0.011925745561265029, 0.0, 0.0, 0.0, 0.009081896838087926, 0.0, 0.006849482421933032, 0.0, 0.0009706379003245737, 0.0, 0.0, 0.0, 0.014166415455741531, 0.014467664568948296, 0.0], [0.0, 0.0, 0.0, 0.0, 0.0, 0.0, 0.0, 0.0, 0.0, 0.0, 0.0, 0.0, 0.0, 0.0, 0.0, 0.0, 0.0, 0.0, 0.0, 0.0, 0.0, 0.0, 0.0, 0.0, 0.0, 0.0, 1.0, 0.0, 0.0, 0.0, 0.0, 0.0, 0.0, 0.0, 0.0, 0.0, 0.0, 0.0, 0.0, 0.0, 0.0, 0.0, 0.0, 0.0, 0.0, 0.0, 0.0, 0.0, 0.0, 0.0, 0.0, 0.0, 0.0, 0.0, 0.0, 0.0, 0.0, 0.0, 0.0, 0.0, 0.0, 0.0, 0.0, 0.0, 0.0, 0.0, 0.0, 0.0, 0.0, 0.0, 0.0, 0.0, 0.0, 0.0, 0.0, 0.0, 0.0, 0.0, 0.0, 0.0, 0.0, 0.0, 0.0, 0.0], [0.0, 0.07543718410745294, 0.0, 0.2535887953168686, 0.0, 0.0, 0.0, 0.0, 0.0, 0.12200950988244125, 0.04494605024447937, 0.33610834896820246, 8.952926845453976e-06, 0.0, 0.0052086671045748776, 0.0, 0.0, 0.03657839715168264, 0.3043751193335155, 0.15177127387222789, 0.036159944469214764, 0.2811432628177666, 4.5087085824103614e-07, 0.0, 7.746939722024593e-06, 0.010308249169537233, 0.0, 1.0, 0.0, 0.06860399831464081, 0.0, 0.0, 0.0, 5.87742263306413e-06, 0.0, 0.0, 0.0, 0.0, 0.0, 0.1695539289184645, 0.0, 0.2462821905837772, 0.0, 0.0, 0.250056304930492, 0.12315112742163395, 0.0674097676294306, 0.16963313067078112, 0.0, 0.0, 0.0, 0.24628021870374342, 2.750104415146213e-06, 0.18044442455548254, 0.0, 0.27982081876406567, 0.0, 2.1358384942541904e-06, 0.0, 0.007816786452826765, 2.0443240139381193e-06, 0.31217589638346677, 0.0, 8.030511319165756e-06, 0.0, 0.0, 0.015465176312901126, 2.334814728359701e-06, 0.0, 0.0902113057378732, 0.03046968268958436, 0.0, 2.35639988557014e-06, 0.015475336686428694, 0.0, 0.2333941482702745, 0.0, 0.08506877470686854, 3.912939839872691e-06, 0.0, 1.421744614497456e-07, 0.1313416780904304, 0.2602043006327797, 0.0], [0.0, 0.0, 0.0, 0.0, 0.0, 0.0, 0.0, 0.0, 0.0, 0.0, 0.0, 0.0, 0.0, 0.0, 0.0, 0.0, 0.0, 0.0, 0.0, 0.0, 0.0, 0.0, 0.0, 0.0, 0.0, 0.0, 0.0, 0.0, 1.0, 0.0, 0.0, 0.0, 0.0, 0.0, 0.0, 0.0, 0.0, 0.0, 0.0, 0.0, 0.0, 0.0, 0.0, 0.0, 0.0, 0.0, 0.0, 0.0, 0.0, 0.0, 0.0, 0.0, 0.0, 0.0, 0.0, 0.0, 0.0, 0.0, 0.0, 0.0, 0.0, 0.0, 0.0, 0.0, 0.0, 0.0, 0.0, 0.0, 0.0, 0.0, 0.0, 0.0, 0.0, 0.0, 0.0, 0.0, 0.0, 0.0, 0.0, 0.0, 0.0, 0.0, 0.0, 0.0], [0.0, 0.31840000229337506, 0.0, 0.40007391272025716, 0.0, 0.0, 0.0, 0.0, 0.0, 0.11375018456785542, 0.0388592633388041, 0.41089982974620376, 2.5391742842136087e-06, 0.0, 0.012134341150073492, 0.0, 0.0, 0.6776712654463637, 0.029876408250649838, 0.372411806616953, 0.17920618436717387, 0.32668066507492033, 1.6771862639822594e-07, 0.0, 1.570116441124043e-05, 0.014180441844636875, 0.0, 0.06860399831464081, 0.0, 1.0, 0.0, 4.237937124888448e-05, 0.0, 1.587934733832517e-06, 0.0, 0.0, 0.0, 0.0, 0.0, 0.5461472754331633, 5.763469700263434e-05, 0.20370813292769904, 0.0, 0.00015630421959874616, 0.5463171439943347, 0.18553115840579734, 0.18428428743878375, 0.18960066648926302, 0.0, 0.0, 0.0, 0.0064184670218214454, 2.9734360727484326e-06, 0.2554982149904704, 0.0, 0.2800435057586908, 0.0, 0.00013169318059321839, 0.0, 0.03958328731962236, 1.1044767296815838e-05, 0.45067956954595795, 0.0, 1.0691044814266174e-05, 0.0, 0.0, 0.01924995323244919, 2.988128762652748e-06, 0.0, 0.3155960731110766, 0.0014952743093561661, 0.0, 2.892379876027843e-06, 0.015088138777655503, 0.0, 0.33931859132712194, 0.0, 0.5284683460639426, 2.234901793283466e-06, 0.0, 8.718367121739328e-08, 0.39664398047276656, 0.2918828193797781, 0.0], [0.0, 0.0, 0.0, 0.0, 0.0, 0.0, 0.0, 0.0, 0.0, 0.0, 0.0, 0.0, 0.0, 0.0, 0.0, 0.0, 0.0, 0.0, 0.0, 0.0, 0.0, 0.0, 0.0, 0.0, 0.0, 0.0, 0.0, 0.0, 0.0, 0.0, 1.0, 0.0, 0.0, 0.0, 0.0, 0.0, 0.0, 0.0, 0.0, 0.0, 0.0, 0.0, 0.0, 0.0, 0.0, 0.0, 0.0, 0.0, 0.0, 0.0, 0.0, 0.0, 0.0, 0.0, 0.0, 0.0, 0.0, 0.0, 0.0, 0.0, 0.0, 0.0, 0.0, 0.0, 0.0, 0.0, 0.0, 0.0, 0.0, 0.0, 0.0, 0.0, 0.0, 0.0, 0.0, 0.0, 0.0, 0.0, 0.0, 0.0, 0.0, 0.0, 0.0, 0.0], [0.0, 0.0, 0.0, 0.00016264027592546645, 0.0, 0.0, 0.0, 0.0, 0.0, 0.0001401747410769554, 0.0, 0.00017540540195177615, 0.0, 0.0, 0.0003662109375, 0.0, 0.0, 0.00020163095873988678, 0.0, 0.00012596988602191976, 6.103515625e-05, 0.0, 0.0, 0.0, 0.0, 0.000244140625, 0.0, 0.0, 0.0, 4.237937124888448e-05, 0.0, 1.0, 0.0, 0.0, 0.0, 0.0, 0.0, 0.0, 0.0, 0.00018852315103701377, 3.051757812500001e-05, 0.000244140625, 0.0, 0.000244140625, 5.849340712753372e-05, 0.0, 0.0, 0.00010337168493010869, 0.0, 0.0, 0.0, 0.0, 0.0, 0.0001709037221574137, 0.0, 9.504083759145764e-05, 0.0, 0.0, 0.0, 0.0, 0.0, 0.00013041975422780315, 0.0, 0.0, 0.0, 0.0, 0.0, 0.0, 0.0, 5.334503140749512e-05, 0.0, 0.0, 0.0, 0.0, 0.0, 0.00019055890649587328, 0.0, 3.0517578125e-05, 0.0, 0.0, 0.0, 9.566576306107109e-05, 0.0003096074000008758, 0.0], [0.0, 0.0, 0.0, 0.0, 0.0, 0.0, 0.0, 0.0, 0.0, 0.0, 0.0, 0.0, 0.0, 0.0, 0.0, 0.0, 0.0, 0.0, 0.0, 0.0, 0.0, 0.0, 0.0, 0.0, 0.0, 0.0, 0.0, 0.0, 0.0, 0.0, 0.0, 0.0, 1.0, 0.0, 0.0, 0.0, 0.0, 0.0, 0.0, 0.0, 0.0, 0.0, 0.0, 0.0, 0.0, 0.0, 0.0, 0.0, 0.0, 0.0, 0.0, 0.0, 0.0, 0.0, 0.0, 0.0, 0.0, 0.0, 0.0, 0.0, 0.0, 0.0, 0.0, 0.0, 0.0, 0.0, 0.0, 0.0, 0.0, 0.0, 0.0, 0.0, 0.0, 0.0, 0.0, 0.0, 0.0, 0.0, 0.0, 0.0, 0.0, 0.0, 0.0, 0.0], [0.0, 0.0, 0.0, 5.0852374737418475e-06, 0.0, 0.0, 0.0, 0.0, 0.0, 2.408494910432926e-06, 0.0, 5.684548613765212e-06, 0.0, 0.0, 0.0, 0.0, 0.0, 7.317257956561694e-06, 1.1920928955078124e-07, 1.6835529066252523e-06, 0.0, 0.0, 1.1920928955078125e-07, 0.0, 0.0, 0.0, 0.0, 5.87742263306413e-06, 0.0, 1.587934733832517e-06, 0.0, 0.0, 0.0, 1.0, 0.0, 0.0, 0.0, 0.0, 0.0, 3.86107817114723e-06, 0.0, 1.1920928955078124e-07, 0.0, 0.0, 9.8749769719069e-06, 1.1770366442526089e-07, 4.685485111556623e-07, 0.0, 0.0, 0.0, 0.0, 0.0, 1.1920928955078125e-07, 7.07412587322568e-06, 0.0, 0.0, 0.0, 0.0, 0.0, 1.4931819645879633e-05, 4.029941513067773e-06, 3.630019279748803e-06, 0.0, 1.536290109985062e-05, 0.0, 0.0, 0.0, 0.0, 0.0, 7.649226546477454e-06, 0.0, 0.0, 0.0, 0.0, 0.0, 3.896995715124799e-06, 0.0, 5.316484001453352e-06, 0.0, 0.0, 0.0, 0.0, 2.88947552424642e-07, 0.0], [0.0, 0.0, 0.0, 0.0, 0.0, 0.0, 0.0, 0.0, 0.0, 0.0, 0.0, 0.0, 0.0, 0.0, 0.0, 0.0, 0.0, 0.0, 0.0, 0.0, 0.0, 0.0, 0.0, 0.0, 0.0, 0.0, 0.0, 0.0, 0.0, 0.0, 0.0, 0.0, 0.0, 0.0, 1.0, 0.0, 0.0, 0.0, 0.0, 0.0, 0.0, 0.0, 0.0, 0.0, 0.0, 0.0, 0.0, 0.0, 0.0, 0.0, 0.0, 0.0, 0.0, 0.0, 0.0, 0.0, 0.0, 0.0, 0.0, 0.0, 0.0, 0.0, 0.0, 0.0, 0.0, 0.0, 0.0, 0.0, 0.0, 0.0, 0.0, 0.0, 0.0, 0.0, 0.0, 0.0, 0.0, 0.0, 0.0, 0.0, 0.0, 0.0, 0.0, 0.0], [0.0, 0.0, 0.0, 0.0, 0.0, 0.0, 0.0, 0.0, 0.0, 0.0, 0.0, 0.0, 0.0, 0.0, 0.0, 0.0, 0.0, 0.0, 0.0, 0.0, 0.0, 0.0, 0.0, 0.0, 0.0, 0.0, 0.0, 0.0, 0.0, 0.0, 0.0, 0.0, 0.0, 0.0, 0.0, 1.0, 0.0, 0.0, 0.0, 0.0, 0.0, 0.0, 0.0, 0.0, 0.0, 0.0, 0.0, 0.0, 0.0, 0.0, 0.0, 0.0, 0.0, 0.0, 0.0, 0.0, 0.0, 0.0, 0.0, 0.0, 0.0, 0.0, 0.0, 0.0, 0.0, 0.0, 0.0, 0.0, 0.0, 0.0, 0.0, 0.0, 0.0, 0.0, 0.0, 0.0, 0.0, 0.0, 0.0, 0.0, 0.0, 0.0, 0.0, 0.0], [0.0, 0.0, 0.0, 0.0, 0.0, 0.0, 0.0, 0.0, 0.0, 0.0, 0.0, 0.0, 0.0, 0.0, 0.0, 0.0, 0.0, 0.0, 0.0, 0.0, 0.0, 0.0, 0.0, 0.0, 0.0, 0.0, 0.0, 0.0, 0.0, 0.0, 0.0, 0.0, 0.0, 0.0, 0.0, 0.0, 1.0, 0.0, 0.0, 0.0, 0.0, 0.0, 0.0, 0.0, 0.0, 0.0, 0.0, 0.0, 0.0, 0.0, 0.0, 0.0, 0.0, 0.0, 0.0, 0.0, 0.0, 0.0, 0.0, 0.0, 0.0, 0.0, 0.0, 0.0, 0.0, 0.0, 0.0, 0.0, 0.0, 0.0, 0.0, 0.0, 0.0, 0.0, 0.0, 0.0, 0.0, 0.0, 0.0, 0.0, 0.0, 0.0, 0.0, 0.0], [0.0, 0.0, 0.0, 0.0, 0.0, 0.0, 0.0, 0.0, 0.0, 0.0, 0.0, 0.0, 0.0, 0.0, 0.0, 0.0, 0.0, 0.0, 0.0, 0.0, 0.0, 0.0, 0.0, 0.0, 0.0, 0.0, 0.0, 0.0, 0.0, 0.0, 0.0, 0.0, 0.0, 0.0, 0.0, 0.0, 0.0, 1.0, 0.0, 0.0, 0.0, 0.0, 0.0, 0.0, 0.0, 0.0, 0.0, 0.0, 0.0, 0.0, 0.0, 0.0, 0.0, 0.0, 0.0, 0.0, 0.0, 0.0, 0.0, 0.0, 0.0, 0.0, 0.0, 0.0, 0.0, 0.0, 0.0, 0.0, 0.0, 0.0, 0.0, 0.0, 0.0, 0.0, 0.0, 0.0, 0.0, 0.0, 0.0, 0.0, 0.0, 0.0, 0.0, 0.0], [0.0, 0.0, 0.0, 0.0, 0.0, 0.0, 0.0, 0.0, 0.0, 0.0, 0.0, 0.0, 0.0, 0.0, 0.0, 0.0, 0.0, 0.0, 0.0, 0.0, 0.0, 0.0, 0.0, 0.0, 0.0, 0.0, 0.0, 0.0, 0.0, 0.0, 0.0, 0.0, 0.0, 0.0, 0.0, 0.0, 0.0, 0.0, 1.0, 0.0, 0.0, 0.0, 0.0, 0.0, 0.0, 0.0, 0.0, 0.0, 0.0, 0.0, 0.0, 0.0, 0.0, 0.0, 0.0, 0.0, 0.0, 0.0, 0.0, 0.0, 0.0, 0.0, 0.0, 0.0, 0.0, 0.0, 0.0, 0.0, 0.0, 0.0, 0.0, 0.0, 0.0, 0.0, 0.0, 0.0, 0.0, 0.0, 0.0, 0.0, 0.0, 0.0, 0.0, 0.0], [0.0, 0.05975575150278016, 0.0, 0.3958123900555122, 0.0, 0.0, 0.0, 0.0, 0.0, 0.40597631774826537, 0.1715453759760657, 0.431682492681281, 2.581109270043729e-06, 0.0, 0.011475950357157497, 0.0, 0.0, 0.33953411105313114, 0.16664842001040603, 0.5073532954454588, 0.08434117454839757, 0.24414745387201212, 2.665600749850022e-07, 0.0, 1.245874909862863e-05, 0.005085496215061847, 0.0, 0.1695539289184645, 0.0, 0.5461472754331633, 0.0, 0.00018852315103701377, 0.0, 3.86107817114723e-06, 0.0, 0.0, 0.0, 0.0, 0.0, 1.0, 6.063531306418817e-05, 0.20918877719381584, 0.0, 0.0003089486695762436, 0.5804077959906055, 0.026003916539826526, 0.1405439514630843, 0.49927804314390367, 0.0, 0.0, 0.0, 0.12862393885688161, 1.2425183193094224e-06, 0.43819872470232535, 0.0, 0.4731211844168206, 0.0, 0.0001696824819801058, 0.0, 0.007819513454574217, 3.5301984288106032e-06, 0.4132048293722211, 0.0, 6.974394632817331e-06, 0.0, 0.0, 0.010233764716807186, 1.739591220119867e-06, 0.0, 0.3172404165799917, 0.0098577073147507, 0.0, 6.184935345238791e-07, 0.00873765206611087, 0.0, 0.731210535532403, 0.0, 0.16496556872610793, 3.0084883388944235e-06, 0.0, 5.960464477539062e-08, 0.1581967040720363, 0.5347659731892407, 0.0], [0.0, 0.0, 0.0, 0.00013876796423497434, 0.0, 0.0, 0.0, 0.0, 0.0, 5.512893755565143e-05, 0.0, 1.5258789062499998e-05, 0.0, 0.0, 4.5776367187499986e-05, 0.0, 0.0, 6.328456648086413e-05, 0.0, 9.512255729922267e-05, 0.0, 0.0, 0.0, 0.0, 0.0, 0.0, 0.0, 0.0, 0.0, 5.763469700263434e-05, 0.0, 3.051757812500001e-05, 0.0, 0.0, 0.0, 0.0, 0.0, 0.0, 0.0, 6.063531306418817e-05, 1.0, 0.0, 0.0, 0.0, 4.073858263198513e-05, 0.0, 0.0, 6.211380685505177e-05, 0.0, 0.0, 0.0, 0.0, 0.0, 9.642310491442041e-05, 0.0, 9.294673296565546e-05, 0.0, 0.0, 0.0, 0.0, 0.0, 9.124398593329585e-05, 0.0, 0.0, 0.0, 0.0, 0.0, 0.0, 0.0, 0.00015604357038576862, 0.0, 0.0, 0.0, 0.0, 0.0, 0.0001283570503116095, 0.0, 4.57763671875e-05, 0.0, 0.0, 0.0, 4.87895809975561e-05, 0.00011754510449394029, 0.0], [0.0, 0.2223253278715936, 0.0, 0.29650676529862996, 0.0, 0.0, 0.0, 0.0, 0.0, 0.5054024371660486, 0.022479581485397908, 0.5781226604149167, 0.0, 0.0, 0.000244140625, 0.0, 0.0, 0.27293629271328346, 0.30965136412376043, 0.3802692740768521, 0.09304262862565951, 0.3871862562037144, 5.960464477539062e-07, 0.0, 0.0, 0.003903885777140164, 0.0, 0.2462821905837772, 0.0, 0.20370813292769904, 0.0, 0.000244140625, 0.0, 1.1920928955078124e-07, 0.0, 0.0, 0.0, 0.0, 0.0, 0.20918877719381584, 0.0, 1.0, 0.0, 0.000244140625, 0.33480648399232094, 0.0863438709451635, 0.09298245793948542, 0.39024339486295456, 0.0, 0.0, 0.0, 0.25000000000000006, 1.072883605957031e-06, 0.3772989876388121, 0.0, 0.45024383334244794, 0.0, 0.0, 0.0, 0.015625119209289547, 0.0, 0.40154400300890863, 0.0, 2.0861625671386723e-06, 0.0, 0.0, 0.0, 0.0, 0.0, 0.16575220585870432, 5.526594234439482e-07, 0.0, 7.580683811978497e-07, 0.0, 0.0, 0.37779388237840944, 0.0, 0.5079293189879911, 0.0, 0.0, 5.960464477539061e-08, 0.18900057254678232, 0.35613658680608196, 0.0], [0.0, 0.0, 0.0, 0.0, 0.0, 0.0, 0.0, 0.0, 0.0, 0.0, 0.0, 0.0, 0.0, 0.0, 0.0, 0.0, 0.0, 0.0, 0.0, 0.0, 0.0, 0.0, 0.0, 0.0, 0.0, 0.0, 0.0, 0.0, 0.0, 0.0, 0.0, 0.0, 0.0, 0.0, 0.0, 0.0, 0.0, 0.0, 0.0, 0.0, 0.0, 0.0, 1.0, 0.0, 0.0, 0.0, 0.0, 0.0, 0.0, 0.0, 0.0, 0.0, 0.0, 0.0, 0.0, 0.0, 0.0, 0.0, 0.0, 0.0, 0.0, 0.0, 0.0, 0.0, 0.0, 0.0, 0.0, 0.0, 0.0, 0.0, 0.0, 0.0, 0.0, 0.0, 0.0, 0.0, 0.0, 0.0, 0.0, 0.0, 0.0, 0.0, 0.0, 0.0], [0.0, 0.0, 0.0, 0.0003544048745311723, 0.0, 0.0, 0.0, 0.0, 0.0, 0.00014090063638830431, 0.0, 0.0002870049275748871, 0.0, 0.0, 0.00036621093749999995, 0.0, 0.0, 0.00026636184895237596, 0.0, 0.00016780204158113737, 0.00018310546875, 0.0, 0.0, 0.0, 0.0, 0.0004938086452147879, 0.0, 0.0, 0.0, 0.00015630421959874616, 0.0, 0.000244140625, 0.0, 0.0, 0.0, 0.0, 0.0, 0.0, 0.0, 0.0003089486695762436, 0.0, 0.000244140625, 0.0, 1.0, 0.0001928282342466634, 0.0, 0.0, 0.00041636031227190257, 0.0, 0.0, 0.0, 0.0, 0.0, 0.0002558164248781065, 0.0, 7.171210443190196e-05, 0.0, 0.00012207031249999997, 0.0, 0.0, 0.0, 0.0003922243752760539, 0.0, 0.0, 0.0, 0.0, 0.0, 0.0, 0.0, 0.0001430051983816539, 0.0, 0.0, 0.0, 0.0, 0.0, 0.00026515207682211095, 0.0, 0.0, 0.0, 0.0, 0.0, 0.0001783161101240382, 0.0004303028414833677, 0.0], [0.0, 0.2228898514225739, 0.0, 0.3951240971809855, 0.0, 0.0, 0.0, 0.0, 0.0, 0.2997435797812301, 0.169138964076384, 0.6270198596112112, 5.597423373418855e-06, 0.0, 0.007761110358660617, 0.0, 0.0, 0.22483656328434767, 0.2872387746964798, 0.2683007011493074, 0.07054743168822661, 0.3578690896887676, 5.615248718110507e-08, 0.0, 1.8476089060774974e-05, 0.006934642722848341, 0.0, 0.250056304930492, 0.0, 0.5463171439943347, 0.0, 5.849340712753372e-05, 0.0, 9.8749769719069e-06, 0.0, 0.0, 0.0, 0.0, 0.0, 0.5804077959906055, 4.073858263198513e-05, 0.33480648399232094, 0.0, 0.0001928282342466634, 1.0, 0.25618898757188513, 0.036962127491775576, 0.346282143558462, 0.0, 0.0, 0.0, 0.20171788261496962, 4.111169759875854e-06, 0.38674282094541645, 0.0, 0.4488707954497878, 0.0, 0.00015171800920861075, 0.0, 0.03530777330706029, 1.4510768752560279e-05, 0.49873833083813546, 0.0, 1.2757462778380345e-05, 0.0, 0.0, 0.008721779929348831, 1.8115939986085627e-06, 0.0, 0.32536433390799013, 0.00581425480964859, 0.0, 4.1929563223697105e-06, 0.004688398505312384, 0.0, 0.7203966457379467, 0.0, 0.14363206899164657, 2.9527462322115936e-06, 0.0, 2.3446443132419077e-07, 0.3036528147135568, 0.4678400092722531, 0.0], [0.0, 0.24333079903754962, 0.0, 0.12568998761764683, 0.0, 0.0, 0.0, 0.0, 0.0, 0.09404532140819713, 0.0942310368695972, 0.22695262316838494, 0.0, 0.0, 0.0, 0.0, 0.0, 0.18833707386676843, 0.13408414902471136, 0.09498574498808264, 0.042099293263921894, 0.17576262196592418, 1.8657282978046677e-07, 0.0, 0.0, 0.0, 0.0, 0.12315112742163395, 0.0, 0.18553115840579734, 0.0, 0.0, 0.0, 1.1770366442526089e-07, 0.0, 0.0, 0.0, 0.0, 0.0, 0.026003916539826526, 0.0, 0.0863438709451635, 0.0, 0.0, 0.25618898757188513, 1.0, 0.02105060859892964, 0.1392584990744614, 0.0, 0.0, 0.0, 0.08634318675525955, 4.2499140888202925e-07, 0.17879828480553872, 0.0, 0.17343181526510826, 0.0, 0.0, 0.0, 4.507799914158929e-08, 0.0, 0.148720220299007, 0.0, 1.8657282978046677e-07, 0.0, 0.0, 0.0, 0.0, 0.0, 0.16178156520017498, 0.0, 0.0, 0.0, 0.0, 0.0, 0.22467516794952083, 0.0, 0.040833731624355274, 0.0, 0.0, 0.0, 0.3683307990375496, 0.1929798765360453, 0.0], [0.0, 0.0773565934694095, 0.0, 0.1408386044221638, 0.0, 0.0, 0.0, 0.0, 0.0, 0.0682052967803868, 0.07104963899434391, 0.10711683572997421, 3.814697265625e-06, 0.0, 0.0010198095872930647, 0.0, 0.0, 0.11528140831491841, 0.1228049080103744, 0.24616849382744418, 0.29920212765957444, 0.19214170317002638, 6.225443171600686e-07, 0.0, 0.0, 0.0076550795620769834, 0.0, 0.0674097676294306, 0.0, 0.18428428743878375, 0.0, 0.0, 0.0, 4.685485111556623e-07, 0.0, 0.0, 0.0, 0.0, 0.0, 0.1405439514630843, 0.0, 0.09298245793948542, 0.0, 0.0, 0.036962127491775576, 0.02105060859892964, 1.0, 0.12526291440837678, 0.0, 0.0, 0.0, 0.07735659346940948, 4.316610308005747e-06, 0.08379761720929631, 0.0, 0.14699301034551138, 0.0, 0.0, 0.0, 0.023438599381475366, 0.0, 0.031133759994763213, 0.0, 6.225443171600687e-07, 0.0, 0.0, 0.002417393545919047, 0.0, 0.0, 0.21531548530700564, 0.0304697948356629, 0.0, 5.296376374329889e-06, 0.0, 0.0, 0.13222625826048753, 0.0, 0.3189543413353294, 0.0, 0.0, 0.0, 0.08562666937679847, 0.19037838183529263, 0.0], [0.0, 0.2363189883480975, 0.0, 0.19670871248581923, 0.0, 0.0, 0.0, 0.0, 0.0, 0.39801892970529634, 0.04222412108073416, 0.25151686652964234, 0.0, 0.0, 0.002377472568474037, 0.0, 0.0, 0.25494184270972287, 0.1863083803459684, 0.4464938467129974, 0.12519206247747516, 0.25791278045743327, 0.0, 0.0, 0.0, 0.004256265785158568, 0.0, 0.16963313067078112, 0.0, 0.18960066648926302, 0.0, 0.00010337168493010869, 0.0, 0.0, 0.0, 0.0, 0.0, 0.0, 0.0, 0.49927804314390367, 6.211380685505177e-05, 0.39024339486295456, 0.0, 0.00041636031227190257, 0.346282143558462, 0.1392584990744614, 0.12526291440837678, 1.0, 0.0, 0.0, 0.0, 0.18215287188235052, 0.0, 0.29512550975777563, 0.0, 0.29743645408693054, 0.0, 3.41238553620416e-05, 0.0, 0.0, 0.0, 0.31527520395318387, 0.0, 0.0, 0.0, 0.0, 0.0, 0.0, 0.0, 0.44645052851695977, 0.0, 0.0, 0.0, 0.0, 0.0, 0.47524472541672474, 0.0, 0.14737577412737204, 0.0, 0.0, 0.0, 0.3078437754515959, 0.3963736849615155, 0.0], [0.0, 0.0, 0.0, 0.0, 0.0, 0.0, 0.0, 0.0, 0.0, 0.0, 0.0, 0.0, 0.0, 0.0, 0.0, 0.0, 0.0, 0.0, 0.0, 0.0, 0.0, 0.0, 0.0, 0.0, 0.0, 0.0, 0.0, 0.0, 0.0, 0.0, 0.0, 0.0, 0.0, 0.0, 0.0, 0.0, 0.0, 0.0, 0.0, 0.0, 0.0, 0.0, 0.0, 0.0, 0.0, 0.0, 0.0, 0.0, 1.0, 0.0, 0.0, 0.0, 0.0, 0.0, 0.0, 0.0, 0.0, 0.0, 0.0, 0.0, 0.0, 0.0, 0.0, 0.0, 0.0, 0.0, 0.0, 0.0, 0.0, 0.0, 0.0, 0.0, 0.0, 0.0, 0.0, 0.0, 0.0, 0.0, 0.0, 0.0, 0.0, 0.0, 0.0, 0.0], [0.0, 0.0, 0.0, 0.0, 0.0, 0.0, 0.0, 0.0, 0.0, 0.0, 0.0, 0.0, 0.0, 0.0, 0.0, 0.0, 0.0, 0.0, 0.0, 0.0, 0.0, 0.0, 0.0, 0.0, 0.0, 0.0, 0.0, 0.0, 0.0, 0.0, 0.0, 0.0, 0.0, 0.0, 0.0, 0.0, 0.0, 0.0, 0.0, 0.0, 0.0, 0.0, 0.0, 0.0, 0.0, 0.0, 0.0, 0.0, 0.0, 1.0, 0.0, 0.0, 0.0, 0.0, 0.0, 0.0, 0.0, 0.0, 0.0, 0.0, 0.0, 0.0, 0.0, 0.0, 0.0, 0.0, 0.0, 0.0, 0.0, 0.0, 0.0, 0.0, 0.0, 0.0, 0.0, 0.0, 0.0, 0.0, 0.0, 0.0, 0.0, 0.0, 0.0, 0.0], [0.0, 0.0, 0.0, 0.0, 0.0, 0.0, 0.0, 0.0, 0.0, 0.0, 0.0, 0.0, 0.0, 0.0, 0.0, 0.0, 0.0, 0.0, 0.0, 0.0, 0.0, 0.0, 0.0, 0.0, 0.0, 0.0, 0.0, 0.0, 0.0, 0.0, 0.0, 0.0, 0.0, 0.0, 0.0, 0.0, 0.0, 0.0, 0.0, 0.0, 0.0, 0.0, 0.0, 0.0, 0.0, 0.0, 0.0, 0.0, 0.0, 0.0, 1.0, 0.0, 0.0, 0.0, 0.0, 0.0, 0.0, 0.0, 0.0, 0.0, 0.0, 0.0, 0.0, 0.0, 0.0, 0.0, 0.0, 0.0, 0.0, 0.0, 0.0, 0.0, 0.0, 0.0, 0.0, 0.0, 0.0, 0.0, 0.0, 0.0, 0.0, 0.0, 0.0, 0.0], [0.0, 0.0625, 0.0, 0.17878812745061506, 0.0, 0.0, 0.0, 0.0, 0.0, 0.0625, 0.021437323142813613, 0.2462596826484498, 0.0, 0.0, 0.0, 0.0, 0.0, 0.009794094331041947, 0.24976005369267504, 0.10659747580165917, 0.07735659346940948, 0.11541897017877974, 0.0, 0.0, 0.0, 0.0, 0.0, 0.24628021870374342, 0.0, 0.0064184670218214454, 0.0, 0.0, 0.0, 0.0, 0.0, 0.0, 0.0, 0.0, 0.0, 0.12862393885688161, 0.0, 0.25000000000000006, 0.0, 0.0, 0.20171788261496962, 0.08634318675525955, 0.07735659346940948, 0.18215287188235052, 0.0, 0.0, 0.0, 1.0, 0.0, 0.10036938356837079, 0.0, 0.23662118107501137, 0.0, 0.0, 0.0, 0.0, 0.0, 0.2364271480538459, 0.0, 0.0, 0.0, 0.0, 0.0, 0.0, 0.0, 0.06602165554629358, 0.0, 0.0, 0.0, 0.0, 0.0, 0.20273294653022964, 0.0, 0.06364663709090938, 0.0, 0.0, 0.0, 0.06250000000000001, 0.20263482212836997, 0.0], [0.0, 0.0, 0.0, 3.6892166803539036e-06, 0.0, 0.0, 0.0, 0.0, 0.0, 1.95554192014481e-06, 0.0, 3.7973456075795484e-06, 3.814697265625e-06, 0.0, 0.0, 0.0, 0.0, 4.210426788791402e-06, 1.2624987732463988e-06, 9.97673267663621e-07, 0.0, 8.344650268554686e-07, 1.1920928955078124e-07, 0.0, 0.0, 0.0, 0.0, 2.750104415146213e-06, 0.0, 2.9734360727484326e-06, 0.0, 0.0, 0.0, 1.1920928955078125e-07, 0.0, 0.0, 0.0, 0.0,