"{\"names\": [\"172.217.10.1\", \"104.88.86.240\", \"38.93.140.48\", \"192.168.10.15\", \"104.88.108.223\", \"195.142.105.15\", \"172.217.12.163\", \"206.217.206.48\", \"172.217.6.228\", \"178.255.83.1\", \"74.119.118.82\", \"192.168.10.9\", \"172.217.7.6\", \"35.186.227.40\", \"31.13.71.36\", \"206.126.112.142\", \"151.101.2.49\", \"192.168.10.25\", \"172.217.3.98\", \"192.168.10.16\", \"72.30.202.150\", \"172.217.12.132\", \"50.31.164.173\", \"162.208.20.178\", \"23.15.4.16\", \"216.58.217.99\", \"172.217.6.198\", \"172.217.12.174\", \"169.46.44.40\", \"192.168.10.17\", \"52.84.143.130\", \"104.19.195.102\", \"216.200.232.61\", \"104.97.73.166\", \"152.163.13.79\", \"192.229.163.25\", \"74.119.118.86\", \"54.225.188.92\", \"188.165.145.88\", \"192.168.10.14\", \"8.43.72.98\", \"199.96.57.6\", \"68.67.178.110\", \"104.88.70.158\", \"192.168.10.19\", \"69.172.216.56\", \"157.240.18.35\", \"172.217.11.34\", \"185.54.150.20\", \"69.169.85.7\", \"198.232.124.194\", \"74.119.118.72\", \"172.217.12.134\", \"192.168.10.5\", \"23.111.9.30\", \"192.168.10.8\", \"151.101.66.2\", \"68.67.178.199\", \"213.239.195.215\", \"138.108.7.20\", \"52.84.145.87\", \"192.168.10.50\", \"52.84.145.198\", \"52.40.24.51\", \"212.77.100.137\", \"185.54.150.115\", \"172.217.10.138\", \"152.163.66.165\", \"52.84.137.78\", \"192.168.10.51\", \"68.67.178.109\", \"129.146.14.96\", \"54.152.24.232\", \"172.217.10.33\", \"52.8.229.108\", \"192.168.10.12\", \"64.147.131.201\", \"172.217.12.206\", \"68.67.180.12\", \"172.217.10.134\", \"38.69.238.16\", \"172.217.10.142\", \"192.168.10.3\", \"172.217.6.202\"], \"funcEdges\": [[1.0, 0.0, 0.0, 0.0, 0.0, 0.0, 0.0, 0.0, 0.0, 0.0, 0.0, 0.0, 0.0, 0.0, 0.0, 0.0, 0.0, 0.0, 0.0, 0.0, 0.0, 0.0, 0.0, 0.0, 0.0, 0.0, 0.0, 0.0, 0.0, 0.0, 0.0, 0.0, 0.0, 0.0, 0.0, 0.0, 0.0, 0.0, 0.0, 0.0, 0.0, 0.0, 0.0, 0.0, 0.0, 0.0, 0.0, 0.0, 0.0, 0.0, 0.0, 0.0, 0.0, 0.0, 0.0, 0.0, 0.0, 0.0, 0.0, 0.0, 0.0, 0.0, 0.0, 0.0, 0.0, 0.0, 0.0, 0.0, 0.0, 0.0, 0.0, 0.0, 0.0, 0.0, 0.0, 0.0, 0.0, 0.0, 0.0, 0.0, 0.0, 0.0, 0.0, 0.0], [0.0, 1.0, 0.0, 0.5422954128832528, 0.0, 0.0, 0.0, 0.0, 0.5156250000000001, 0.14287452011962348, 0.5225881684198279, 0.12559719244494144, 0.0, 0.0, 0.0, 0.0, 0.0, 0.2592250889285812, 0.003519902717482552, 0.3067994921376597, 0.000805797848639682, 0.059490404629599425, 0.0, 0.0, 0.011421449435178253, 0.009568319307746789, 0.12499999999999999, 0.4951353924638762, 0.0, 0.12806392724307397, 0.0, 0.0, 0.0, 0.0, 0.0, 0.0, 0.0, 0.0, 0.0, 0.34452562159292677, 0.0, 0.1388953329919746, 0.0, 0.0, 0.05692794293848834, 0.14020817493984689, 0.004834787091838094, 0.014769936771756094, 0.0, 0.0, 0.125, 0.00390625, 0.0, 0.19221169660513404, 0.0, 0.17020118707617177, 0.0, 0.0, 0.0, 0.0, 0.02551551815399143, 0.19990673209911186, 0.0, 0.0, 0.0, 0.0, 0.0, 0.0, 0.0, 0.4076696593015975, 0.0, 0.0, 0.0, 0.0, 0.0, 0.1618296914323727, 0.0, 0.17752414035107633, 0.0, 0.0, 0.0, 0.04597644447561513, 0.400132061408106, 0.0], [0.0, 0.0, 1.0, 0.0, 0.0, 0.0, 0.0, 0.0, 0.0, 0.0, 0.0, 0.0, 0.0, 0.0, 0.0, 0.0, 0.0, 0.0, 0.0, 0.0, 0.0, 0.0, 0.0, 0.0, 0.0, 0.0, 0.0, 0.0, 0.0, 0.0, 0.0, 0.0, 0.0, 0.0, 0.0, 0.0, 0.0, 0.0, 0.0, 0.0, 0.0, 0.0, 0.0, 0.0, 0.0, 0.0, 0.0, 0.0, 0.0, 0.0, 0.0, 0.0, 0.0, 0.0, 0.0, 0.0, 0.0, 0.0, 0.0, 0.0, 0.0, 0.0, 0.0, 0.0, 0.0, 0.0, 0.0, 0.0, 0.0, 0.0, 0.0, 0.0, 0.0, 0.0, 0.0, 0.0, 0.0, 0.0, 0.0, 0.0, 0.0, 0.0, 0.0, 0.0], [0.0, 0.5422954128832528, 0.0, 1.0, 0.0, 0.0, 0.0, 0.0, 0.6281980260945628, 0.2822635668754892, 0.5103495479627259, 0.2814176188949746, 2.3362303494802568e-07, 0.0, 0.0007738491118121601, 0.0, 0.0, 0.515699441884184, 0.014411047303134285, 0.5489997804808762, 0.007813027792264346, 0.17106403937132456, 3.812768026226373e-08, 0.0, 0.031049430565869115, 0.02704095956402009, 0.47801474601104477, 0.6226328803798423, 0.0, 0.22298719269176182, 0.0, 1.0165017245341653e-05, 0.0, 3.1782734210886547e-07, 0.0, 0.0, 0.0, 0.0, 0.0, 0.2443267233273827, 8.672997764685897e-06, 0.03287015619807448, 0.0, 0.017948380178126278, 0.287666938597718, 0.16557894126211412, 0.008802412776385238, 0.012294294530363702, 0.0, 0.0, 0.07812251059111046, 0.011174257965663442, 2.3057604252211898e-07, 0.3933796051211771, 0.0, 0.3863729783727056, 0.0, 1.2375620723603123e-05, 0.0, 0.004099703455884586, 0.3241796025834244, 0.41532146781399876, 0.0, 4.2764464163981214e-07, 0.0, 0.0, 0.0009673067709489543, 7.051904560763796e-08, 0.0, 0.5980398418152679, 0.0007386561737878093, 0.0, 3.324721900841054e-07, 0.000971113954990504, 0.0, 0.23966638612121025, 0.0, 0.363290925536773, 6.932896613952428e-08, 0.0, 1.0082981706927857e-09, 0.03974357019101499, 0.47188948402998665, 0.0], [0.0, 0.0, 0.0, 0.0, 1.0, 0.0, 0.0, 0.0, 0.0, 0.0, 0.0, 0.0, 0.0, 0.0, 0.0, 0.0, 0.0, 0.0, 0.0, 0.0, 0.0, 0.0, 0.0, 0.0, 0.0, 0.0, 0.0, 0.0, 0.0, 0.0, 0.0, 0.0, 0.0, 0.0, 0.0, 0.0, 0.0, 0.0, 0.0, 0.0, 0.0, 0.0, 0.0, 0.0, 0.0, 0.0, 0.0, 0.0, 0.0, 0.0, 0.0, 0.0, 0.0, 0.0, 0.0, 0.0, 0.0, 0.0, 0.0, 0.0, 0.0, 0.0, 0.0, 0.0, 0.0, 0.0, 0.0, 0.0, 0.0, 0.0, 0.0, 0.0, 0.0, 0.0, 0.0, 0.0, 0.0, 0.0, 0.0, 0.0, 0.0, 0.0, 0.0, 0.0], [0.0, 0.0, 0.0, 0.0, 0.0, 1.0, 0.0, 0.0, 0.0, 0.0, 0.0, 0.0, 0.0, 0.0, 0.0, 0.0, 0.0, 0.0, 0.0, 0.0, 0.0, 0.0, 0.0, 0.0, 0.0, 0.0, 0.0, 0.0, 0.0, 0.0, 0.0, 0.0, 0.0, 0.0, 0.0, 0.0, 0.0, 0.0, 0.0, 0.0, 0.0, 0.0, 0.0, 0.0, 0.0, 0.0, 0.0, 0.0, 0.0, 0.0, 0.0, 0.0, 0.0, 0.0, 0.0, 0.0, 0.0, 0.0, 0.0, 0.0, 0.0, 0.0, 0.0, 0.0, 0.0, 0.0, 0.0, 0.0, 0.0, 0.0, 0.0, 0.0, 0.0, 0.0, 0.0, 0.0, 0.0, 0.0, 0.0, 0.0, 0.0, 0.0, 0.0, 0.0], [0.0, 0.0, 0.0, 0.0, 0.0, 0.0, 1.0, 0.0, 0.0, 0.0, 0.0, 0.0, 0.0, 0.0, 0.0, 0.0, 0.0, 0.0, 0.0, 0.0, 0.0, 0.0, 0.0, 0.0, 0.0, 0.0, 0.0, 0.0, 0.0, 0.0, 0.0, 0.0, 0.0, 0.0, 0.0, 0.0, 0.0, 0.0, 0.0, 0.0, 0.0, 0.0, 0.0, 0.0, 0.0, 0.0, 0.0, 0.0, 0.0, 0.0, 0.0, 0.0, 0.0, 0.0, 0.0, 0.0, 0.0, 0.0, 0.0, 0.0, 0.0, 0.0, 0.0, 0.0, 0.0, 0.0, 0.0, 0.0, 0.0, 0.0, 0.0, 0.0, 0.0, 0.0, 0.0, 0.0, 0.0, 0.0, 0.0, 0.0, 0.0, 0.0, 0.0, 0.0], [0.0, 0.0, 0.0, 0.0, 0.0, 0.0, 0.0, 1.0, 0.0, 0.0, 0.0, 0.0, 0.0, 0.0, 0.0, 0.0, 0.0, 0.0, 0.0, 0.0, 0.0, 0.0, 0.0, 0.0, 0.0, 0.0, 0.0, 0.0, 0.0, 0.0, 0.0, 0.0, 0.0, 0.0, 0.0, 0.0, 0.0, 0.0, 0.0, 0.0, 0.0, 0.0, 0.0, 0.0, 0.0, 0.0, 0.0, 0.0, 0.0, 0.0, 0.0, 0.0, 0.0, 0.0, 0.0, 0.0, 0.0, 0.0, 0.0, 0.0, 0.0, 0.0, 0.0, 0.0, 0.0, 0.0, 0.0, 0.0, 0.0, 0.0, 0.0, 0.0, 0.0, 0.0, 0.0, 0.0, 0.0, 0.0, 0.0, 0.0, 0.0, 0.0, 0.0, 0.0], [0.0, 0.5156250000000001, 0.0, 0.6281980260945628, 0.0, 0.0, 0.0, 0.0, 1.0, 0.27386568237106984, 0.5711759005386654, 0.24573666966592644, 0.0, 0.0, 0.0, 0.0, 0.0, 0.24579116049279304, 0.0, 0.3558192766764616, 0.0, 0.1354785772154491, 0.0, 0.0, 0.137163618263785, 0.06219407550035413, 0.22135231034726846, 0.6723989023206498, 0.0, 0.26032311244253237, 0.0, 0.0, 0.0, 0.0, 0.0, 0.0, 0.0, 0.0, 0.0, 0.34921370528978, 0.0, 0.125, 0.0, 0.05394706290454088, 0.2598436084412152, 0.12499999999999997, 0.0, 0.0, 0.0, 0.0, 0.15017529602211907, 0.0, 0.0, 0.22525874944234442, 0.0, 0.1650108436291866, 0.0, 0.0, 0.0, 0.0, 0.08677783897734517, 0.1887505734317435, 0.0, 0.0, 0.0, 0.0, 0.0, 0.0, 0.0, 0.7642009052138199, 0.0, 0.0, 0.0, 0.0, 0.0, 0.43009608666828186, 0.0, 0.17851144401573188, 0.0, 0.0, 0.0, 0.0, 0.6853192008591126, 0.0], [0.0, 0.14287452011962348, 0.0, 0.2822635668754892, 0.0, 0.0, 0.0, 0.0, 0.27386568237106984, 1.0, 0.16271913153080836, 0.32399273633178693, 2.495073404684652e-07, 0.0, 0.0006658015123357072, 0.0, 0.0, 0.3661950812657112, 0.015250873756577434, 0.1510380847656099, 0.007255054863097176, 0.16105154804497612, 8.792390722383213e-08, 0.0, 0.08840608800683192, 0.03060317172484881, 0.28210359372767735, 0.3588069473952067, 0.0, 0.6559869507721048, 0.0, 8.760921317309713e-06, 0.0, 1.5053093190205788e-07, 0.0, 0.0, 0.0, 0.0, 0.0, 0.5431868620536834, 3.4455585972282145e-06, 0.5307024347504633, 0.0, 0.031258806289774274, 0.3219697277438496, 0.14025488939543915, 0.004262831048774175, 0.02487618310658102, 0.0, 0.0, 0.5303647824275852, 0.00390625, 1.2222137000905064e-07, 0.8094769673366113, 0.0, 0.7400499576739289, 0.0, 3.072305151613427e-05, 0.0, 0.001989900256974084, 0.24737620670194188, 0.37466293118377303, 0.0, 4.2456608903969964e-07, 0.0, 0.0, 0.000557820778188751, 1.0882269491854631e-07, 0.0, 0.19346178557872534, 0.00033609510420358555, 0.0, 9.932077825405248e-08, 0.0003104578489069342, 0.0, 0.6008393778096854, 0.0, 0.356124036549584, 2.1960325886150492e-07, 0.0, 3.7252902984619136e-09, 0.02080136103401683, 0.5318047514116955, 0.0], [0.0, 0.5225881684198279, 0.0, 0.5103495479627259, 0.0, 0.0, 0.0, 0.0, 0.5711759005386654, 0.16271913153080836, 1.0, 0.13853746476696177, 0.0, 0.0, 0.0007920719984728345, 0.0, 0.0, 0.23826840001928296, 0.0014331377757370036, 0.320705938587906, 0.006633273165723984, 0.15501524772129077, 0.0, 0.0, 0.14077255718314735, 0.020012098255606424, 0.15625000000000003, 0.5244796965974404, 0.0, 0.21294570261529253, 0.0, 0.0, 0.0, 0.0, 0.0, 0.0, 0.0, 0.0, 0.0, 0.3659813728688702, 0.0, 0.12640497384283736, 0.0, 0.125, 0.08154928636546019, 0.13088943980434986, 0.0044406024371464944, 0.002639007567545885, 0.0, 0.0, 0.15625, 0.0013398326964258508, 0.0, 0.20926478706646118, 0.0, 0.21712652481216366, 0.0, 0.0, 0.0, 0.00048828124999999995, 0.05407711189777829, 0.22457673196072295, 0.0, 0.0, 0.0, 0.0, 0.00036053230405642755, 0.0, 0.0, 0.4240209521275102, 0.0019043298221677488, 0.0, 0.0, 0.0004489686900590518, 0.0, 0.19500981621195776, 0.0, 0.27456319080389296, 0.0, 0.0, 0.0, 0.00631723305695764, 0.40128456239053933, 0.0], [0.0, 0.12559719244494144, 0.0, 0.2814176188949746, 0.0, 0.0, 0.0, 0.0, 0.24573666966592644, 0.32399273633178693, 0.13853746476696177, 1.0, 3.457517562070084e-07, 0.0, 0.0007914331632165286, 0.0, 0.0, 0.42762426043467316, 0.018905152633642588, 0.6093584093296087, 0.0045039372904989525, 0.25952878291940124, 9.41729233519403e-08, 0.0, 0.06909663542071258, 0.04846328722428201, 0.6239879390620842, 0.26968194971645265, 0.0, 0.416697613341677, 0.0, 1.096283762198601e-05, 0.0, 3.5528428836032573e-07, 0.0, 0.0, 0.0, 0.0, 0.0, 0.16032179344291697, 9.536743164062499e-07, 0.16397052278986446, 0.0, 0.027733645986884003, 0.28911827204533525, 0.1856034829098877, 0.006694802233123388, 0.015719804158102646, 0.0, 0.0, 0.2523874587006414, 0.015391230165528113, 2.3733410047372178e-07, 0.3579941022664901, 0.0, 0.2540203168558271, 0.0, 2.8861027682356845e-05, 0.0, 0.0031563490159731205, 0.1499396227277456, 0.4358559408360074, 0.0, 6.273433813321095e-07, 0.0, 0.0, 0.0007088423296266606, 4.0560820402734713e-07, 0.0, 0.4864582756865108, 0.0019037673930194388, 0.0, 2.6270707208472174e-07, 0.0004831519879152944, 0.0, 0.36703870631323654, 0.0, 0.3981012540206065, 4.549140200957633e-07, 0.0, 6.014843891127045e-09, 0.028324252511778763, 0.39065686325564164, 0.0], [0.0, 0.0, 0.0, 2.3362303494802568e-07, 0.0, 0.0, 0.0, 0.0, 0.0, 2.495073404684652e-07, 0.0, 3.457517562070084e-07, 1.0, 0.0, 0.0, 0.0, 0.0, 3.3737221552855385e-07, 1.7881393432617188e-07, 2.4199016041125817e-07, 1.1920928955078128e-07, 0.0, 0.0, 0.0, 0.0, 0.0, 0.0, 5.595579278408735e-07, 0.0, 1.5869839276335054e-07, 0.0, 0.0, 0.0, 0.0, 0.0, 0.0, 0.0, 0.0, 0.0, 1.6131932937773306e-07, 0.0, 0.0, 0.0, 0.0, 3.4983896083867845e-07, 0.0, 2.384185791015625e-07, 0.0, 0.0, 0.0, 0.0, 0.0, 2.384185791015625e-07, 3.648687084965813e-07, 0.0, 1.937844104837378e-07, 0.0, 1.3383421883292472e-07, 0.0, 5.960464477539061e-08, 1.1920928955078122e-07, 4.194286345939344e-07, 0.0, 1.1920928955078125e-07, 0.0, 0.0, 0.0, 1.1920928955078124e-07, 0.0, 2.229753707848296e-07, 0.0, 0.0, 2.384185791015625e-07, 0.0, 0.0, 2.0319864018715527e-07, 0.0, 1.1920928955078124e-07, 2.6832062298636017e-07, 0.0, 0.0, 0.0, 4.498109215766769e-07, 0.0], [0.0, 0.0, 0.0, 0.0, 0.0, 0.0, 0.0, 0.0, 0.0, 0.0, 0.0, 0.0, 0.0, 1.0, 0.0, 0.0, 0.0, 0.0, 0.0, 0.0, 0.0, 0.0, 0.0, 0.0, 0.0, 0.0, 0.0, 0.0, 0.0, 0.0, 0.0, 0.0, 0.0, 0.0, 0.0, 0.0, 0.0, 0.0, 0.0, 0.0, 0.0, 0.0, 0.0, 0.0, 0.0, 0.0, 0.0, 0.0, 0.0, 0.0, 0.0, 0.0, 0.0, 0.0, 0.0, 0.0, 0.0, 0.0, 0.0, 0.0, 0.0, 0.0, 0.0, 0.0, 0.0, 0.0, 0.0, 0.0, 0.0, 0.0, 0.0, 0.0, 0.0, 0.0, 0.0, 0.0, 0.0, 0.0, 0.0, 0.0, 0.0, 0.0, 0.0, 0.0], [0.0, 0.0, 0.0, 0.0007738491118121601, 0.0, 0.0, 0.0, 0.0, 0.0, 0.0006658015123357072, 0.0007920719984728345, 0.0007914331632165286, 0.0, 0.0, 1.0, 0.0, 0.0, 0.0006257823206422253, 0.0, 0.00031934224004182194, 5.664999803472643e-05, 0.00030217419323988085, 0.0, 0.0, 0.0, 0.0006688459446033044, 0.0, 0.00032554169403592985, 0.0, 0.0007583963218795932, 0.0, 2.288818359375e-05, 0.0, 0.0, 0.0, 0.0, 0.0, 0.0, 0.0, 0.0007172468973223435, 2.861022949218749e-06, 1.52587890625e-05, 0.0, 2.2888183593749997e-05, 0.00048506939741628854, 0.0, 6.373809920581654e-05, 0.00014859203552962733, 0.0, 0.0, 0.0, 0.0, 0.0, 0.0008370580290668503, 0.0, 0.0013541644510211112, 0.0, 7.629394531249998e-06, 0.0, 0.0, 0.0, 0.0005834155692016245, 0.0, 0.0, 0.0, 0.0, 0.0004627390535193635, 0.0, 0.0, 0.0004716502320328878, 0.0, 0.0, 0.0, 0.0003415478678196457, 0.0, 0.0001627928022573142, 0.0, 0.00014643395849068402, 0.0, 0.0, 0.0, 0.00030185116952639423, 0.0005152386411094338, 0.0], [0.0, 0.0, 0.0, 0.0, 0.0, 0.0, 0.0, 0.0, 0.0, 0.0, 0.0, 0.0, 0.0, 0.0, 0.0, 1.0, 0.0, 0.0, 0.0, 0.0, 0.0, 0.0, 0.0, 0.0, 0.0, 0.0, 0.0, 0.0, 0.0, 0.0, 0.0, 0.0, 0.0, 0.0, 0.0, 0.0, 0.0, 0.0, 0.0, 0.0, 0.0, 0.0, 0.0, 0.0, 0.0, 0.0, 0.0, 0.0, 0.0, 0.0, 0.0, 0.0, 0.0, 0.0, 0.0, 0.0, 0.0, 0.0, 0.0, 0.0, 0.0, 0.0, 0.0, 0.0, 0.0, 0.0, 0.0, 0.0, 0.0, 0.0, 0.0, 0.0, 0.0, 0.0, 0.0, 0.0, 0.0, 0.0, 0.0, 0.0, 0.0, 0.0, 0.0, 0.0], [0.0, 0.0, 0.0, 0.0, 0.0, 0.0, 0.0, 0.0, 0.0, 0.0, 0.0, 0.0, 0.0, 0.0, 0.0, 0.0, 1.0, 0.0, 0.0, 0.0, 0.0, 0.0, 0.0, 0.0, 0.0, 0.0, 0.0, 0.0, 0.0, 0.0, 0.0, 0.0, 0.0, 0.0, 0.0, 0.0, 0.0, 0.0, 0.0, 0.0, 0.0, 0.0, 0.0, 0.0, 0.0, 0.0, 0.0, 0.0, 0.0, 0.0, 0.0, 0.0, 0.0, 0.0, 0.0, 0.0, 0.0, 0.0, 0.0, 0.0, 0.0, 0.0, 0.0, 0.0, 0.0, 0.0, 0.0, 0.0, 0.0, 0.0, 0.0, 0.0, 0.0, 0.0, 0.0, 0.0, 0.0, 0.0, 0.0, 0.0, 0.0, 0.0, 0.0, 0.0], [0.0, 0.2592250889285812, 0.0, 0.515699441884184, 0.0, 0.0, 0.0, 0.0, 0.24579116049279304, 0.3661950812657112, 0.23826840001928296, 0.42762426043467316, 3.3737221552855385e-07, 0.0, 0.0006257823206422253, 0.0, 0.0, 1.0, 0.0027210262314901934, 0.6758456921022007, 0.006986104398903646, 0.19869058001373985, 8.457582282300976e-08, 0.0, 0.049501669969760895, 0.0159290679421612, 0.3226610054947815, 0.26268186390801507, 0.0, 0.5185242282256446, 0.0, 1.2601934921242923e-05, 0.0, 4.573286222851059e-07, 0.0, 0.0, 0.0, 0.0, 0.0, 0.22069602940773833, 3.955285405054008e-06, 0.20611034673058204, 0.0, 0.03457102697171382, 0.13583551746429529, 0.46375704774527515, 0.007205088019682401, 0.01593386516935768, 0.0, 0.0, 0.22683558904039483, 0.0006121308956901217, 2.6315167429946263e-07, 0.28165904255975066, 0.0, 0.48199111112440435, 0.0, 7.569244891786531e-06, 0.0, 0.0015561432481353075, 0.14222879076233108, 0.554793228849557, 0.0, 7.481680142516661e-07, 0.0, 0.0, 0.0005986864867057724, 3.313750977546669e-07, 0.0, 0.28430535373314836, 0.000332145351312925, 0.0, 3.1936148778634956e-07, 0.00048646189275883554, 0.0, 0.41288406800058486, 0.0, 0.8408730909913019, 3.622646491262046e-07, 0.0, 2.700934676008395e-09, 0.020482346688116868, 0.1671277952942612, 0.0], [0.0, 0.003519902717482552, 0.0, 0.014411047303134285, 0.0, 0.0, 0.0, 0.0, 0.0, 0.015250873756577434, 0.0014331377757370036, 0.018905152633642588, 1.7881393432617188e-07, 0.0, 0.0, 0.0, 0.0, 0.0027210262314901934, 1.0, 0.011374079372086818, 0.007029134518078147, 0.013010475045592291, 4.647828748477106e-08, 0.0, 0.0, 0.0, 0.0, 0.01902344495834472, 0.0, 0.0018672755156656149, 0.0, 0.0, 0.0, 7.450580596923827e-09, 0.0, 0.0, 0.0, 0.0, 0.0, 0.010415526250650377, 0.0, 0.019353210257735027, 0.0, 0.0, 0.017952423418529987, 0.00838025931404446, 0.0076753067506484, 0.011644273771623024, 0.0, 0.0, 0.0, 0.01561000335579219, 7.890617332789992e-08, 0.012847544186532618, 0.0, 0.019531282874741606, 0.0, 1.3383421883292477e-07, 0.0, 0.0023549999411480106, 1.1920928955078128e-07, 0.016366131489277347, 0.0, 1.813242709747826e-07, 0.0, 0.0, 0.0, 1.1920928955078125e-07, 0.0, 0.013293649647939297, 0.0003360823663543735, 0.0, 1.02240610788973e-07, 0.0, 0.0, 0.020825364082254966, 0.0, 0.0109766950988295, 1.9430114078322637e-07, 0.0, 3.725290298461914e-09, 0.007519936097295586, 0.01722631976845814, 0.0], [0.0, 0.3067994921376597, 0.0, 0.5489997804808762, 0.0, 0.0, 0.0, 0.0, 0.3558192766764616, 0.1510380847656099, 0.320705938587906, 0.6093584093296087, 2.4199016041125817e-07, 0.0, 0.00031934224004182194, 0.0, 0.0, 0.6758456921022007, 0.011374079372086818, 1.0, 0.014780064535870404, 0.3544120793211851, 3.951468224362629e-08, 0.0, 0.05995988186256504, 0.010181091515912857, 0.4819412277619248, 0.40238165454704955, 0.0, 0.2705156928036506, 0.0, 7.873117876369985e-06, 0.0, 1.0522205666407827e-07, 0.0, 0.0, 0.0, 0.0, 0.0, 0.23100322472449247, 5.945159831201417e-06, 0.023766829629803258, 0.0, 0.02660744208951871, 0.14229010592796368, 0.2854451062492288, 0.015385530864215262, 0.027905865419562338, 0.0, 0.0, 0.026596954461919883, 0.006662342237603698, 6.235457922897631e-08, 0.14882524171359146, 0.0, 0.277544008077389, 0.0, 7.780267202295917e-06, 0.0, 0.003863011661103495, 0.16662363749648393, 0.29145206773575527, 0.0, 3.8118352674985223e-07, 0.0, 0.0, 0.0002282737068532541, 8.417049057782895e-08, 0.0, 0.18973217766402836, 0.000850366023793707, 0.0, 5.963823171301518e-08, 0.0002859837221631259, 0.0, 0.2341149483407255, 0.0, 0.5837610895156208, 2.5968265778099393e-07, 0.0, 9.125060374972142e-09, 0.03151658990716443, 0.46724310624893206, 0.0], [0.0, 0.000805797848639682, 0.0, 0.007813027792264346, 0.0, 0.0, 0.0, 0.0, 0.0, 0.007255054863097176, 0.006633273165723984, 0.0045039372904989525, 1.1920928955078128e-07, 0.0, 5.664999803472643e-05, 0.0, 0.0, 0.006986104398903646, 0.007029134518078147, 0.014780064535870404, 1.0, 0.010055698053825078, 0.0, 0.0, 0.0, 4.264016488088131e-05, 0.0, 0.0022599965293259227, 0.0, 0.011200386522948367, 0.0, 3.814697265625e-06, 0.0, 0.0, 0.0, 0.0, 0.0, 0.0, 0.0, 0.005271323409274848, 0.0, 0.0058151642891037195, 0.0, 1.1444091796875e-05, 0.004409214480514163, 0.0026312058289951184, 0.018700132978723402, 0.007824503904842198, 0.0, 0.0, 0.0, 0.004834787091838093, 0.0, 0.006007359478511623, 0.0, 0.007972628458270646, 0.0, 7.763228750082924e-06, 0.0, 0.0009765625000000002, 1.1920928955078125e-07, 0.001306558915165893, 0.0, 1.1920928955078128e-07, 0.0, 0.0, 0.0, 4.76837158203125e-07, 0.0, 0.010081763280200785, 0.0, 0.0, 0.0, 0.0, 0.0, 0.007685160392422339, 0.0, 0.017902131278730967, 3.1458279936331884e-07, 0.0, 0.0, 0.0008364886390222616, 0.010706456915065554, 0.0], [0.0, 0.059490404629599425, 0.0, 0.17106403937132456, 0.0, 0.0, 0.0, 0.0, 0.1354785772154491, 0.16105154804497612, 0.15501524772129077, 0.25952878291940124, 0.0, 0.0, 0.00030217419323988085, 0.0, 0.0, 0.19869058001373985, 0.013010475045592291, 0.3544120793211851, 0.010055698053825078, 1.0, 0.0, 0.0, 0.14774666207529474, 0.02367641328266227, 0.11551173098255281, 0.07613854009724315, 0.0, 0.2352364290073043, 0.0, 0.0, 0.0, 0.0, 0.0, 0.0, 0.0, 0.0, 0.0, 0.08800709938813006, 0.0, 0.02419914101273215, 0.0, 0.125, 0.2455013564365225, 0.010985163872870261, 0.012008856448126649, 0.01611954877858958, 0.0, 0.0, 0.03125000000000001, 0.0072136856361737335, 5.215406417846679e-08, 0.1563000308388266, 0.0, 0.2956113340533894, 0.0, 0.0, 0.0, 0.0014620399471995734, 0.21577143558962228, 0.13953674526242382, 0.0, 4.577066361909321e-09, 0.0, 0.0, 0.0003050454574703026, 0.0, 0.0, 0.12100464597531631, 0.0019043298221677492, 0.0, 0.0, 0.00014328300454379927, 0.0, 0.13359944474252924, 0.0, 0.2588185905356786, 0.0, 0.0, 4.57706636190932e-09, 0.040913119947550626, 0.24577340713560286, 0.0], [0.0, 0.0, 0.0, 3.812768026226373e-08, 0.0, 0.0, 0.0, 0.0, 0.0, 8.792390722383213e-08, 0.0, 9.41729233519403e-08, 0.0, 0.0, 0.0, 0.0, 0.0, 8.457582282300976e-08, 4.647828748477106e-08, 3.951468224362629e-08, 0.0, 0.0, 1.0, 0.0, 0.0, 0.0, 0.0, 2.817942864006476e-08, 0.0, 1.0482414149889121e-08, 0.0, 0.0, 0.0, 7.450580596923828e-09, 0.0, 0.0, 0.0, 0.0, 0.0, 1.6660004686562638e-08, 0.0, 3.725290298461914e-08, 0.0, 0.0, 3.509530448819067e-09, 1.1660801861279173e-08, 3.8909019822504287e-08, 0.0, 0.0, 0.0, 0.0, 0.0, 7.450580596923827e-09, 1.1920928955078121e-07, 0.0, 0.0, 0.0, 0.0, 0.0, 7.450580596923828e-09, 0.0, 8.155641816110401e-08, 0.0, 5.960464477539063e-08, 0.0, 0.0, 0.0, 0.0, 0.0, 2.3237983783424112e-08, 3.4541213965246754e-08, 0.0, 4.7379273824865607e-08, 0.0, 0.0, 1.465835993977313e-07, 0.0, 0.0, 0.0, 0.0, 0.0, 0.0, 8.672467582278246e-08, 0.0], [0.0, 0.0, 0.0, 0.0, 0.0, 0.0, 0.0, 0.0, 0.0, 0.0, 0.0, 0.0, 0.0, 0.0, 0.0, 0.0, 0.0, 0.0, 0.0, 0.0, 0.0, 0.0, 0.0, 1.0, 0.0, 0.0, 0.0, 0.0, 0.0, 0.0, 0.0, 0.0, 0.0, 0.0, 0.0, 0.0, 0.0, 0.0, 0.0, 0.0, 0.0, 0.0, 0.0, 0.0, 0.0, 0.0, 0.0, 0.0, 0.0, 0.0, 0.0, 0.0, 0.0, 0.0, 0.0, 0.0, 0.0, 0.0, 0.0, 0.0, 0.0, 0.0, 0.0, 0.0, 0.0, 0.0, 0.0, 0.0, 0.0, 0.0, 0.0, 0.0, 0.0, 0.0, 0.0, 0.0, 0.0, 0.0, 0.0, 0.0, 0.0, 0.0, 0.0, 0.0], [0.0, 0.011421449435178253, 0.0, 0.031049430565869115, 0.0, 0.0, 0.0, 0.0, 0.137163618263785, 0.08840608800683192, 0.14077255718314735, 0.06909663542071258, 0.0, 0.0, 0.0, 0.0, 0.0, 0.049501669969760895, 0.0, 0.05995988186256504, 0.0, 0.14774666207529474, 0.0, 0.0, 1.0, 0.058744053973189485, 0.04941058844013092, 0.04941107262386356, 0.0, 0.1720140399865143, 0.0, 0.0, 0.0, 0.0, 0.0, 0.0, 0.0, 0.0, 0.0, 0.04330902815399204, 0.0, 0.0, 0.0, 0.11529137302697216, 0.13927901595982972, 0.0, 0.0, 0.0, 0.0, 0.0, 0.03294039229342062, 0.0, 0.0, 0.03271082042288183, 0.0, 0.10199465340276752, 0.0, 0.0, 0.0, 0.0, 0.06926440898732414, 0.09701792948885243, 0.0, 0.0, 0.0, 0.0, 0.0, 0.0, 0.0, 0.05818887007895826, 0.0, 0.0, 0.0, 0.0, 0.0, 0.09389499059679682, 0.0, 0.07415904409915501, 0.0, 0.0, 0.0, 0.0, 0.07876792489242883, 0.0], [0.0, 0.009568319307746789, 0.0, 0.02704095956402009, 0.0, 0.0, 0.0, 0.0, 0.06219407550035413, 0.03060317172484881, 0.020012098255606424, 0.04846328722428201, 0.0, 0.0, 0.0006688459446033044, 0.0, 0.0, 0.0159290679421612, 0.0, 0.010181091515912857, 4.264016488088131e-05, 0.02367641328266227, 0.0, 0.0, 0.058744053973189485, 1.0, 0.0, 0.0006442655730960771, 0.0, 0.06009158711559221, 0.0, 1.52587890625e-05, 0.0, 0.0, 0.0, 0.0, 0.0, 0.0, 0.0, 0.020312882002179504, 0.0, 0.00024399286107126025, 0.0, 3.0863040325924246e-05, 0.029385790980417915, 0.0, 0.00047844247262981147, 0.0002660166115724105, 0.0, 0.0, 0.0, 0.0, 0.0, 0.02008062088703009, 0.0, 0.0236240326378607, 0.0, 1.236563307667582e-05, 0.0, 0.0, 0.028645833333333332, 0.04145106401696693, 0.0, 0.0, 0.0, 0.0, 0.0007232703164187079, 0.0, 0.0, 0.03993687225872219, 0.0, 0.0, 0.0, 0.0005676185523804954, 0.0, 0.0538958185161122, 0.0, 0.0003524280277442195, 0.0, 0.0, 0.0, 0.0008854009659838457, 0.048335200500244854, 0.0], [0.0, 0.12499999999999999, 0.0, 0.47801474601104477, 0.0, 0.0, 0.0, 0.0, 0.22135231034726846, 0.28210359372767735, 0.15625000000000003, 0.6239879390620842, 0.0, 0.0, 0.0, 0.0, 0.0, 0.3226610054947815, 0.0, 0.4819412277619248, 0.0, 0.11551173098255281, 0.0, 0.0, 0.04941058844013092, 0.0, 1.0, 0.3287660713720507, 0.0, 0.37042055011045816, 0.0, 0.0, 0.0, 0.0, 0.0, 0.0, 0.0, 0.0, 0.0, 0.1476230667589349, 0.0, 0.12499999999999999, 0.0, 0.03125000000000001, 0.13759883050061242, 0.125, 0.0, 0.0, 0.0, 0.0, 0.15624999999999997, 0.0, 0.0, 0.36766705139708017, 0.0, 0.4293613491012793, 0.0, 0.0, 0.0, 0.0, 0.24819124344890092, 0.41279560968001927, 0.0, 0.0, 0.0, 0.0, 0.0, 0.0, 0.0, 0.4699721826220752, 0.0, 0.0, 0.0, 0.0, 0.0, 0.3297013041417801, 0.0, 0.22007220689508172, 0.0, 0.0, 0.0, 0.0, 0.20995795412849372, 0.0], [0.0, 0.4951353924638762, 0.0, 0.6226328803798423, 0.0, 0.0, 0.0, 0.0, 0.6723989023206498, 0.3588069473952067, 0.5244796965974404, 0.26968194971645265, 5.595579278408735e-07, 0.0, 0.00032554169403592985, 0.0, 0.0, 0.26268186390801507, 0.01902344495834472, 0.40238165454704955, 0.0022599965293259227, 0.07613854009724315, 2.817942864006476e-08, 0.0, 0.04941107262386356, 0.0006442655730960771, 0.3287660713720507, 1.0, 0.0, 0.1888759399347877, 0.0, 0.0, 0.0, 3.673389145665081e-07, 0.0, 0.0, 0.0, 0.0, 0.0, 0.3944738242260102, 0.0, 0.16943499495251718, 0.0, 0.03125000000000001, 0.05598869446131013, 0.03599043979791907, 0.0042131104768394125, 0.01060207066692382, 0.0, 0.0, 0.1852923580410311, 0.015392513668983964, 1.718815259466383e-07, 0.37127023817937166, 0.0, 0.32659305522404714, 0.0, 1.334899058908869e-07, 0.0, 0.0004885491533016728, 0.16235499148647367, 0.4081109063076563, 0.0, 5.019069574478597e-07, 0.0, 0.0, 0.0009665735195563204, 1.4592592052248132e-07, 0.0, 0.6120192648714672, 0.0019043551680990225, 0.0, 1.4727499284813374e-07, 0.0009672085429017934, 0.0, 0.452971582493947, 0.0, 0.1257933377126585, 2.445587399920432e-07, 0.0, 8.8859038406091e-09, 0.0082088548806519, 0.5011405438048744, 0.0], [0.0, 0.0, 0.0, 0.0, 0.0, 0.0, 0.0, 0.0, 0.0, 0.0, 0.0, 0.0, 0.0, 0.0, 0.0, 0.0, 0.0, 0.0, 0.0, 0.0, 0.0, 0.0, 0.0, 0.0, 0.0, 0.0, 0.0, 0.0, 1.0, 0.0, 0.0, 0.0, 0.0, 0.0, 0.0, 0.0, 0.0, 0.0, 0.0, 0.0, 0.0, 0.0, 0.0, 0.0, 0.0, 0.0, 0.0, 0.0, 0.0, 0.0, 0.0, 0.0, 0.0, 0.0, 0.0, 0.0, 0.0, 0.0, 0.0, 0.0, 0.0, 0.0, 0.0, 0.0, 0.0, 0.0, 0.0, 0.0, 0.0, 0.0, 0.0, 0.0, 0.0, 0.0, 0.0, 0.0, 0.0, 0.0, 0.0, 0.0, 0.0, 0.0, 0.0, 0.0], [0.0, 0.12806392724307397, 0.0, 0.22298719269176182, 0.0, 0.0, 0.0, 0.0, 0.26032311244253237, 0.6559869507721048, 0.21294570261529253, 0.416697613341677, 1.5869839276335054e-07, 0.0, 0.0007583963218795932, 0.0, 0.0, 0.5185242282256446, 0.0018672755156656149, 0.2705156928036506, 0.011200386522948367, 0.2352364290073043, 1.0482414149889121e-08, 0.0, 0.1720140399865143, 0.06009158711559221, 0.37042055011045816, 0.1888759399347877, 0.0, 1.0, 0.0, 2.64871070305528e-06, 0.0, 9.924592086453232e-08, 0.0, 0.0, 0.0, 0.0, 0.0, 0.5118232083886378, 3.602168562664646e-06, 0.500240192782925, 0.0, 0.10467508437231347, 0.25689955751643817, 0.09762659760182302, 0.011517767964923984, 0.011850041655578939, 0.0, 0.0, 0.5282116126699504, 0.00040115418886384034, 1.8583975454677704e-07, 0.6054032249597527, 0.0, 0.7636930874943932, 0.0, 8.230823787076149e-06, 0.0, 0.0024739554574763974, 0.14767741299839748, 0.5020074334873672, 0.0, 6.681903008916359e-07, 0.0, 0.0, 0.0012031220770280743, 1.8675804766579674e-07, 0.0, 0.1929405871038928, 9.345464433476038e-05, 0.0, 1.807737422517402e-07, 0.000943008673603469, 0.0, 0.6906912500562071, 0.0, 0.4246373717036095, 1.3968136208021662e-07, 0.0, 5.44897945108708e-09, 0.02479024877954791, 0.5058131217962427, 0.0], [0.0, 0.0, 0.0, 0.0, 0.0, 0.0, 0.0, 0.0, 0.0, 0.0, 0.0, 0.0, 0.0, 0.0, 0.0, 0.0, 0.0, 0.0, 0.0, 0.0, 0.0, 0.0, 0.0, 0.0, 0.0, 0.0, 0.0, 0.0, 0.0, 0.0, 1.0, 0.0, 0.0, 0.0, 0.0, 0.0, 0.0, 0.0, 0.0, 0.0, 0.0, 0.0, 0.0, 0.0, 0.0, 0.0, 0.0, 0.0, 0.0, 0.0, 0.0, 0.0, 0.0, 0.0, 0.0, 0.0, 0.0, 0.0, 0.0, 0.0, 0.0, 0.0, 0.0, 0.0, 0.0, 0.0, 0.0, 0.0, 0.0, 0.0, 0.0, 0.0, 0.0, 0.0, 0.0, 0.0, 0.0, 0.0, 0.0, 0.0, 0.0, 0.0, 0.0, 0.0], [0.0, 0.0, 0.0, 1.0165017245341653e-05, 0.0, 0.0, 0.0, 0.0, 0.0, 8.760921317309713e-06, 0.0, 1.096283762198601e-05, 0.0, 0.0, 2.288818359375e-05, 0.0, 0.0, 1.2601934921242923e-05, 0.0, 7.873117876369985e-06, 3.814697265625e-06, 0.0, 0.0, 0.0, 0.0, 1.52587890625e-05, 0.0, 0.0, 0.0, 2.64871070305528e-06, 0.0, 1.0, 0.0, 0.0, 0.0, 0.0, 0.0, 0.0, 0.0, 1.178269693981336e-05, 1.9073486328125004e-06, 1.52587890625e-05, 0.0, 1.52587890625e-05, 3.6558379454708577e-06, 0.0, 0.0, 6.460730308131793e-06, 0.0, 0.0, 0.0, 0.0, 0.0, 1.0681482634838356e-05, 0.0, 5.940052349466103e-06, 0.0, 0.0, 0.0, 0.0, 0.0, 8.151234639237697e-06, 0.0, 0.0, 0.0, 0.0, 0.0, 0.0, 0.0, 3.334064462968445e-06, 0.0, 0.0, 0.0, 0.0, 0.0, 1.190993165599208e-05, 0.0, 1.9073486328125e-06, 0.0, 0.0, 0.0, 5.979110191316943e-06, 1.9350462500054737e-05, 0.0], [0.0, 0.0, 0.0, 0.0, 0.0, 0.0, 0.0, 0.0, 0.0, 0.0, 0.0, 0.0, 0.0, 0.0, 0.0, 0.0, 0.0, 0.0, 0.0, 0.0, 0.0, 0.0, 0.0, 0.0, 0.0, 0.0, 0.0, 0.0, 0.0, 0.0, 0.0, 0.0, 1.0, 0.0, 0.0, 0.0, 0.0, 0.0, 0.0, 0.0, 0.0, 0.0, 0.0, 0.0, 0.0, 0.0, 0.0, 0.0, 0.0, 0.0, 0.0, 0.0, 0.0, 0.0, 0.0, 0.0, 0.0, 0.0, 0.0, 0.0, 0.0, 0.0, 0.0, 0.0, 0.0, 0.0, 0.0, 0.0, 0.0, 0.0, 0.0, 0.0, 0.0, 0.0, 0.0, 0.0, 0.0, 0.0, 0.0, 0.0, 0.0, 0.0, 0.0, 0.0], [0.0, 0.0, 0.0, 3.1782734210886547e-07, 0.0, 0.0, 0.0, 0.0, 0.0, 1.5053093190205788e-07, 0.0, 3.5528428836032573e-07, 0.0, 0.0, 0.0, 0.0, 0.0, 4.573286222851059e-07, 7.450580596923827e-09, 1.0522205666407827e-07, 0.0, 0.0, 7.450580596923828e-09, 0.0, 0.0, 0.0, 0.0, 3.673389145665081e-07, 0.0, 9.924592086453232e-08, 0.0, 0.0, 0.0, 1.0, 0.0, 0.0, 0.0, 0.0, 0.0, 2.413173856967019e-07, 0.0, 7.450580596923827e-09, 0.0, 0.0, 6.171860607441813e-07, 7.356479026578806e-09, 2.9284281947228894e-08, 0.0, 0.0, 0.0, 0.0, 0.0, 7.450580596923828e-09, 4.42132867076605e-07, 0.0, 0.0, 0.0, 0.0, 0.0, 9.33238727867477e-07, 2.518713445667358e-07, 2.268762049843002e-07, 0.0, 9.601813187406637e-07, 0.0, 0.0, 0.0, 0.0, 0.0, 4.780766591548409e-07, 0.0, 0.0, 0.0, 0.0, 0.0, 2.4356223219529995e-07, 0.0, 3.322802500908345e-07, 0.0, 0.0, 0.0, 0.0, 1.8059222026540124e-08, 0.0], [0.0, 0.0, 0.0, 0.0, 0.0, 0.0, 0.0, 0.0, 0.0, 0.0, 0.0, 0.0, 0.0, 0.0, 0.0, 0.0, 0.0, 0.0, 0.0, 0.0, 0.0, 0.0, 0.0, 0.0, 0.0, 0.0, 0.0, 0.0, 0.0, 0.0, 0.0, 0.0, 0.0, 0.0, 1.0, 0.0, 0.0, 0.0, 0.0, 0.0, 0.0, 0.0, 0.0, 0.0, 0.0, 0.0, 0.0, 0.0, 0.0, 0.0, 0.0, 0.0, 0.0, 0.0, 0.0, 0.0, 0.0, 0.0, 0.0, 0.0, 0.0, 0.0, 0.0, 0.0, 0.0, 0.0, 0.0, 0.0, 0.0, 0.0, 0.0, 0.0, 0.0, 0.0, 0.0, 0.0, 0.0, 0.0, 0.0, 0.0, 0.0, 0.0, 0.0, 0.0], [0.0, 0.0, 0.0, 0.0, 0.0, 0.0, 0.0, 0.0, 0.0, 0.0, 0.0, 0.0, 0.0, 0.0, 0.0, 0.0, 0.0, 0.0, 0.0, 0.0, 0.0, 0.0, 0.0, 0.0, 0.0, 0.0, 0.0, 0.0, 0.0, 0.0, 0.0, 0.0, 0.0, 0.0, 0.0, 1.0, 0.0, 0.0, 0.0, 0.0, 0.0, 0.0, 0.0, 0.0, 0.0, 0.0, 0.0, 0.0, 0.0, 0.0, 0.0, 0.0, 0.0, 0.0, 0.0, 0.0, 0.0, 0.0, 0.0, 0.0, 0.0, 0.0, 0.0, 0.0, 0.0, 0.0, 0.0, 0.0, 0.0, 0.0, 0.0, 0.0, 0.0, 0.0, 0.0, 0.0, 0.0, 0.0, 0.0, 0.0, 0.0, 0.0, 0.0, 0.0], [0.0, 0.0, 0.0, 0.0, 0.0, 0.0, 0.0, 0.0, 0.0, 0.0, 0.0, 0.0, 0.0, 0.0, 0.0, 0.0, 0.0, 0.0, 0.0, 0.0, 0.0, 0.0, 0.0, 0.0, 0.0, 0.0, 0.0, 0.0, 0.0, 0.0, 0.0, 0.0, 0.0, 0.0, 0.0, 0.0, 1.0, 0.0, 0.0, 0.0, 0.0, 0.0, 0.0, 0.0, 0.0, 0.0, 0.0, 0.0, 0.0, 0.0, 0.0, 0.0, 0.0, 0.0, 0.0, 0.0, 0.0, 0.0, 0.0, 0.0, 0.0, 0.0, 0.0, 0.0, 0.0, 0.0, 0.0, 0.0, 0.0, 0.0, 0.0, 0.0, 0.0, 0.0, 0.0, 0.0, 0.0, 0.0, 0.0, 0.0, 0.0, 0.0, 0.0, 0.0], [0.0, 0.0, 0.0, 0.0, 0.0, 0.0, 0.0, 0.0, 0.0, 0.0, 0.0, 0.0, 0.0, 0.0, 0.0, 0.0, 0.0, 0.0, 0.0, 0.0, 0.0, 0.0, 0.0, 0.0, 0.0, 0.0, 0.0, 0.0, 0.0, 0.0, 0.0, 0.0, 0.0, 0.0, 0.0, 0.0, 0.0, 1.0, 0.0, 0.0, 0.0, 0.0, 0.0, 0.0, 0.0, 0.0, 0.0, 0.0, 0.0, 0.0, 0.0, 0.0, 0.0, 0.0, 0.0, 0.0, 0.0, 0.0, 0.0, 0.0, 0.0, 0.0, 0.0, 0.0, 0.0, 0.0, 0.0, 0.0, 0.0, 0.0, 0.0, 0.0, 0.0, 0.0, 0.0, 0.0, 0.0, 0.0, 0.0, 0.0, 0.0, 0.0, 0.0, 0.0], [0.0, 0.0, 0.0, 0.0, 0.0, 0.0, 0.0, 0.0, 0.0, 0.0, 0.0, 0.0, 0.0, 0.0, 0.0, 0.0, 0.0, 0.0, 0.0, 0.0, 0.0, 0.0, 0.0, 0.0, 0.0, 0.0, 0.0, 0.0, 0.0, 0.0, 0.0, 0.0, 0.0, 0.0, 0.0, 0.0, 0.0, 0.0, 1.0, 0.0, 0.0, 0.0, 0.0, 0.0, 0.0, 0.0, 0.0, 0.0, 0.0, 0.0, 0.0, 0.0, 0.0, 0.0, 0.0, 0.0, 0.0, 0.0, 0.0, 0.0, 0.0, 0.0, 0.0, 0.0, 0.0, 0.0, 0.0, 0.0, 0.0, 0.0, 0.0, 0.0, 0.0, 0.0, 0.0, 0.0, 0.0, 0.0, 0.0, 0.0, 0.0, 0.0, 0.0, 0.0], [0.0, 0.34452562159292677, 0.0, 0.2443267233273827, 0.0, 0.0, 0.0, 0.0, 0.34921370528978, 0.5431868620536834, 0.3659813728688702, 0.16032179344291697, 1.6131932937773306e-07, 0.0, 0.0007172468973223435, 0.0, 0.0, 0.22069602940773833, 0.010415526250650377, 0.23100322472449247, 0.005271323409274848, 0.08800709938813006, 1.6660004686562638e-08, 0.0, 0.04330902815399204, 0.020312882002179504, 0.1476230667589349, 0.3944738242260102, 0.0, 0.5118232083886378, 0.0, 1.178269693981336e-05, 0.0, 2.413173856967019e-07, 0.0, 0.0, 0.0, 0.0, 0.0, 1.0, 3.7897070665117607e-06, 0.4807335617400875, 0.0, 0.04048601888322545, 0.11254522641793596, 0.07505934395848303, 0.008783996966442768, 0.03120487769649398, 0.0, 0.0, 0.5030676340579289, 0.008038996178555101, 7.76573949568389e-08, 0.6174857224530237, 0.0, 0.5370935526663518, 0.0, 1.0605155123756613e-05, 0.0, 0.0004887195909108886, 0.06940457983531911, 0.13561814485843943, 0.0, 4.358996645510832e-07, 0.0, 0.0, 0.0006396102948004491, 1.0872445125749169e-07, 0.0, 0.22759795849629355, 0.0006161067071719187, 0.0, 3.8655845907742445e-08, 0.0005461032541319294, 0.0, 0.5652743736707226, 0.0, 0.2115948935904239, 1.8803052118090147e-07, 0.0, 3.7252902984619136e-09, 0.009887294004502268, 0.6373922772769863, 0.0], [0.0, 0.0, 0.0, 8.672997764685897e-06, 0.0, 0.0, 0.0, 0.0, 0.0, 3.4455585972282145e-06, 0.0, 9.536743164062499e-07, 0.0, 0.0, 2.861022949218749e-06, 0.0, 0.0, 3.955285405054008e-06, 0.0, 5.945159831201417e-06, 0.0, 0.0, 0.0, 0.0, 0.0, 0.0, 0.0, 0.0, 0.0, 3.602168562664646e-06, 0.0, 1.9073486328125004e-06, 0.0, 0.0, 0.0, 0.0, 0.0, 0.0, 0.0, 3.7897070665117607e-06, 1.0, 0.0, 0.0, 0.0, 2.546161414499071e-06, 0.0, 0.0, 3.882112928440736e-06, 0.0, 0.0, 0.0, 0.0, 0.0, 6.0264440571512755e-06, 0.0, 5.809170810353466e-06, 0.0, 0.0, 0.0, 0.0, 0.0, 5.702749120830991e-06, 0.0, 0.0, 0.0, 0.0, 0.0, 0.0, 0.0, 9.752723149110538e-06, 0.0, 0.0, 0.0, 0.0, 0.0, 8.022315644475594e-06, 0.0, 2.86102294921875e-06, 0.0, 0.0, 0.0, 3.049348812347256e-06, 7.346569030871268e-06, 0.0], [0.0, 0.1388953329919746, 0.0, 0.03287015619807448, 0.0, 0.0, 0.0, 0.0, 0.125, 0.5307024347504633, 0.12640497384283736, 0.16397052278986446, 0.0, 0.0, 1.52587890625e-05, 0.0, 0.0, 0.20611034673058204, 0.019353210257735027, 0.023766829629803258, 0.0058151642891037195, 0.02419914101273215, 3.725290298461914e-08, 0.0, 0.0, 0.00024399286107126025, 0.12499999999999999, 0.16943499495251718, 0.0, 0.500240192782925, 0.0, 1.52587890625e-05, 0.0, 7.450580596923827e-09, 0.0, 0.0, 0.0, 0.0, 0.0, 0.4807335617400875, 0.0, 1.0, 0.0, 1.52587890625e-05, 0.02092540524952006, 0.1303964919340727, 0.005811403621217839, 0.02439021217893466, 0.0, 0.0, 0.5, 0.015625000000000003, 6.705522537231444e-08, 0.5220266177247609, 0.0, 0.5268467994591024, 0.0, 0.0, 0.0, 0.0009765699505805967, 0.0, 0.12448715682624499, 0.0, 1.3038516044616702e-07, 0.0, 0.0, 0.0, 0.0, 0.0, 0.04626399209550878, 3.454121396524676e-08, 0.0, 4.7379273824865607e-08, 0.0, 0.0, 0.5236121176486506, 0.0, 0.1839407768187747, 0.0, 0.0, 3.7252902984619132e-09, 0.011812535784173895, 0.43140406050018154, 0.0], [0.0, 0.0, 0.0, 0.0, 0.0, 0.0, 0.0, 0.0, 0.0, 0.0, 0.0, 0.0, 0.0, 0.0, 0.0, 0.0, 0.0, 0.0, 0.0, 0.0, 0.0, 0.0, 0.0, 0.0, 0.0, 0.0, 0.0, 0.0, 0.0, 0.0, 0.0, 0.0, 0.0, 0.0, 0.0, 0.0, 0.0, 0.0, 0.0, 0.0, 0.0, 0.0, 1.0, 0.0, 0.0, 0.0, 0.0, 0.0, 0.0, 0.0, 0.0, 0.0, 0.0, 0.0, 0.0, 0.0, 0.0, 0.0, 0.0, 0.0, 0.0, 0.0, 0.0, 0.0, 0.0, 0.0, 0.0, 0.0, 0.0, 0.0, 0.0, 0.0, 0.0, 0.0, 0.0, 0.0, 0.0, 0.0, 0.0, 0.0, 0.0, 0.0, 0.0, 0.0], [0.0, 0.0, 0.0, 0.017948380178126278, 0.0, 0.0, 0.0, 0.0, 0.05394706290454088, 0.031258806289774274, 0.125, 0.027733645986884003, 0.0, 0.0, 2.2888183593749997e-05, 0.0, 0.0, 0.03457102697171382, 0.0, 0.02660744208951871, 1.1444091796875e-05, 0.125, 0.0, 0.0, 0.11529137302697216, 3.0863040325924246e-05, 0.03125000000000001, 0.03125000000000001, 0.0, 0.10467508437231347, 0.0, 1.52587890625e-05, 0.0, 0.0, 0.0, 0.0, 0.0, 0.0, 0.0, 0.04048601888322545, 0.0, 1.52587890625e-05, 0.0, 1.0, 0.06988917606150886, 0.0, 0.0, 2.602251951699391e-05, 0.0, 0.0, 0.031249999999999993, 0.0, 0.0, 0.04402866600348788, 0.0, 0.10829294351238382, 0.0, 7.629394531249998e-06, 0.0, 0.0, 0.031353032862851245, 0.04467688171469545, 0.0, 0.0, 0.0, 0.0, 0.0, 0.0, 0.0, 0.009394944892147383, 0.0, 0.0, 0.0, 0.0, 0.0, 0.041949721822019274, 0.0, 0.09015814602010576, 0.0, 0.0, 0.0, 1.1144756882752388e-05, 0.017647052945637055, 0.0], [0.0, 0.05692794293848834, 0.0, 0.287666938597718, 0.0, 0.0, 0.0, 0.0, 0.2598436084412152, 0.3219697277438496, 0.08154928636546019, 0.28911827204533525, 3.4983896083867845e-07, 0.0, 0.00048506939741628854, 0.0, 0.0, 0.13583551746429529, 0.017952423418529987, 0.14229010592796368, 0.004409214480514163, 0.2455013564365225, 3.509530448819067e-09, 0.0, 0.13927901595982972, 0.029385790980417915, 0.13759883050061242, 0.05598869446131013, 0.0, 0.25689955751643817, 0.0, 3.6558379454708577e-06, 0.0, 6.171860607441813e-07, 0.0, 0.0, 0.0, 0.0, 0.0, 0.11254522641793596, 2.546161414499071e-06, 0.02092540524952006, 0.0, 0.06988917606150886, 1.0, 0.01601181172324282, 0.0023101329682359735, 0.021642633972403874, 0.0, 0.0, 0.06987712429686843, 0.012607367663435601, 2.5694810999224087e-07, 0.28858263015140206, 0.0, 0.22681538720106104, 0.0, 9.482375575538172e-06, 0.0, 0.002206735831691268, 0.20739718860036027, 0.24157098264798954, 0.0, 7.973414236487715e-07, 0.0, 0.0, 0.000545111245584302, 1.1322462491303517e-07, 0.0, 0.29037148528190637, 0.00036339092560303687, 0.0, 2.620597701481069e-07, 0.000293024906582024, 0.0, 0.22423934822063257, 0.0, 0.17506962647763133, 1.845466395132246e-07, 0.0, 1.4654026957761923e-08, 0.0189783009195973, 0.3408180760861741, 0.0], [0.0, 0.14020817493984689, 0.0, 0.16557894126211412, 0.0, 0.0, 0.0, 0.0, 0.12499999999999997, 0.14025488939543915, 0.13088943980434986, 0.1856034829098877, 0.0, 0.0, 0.0, 0.0, 0.0, 0.46375704774527515, 0.00838025931404446, 0.2854451062492288, 0.0026312058289951184, 0.010985163872870261, 1.1660801861279173e-08, 0.0, 0.0, 0.0, 0.125, 0.03599043979791907, 0.0, 0.09762659760182302, 0.0, 0.0, 0.0, 7.356479026578806e-09, 0.0, 0.0, 0.0, 0.0, 0.0, 0.07505934395848303, 0.0, 0.1303964919340727, 0.0, 0.0, 0.01601181172324282, 1.0, 0.0013156630374331025, 0.008703656192153837, 0.0, 0.0, 0.12499999999999999, 0.005396449172203722, 2.6561963055126828e-08, 0.11459384276918101, 0.0, 0.15192094947139545, 0.0, 0.0, 0.0, 2.8173749463493307e-09, 0.0, 0.35280307267611044, 0.0, 1.1660801861279173e-08, 0.0, 0.0, 0.0, 0.0, 0.0, 0.18825280246288903, 0.0, 0.0, 0.0, 0.0, 0.0, 0.13904219799684503, 0.0, 0.49425965930691146, 0.0, 0.0, 0.0, 0.02302067493984685, 0.07923438798608216, 0.0], [0.0, 0.004834787091838094, 0.0, 0.008802412776385238, 0.0, 0.0, 0.0, 0.0, 0.0, 0.004262831048774175, 0.0044406024371464944, 0.006694802233123388, 2.384185791015625e-07, 0.0, 6.373809920581654e-05, 0.0, 0.0, 0.007205088019682401, 0.0076753067506484, 0.015385530864215262, 0.018700132978723402, 0.012008856448126649, 3.8909019822504287e-08, 0.0, 0.0, 0.00047844247262981147, 0.0, 0.0042131104768394125, 0.0, 0.011517767964923984, 0.0, 0.0, 0.0, 2.9284281947228894e-08, 0.0, 0.0, 0.0, 0.0, 0.0, 0.008783996966442768, 0.0, 0.005811403621217839, 0.0, 0.0, 0.0023101329682359735, 0.0013156630374331025, 1.0, 0.007828932150523549, 0.0, 0.0, 0.0, 0.004834787091838093, 2.697881442503592e-07, 0.005237351075581019, 0.0, 0.009187063146594461, 0.0, 0.0, 0.0, 0.0014649124613422104, 0.0, 0.0019458599996727008, 0.0, 3.890901982250429e-08, 0.0, 0.0, 0.00015108709661994043, 0.0, 0.0, 0.013457217831687853, 0.0019043621772289313, 0.0, 3.3102352339561804e-07, 0.0, 0.0, 0.00826414114128047, 0.0, 0.019934646333458088, 0.0, 0.0, 0.0, 0.005351666836049904, 0.011898648864705789, 0.0], [0.0, 0.014769936771756094, 0.0, 0.012294294530363702, 0.0, 0.0, 0.0, 0.0, 0.0, 0.02487618310658102, 0.002639007567545885, 0.015719804158102646, 0.0, 0.0, 0.00014859203552962733, 0.0, 0.0, 0.01593386516935768, 0.011644273771623024, 0.027905865419562338, 0.007824503904842198, 0.01611954877858958, 0.0, 0.0, 0.0, 0.0002660166115724105, 0.0, 0.01060207066692382, 0.0, 0.011850041655578939, 0.0, 6.460730308131793e-06, 0.0, 0.0, 0.0, 0.0, 0.0, 0.0, 0.0, 0.03120487769649398, 3.882112928440736e-06, 0.02439021217893466, 0.0, 2.602251951699391e-05, 0.021642633972403874, 0.008703656192153837, 0.007828932150523549, 1.0, 0.0, 0.0, 0.0, 0.011384554492646907, 0.0, 0.018445344359860977, 0.0, 0.01858977838043316, 0.0, 2.1327409601276e-06, 0.0, 0.0, 0.0, 0.019704700247073992, 0.0, 0.0, 0.0, 0.0, 0.0, 0.0, 0.0, 0.027903158032309985, 0.0, 0.0, 0.0, 0.0, 0.0, 0.029702795338545297, 0.0, 0.009210985882960753, 0.0, 0.0, 0.0, 0.019240235965724745, 0.024773355310094718, 0.0], [0.0, 0.0, 0.0, 0.0, 0.0, 0.0, 0.0, 0.0, 0.0, 0.0, 0.0, 0.0, 0.0, 0.0, 0.0, 0.0, 0.0, 0.0, 0.0, 0.0, 0.0, 0.0, 0.0, 0.0, 0.0, 0.0, 0.0, 0.0, 0.0, 0.0, 0.0, 0.0, 0.0, 0.0, 0.0, 0.0, 0.0, 0.0, 0.0, 0.0, 0.0, 0.0, 0.0, 0.0, 0.0, 0.0, 0.0, 0.0, 1.0, 0.0, 0.0, 0.0, 0.0, 0.0, 0.0, 0.0, 0.0, 0.0, 0.0, 0.0, 0.0, 0.0, 0.0, 0.0, 0.0, 0.0, 0.0, 0.0, 0.0, 0.0, 0.0, 0.0, 0