"{\"names\": [\"172.217.10.1\", \"104.88.86.240\", \"38.93.140.48\", \"192.168.10.15\", \"104.88.108.223\", \"195.142.105.15\", \"172.217.12.163\", \"206.217.206.48\", \"172.217.6.228\", \"178.255.83.1\", \"74.119.118.82\", \"192.168.10.9\", \"172.217.7.6\", \"35.186.227.40\", \"31.13.71.36\", \"206.126.112.142\", \"151.101.2.49\", \"192.168.10.25\", \"172.217.3.98\", \"192.168.10.16\", \"72.30.202.150\", \"172.217.12.132\", \"50.31.164.173\", \"162.208.20.178\", \"23.15.4.16\", \"216.58.217.99\", \"172.217.6.198\", \"172.217.12.174\", \"169.46.44.40\", \"192.168.10.17\", \"52.84.143.130\", \"104.19.195.102\", \"216.200.232.61\", \"104.97.73.166\", \"152.163.13.79\", \"192.229.163.25\", \"74.119.118.86\", \"54.225.188.92\", \"188.165.145.88\", \"192.168.10.14\", \"8.43.72.98\", \"199.96.57.6\", \"68.67.178.110\", \"104.88.70.158\", \"192.168.10.19\", \"69.172.216.56\", \"157.240.18.35\", \"172.217.11.34\", \"185.54.150.20\", \"69.169.85.7\", \"198.232.124.194\", \"74.119.118.72\", \"172.217.12.134\", \"192.168.10.5\", \"23.111.9.30\", \"192.168.10.8\", \"151.101.66.2\", \"68.67.178.199\", \"213.239.195.215\", \"138.108.7.20\", \"52.84.145.87\", \"192.168.10.50\", \"52.84.145.198\", \"52.40.24.51\", \"212.77.100.137\", \"185.54.150.115\", \"172.217.10.138\", \"152.163.66.165\", \"52.84.137.78\", \"192.168.10.51\", \"68.67.178.109\", \"129.146.14.96\", \"54.152.24.232\", \"172.217.10.33\", \"52.8.229.108\", \"192.168.10.12\", \"64.147.131.201\", \"172.217.12.206\", \"68.67.180.12\", \"172.217.10.134\", \"38.69.238.16\", \"172.217.10.142\", \"192.168.10.3\", \"172.217.6.202\"], \"funcEdges\": [[1.0, 0.0, 0.0, 0.0, 0.0, 0.0, 0.0, 0.0, 0.0, 0.0, 0.0, 0.0, 0.0, 0.0, 0.0, 0.0, 0.0, 0.0, 0.0, 0.0, 0.0, 0.0, 0.0, 0.0, 0.0, 0.0, 0.0, 0.0, 0.0, 0.0, 0.0, 0.0, 0.0, 0.0, 0.0, 0.0, 0.0, 0.0, 0.0, 0.0, 0.0, 0.0, 0.0, 0.0, 0.0, 0.0, 0.0, 0.0, 0.0, 0.0, 0.0, 0.0, 0.0, 0.0, 0.0, 0.0, 0.0, 0.0, 0.0, 0.0, 0.0, 0.0, 0.0, 0.0, 0.0, 0.0, 0.0, 0.0, 0.0, 0.0, 0.0, 0.0, 0.0, 0.0, 0.0, 0.0, 0.0, 0.0, 0.0, 0.0, 0.0, 0.0, 0.0, 0.0], [0.0, 1.0, 0.0, 1.8348388342378463e-16, 0.0, 0.0, 0.0, 0.0, 1.1848731705539774e-16, 2.0497471266733226e-16, 2.90094708488191e-17, 1.0465466271683835e-16, 0.0, 0.0, 7.580792273951281e-17, 0.0, 0.0, 7.750845988898339e-17, 1.3405299468902283e-16, 8.185424368264547e-17, 4.473076623765959e-20, 3.3023808482024144e-18, 0.0, 0.0, 6.340178068763443e-19, 5.311484201212962e-19, 2.958816839464092e-17, 2.0383661854554623e-16, 0.0, 1.0569372586504213e-16, 0.0, 0.0, 0.0, 0.0, 0.0, 0.0, 0.0, 0.0, 0.0, 1.0456523362448533e-16, 0.0, 7.710239835033416e-18, 0.0, 0.0, 1.6990010788274606e-16, 1.0976361386623339e-16, 2.6838459742595764e-19, 8.1989619381306855e-19, 0.0, 0.0, 6.938893903907228e-18, 2.168404344971009e-19, 0.0, 2.0157147634816745e-16, 0.0, 1.3448063726160293e-16, 0.0, 0.0, 0.0, 0.0, 1.4163957869901229e-18, 1.4590412222799103e-16, 0.0, 0.0, 0.0, 0.0, 0.0, 0.0, 0.0, 1.3255331453161093e-16, 0.0, 0.0, 0.0, 0.0, 0.0, 7.565435620991017e-17, 0.0, 1.1966722334469642e-16, 0.0, 0.0, 0.0, 2.5522053623614e-18, 2.391916390286982e-16, 0.0], [0.0, 0.0, 1.0, 8.309979637477981e-06, 0.0, 2.3111899564784876e-06, 1.5692784014239257e-05, 0.0, 0.0, 8.852954514287688e-06, 0.0, 8.423284141538119e-06, 0.0, 7.62939453125e-06, 0.0, 0.0, 0.0, 2.14455075935913e-05, 0.0, 1.6537313351411084e-05, 0.0, 0.0, 0.0, 0.0, 0.0, 0.0, 0.0, 0.0, 0.0, 1.0878944799292902e-05, 0.0, 1.7843013521367963e-05, 6.104450408930895e-06, 0.0, 0.0, 0.0, 0.0, 0.0, 1.9073486328124992e-06, 1.2958772659520777e-05, 6.899636828474726e-06, 3.885273188241532e-07, 0.0, 0.0, 9.1277791948141e-06, 0.0, 1.5212362277348738e-05, 3.437127914493011e-06, 0.0, 0.0, 0.0, 3.814697265624999e-06, 0.0, 6.368011835473886e-06, 0.0, 6.909944862655759e-06, 0.0, 2.9807234124521796e-06, 0.0, 3.8852731882415317e-07, 0.0, 1.588293466819908e-05, 0.0, 0.0, 3.814697265624999e-06, 0.0, 0.0, 0.0, 0.0, 8.62672009269942e-06, 2.232111345052915e-06, 0.0, 0.0, 0.0, 0.0, 8.526806774048901e-06, 0.0, 8.615360273560948e-06, 0.0, 3.885273188241532e-07, 5.250955999770136e-06, 5.342250633832107e-07, 1.8279819913518555e-05, 0.0], [0.0, 1.8348388342378463e-16, 8.309979637477981e-06, 1.0, 0.0, 5.988186526601203e-06, 0.01820318052300108, 1.2997447258062691e-11, 2.8373244911714783e-16, 0.41128652911096786, 0.001430772150456305, 0.7688736827091692, 9.928452253958765e-09, 2.1343451595336596e-06, 1.610645334102108e-08, 0.0, 2.457079306942729e-07, 0.3594160068104789, 9.485823568327976e-10, 0.47269494942569995, 0.05584877597225596, 1.3280745284469457e-08, 7.765462099839895e-09, 0.0, 0.07435833905138736, 1.501074795796647e-18, 9.730792651251595e-10, 0.03748928573767739, 3.596984236299776e-06, 0.6155300450004823, 0.5190542833842889, 0.0002866209308735974, 1.7136283276154693e-05, 0.000504909728620624, 0.0, 0.00013685104144614793, 0.531143077486143, 4.2523497056899865e-07, 2.9398515689603923e-06, 0.17936342686040047, 1.617149259528559e-05, 0.0419600791591603, 8.842014192597855e-09, 9.590340153782034e-16, 0.5395786151957165, 2.587721622184797e-09, 0.17242307615069397, 0.10642407273700918, 5.669079645462446e-14, 0.047370476228263125, 0.3961604987641268, 1.3384158874185664e-05, 1.2799541566750282e-23, 0.7289602741462142, 2.8893491397134996e-15, 0.487619088549888, 0.0, 0.0020612689903336955, 0.0, 0.08102206215950357, 1.799558294509753e-17, 0.3551992355619448, 0.0, 8.319638877720102e-09, 1.0297582909845297e-05, 6.3948846218409e-14, 2.3025954380104575e-08, 0.0003504935435798776, 0.10209063534650138, 0.4648166476040412, 0.00021981292164431317, 0.031311939783698096, 0.176031227667143, 2.4716883998792913e-09, 0.0, 0.5481995038363285, 0.528709889761004, 0.5920991366610041, 0.045634650945398245, 3.2868601767701905e-07, 5.971419957493386e-06, 2.0558025219010914e-06, 0.589468059579052, 0.6260580829062401], [0.0, 0.0, 0.0, 0.0, 1.0, 0.0, 0.0, 0.0, 0.0, 0.0, 0.0, 0.0, 0.0, 0.0, 0.0, 0.0, 0.0, 0.0, 0.0, 0.0, 0.0, 0.0, 0.0, 0.0, 0.0, 0.0, 0.0, 0.0, 0.0, 0.0, 0.0, 0.0, 0.0, 0.0, 0.0, 0.0, 0.0, 0.0, 0.0, 0.0, 0.0, 0.0, 0.0, 0.0, 0.0, 0.0, 0.0, 0.0, 0.0, 0.0, 0.0, 0.0, 0.0, 0.0, 0.0, 0.0, 0.0, 0.0, 0.0, 0.0, 0.0, 0.0, 0.0, 0.0, 0.0, 0.0, 0.0, 0.0, 0.0, 0.0, 0.0, 0.0, 0.0, 0.0, 0.0, 0.0, 0.0, 0.0, 0.0, 0.0, 0.0, 0.0, 0.0, 0.0], [0.0, 0.0, 2.3111899564784876e-06, 5.988186526601203e-06, 0.0, 1.0, 1.193264511741913e-06, 0.0, 0.0, 7.355954393879633e-06, 1.5114849226611108e-07, 2.092767658972871e-06, 8.567857903812056e-09, 1.9073486328124994e-06, 1.4095568326671215e-08, 0.0, 1.0984561914985925e-07, 5.498319953395691e-06, 0.0, 4.041883913126173e-06, 7.5294249153124e-09, 2.8046461510193894e-08, 0.0, 0.0, 4.186170803067167e-07, 0.0, 0.0, 0.0, 1.231188248382383e-06, 6.601708783059242e-06, 3.275291962422927e-08, 1.9243907246534787e-06, 2.2897531433058963e-06, 1.591501719868149e-07, 0.0, 0.0, 0.0, 3.718271053495531e-07, 2.659262254610679e-06, 3.940158940286155e-06, 6.884486342631687e-06, 8.009647883184242e-07, 0.0, 0.0, 3.581499347252966e-06, 0.0, 1.220767736215268e-06, 4.950102674221083e-06, 0.0, 0.0, 3.858935402731249e-06, 3.337057086632396e-06, 0.0, 8.971005901598831e-06, 0.0, 7.263078480715758e-06, 0.0, 0.0, 0.0, 1.2202830162169976e-06, 0.0, 5.209793806699344e-06, 0.0, 5.6200086773065624e-09, 9.279231479917111e-07, 0.0, 1.318494411011504e-08, 0.0, 1.5611334027470682e-07, 4.7293232877829296e-06, 3.4632995934352975e-06, 0.0, 0.0, 0.0, 0.0, 4.857207782845455e-06, 0.0, 1.9354131300761196e-06, 0.0, 3.6676531683050384e-07, 3.99396066296651e-06, 3.589672395726648e-07, 3.9401759688897396e-06, 0.0], [0.0, 0.0, 1.5692784014239257e-05, 0.01820318052300108, 0.0, 1.193264511741913e-06, 1.0, 4.547473508864641e-13, 0.0, 0.007665443142497655, 0.0011961492763549685, 0.022513345244145316, 1.1479719069546572e-09, 0.0, 2.391488962080686e-10, 0.0, 6.279959622364508e-08, 0.021286871446127308, 3.2503315270695965e-10, 0.014598211295369628, 0.007874181048906241, 9.214595167618346e-10, 7.252541220172126e-09, 0.0, 0.007815936190469839, 0.0, 3.851384420795191e-10, 0.012815735460265178, 0.0, 0.012001944664139931, 2.7284841053187847e-12, 0.0031295668230531403, 3.297925648988058e-05, 0.001285827030863189, 0.0, 0.001089677367722221, 0.0003777678578656099, 3.0976241065913817e-07, 6.521167005826774e-07, 0.031275974321522716, 6.122954412956771e-06, 0.008758830441543077, 7.067874152867487e-09, 0.0, 0.013274070140786987, 2.263792211321164e-09, 0.010740175893798434, 0.027748601459019258, 5.6601662113301716e-14, 0.031696161371106736, 5.073609068277585e-05, 3.6566122111669e-06, 0.0, 0.01453375578186298, 0.0, 0.026369930231289248, 0.0, 5.585592980043356e-07, 0.0, 1.0490085118640531e-06, 0.0, 0.009996601539962258, 0.0, 0.0, 1.0525512956672034e-05, 8.51247161734401e-14, 0.0, 0.0010816797974281512, 7.256217624830164e-08, 0.03077912727730056, 0.003024322185173732, 0.0078125, 0.0, 2.5555280617253306e-09, 0.0, 0.01646750607959607, 0.0127577590777619, 0.00022883381308606816, 0.007812500000000002, 1.1201550553613659e-06, 1.0323455485519695e-06, 7.925361677852906e-07, 0.02829905031003698, 0.0], [0.0, 0.0, 0.0, 1.2997447258062691e-11, 0.0, 0.0, 4.547473508864641e-13, 1.0, 0.0, 8.614377271731384e-12, 9.052328730673289e-12, 1.0728923966912492e-11, 0.0, 0.0, 0.0, 0.0, 0.0, 8.582273809566827e-12, 2.796708339707767e-12, 6.554795403214283e-12, 0.0, 0.0, 0.0, 0.0, 6.758600042434903e-12, 0.0, 1.7280399333685633e-11, 0.0, 0.0, 9.030027378648029e-12, 4.5474735088646407e-13, 0.0, 5.577189066342696e-12, 0.0, 0.0, 0.0, 0.0, 0.0, 0.0, 2.3029983362046737e-11, 0.0, 3.115001373179779e-13, 0.0, 0.0, 8.59105592367614e-12, 0.0, 1.7280399333685633e-11, 0.0, 0.0, 0.0, 0.0, 0.0, 0.0, 9.889971310778792e-12, 0.0, 4.5402928831255146e-12, 0.0, 0.0, 0.0, 1.7280399333685633e-11, 0.0, 1.3341359666187777e-11, 0.0, 0.0, 3.2969507242185316e-12, 0.0, 0.0, 0.0, 0.0, 8.288948200084248e-12, 0.0, 0.0, 0.0, 0.0, 0.0, 1.7623812063764174e-11, 0.0, 0.0, 0.0, 0.0, 0.0, 6.82121026329696e-12, 5.793295346768609e-12, 0.0], [0.0, 1.1848731705539774e-16, 0.0, 2.8373244911714783e-16, 0.0, 0.0, 0.0, 0.0, 1.0, 1.5622578279761434e-16, 3.1706631794451734e-17, 2.1766083902678528e-16, 0.0, 0.0, 2.270963316931485e-16, 0.0, 0.0, 1.6417652230013748e-16, 1.2847422520826453e-16, 1.8177762889728635e-16, 0.0, 7.520571788402435e-18, 0.0, 0.0, 7.614110356867488e-18, 3.4524647307884253e-18, 4.7191518646904194e-17, 1.7757584501722172e-16, 0.0, 1.1534388146247723e-16, 0.0, 0.0, 0.0, 0.0, 0.0, 0.0, 0.0, 0.0, 0.0, 2.1974996654260777e-16, 0.0, 6.938893903907228e-18, 0.0, 2.9946635673761477e-18, 1.8838454031498751e-16, 4.4337952023921496e-17, 0.0, 0.0, 0.0, 0.0, 8.336403568682764e-18, 0.0, 0.0, 5.436442484468578e-17, 0.0, 2.386312293354316e-16, 0.0, 0.0, 0.0, 0.0, 4.817137742993148e-18, 1.4646516790345152e-16, 0.0, 0.0, 0.0, 0.0, 0.0, 0.0, 0.0, 1.8808650134629416e-16, 0.0, 0.0, 0.0, 0.0, 0.0, 2.9076889424574444e-16, 0.0, 8.424946242032632e-17, 0.0, 0.0, 0.0, 0.0, 1.3646167959333135e-16, 0.0], [0.0, 2.0497471266733226e-16, 8.852954514287688e-06, 0.41128652911096786, 0.0, 7.355954393879633e-06, 0.007665443142497655, 8.614377271731384e-12, 1.5622578279761434e-16, 1.0, 0.0012834659904949258, 0.3791062453594845, 1.5553148836787387e-08, 3.0890515525013573e-06, 6.369176819109839e-09, 0.0, 2.513152488206529e-07, 0.3419593258150931, 2.667696030682083e-10, 0.3266605129502846, 0.02920511831343502, 8.649456143144818e-09, 2.1841354844927632e-09, 0.0, 0.0011299411869330656, 1.6988172937742358e-18, 8.184746883837927e-10, 0.021762749569066007, 6.111539231414809e-08, 0.17511736294331678, 0.42651919590224974, 0.003399349503097213, 1.5144168991636085e-05, 0.0011646691653769735, 0.0, 0.0014465655510735517, 0.4229891320769361, 2.1774582544618365e-07, 4.185553302459171e-06, 0.14803917237021416, 1.2067735935150016e-05, 0.00820595424047466, 3.829893281415841e-09, 1.735212323260253e-18, 0.1190955331790644, 5.0667869507750326e-09, 0.06534299667951243, 0.0511367839141801, 2.2279354889911337e-14, 0.006029387224765998, 0.35994382262369046, 2.2192564678667503e-05, 6.78464895426393e-24, 0.47429838845257805, 7.466584714229871e-17, 0.4344791298399887, 0.0, 0.00645098849867352, 0.0, 2.440675597812807e-06, 1.3732138021246392e-17, 0.17427743725126318, 0.0, 5.871869259340733e-10, 1.656355184078987e-05, 3.3054769139480884e-14, 2.9802322387726276e-08, 0.004157939985158118, 0.25339048838373135, 0.09683715301768868, 0.00036932425972683, 0.2555724320652813, 0.02180103600984737, 4.178372380526074e-09, 0.0, 0.09883024160023735, 0.23258707867934925, 0.5880638353435493, 0.020171788261496962, 5.922082923973669e-07, 7.137072836274096e-06, 4.343899980813531e-06, 0.26861580455704387, 0.5070878738922051], [0.0, 2.90094708488191e-17, 0.0, 0.001430772150456305, 0.0, 1.5114849226611108e-07, 0.0011961492763549685, 9.052328730673289e-12, 3.1706631794451734e-17, 0.0012834659904949258, 1.0, 0.0011960399227603927, 7.966523270758815e-10, 0.0, 9.313231646436326e-10, 0.0, 5.9348809335116846e-08, 0.00034577872486645173, 3.792775576623852e-12, 0.0004884171481219406, 1.113905230923764e-16, 8.605074859407467e-18, 0.0, 0.0, 1.2061891312547872e-07, 1.1108946127217592e-18, 8.422773467940667e-12, 0.0004882812500001402, 0.0, 0.0004883472030211404, 0.0, 5.960464477539061e-08, 3.548761924721517e-12, 0.0004882812499999999, 0.0, 0.00048828125, 0.0, 1.2407696243918733e-07, 0.0, 0.0005126192311374263, 1.1102230246251565e-16, 0.0004882821813225817, 0.0, 6.938893903907228e-18, 0.001105912347392322, 7.265823487553883e-18, 0.0004883804504658892, 1.414166221630194e-07, 0.0, 0.0, 8.673617379884035e-18, 7.437565543587936e-20, 0.0, 0.0017177532811211496, 0.0, 2.3459477729983503e-07, 0.0, 0.0, 0.0, 8.422653799125879e-12, 3.0018827367072228e-18, 0.0008386629188134286, 0.0, 0.0, 5.960828275419769e-08, 0.0, 2.001356325423018e-20, 0.0006762587206968692, 5.960464477539061e-08, 0.001480470144493047, 1.0571154075254823e-19, 0.0, 0.0, 9.313225746404013e-10, 0.0, 1.0653890373556798e-07, 0.0, 1.52413188072516e-17, 0.0, 0.0, 1.1102230246251568e-16, 5.962098523118216e-08, 0.0015959893252078543, 0.0], [0.0, 1.0465466271683835e-16, 8.423284141538119e-06, 0.7688736827091692, 0.0, 2.092767658972871e-06, 0.022513345244145316, 1.0728923966912492e-11, 2.1766083902678528e-16, 0.3791062453594845, 0.0011960399227603927, 1.0, 9.1423902664628e-09, 1.9073486328124994e-06, 9.03040264862682e-09, 0.0, 0.0, 0.3291775839662756, 5.265528344875817e-10, 0.36055407644100157, 0.04101837200715442, 1.2756266143890323e-08, 1.89911568472301e-09, 0.0, 0.08480728453464853, 2.690252866271004e-18, 8.010588143963264e-10, 0.02757368084899068, 0.0, 0.5867064205049692, 0.44794380069899253, 0.0011648216006397015, 2.5725847089644365e-05, 0.001317987389947065, 0.0, 0.0017739224423122325, 0.549825003883422, 0.0, 2.310770037098775e-06, 0.27312544607338873, 9.448934537274372e-06, 0.05080454132856392, 3.029199083977706e-09, 1.653910949941935e-15, 0.503466104025906, 5.6629920166851204e-09, 0.07348230184262429, 0.0950389112821058, 1.6419712942898896e-14, 0.045552895027049956, 0.4364630117360298, 1.851228599133838e-05, 1.317468914373131e-23, 0.6890704121867725, 4.476815060045145e-15, 0.4492045601435833, 0.0, 0.0009638366104329287, 0.0, 0.0572440795298427, 8.32332107279763e-18, 0.4671864631304935, 0.0, 1.4876327287593532e-08, 2.4505591421102372e-05, 2.3269273882380782e-14, 2.7796650957515724e-08, 0.002420399778552072, 0.01799555508642669, 0.4428808151158542, 0.003682237435313969, 0.05984988306265508, 0.027277236279499035, 1.9166169292454236e-09, 0.0, 0.5256467503675785, 0.3642922414634943, 0.5246508251989784, 0.1410418239962471, 2.897886180069381e-07, 7.146025669028485e-06, 9.580251427281609e-07, 0.31209682556800733, 0.5736599153663299], [0.0, 0.0, 0.0, 9.928452253958765e-09, 0.0, 8.567857903812056e-09, 1.1479719069546572e-09, 0.0, 0.0, 1.5553148836787387e-08, 7.966523270758815e-10, 9.1423902664628e-09, 1.0, 0.0, 4.0971998718721975e-09, 0.0, 0.0, 1.0043979663096206e-08, 9.781341826807652e-10, 1.45395798007676e-08, 5.7788474458781335e-09, 5.690487536641454e-11, 1.8927315171642463e-09, 0.0, 3.788581726186273e-09, 0.0, 8.165364109558424e-10, 3.1061704755023983e-23, 0.0, 1.1138008037202977e-08, 4.2927709199341525e-09, 2.6930751333641764e-10, 0.0, 0.0, 0.0, 0.0, 0.0, 0.0, 0.0, 9.536560521604555e-09, 0.0, 8.345388813686303e-09, 2.6993002429541298e-09, 0.0, 1.2108747406461146e-08, 4.831717356746446e-09, 1.3936531022113377e-08, 4.2927709199341525e-09, 0.0, 0.0, 0.0, 0.0, 1.3234889800848443e-23, 1.0505053203801637e-08, 0.0, 6.643094054235086e-09, 0.0, 7.429291561551738e-24, 0.0, 9.63043932160768e-10, 6.61744490042422e-24, 1.3774134694346705e-08, 0.0, 3.4682934440778704e-09, 2.220573075610135e-08, 0.0, 0.0, 6.617444900424221e-24, 0.0, 1.0138174968433674e-08, 0.0, 0.0, 1.3234889800848443e-23, 4.5263463932665255e-09, 0.0, 2.438629194357382e-08, 0.0, 6.617444900424221e-24, 1.4894786681061154e-23, 4.2927709199341525e-09, 0.0, 6.794060178745872e-09, 9.061330674965745e-09, 0.0], [0.0, 0.0, 7.62939453125e-06, 2.1343451595336596e-06, 0.0, 1.9073486328124994e-06, 0.0, 0.0, 0.0, 3.0890515525013573e-06, 0.0, 1.9073486328124994e-06, 0.0, 1.0, 0.0, 0.0, 0.0, 5.884017084348288e-06, 0.0, 6.618710458646462e-06, 0.0, 0.0, 0.0, 0.0, 0.0, 0.0, 0.0, 0.0, 0.0, 6.675720214843751e-06, 0.0, 2.5842244588679625e-06, 2.2897531433058967e-06, 0.0, 0.0, 0.0, 0.0, 0.0, 1.9073486328124998e-06, 7.529327005546171e-06, 2.775317524980743e-06, 0.0, 0.0, 0.0, 7.611231328887757e-06, 0.0, 0.0, 2.4948386050431766e-06, 0.0, 0.0, 0.0, 0.0, 0.0, 1.9639268047575716e-06, 0.0, 1.8665317239341808e-06, 0.0, 0.0, 0.0, 0.0, 0.0, 2.4476891005592223e-07, 0.0, 0.0, 0.0, 0.0, 0.0, 0.0, 0.0, 1.9073486328124994e-06, 2.232111345052915e-06, 0.0, 0.0, 0.0, 0.0, 5.984989475652588e-06, 0.0, 1.9073486328124994e-06, 0.0, 0.0, 4.6720309119857375e-06, 0.0, 2.9297812545002397e-06, 0.0], [0.0, 7.580792273951281e-17, 0.0, 1.610645334102108e-08, 0.0, 1.4095568326671215e-08, 2.391488962080686e-10, 0.0, 2.270963316931485e-16, 6.369176819109839e-09, 9.313231646436326e-10, 9.03040264862682e-09, 4.0971998718721975e-09, 0.0, 1.0, 0.0, 0.0, 2.192244214167076e-08, 4.210173915725361e-10, 9.88240942135392e-09, 3.679427248990426e-16, 1.0460711067014157e-08, 2.000598216962644e-10, 0.0, 4.956323247311398e-10, 3.7128408381287524e-20, 4.229362619751375e-10, 2.0749903780476783e-15, 0.0, 7.79762120074883e-10, 8.835301716351079e-09, 4.656612873090098e-10, 0.0, 0.0, 0.0, 0.0, 0.0, 0.0, 8.835301716351077e-09, 1.404446184570799e-08, 6.493086198839612e-16, 2.0190258711567846e-09, 3.906840721370811e-10, 1.2705494208814503e-21, 3.8181423550789425e-09, 5.563558192054079e-17, 1.7818446112583772e-08, 2.1646778530288365e-08, 1.3471080345653333e-14, 0.0, 1.325295257452662e-08, 8.835318388197847e-09, 0.0, 5.598461346086793e-09, 1.7763568394002505e-15, 1.096549772955159e-08, 0.0, 4.2351647362715008e-22, 0.0, 2.328306436538696e-10, 0.0, 2.7864943569372986e-08, 0.0, 0.0, 3.177931215770896e-09, 1.4210854715202007e-14, 2.9451005721427137e-09, 0.0, 0.0, 3.276941046667561e-08, 1.5464456384464388e-14, 0.0, 0.0, 1.3969838619421776e-09, 0.0, 2.69636647841838e-08, 1.4210854715202004e-14, 2.9484759558149983e-16, 0.0, 2.945100572117026e-09, 6.493084610652836e-16, 1.2660254452661478e-08, 2.3728269812975743e-08, 0.0], [0.0, 0.0, 0.0, 0.0, 0.0, 0.0, 0.0, 0.0, 0.0, 0.0, 0.0, 0.0, 0.0, 0.0, 0.0, 1.0, 0.0, 0.0, 0.0, 0.0, 0.0, 0.0, 0.0, 0.0, 0.0, 0.0, 0.0, 0.0, 0.0, 0.0, 0.0, 0.0, 0.0, 0.0, 0.0, 0.0, 0.0, 0.0, 0.0, 0.0, 0.0, 0.0, 0.0, 0.0, 0.0, 0.0, 0.0, 0.0, 0.0, 0.0, 0.0, 0.0, 0.0, 0.0, 0.0, 0.0, 0.0, 0.0, 0.0, 0.0, 0.0, 0.0, 0.0, 0.0, 0.0, 0.0, 0.0, 0.0, 0.0, 0.0, 0.0, 0.0, 0.0, 0.0, 0.0, 0.0, 0.0, 0.0, 0.0, 0.0, 0.0, 0.0, 0.0, 0.0], [0.0, 0.0, 0.0, 2.457079306942729e-07, 0.0, 1.0984561914985925e-07, 6.279959622364508e-08, 0.0, 0.0, 2.513152488206529e-07, 5.9348809335116846e-08, 0.0, 0.0, 0.0, 0.0, 0.0, 1.0, 2.562110475525092e-07, 0.0, 3.707104027126167e-08, 0.0, 0.0, 0.0, 0.0, 3.5126711175975493e-07, 0.0, 0.0, 0.0, 0.0, 1.9445706959207136e-07, 0.0, 0.0, 0.0, 2.9200193199910854e-07, 0.0, 0.0, 0.0, 3.1633542633236765e-07, 1.946679546660724e-07, 1.969533550153931e-07, 0.0, 0.0, 0.0, 0.0, 2.6708223038253974e-07, 0.0, 7.043756868100988e-08, 2.472962628151407e-07, 0.0, 0.0, 1.9466795466607235e-07, 0.0, 0.0, 8.896866919413954e-08, 0.0, 8.24692530674786e-08, 0.0, 0.0, 0.0, 2.920019319991086e-07, 0.0, 2.607497371119956e-07, 0.0, 0.0, 2.920019319991086e-07, 0.0, 0.0, 0.0, 0.0, 2.1704054272164322e-07, 0.0, 0.0, 0.0, 0.0, 0.0, 3.311718968012931e-07, 0.0, 0.0, 0.0, 1.5023375459017857e-07, 2.920019319991086e-07, 1.9466795466607238e-07, 3.9664913994249514e-07, 0.0], [0.0, 7.750845988898339e-17, 2.14455075935913e-05, 0.3594160068104789, 0.0, 5.498319953395691e-06, 0.021286871446127308, 8.582273809566827e-12, 1.6417652230013748e-16, 0.3419593258150931, 0.00034577872486645173, 0.3291775839662756, 1.0043979663096206e-08, 5.884017084348288e-06, 2.192244214167076e-08, 0.0, 2.562110475525092e-07, 1.0, 1.0153743974993889e-09, 0.7457619272397618, 0.025472772954362434, 1.2963236282698013e-08, 5.447515023480097e-09, 0.0, 0.1305960424036072, 8.842408995102914e-19, 5.963098716136823e-10, 0.04350142961560484, 4.7322925901969444e-07, 0.6738804161672933, 0.37159812215667826, 0.001221084388024709, 1.6057421300746604e-05, 0.0009645114963960338, 0.0, 0.0005016601478095569, 0.3697767458672094, 5.011060569330787e-07, 1.8533512633432294e-06, 0.19465181408292698, 1.6073238078948246e-05, 0.04405461478076862, 5.950493533555606e-09, 2.4801510715967417e-15, 0.44068570883002733, 4.9643261336851664e-09, 0.15631354518835858, 0.11744095463472015, 4.085471082178445e-14, 0.0337353518927824, 0.2726137026413496, 1.0360670779017362e-05, 1.4607852388796174e-23, 0.5977479878761235, 1.57145716338182e-15, 0.27641287621857613, 0.0, 0.001005860064439473, 0.0, 0.0704181291588333, 7.895283913446687e-18, 0.5532453042259327, 0.0, 8.852896453694618e-09, 2.6857725975789538e-05, 4.808803853151254e-14, 8.06245878682946e-09, 0.0023712677144793136, 0.31195029107521416, 0.565341284181716, 0.00011901542313745345, 0.4854706406602175, 0.2672612419124244, 6.601678633746622e-09, 0.0, 0.6453750820102016, 0.4466298966489271, 0.40201747053573345, 0.08243183043166935, 8.002844724566712e-07, 6.449420679192391e-06, 1.1913988122565922e-06, 0.2061756319875445, 0.3674585654670954], [0.0, 1.3405299468902283e-16, 0.0, 9.485823568327976e-10, 0.0, 0.0, 3.2503315270695965e-10, 2.796708339707767e-12, 1.2847422520826453e-16, 2.667696030682083e-10, 3.792775576623852e-12, 5.265528344875817e-10, 9.781341826807652e-10, 0.0, 4.210173915725361e-10, 0.0, 0.0, 1.0153743974993889e-09, 1.0, 2.769689429761022e-10, 4.2325934670815766e-16, 2.795108824734345e-10, 2.4364303987174497e-10, 0.0, 1.8508088047907394e-10, 0.0, 4.0627477008603106e-10, 7.962285731010959e-15, 0.0, 8.3009460370035e-10, 6.821210263296962e-13, 2.3407415479783287e-10, 1.8241573986598308e-11, 4.135903062765138e-25, 0.0, 0.0, 1.0960640864970111e-11, 0.0, 0.0, 9.49590764460838e-10, 1.0781483568917268e-15, 1.0102100334113788e-09, 4.344686484252226e-10, 1.070967143046185e-16, 1.001095387947004e-09, 2.5503482501121863e-11, 2.719212504532145e-10, 6.463870423147347e-19, 0.0, 0.0, 0.0, 8.665292570038224e-19, 4.3801725206848954e-24, 1.2947740537766045e-09, 1.7763568394002505e-15, 4.000323922631732e-10, 0.0, 1.0950619285210394e-11, 0.0, 1.0150645434379193e-09, 6.617444900424223e-24, 6.273581383186417e-10, 0.0, 1.0065519027978731e-23, 2.4369513129397643e-10, 2.7654871863580398e-14, 0.0, 6.617444900424222e-24, 0.0, 5.335683003970063e-10, 1.8656319064856625e-20, 0.0, 5.675494007482851e-24, 0.0, 0.0, 6.137029703048753e-10, 5.820762452615408e-13, 2.578026898603263e-13, 1.0785880010423597e-23, 0.0, 1.078148357098522e-15, 1.1505678451437157e-09, 1.1620883435808716e-09, 0.0], [0.0, 8.185424368264547e-17, 1.6537313351411084e-05, 0.47269494942569995, 0.0, 4.041883913126173e-06, 0.014598211295369628, 6.554795403214283e-12, 1.8177762889728635e-16, 0.3266605129502846, 0.0004884171481219406, 0.36055407644100157, 1.45395798007676e-08, 6.618710458646462e-06, 9.88240942135392e-09, 0.0, 3.707104027126167e-08, 0.7457619272397618, 2.769689429761022e-10, 1.0, 0.08541265615840574, 3.3520803858070593e-09, 3.962469708771064e-09, 0.0, 0.08320047668359074, 5.651641108391146e-19, 8.118283807345812e-10, 0.05225377605011468, 1.4329969671545638e-06, 0.660439440186819, 0.2949942644107797, 0.0009230474453015907, 2.6984869440148516e-05, 0.0007978658143497492, 0.0, 0.0009765625, 0.2913125559728102, 4.932752952803314e-07, 1.4393197296728442e-06, 0.3195877692173737, 1.6058124179682075e-05, 0.018980311760641824, 5.801174297573349e-09, 1.1480787583589419e-15, 0.38702283523979397, 2.3565953274216247e-09, 0.087360253679401, 0.06970641646765643, 3.2368012497194817e-14, 0.03206826112859988, 0.22822386179493817, 1.333889512391947e-05, 3.461374477541152e-24, 0.5355123136656722, 2.1951125340985768e-15, 0.2611905145198034, 0.0, 0.004274413919116623, 0.0, 0.056876474955343245, 9.249469939769602e-18, 0.36590722646421947, 0.0, 5.7325504867635036e-09, 2.5200040103385378e-05, 4.8608403199105385e-14, 2.4551621238951762e-08, 0.001915899747259683, 0.4643328556369243, 0.3254046185518822, 0.0008305622660617676, 0.5001036128962996, 0.0014351708138621547, 5.977127851007166e-09, 0.0, 0.6220729164455963, 0.2334179471546636, 0.3657041921780424, 0.09202136111985222, 9.177393964536716e-07, 2.88410154468627e-06, 2.3006037183368512e-06, 0.47852191829085816, 0.37556293913380684], [0.0, 4.473076623765959e-20, 0.0, 0.05584877597225596, 0.0, 7.5294249153124e-09, 0.007874181048906241, 0.0, 0.0, 0.02920511831343502, 1.113905230923764e-16, 0.04101837200715442, 5.7788474458781335e-09, 0.0, 3.679427248990426e-16, 0.0, 0.0, 0.025472772954362434, 4.2325934670815766e-16, 0.08541265615840574, 1.0, 5.582033754017489e-19, 0.0, 0.0, 0.012125936211258577, 2.3670046412283714e-21, 1.1102230246251565e-16, 0.018802492762933647, 0.0, 0.05661926004483648, 7.684687124630754e-10, 2.117582368135751e-22, 0.0, 0.0, 0.0, 0.0, 0.0, 0.0, 0.0, 0.05149458473779278, 3.3306690738754696e-16, 1.8332626051984295e-05, 4.656612873077392e-10, 6.352747104407253e-22, 0.03495714457492094, 1.4606126469391514e-19, 0.007879847695843007, 0.021104788942127535, 0.0, 0.025030451765504346, 6.295295692497519e-06, 2.683845974259576e-19, 0.0, 0.04651121483328091, 0.0, 0.024915516917920547, 0.0, 0.003323821322496028, 0.0, 5.421010862427523e-20, 6.617444900424222e-24, 0.03568490599601565, 0.0, 1.0534521812138506e-09, 4.610812274778456e-09, 0.0, 0.0, 2.6469779601696886e-23, 0.0, 0.058628013256884645, 0.0, 0.011866072335408416, 0.0, 0.0, 0.0, 0.0502716036870554, 0.041992383724819685, 5.618191661286428e-05, 0.09249063649661586, 1.4600905536798442e-08, 3.3306690738754696e-16, 4.610812372511492e-09, 0.02603060585642776, 0.0], [0.0, 3.3023808482024144e-18, 0.0, 1.3280745284469457e-08, 0.0, 2.8046461510193894e-08, 9.214595167618346e-10, 0.0, 7.520571788402435e-18, 8.649456143144818e-09, 8.605074859407467e-18, 1.2756266143890323e-08, 5.690487536641454e-11, 0.0, 1.0460711067014157e-08, 0.0, 0.0, 1.2963236282698013e-08, 2.795108824734345e-10, 3.3520803858070593e-09, 5.582033754017489e-19, 1.0, 9.099602427178643e-11, 0.0, 8.201587302375232e-18, 1.3143049583476268e-18, 2.795108881633972e-10, 4.2265380138652524e-18, 0.0, 2.4352830959779622e-08, 2.957242189287972e-08, 0.0, 0.0, 0.0, 0.0, 0.0, 0.0, 0.0, 2.957242189287972e-08, 2.5198706333145594e-08, 0.0, 3.5548518175745074e-10, 1.7436299304394665e-10, 6.938893903907228e-18, 8.628228953716291e-09, 6.09799093047051e-19, 1.3805703290126489e-08, 5.633897815862013e-09, 0.0, 0.0, 2.766452370797704e-08, 2.957242189328016e-08, 2.8951321439355965e-24, 9.862837155846291e-09, 0.0, 2.964673833468169e-08, 0.0, 0.0, 0.0, 2.7951088183236754e-10, 1.197772079240113e-17, 1.0508782695793695e-09, 0.0, 2.540782230114514e-25, 9.503934737050847e-09, 0.0, 8.585541839885239e-09, 0.0, 0.0, 8.865052728336623e-09, 1.0571154075254825e-19, 0.0, 0.0, 7.953804534099844e-21, 0.0, 1.390918655680159e-08, 0.0, 1.4367317920687052e-17, 0.0, 8.585541839868305e-09, 2.5407822301145135e-25, 2.7078966002443302e-08, 2.559467424211377e-09, 0.0], [0.0, 0.0, 0.0, 7.765462099839895e-09, 0.0, 0.0, 7.252541220172126e-09, 0.0, 0.0, 2.1841354844927632e-09, 0.0, 1.89911568472301e-09, 1.8927315171642463e-09, 0.0, 2.000598216962644e-10, 0.0, 0.0, 5.447515023480097e-09, 2.4364303987174497e-10, 3.962469708771064e-09, 0.0, 9.099602427178643e-11, 1.0, 0.0, 1.8626451492309568e-09, 0.0, 2.435510872824088e-10, 1.564272524849073e-24, 0.0, 4.974526382946218e-09, 0.0, 0.0, 0.0, 4.1359030627651384e-25, 0.0, 0.0, 0.0, 0.0, 0.0, 8.043205202306812e-09, 0.0, 7.545483028926105e-09, 8.342981892840237e-09, 0.0, 2.183504637017325e-09, 4.094464136283911e-09, 1.862645149230959e-09, 0.0, 0.0, 0.0, 0.0, 0.0, 4.135903062765138e-25, 2.888615656922655e-09, 0.0, 5.085937304236269e-09, 0.0, 0.0, 0.0, 2.435510872824092e-10, 0.0, 3.934753522705407e-09, 0.0, 3.308722450212111e-24, 3.201824103248515e-09, 0.0, 0.0, 0.0, 0.0, 3.4872454868200174e-09, 1.9174225521360474e-24, 0.0, 2.63007803451929e-24, 1.8626451492309568e-09, 0.0, 1.4474774741457667e-09, 4.2523972006674916e-13, 2.8421709430404e-14, 0.0, 0.0, 0.0, 6.6697971269284316e-09, 1.777017541277085e-09, 0.0], [0.0, 0.0, 0.0, 0.0, 0.0, 0.0, 0.0, 0.0, 0.0, 0.0, 0.0, 0.0, 0.0, 0.0, 0.0, 0.0, 0.0, 0.0, 0.0, 0.0, 0.0, 0.0, 0.0, 1.0, 0.0, 0.0, 0.0, 0.0, 0.0, 0.0, 0.0, 0.0, 0.0, 0.0, 0.0, 0.0, 0.0, 0.0, 0.0, 0.0, 0.0, 0.0, 0.0, 0.0, 0.0, 0.0, 0.0, 0.0, 0.0, 0.0, 0.0, 0.0, 0.0, 0.0, 0.0, 0.0, 0.0, 0.0, 0.0, 0.0, 0.0, 0.0, 0.0, 0.0, 0.0, 0.0, 0.0, 0.0, 0.0, 0.0, 0.0, 0.0, 0.0, 0.0, 0.0, 0.0, 0.0, 0.0, 0.0, 0.0, 0.0, 0.0, 0.0, 0.0], [0.0, 6.340178068763443e-19, 0.0, 0.07435833905138736, 0.0, 4.186170803067167e-07, 0.007815936190469839, 6.758600042434903e-12, 7.614110356867488e-18, 0.0011299411869330656, 1.2061891312547872e-07, 0.08480728453464853, 3.788581726186273e-09, 0.0, 4.956323247311398e-10, 0.0, 3.5126711175975493e-07, 0.1305960424036072, 1.8508088047907394e-10, 0.08320047668359074, 0.012125936211258577, 8.201587302375232e-18, 1.8626451492309568e-09, 0.0, 1.0, 3.2609500640428937e-18, 1.9093159387831435e-10, 0.03125832694547858, 0.0, 0.09684252456539377, 0.0, 8.952881990773036e-08, 5.4556284705602785e-06, 2.384185791015625e-07, 0.0, 0.0, 1.2369127944111821e-10, 3.1779205795920683e-07, 1.1920928955078124e-07, 0.053431677095160106, 0.0, 0.03129293820691634, 1.8626451492309568e-09, 6.399956843759611e-18, 0.10178376698619679, 4.125199770637846e-09, 0.03471922870942279, 0.12394529341854502, 0.0, 0.0702293329638251, 2.2351741790954338e-07, 8.326945478574547e-06, 0.0, 0.08898547596787966, 0.0, 0.07864556714527861, 0.0, 5.7133374877895365e-05, 0.0, 0.04822059922118062, 3.844947082239044e-18, 0.19760034048930844, 0.0, 0.0, 3.061823360394173e-05, 0.0, 0.0, 0.0, 1.787061143913458e-07, 0.1004378641313315, 5.455584968721255e-06, 0.03125, 0.0, 1.0975077128345266e-08, 0.0, 0.12493302267303932, 0.14659867573834373, 0.031285458154339814, 0.05570698879035335, 4.088844898760528e-08, 4.7683715820312495e-07, 2.1145028647784205e-07, 0.1254286887699482, 0.0], [0.0, 5.311484201212962e-19, 0.0, 1.501074795796647e-18, 0.0, 0.0, 0.0, 0.0, 3.4524647307884253e-18, 1.6988172937742358e-18, 1.1108946127217592e-18, 2.690252866271004e-18, 0.0, 0.0, 3.7128408381287524e-20, 0.0, 0.0, 8.842408995102914e-19, 0.0, 5.651641108391146e-19, 2.3670046412283714e-21, 1.3143049583476268e-18, 0.0, 0.0, 3.2609500640428937e-18, 1.0, 0.0, 3.576392366122933e-20, 0.0, 3.3357531800999436e-18, 0.0, 8.470329472543003e-22, 0.0, 0.0, 0.0, 0.0, 0.0, 0.0, 0.0, 1.1275914647656817e-18, 0.0, 1.3544324610274008e-20, 0.0, 1.7132428989887897e-21, 1.6312390871641111e-18, 0.0, 2.6558892453610398e-20, 1.476688835502285e-20, 0.0, 0.0, 0.0, 0.0, 0.0, 1.114698382877482e-18, 0.0, 1.3113972484524562e-18, 0.0, 6.864305277895955e-22, 0.0, 0.0, 1.5901631863120731e-18, 2.300996283342401e-18, 0.0, 0.0, 0.0, 0.0, 4.0149567915798595e-20, 0.0, 0.0, 2.2169417556573527e-18, 0.0, 0.0, 0.0, 3.150915930286132e-20, 0.0, 2.99181893238033e-18, 0.0, 1.9563685546243296e-20, 0.0, 0.0, 0.0, 4.9149626923031026e-20, 2.683142624762261e-18, 0.0], [0.0, 2.958816839464092e-17, 0.0, 9.730792651251595e-10, 0.0, 0.0, 3.851384420795191e-10, 1.7280399333685633e-11, 4.7191518646904194e-17, 8.184746883837927e-10, 8.422773467940667e-12, 8.010588143963264e-10, 8.165364109558424e-10, 0.0, 4.229362619751375e-10, 0.0, 0.0, 5.963098716136823e-10, 4.0627477008603106e-10, 8.118283807345812e-10, 1.1102230246251565e-16, 2.795108881633972e-10, 2.435510872824088e-10, 0.0, 1.9093159387831435e-10, 0.0, 1.0, 5.331188720048994e-16, 0.0, 6.359705295023935e-10, 0.0, 3.795625818056108e-10, 3.637978807091712e-12, 0.0, 0.0, 0.0, 3.637978807091712e-11, 0.0, 0.0, 1.0473442293936405e-09, 1.1102230246251563e-16, 7.26761168033669e-10, 5.771516246767947e-10, 1.7347234759768075e-18, 4.676027644403254e-10, 7.275996915923898e-12, 3.333755440706801e-10, 0.0, 0.0, 0.0, 8.673617379884034e-18, 0.0, 0.0, 8.713902741508873e-10, 0.0, 4.2780768767930435e-10, 0.0, 7.275957614183424e-12, 0.0, 3.7610076324596343e-10, 1.3777381649365868e-17, 1.323972208448205e-09, 0.0, 0.0, 2.4010660126805305e-10, 0.0, 0.0, 0.0, 0.0, 1.6263051767421169e-09, 0.0, 0.0, 0.0, 0.0, 0.0, 1.4473738165025408e-09, 0.0, 1.227982134840964e-16, 0.0, 0.0, 1.1102230246251564e-16, 5.557328104953255e-10, 5.948527331449643e-10, 0.0], [0.0, 2.0383661854554623e-16, 0.0, 0.03748928573767739, 0.0, 0.0, 0.012815735460265178, 0.0, 1.7757584501722172e-16, 0.021762749569066007, 0.0004882812500001402, 0.02757368084899068, 3.1061704755023983e-23, 0.0, 2.0749903780476783e-15, 0.0, 0.0, 0.04350142961560484, 7.962285731010959e-15, 0.05225377605011468, 0.018802492762933647, 4.2265380138652524e-18, 1.564272524849073e-24, 0.0, 0.03125832694547858, 3.576392366122933e-20, 5.331188720048994e-16, 1.0, 0.0, 0.048908819550511295, 0.0, 0.0010520812752847781, 7.629394531249999e-06, 0.00048828125, 0.0, 0.000732421875, 0.000787255451970409, 0.0, 0.0, 0.01889914902777008, 1.1102230246251563e-16, 0.00662374379233458, 0.0, 1.1797985808267805e-15, 0.04723203523562061, 9.368707921919727e-16, 0.010864290154266026, 0.014897009601651566, 0.0, 0.01693690573414701, 8.836420017098516e-05, 7.629394531250852e-06, 9.541341380683205e-24, 0.047131351283173445, 1.7763568394002505e-15, 0.011892586484325044, 0.0, 0.006233837605309421, 0.0, 2.7119925932832123e-20, 9.012512485555217e-18, 0.043886792570549144, 0.0, 2.786143301890863e-23, 7.629394531249998e-06, 0.0, 5.3655608820220044e-20, 0.002042594760654617, 0.0, 0.023873071597207533, 0.0012248881774716853, 0.03782433298002791, 8.175404400575167e-24, 5.369085969718598e-20, 0.0, 0.04380410044626936, 0.0208564903216586, 0.00014361445321072364, 0.007812499999999999, 0.0, 1.110223029557824e-16, 5.508264320038162e-15, 0.034361493735132274, 0.0], [0.0, 0.0, 0.0, 3.596984236299776e-06, 0.0, 1.231188248382383e-06, 0.0, 0.0, 0.0, 6.111539231414809e-08, 0.0, 0.0, 0.0, 0.0, 0.0, 0.0, 0.0, 4.7322925901969444e-07, 0.0, 1.4329969671545638e-06, 0.0, 0.0, 0.0, 0.0, 0.0, 0.0, 0.0, 0.0, 1.0, 1.5573436373285792e-06, 0.0, 0.0, 9.5367431640625e-07, 0.0, 0.0, 0.0, 0.0, 0.0, 0.0, 1.3257610382395703e-06, 7.216262753899745e-07, 0.0, 0.0, 0.0, 0.0, 0.0, 0.0, 1.0833012280408188e-06, 0.0, 0.0, 1.4305114746093752e-06, 4.884219357791747e-07, 0.0, 0.0, 0.0, 6.143570586372067e-07, 0.0, 0.0, 0.0, 0.0, 0.0, 8.436696404737309e-07, 0.0, 0.0, 0.0, 0.0, 0.0, 0.0, 0.0, 9.536743164062502e-07, 9.536743164062499e-07, 0.0, 0.0, 0.0, 0.0, 1.098019979835401e-06, 0.0, 0.0, 0.0, 0.0, 0.0, 9.5367431640625e-07, 5.306436547867467e-07, 0.0], [0.0, 1.0569372586504213e-16, 1.0878944799292902e-05, 0.6155300450004823, 0.0, 6.601708783059242e-06, 0.012001944664139931, 9.030027378648029e-12, 1.1534388146247723e-16, 0.17511736294331678, 0.0004883472030211404, 0.5867064205049692, 1.1138008037202977e-08, 6.675720214843751e-06, 7.79762120074883e-10, 0.0, 1.9445706959207136e-07, 0.6738804161672933, 8.3009460370035e-10, 0.660439440186819, 0.05661926004483648, 2.4352830959779622e-08, 4.974526382946218e-09, 0.0, 0.09684252456539377, 3.3357531800999436e-18, 6.359705295023935e-10, 0.048908819550511295, 1.5573436373285792e-06, 1.0, 0.162368880314869, 0.0011501865320192402, 2.02116982520563e-05, 0.0006104830468315677, 0.0, 0.000754067897437411, 0.2285088516965058, 3.1830232797871815e-07, 3.4929052435665453e-06, 0.4086166384267968, 1.2277587195036048e-05, 0.0333114995360925, 5.493753264888101e-09, 2.161444058595824e-16, 0.49732948098776547, 4.3541385604923565e-10, 0.13020211190636288, 0.0832822448845551, 1.3471080345653333e-14, 0.04191827760567936, 0.08440635257102105, 1.5482340856694956e-05, 1.0316178719425974e-23, 0.3990472423077467, 1.9810880861284824e-15, 0.288488091235257, 0.0, 0.011087253814714097, 0.0, 0.07633774979840671, 8.197743206394963e-18, 0.424703656300184, 0.0, 1.400711977067493e-08, 4.547576115529605e-05, 2.940289743448969e-14, 6.678669156757046e-20, 0.0007930912993955905, 0.22560489694522623, 0.5492499364493756, 0.00026520941491147267, 0.4033237041723009, 0.23931788205294394, 6.168998093737237e-09, 0.0, 0.6572216776843518, 0.43363675233081345, 0.25419824653691875, 0.0661440271099151, 7.118218858372522e-07, 7.84734350917014e-06, 2.7986098804294402e-06, 0.26701704831408046, 0.17323438392761242], [0.0, 0.0, 0.0, 0.5190542833842889, 0.0, 3.275291962422927e-08, 2.7284841053187847e-12, 4.5474735088646407e-13, 0.0, 0.42651919590224974, 0.0, 0.44794380069899253, 4.2927709199341525e-09, 0.0, 8.835301716351079e-09, 0.0, 0.0, 0.37159812215667826, 6.821210263296962e-13, 0.2949942644107797, 7.684687124630754e-10, 2.957242189287972e-08, 0.0, 0.0, 0.0, 0.0, 0.0, 0.0, 0.0, 0.162368880314869, 1.0, 0.0, 1.8189894035458565e-12, 0.0, 0.0, 0.0, 0.5668020941174826, 0.0, 2.9802322387695312e-08, 0.1492774734027303, 0.0, 3.7259699351251544e-09, 0.0, 0.0, 0.06767262338128965, 0.0, 0.24962889570700095, 8.721167430206055e-09, 0.0, 0.0, 0.5000000260770321, 2.9802322387695312e-08, 0.0, 0.5470300345292545, 0.0, 0.2224541432672673, 0.0, 0.0, 0.0, 0.0, 0.0, 0.320484202282686, 0.0, 1.4876327287593499e-08, 1.1177917258464731e-08, 0.0, 7.4505805969238265e-09, 0.0, 0.13097540121294368, 0.18392007786501596, 0.0, 0.19034674690672018, 0.12499999999999999, 0.0, 0.0, 0.2475216623644673, 0.23408736289186655, 0.5888679864195765, 0.0, 1.1175870895385742e-08, 0.0, 3.143760599703965e-08, 0.3273693251668699, 0.6658050812239461], [0.0, 0.0, 1.7843013521367963e-05, 0.0002866209308735974, 0.0, 1.9243907246534787e-06, 0.0031295668230531403, 0.0, 0.0, 0.003399349503097213, 5.960464477539061e-08, 0.0011648216006397015, 2.6930751333641764e-10, 2.5842244588679625e-06, 4.656612873090098e-10, 0.0, 0.0, 0.001221084388024709, 2.3407415479783287e-10, 0.0009230474453015907, 2.117582368135751e-22, 0.0, 0.0, 0.0, 8.952881990773036e-08, 8.470329472543003e-22, 3.795625818056108e-10, 0.0010520812752847781, 0.0, 0.0011501865320192402, 0.0, 1.0, 9.62547562341003e-06, 0.0001221001148223877, 0.0, 0.0, 0.0004882812572759576, 1.622544893435527e-07, 3.876336688301944e-06, 0.0008539730903977889, 5.608787398265873e-06, 0.0015042073586192183, 1.5448052498908642e-10, 8.470329472543003e-22, 0.003983710957629209, 2.777095766595238e-11, 0.0009913180561261056, 3.1538133754398012e-06, 0.0, 0.0001220703125, 2.9802322387695312e-08, 3.814697265624999e-06, 0.0, 0.004004657020915439, 0.0, 0.0023573228888778526, 0.0, 2.9807306884097937e-06, 0.0, 6.548361852765083e-11, 0.0, 0.0011962348842930693, 0.0, 0.0, 4.053123120684176e-06, 0.0, 0.0, 0.001502317889260625, 2.6982995570357264e-07, 0.003262979884605382, 0.0013947167599281482, 0.0, 0.0, 0.0, 0.0, 0.003209638427877209, 0.0, 0.00013141344948509661, 0.0, 0.0, 4.6889120778122097e-07, 8.953065844252737e-08, 0.0015897817811117588, 0.0], [0.0, 0.0, 6.104450408930895e-06, 1.7136283276154693e-05, 0.0, 2.2897531433058963e-06, 3.297925648988058e-05, 5.577189066342696e-12, 0.0, 1.5144168991636085e-05, 3.548761924721517e-12, 2.5725847089644365e-05, 0.0, 2.2897531433058967e-06, 0.0, 0.0, 0.0, 1.6057421300746604e-05, 1.8241573986598308e-11, 2.6984869440148516e-05, 0.0, 0.0, 0.0, 0.0, 5.4556284705602785e-06, 0.0, 3.637978807091712e-12, 7.629394531249999e-06, 9.5367431640625e-07, 2.02116982520563e-05, 1.8189894035458565e-12, 9.62547562341003e-06, 1.0, 0.0, 0.0, 0.0, 0.0, 0.0, 2.2897531433058963e-06, 1.9804