"{\"names\": [\"172.217.10.1\", \"104.88.86.240\", \"38.93.140.48\", \"192.168.10.15\", \"104.88.108.223\", \"195.142.105.15\", \"172.217.12.163\", \"206.217.206.48\", \"172.217.6.228\", \"178.255.83.1\", \"74.119.118.82\", \"192.168.10.9\", \"172.217.7.6\", \"35.186.227.40\", \"31.13.71.36\", \"206.126.112.142\", \"151.101.2.49\", \"192.168.10.25\", \"172.217.3.98\", \"192.168.10.16\", \"72.30.202.150\", \"172.217.12.132\", \"50.31.164.173\", \"162.208.20.178\", \"23.15.4.16\", \"216.58.217.99\", \"172.217.6.198\", \"172.217.12.174\", \"169.46.44.40\", \"192.168.10.17\", \"52.84.143.130\", \"104.19.195.102\", \"216.200.232.61\", \"104.97.73.166\", \"152.163.13.79\", \"192.229.163.25\", \"74.119.118.86\", \"54.225.188.92\", \"188.165.145.88\", \"192.168.10.14\", \"8.43.72.98\", \"199.96.57.6\", \"68.67.178.110\", \"104.88.70.158\", \"192.168.10.19\", \"69.172.216.56\", \"157.240.18.35\", \"172.217.11.34\", \"185.54.150.20\", \"69.169.85.7\", \"198.232.124.194\", \"74.119.118.72\", \"172.217.12.134\", \"192.168.10.5\", \"23.111.9.30\", \"192.168.10.8\", \"151.101.66.2\", \"68.67.178.199\", \"213.239.195.215\", \"138.108.7.20\", \"52.84.145.87\", \"192.168.10.50\", \"52.84.145.198\", \"52.40.24.51\", \"212.77.100.137\", \"185.54.150.115\", \"172.217.10.138\", \"152.163.66.165\", \"52.84.137.78\", \"192.168.10.51\", \"68.67.178.109\", \"129.146.14.96\", \"54.152.24.232\", \"172.217.10.33\", \"52.8.229.108\", \"192.168.10.12\", \"64.147.131.201\", \"172.217.12.206\", \"68.67.180.12\", \"172.217.10.134\", \"38.69.238.16\", \"172.217.10.142\", \"192.168.10.3\", \"172.217.6.202\"], \"funcEdges\": [[1.0, 0.0, 0.0, 0.0, 0.0, 0.0, 0.0, 0.0, 0.0, 0.0, 0.0, 0.0, 0.0, 0.0, 0.0, 0.0, 0.0, 0.0, 0.0, 0.0, 0.0, 0.0, 0.0, 0.0, 0.0, 0.0, 0.0, 0.0, 0.0, 0.0, 0.0, 0.0, 0.0, 0.0, 0.0, 0.0, 0.0, 0.0, 0.0, 0.0, 0.0, 0.0, 0.0, 0.0, 0.0, 0.0, 0.0, 0.0, 0.0, 0.0, 0.0, 0.0, 0.0, 0.0, 0.0, 0.0, 0.0, 0.0, 0.0, 0.0, 0.0, 0.0, 0.0, 0.0, 0.0, 0.0, 0.0, 0.0, 0.0, 0.0, 0.0, 0.0, 0.0, 0.0, 0.0, 0.0, 0.0, 0.0, 0.0, 0.0, 0.0, 0.0, 0.0, 0.0], [0.0, 1.0, 0.0, 1.7918347990603968e-19, 0.0, 0.0, 0.0, 0.0, 1.1571027056191186e-19, 2.0017061783919166e-19, 2.8329561375799905e-20, 1.0220181905941245e-19, 0.0, 0.0, 7.403117455030548e-20, 0.0, 0.0, 7.569185536033534e-20, 1.3091112762599886e-19, 7.993578484633346e-20, 4.3682388903964444e-23, 3.2249812970726704e-21, 0.0, 0.0, 6.1915801452768e-22, 5.186996290247033e-22, 2.8894695697891526e-20, 1.99059197798385e-19, 0.0, 1.0321652916508021e-19, 0.0, 0.0, 0.0, 0.0, 0.0, 0.0, 0.0, 0.0, 0.0, 1.0211448596141145e-19, 0.0, 7.529531088899821e-21, 0.0, 0.0, 1.659180741042442e-19, 1.0719102916624354e-19, 2.6209433342378676e-22, 8.006798767705748e-22, 0.0, 0.0, 6.776263578034403e-21, 2.117582368135751e-22, 0.0, 1.9684714487125727e-19, 0.0, 1.3132874732578411e-19, 0.0, 0.0, 0.0, 0.0, 1.3831990107325419e-21, 1.424844943632725e-19, 0.0, 0.0, 0.0, 0.0, 0.0, 0.0, 0.0, 1.294465962222763e-19, 0.0, 0.0, 0.0, 0.0, 0.0, 7.38812072362404e-20, 0.0, 1.168625227975551e-19, 0.0, 0.0, 0.0, 2.4923880491810546e-21, 2.335855849889631e-19, 0.0], [0.0, 0.0, 1.0, 8.115214489724591e-09, 0.0, 2.257021441873523e-09, 1.5324984388905524e-08, 0.0, 0.0, 8.64546339285907e-09, 0.0, 8.225863419470819e-09, 0.0, 7.450580596923828e-09, 0.0, 0.0, 0.0, 2.0942878509366504e-08, 0.0, 1.6149720069737386e-08, 0.0, 0.0, 0.0, 0.0, 0.0, 0.0, 0.0, 0.0, 0.0, 1.0623969530559475e-08, 0.0, 1.7424817891960902e-08, 5.9613773524715775e-09, 0.0, 0.0, 0.0, 0.0, 0.0, 1.8626451492309562e-09, 1.2655051425313258e-08, 6.737926590307349e-09, 3.7942120978921213e-10, 0.0, 0.0, 8.913846869935645e-09, 0.0, 1.4855822536473376e-08, 3.3565702289970813e-09, 0.0, 0.0, 0.0, 3.7252902984619132e-09, 0.0, 6.218761558079967e-09, 0.0, 6.747993029937265e-09, 0.0, 2.9108627074728316e-09, 0.0, 3.794212097892121e-10, 0.0, 1.5510678386913165e-08, 0.0, 0.0, 3.7252902984619132e-09, 0.0, 0.0, 0.0, 0.0, 8.424531340526777e-09, 2.1797962354032375e-09, 0.0, 0.0, 0.0, 0.0, 8.32695974028213e-09, 0.0, 8.413437767149364e-09, 0.0, 3.7942120978921213e-10, 5.127886718525524e-09, 5.217041634601667e-10, 1.7851386634295464e-08, 0.0], [0.0, 1.7918347990603968e-19, 8.115214489724591e-09, 1.0, 0.0, 5.847838404883987e-09, 1.777654347949324e-05, 1.2692819587951847e-14, 2.7708246984096467e-19, 0.5381102288460309, 0.3464379668656342, 0.6128878251284998, 9.695754154256606e-12, 2.0843214448570895e-09, 0.18099403006241488, 0.0, 2.3994915106862587e-10, 0.4003115405925206, 9.26349957844529e-13, 0.4248842915810821, 0.3692917362325876, 1.2969477816864704e-11, 7.583459081874897e-12, 0.0, 0.001563432151293671, 1.465893355270163e-21, 9.502727198487886e-13, 3.6610630603200575e-05, 3.5126799182615e-09, 0.6518674915253257, 0.0005068889486174697, 2.7990325280624747e-07, 1.6734651636869818e-08, 4.930759068560781e-07, 0.0, 0.18553453423631913, 0.23548035080058421, 4.1526852594628774e-10, 2.870948797812883e-09, 0.6315576257678178, 1.5792473237583585e-08, 0.04550018789885402, 0.027229656801750195, 9.365566556427767e-19, 0.7619114024138507, 0.06659991562456498, 0.0009041246912608485, 0.00010392975853223553, 0.0022333152420152187, 0.13394188290019965, 0.00038687548707434257, 0.0027216690103790977, 1.2499552311279572e-26, 0.5256821712530649, 2.8216300192514644e-18, 0.6896650303195996, 0.03685916772933183, 0.20928378762058517, 0.0, 0.21849100161039198, 0.002031801788872837, 0.7338440274018267, 0.010815026474923646, 8.124647341523537e-12, 1.0056233310395798e-08, 0.0035865003196034976, 0.13419818907448505, 0.01738055462426328, 9.969788608056776e-05, 0.19879425395125866, 2.1572516653942376e-05, 0.13757488311488503, 0.007504957674507377, 2.4137582030071204e-12, 0.0, 0.35926757217386596, 0.12234848103973078, 0.4516292314011723, 0.011199709077142607, 3.209824391377139e-10, 5.831464802239635e-09, 2.0076196502940346e-09, 0.8260067172666681, 0.0024947553823024106], [0.0, 0.0, 0.0, 0.0, 1.0, 0.0, 0.0, 0.0, 0.0, 0.0, 0.0, 0.0, 0.0, 0.0, 0.0, 0.0, 0.0, 0.0, 0.0, 0.0, 0.0, 0.0, 0.0, 0.0, 0.0, 0.0, 0.0, 0.0, 0.0, 0.0, 0.0, 0.0, 0.0, 0.0, 0.0, 0.0, 0.0, 0.0, 0.0, 0.0, 0.0, 0.0, 0.0, 0.0, 0.0, 0.0, 0.0, 0.0, 0.0, 0.0, 0.0, 0.0, 0.0, 0.0, 0.0, 0.0, 0.0, 0.0, 0.0, 0.0, 0.0, 0.0, 0.0, 0.0, 0.0, 0.0, 0.0, 0.0, 0.0, 0.0, 0.0, 0.0, 0.0, 0.0, 0.0, 0.0, 0.0, 0.0, 0.0, 0.0, 0.0, 0.0, 0.0, 0.0], [0.0, 0.0, 2.257021441873523e-09, 5.847838404883987e-09, 0.0, 1.0, 1.1652973747479619e-09, 0.0, 0.0, 7.183549212773079e-09, 1.476059494786241e-10, 2.0437184169656943e-09, 8.36704873419146e-12, 1.8626451492309564e-09, 1.3765203444014859e-11, 0.0, 1.0727111245103442e-10, 5.369453079487979e-09, 0.0, 3.947152258912278e-09, 7.352954018859766e-12, 2.7389122568548725e-11, 0.0, 0.0, 4.08805742487028e-10, 0.0, 0.0, 0.0, 1.2023322738109209e-09, 6.446981233456291e-09, 3.1985273070536395e-11, 1.8792878170444128e-09, 2.2360870540096643e-09, 1.5542008983087393e-10, 0.0, 0.0, 0.0, 3.631124075679229e-10, 2.5969357955182414e-09, 3.847811465123199e-09, 6.723131193976257e-09, 7.821921760922112e-10, 0.0, 0.0, 3.4975579563017248e-09, 0.0, 1.1921559923977227e-09, 4.834084642794026e-09, 0.0, 0.0, 3.768491604229736e-09, 3.258844811164449e-09, 0.0, 8.760747950780109e-09, 0.0, 7.092850078823982e-09, 0.0, 0.0, 0.0, 1.1916826330244117e-09, 0.0, 5.087689264354828e-09, 0.0, 5.48828972393219e-12, 9.061749492106554e-10, 0.0, 1.2875921982534219e-11, 0.0, 1.5245443386201838e-10, 4.618479773225517e-09, 3.3821285092141577e-09, 0.0, 0.0, 0.0, 0.0, 4.743366975435015e-09, 0.0, 1.8900518848399605e-09, 0.0, 3.581692547172889e-10, 3.900352209928233e-09, 3.505539448951805e-10, 3.847828094618886e-09, 0.0], [0.0, 0.0, 1.5324984388905524e-08, 1.777654347949324e-05, 0.0, 1.1652973747479619e-09, 1.0, 4.440892098500626e-16, 0.0, 7.4857843188453665e-06, 1.168114527690399e-06, 2.198568871498566e-05, 1.1210663153854074e-12, 0.0, 2.3354384395319197e-13, 0.0, 6.13277306871534e-11, 2.07879603966087e-05, 3.174151881903903e-13, 1.4256065718134402e-05, 7.689629930572501e-06, 8.998628093377291e-13, 7.082559785324342e-12, 0.0, 7.632750186005702e-06, 0.0, 3.7611175984328036e-13, 1.2515366660415213e-05, 0.0, 1.1720649086074151e-05, 2.6645352591003757e-15, 3.0562176006378323e-06, 3.2206305165899005e-08, 1.255690459827333e-06, 0.0, 1.0641380544162314e-06, 3.689139236968847e-07, 3.025023541593146e-10, 6.368327154127709e-10, 3.054294367336203e-05, 5.979447668903097e-09, 8.553545353069411e-06, 6.902220852409656e-12, 0.0, 1.2962959121862292e-05, 2.2107345813683242e-12, 1.0488453021287533e-05, 2.7098243612323494e-05, 5.527506065752121e-17, 3.095328258897142e-05, 4.954696355739829e-08, 3.5709103624676758e-09, 0.0, 1.4193120880725566e-05, 0.0, 2.5751884991493406e-05, 0.0, 5.45468064457359e-10, 0.0, 1.0244223748672394e-09, 0.0, 9.762306191369393e-06, 0.0, 0.0, 1.0278821246750033e-08, 8.31296056381251e-17, 0.0, 1.0563279271759289e-06, 7.086150024248207e-11, 3.005774148173883e-05, 2.9534396339587228e-06, 7.62939453125e-06, 0.0, 2.4956328727786432e-12, 0.0, 1.6081548905855536e-05, 1.2458749099376855e-05, 2.2347052059186343e-07, 7.629394531250002e-06, 1.0939014212513338e-09, 1.0081499497577828e-09, 7.739611013528229e-10, 2.763579131839549e-05, 0.0], [0.0, 0.0, 0.0, 1.2692819587951847e-14, 0.0, 0.0, 4.440892098500626e-16, 1.0, 0.0, 8.41247780442518e-15, 8.840164776048134e-15, 1.047746481143798e-14, 0.0, 0.0, 0.0, 0.0, 0.0, 8.381126767155104e-15, 2.731160487995866e-15, 6.401167385951449e-15, 0.0, 0.0, 0.0, 0.0, 6.600195353940335e-15, 0.0, 1.6875389974302376e-14, 0.0, 0.0, 8.818386111960965e-15, 4.4408920985006257e-16, 0.0, 5.446473697600289e-15, 0.0, 0.0, 0.0, 0.0, 0.0, 0.0, 2.2490218126998767e-14, 0.0, 3.041993528495878e-16, 0.0, 0.0, 8.38970305046498e-15, 0.0, 1.6875389974302376e-14, 0.0, 0.0, 0.0, 0.0, 0.0, 0.0, 9.658175108182414e-15, 0.0, 4.43387976867726e-15, 0.0, 0.0, 0.0, 1.6875389974302376e-14, 0.0, 1.30286715490115e-14, 0.0, 0.0, 3.2196784416196598e-15, 0.0, 0.0, 0.0, 0.0, 8.094675976644773e-15, 0.0, 0.0, 0.0, 0.0, 0.0, 1.72107539685197e-14, 0.0, 0.0, 0.0, 0.0, 0.0, 6.661338147750938e-15, 5.65751498707872e-15, 0.0], [0.0, 1.1571027056191186e-19, 0.0, 2.7708246984096467e-19, 0.0, 0.0, 0.0, 0.0, 1.0, 1.5256424101329525e-19, 3.096350761176927e-20, 2.12559413112095e-19, 0.0, 0.0, 2.217737614190903e-19, 0.0, 0.0, 1.60328635058728e-19, 1.2546311055494583e-19, 1.775172157200062e-19, 0.0, 7.344308387111753e-21, 0.0, 0.0, 7.435654645378406e-21, 3.3715475886605716e-21, 4.6085467428617377e-20, 1.734139111496306e-19, 0.0, 1.1264050924070042e-19, 0.0, 0.0, 0.0, 0.0, 0.0, 0.0, 0.0, 0.0, 0.0, 2.145995767017654e-19, 0.0, 6.776263578034403e-21, 0.0, 2.9244761400157693e-21, 1.83969277651355e-19, 4.3298781273360836e-20, 0.0, 0.0, 0.0, 0.0, 8.141019110041761e-21, 0.0, 0.0, 5.309025863738846e-20, 0.0, 2.330383098978824e-19, 0.0, 0.0, 0.0, 0.0, 4.704236077141746e-21, 1.4303239053071437e-19, 0.0, 0.0, 0.0, 0.0, 0.0, 0.0, 0.0, 1.836782239709904e-19, 0.0, 0.0, 0.0, 0.0, 0.0, 2.839539982868598e-19, 0.0, 8.227486564484992e-20, 0.0, 0.0, 0.0, 0.0, 1.3326335897786265e-19, 0.0], [0.0, 2.0017061783919166e-19, 8.64546339285907e-09, 0.5381102288460309, 0.0, 7.183549212773079e-09, 7.4857843188453665e-06, 8.41247780442518e-15, 1.5256424101329525e-19, 1.0, 0.4556943432835664, 0.609149167648955, 1.5188621910925182e-11, 3.0166519067396068e-09, 0.30779768255499473, 0.0, 2.4542504767641887e-10, 0.42341470657915026, 2.6051719049629716e-13, 0.49897137588169915, 0.38583808933912955, 8.446734514789861e-12, 2.132944809074964e-12, 0.0, 0.005062846248937662, 1.6590012634514022e-21, 7.992916878747975e-13, 2.1252685126041023e-05, 5.968300030678524e-11, 0.6274807638833252, 0.00041652265224829076, 3.319677249118372e-06, 1.4789227530894614e-08, 1.1373722318134507e-06, 0.0, 0.07350064923455103, 0.17942258423929391, 2.1264240766228873e-10, 4.087454396932784e-09, 0.7160550330071894, 1.1784898374169937e-08, 0.027879066778019705, 3.740130157632657e-12, 1.694543284433841e-21, 0.6002981382321495, 0.05984821270393152, 0.00017118525557676192, 4.99382655411915e-05, 0.007339152093103433, 0.25791761201126534, 0.0003515076392809477, 0.006758415592074434, 6.625633744398369e-27, 0.4191717042131796, 7.291586634990108e-20, 0.5866355411601929, 0.011090583699167631, 0.10085017549177602, 0.0, 0.03485560557343985, 0.0028728763000298962, 0.6269924020096033, 0.006761498177751955, 5.734247323574935e-13, 1.617534359452136e-08, 0.01314841360882248, 0.2593912060401802, 0.022613684565979647, 0.00024745164881223765, 0.107264689782758, 3.6066822238948245e-07, 0.0827102169420537, 0.00416631373828335, 4.080441777857494e-12, 0.0, 0.27296415587756906, 0.1488693871393092, 0.5670551809604824, 0.013333106107222756, 5.783284105443036e-10, 6.9697976916739215e-09, 4.2420898250132135e-09, 0.5849939599817193, 0.0004952030018478566], [0.0, 2.8329561375799905e-20, 0.0, 0.3464379668656342, 0.0, 1.476059494786241e-10, 1.168114527690399e-06, 8.840164776048134e-15, 3.096350761176927e-20, 0.4556943432835664, 1.0, 0.260282307315113, 7.779807881600405e-13, 0.0, 0.24544034683781743, 0.0, 5.7957821616325045e-11, 0.2733670862475007, 3.70388239904673e-15, 0.3961596308202416, 0.4476423537605237, 8.403393417390105e-21, 0.0, 0.0, 1.1779190734910032e-10, 1.084858020236093e-21, 8.225364714785808e-15, 4.768371582032619e-07, 0.0, 0.2910461739277528, 0.0, 5.8207660913467394e-11, 3.4655878171108565e-15, 4.768371582031249e-07, 0.0, 0.0625004768371582, 0.26014235376052364, 1.2116890863201887e-10, 0.0, 0.3816217283655373, 1.0842021724855044e-19, 4.768380676978337e-07, 0.0, 6.776263578034403e-21, 0.27478735302180485, 7.095530749564339e-21, 0.0002446175590336581, 1.3810217008107364e-10, 0.0, 0.25, 8.470329472543003e-21, 7.263247601160094e-23, 0.0, 0.32706707824585424, 0.0, 0.1866004343848872, 0.0, 0.06249999999999999, 0.0, 0.06250000000000822, 2.9315261100656473e-21, 0.14778130436724965, 0.0, 0.0, 5.821121362714618e-11, 0.0, 0.25, 6.604089069305363e-07, 5.8207660913467394e-11, 0.06267640121264985, 1.0323392651616038e-22, 0.027029854910714288, 0.00024414062499999995, 9.094947017972669e-13, 0.0, 0.19794444779249765, 0.0005759451412300669, 0.1976423537605237, 0.0, 0.0, 1.0842021724855047e-19, 5.822361838982633e-11, 0.484007816231022, 0.0], [0.0, 1.0220181905941245e-19, 8.225863419470819e-09, 0.6128878251284998, 0.0, 2.0437184169656943e-09, 2.198568871498566e-05, 1.047746481143798e-14, 2.12559413112095e-19, 0.609149167648955, 0.260282307315113, 1.0, 8.928115494592578e-12, 1.8626451492309564e-09, 0.1451394086712609, 0.0, 0.0, 0.4610144689396523, 5.14211752429279e-13, 0.3890285053646237, 0.24299799447645182, 1.2457291156142894e-11, 1.8546051608623144e-12, 0.0, 0.003313226670201694, 2.6272000647177774e-21, 7.822839984339125e-13, 2.692742270409246e-05, 0.0, 0.7575632914151083, 0.0004374451178701099, 1.1375210943747085e-06, 2.5122897548480826e-08, 1.2870970604951806e-06, 0.0, 0.07086096651207952, 0.14911768143712123, 0.0, 2.2566113643542725e-09, 0.7997451790971312, 9.227475134057004e-09, 0.05645281163872747, 0.008794898670235918, 1.615147412052671e-18, 0.7400495970919679, 0.06018117593895031, 0.0010310134502530353, 9.281143679893145e-05, 0.007247042712466267, 0.119235315763286, 0.0004262334098984666, 0.007321027586630189, 1.2865907366925107e-26, 0.399116772720204, 4.371889707075337e-18, 0.6850402199720246, 0.02566874004256673, 0.12175033818428498, 0.0, 0.10429917329427701, 0.006738674739468486, 0.6132781546269, 0.008582562899569815, 1.4527663366790559e-11, 2.3931241622170285e-08, 0.010061491634181872, 0.0929118188459494, 0.004439068586786565, 1.7573784264088563e-05, 0.34893811716367523, 0.0005215404018927397, 0.12061031225836874, 0.0038337639748853925, 1.871696219966234e-12, 0.0, 0.263718901192545, 0.13203526846114141, 0.562913032399075, 0.015393138514541495, 2.829966972724005e-10, 6.97854069241063e-09, 9.355714284454696e-10, 0.6115635350764357, 0.002485138381646006], [0.0, 0.0, 0.0, 9.695754154256606e-12, 0.0, 8.36704873419146e-12, 1.1210663153854074e-12, 0.0, 0.0, 1.5188621910925182e-11, 7.779807881600405e-13, 8.928115494592578e-12, 1.0, 0.0, 4.001171749875193e-12, 0.0, 0.0, 9.808573889742389e-12, 9.552091627741848e-13, 1.419880839918711e-11, 5.643405708865365e-12, 5.5571167350014196e-14, 1.8483706222307093e-12, 0.0, 3.6997868419787825e-12, 0.0, 7.973988388240649e-13, 3.033369604982811e-26, 0.0, 1.0876960973831032e-11, 4.192159101498196e-12, 2.6299561849259535e-13, 0.0, 0.0, 0.0, 0.0, 0.0, 0.0, 0.0, 9.313047384379448e-12, 0.0, 8.14979376336553e-12, 2.6360353935098924e-12, 0.0, 1.1824948639122213e-11, 4.718473981197701e-12, 1.3609893576282595e-11, 4.192159101498196e-12, 0.0, 0.0, 0.0, 0.0, 1.2924697071141057e-26, 1.0258841019337536e-11, 0.0, 6.487396537338951e-12, 0.0, 7.25516754057787e-27, 0.0, 9.4047259000075e-13, 6.462348535570527e-27, 1.3451303412447954e-11, 0.0, 3.3870053164822953e-12, 2.1685283941505225e-11, 0.0, 0.0, 6.462348535570528e-27, 0.0, 9.90056149261101e-12, 0.0, 0.0, 1.2924697071141057e-26, 4.420260149674341e-12, 0.0, 2.3814738226146308e-11, 0.0, 6.462348535570528e-27, 1.4545690118223784e-26, 4.192159101498196e-12, 0.0, 6.634824393306515e-12, 8.848955737271235e-12, 0.0], [0.0, 0.0, 7.450580596923828e-09, 2.0843214448570895e-09, 0.0, 1.8626451492309564e-09, 0.0, 0.0, 0.0, 3.0166519067396068e-09, 0.0, 1.8626451492309564e-09, 0.0, 1.0, 0.0, 0.0, 0.0, 5.746110433933875e-09, 0.0, 6.463584432271935e-09, 0.0, 0.0, 0.0, 0.0, 0.0, 0.0, 0.0, 0.0, 0.0, 6.5192580223083504e-09, 0.0, 2.5236566981132446e-09, 2.2360870540096647e-09, 0.0, 0.0, 0.0, 0.0, 0.0, 1.8626451492309568e-09, 7.352858403853682e-09, 2.710271020489007e-09, 0.0, 0.0, 0.0, 7.43284309461695e-09, 0.0, 0.0, 2.436365825237477e-09, 0.0, 0.0, 0.0, 0.0, 0.0, 1.917897270271066e-09, 0.0, 1.8227848866544734e-09, 0.0, 0.0, 0.0, 0.0, 0.0, 2.3903213872648655e-10, 0.0, 0.0, 0.0, 0.0, 0.0, 0.0, 0.0, 1.8626451492309564e-09, 2.1797962354032375e-09, 0.0, 0.0, 0.0, 0.0, 5.844716284816981e-09, 0.0, 1.8626451492309564e-09, 0.0, 0.0, 4.562530187486072e-09, 0.0, 2.8611145063478904e-09, 0.0], [0.0, 7.403117455030548e-20, 0.0, 0.18099403006241488, 0.0, 1.3765203444014859e-11, 2.3354384395319197e-13, 0.0, 2.217737614190903e-19, 0.30779768255499473, 0.24544034683781743, 0.1451394086712609, 4.001171749875193e-12, 0.0, 1.0, 0.0, 0.0, 0.14055005084941358, 4.111497964575548e-13, 0.21679133245887794, 0.24544034683690796, 1.0215538151381013e-11, 1.953709196252582e-13, 0.0, 4.840159421202537e-13, 3.62582113098511e-23, 4.130236933350952e-13, 2.026357791062186e-18, 0.0, 0.10350377464959531, 8.6282243323741e-12, 4.547473508877049e-13, 0.0, 0.0, 0.0, 0.07670010838653374, 0.015340021677306748, 0.0, 8.628224332374099e-12, 0.1370664318691677, 6.340904491054308e-19, 0.03421520755847437, 3.8152741419636827e-13, 1.2407709188295413e-24, 0.14341954302894186, 0.027530778005349508, 1.740082628182009e-11, 2.1139432158484732e-11, 1.3155351900052083e-17, 0.2796555543934106, 1.2942336498561152e-11, 8.62824061347446e-12, 0.0, 0.2835262786506959, 1.734723475976807e-18, 0.07894482564915942, 0.0, 0.11091531594303639, 0.0, 0.07670010838676111, 0.0, 0.09036961740080882, 0.0, 0.0, 3.1034484529012657e-12, 1.387778780781446e-17, 0.24544034683978405, 0.0, 0.0, 0.1083137870035853, 1.5102008187953504e-17, 0.1443639982552255, 0.0, 1.3642420526779078e-12, 0.0, 0.23549349439060555, 0.034215207556502675, 0.021995490572037424, 0.0, 2.8760747774580332e-12, 6.34090294009066e-19, 1.2363529738927225e-11, 0.23630465547016372, 0.0], [0.0, 0.0, 0.0, 0.0, 0.0, 0.0, 0.0, 0.0, 0.0, 0.0, 0.0, 0.0, 0.0, 0.0, 0.0, 1.0, 0.0, 0.0, 0.0, 0.0, 0.0, 0.0, 0.0, 0.0, 0.0, 0.0, 0.0, 0.0, 0.0, 0.0, 0.0, 0.0, 0.0, 0.0, 0.0, 0.0, 0.0, 0.0, 0.0, 0.0, 0.0, 0.0, 0.0, 0.0, 0.0, 0.0, 0.0, 0.0, 0.0, 0.0, 0.0, 0.0, 0.0, 0.0, 0.0, 0.0, 0.0, 0.0, 0.0, 0.0, 0.0, 0.0, 0.0, 0.0, 0.0, 0.0, 0.0, 0.0, 0.0, 0.0, 0.0, 0.0, 0.0, 0.0, 0.0, 0.0, 0.0, 0.0, 0.0, 0.0, 0.0, 0.0, 0.0, 0.0], [0.0, 0.0, 0.0, 2.3994915106862587e-10, 0.0, 1.0727111245103442e-10, 6.13277306871534e-11, 0.0, 0.0, 2.4542504767641887e-10, 5.7957821616325045e-11, 0.0, 0.0, 0.0, 0.0, 0.0, 1.0, 2.5020610112549726e-10, 0.0, 3.620218776490397e-11, 0.0, 0.0, 0.0, 0.0, 3.430342888278857e-10, 0.0, 0.0, 0.0, 0.0, 1.898994820235072e-10, 0.0, 0.0, 0.0, 2.8515813671787943e-10, 0.0, 0.0, 0.0, 3.089213147777028e-10, 1.9010542447858633e-10, 1.9233726075721982e-10, 0.0, 0.0, 0.0, 0.0, 2.6082249060794897e-10, 0.0, 6.878668816504871e-11, 2.4150025665541086e-10, 0.0, 0.0, 1.9010542447858628e-10, 0.0, 0.0, 8.68834660099019e-11, 0.0, 8.053637994870957e-11, 0.0, 0.0, 0.0, 2.851581367178795e-10, 0.0, 2.546384151484332e-10, 0.0, 0.0, 2.851581367178795e-10, 0.0, 0.0, 0.0, 0.0, 2.119536550016047e-10, 0.0, 0.0, 0.0, 0.0, 0.0, 3.2341005547001277e-10, 0.0, 0.0, 0.0, 1.4671265096697126e-10, 2.851581367178795e-10, 1.901054244785863e-10, 3.873526757250929e-10, 0.0], [0.0, 7.569185536033534e-20, 2.0942878509366504e-08, 0.4003115405925206, 0.0, 5.369453079487979e-09, 2.07879603966087e-05, 8.381126767155104e-15, 1.60328635058728e-19, 0.42341470657915026, 0.2733670862475007, 0.4610144689396523, 9.808573889742389e-12, 5.746110433933875e-09, 0.14055005084941358, 0.0, 2.5020610112549726e-10, 1.0, 9.91576560057997e-13, 0.4406958809418575, 0.6091078946733101, 1.2659410432322278e-11, 5.319838890117282e-12, 0.0, 0.007291046324893478, 8.635165034280189e-22, 5.823338589977366e-13, 4.24818648589891e-05, 4.6213794826142035e-10, 0.36097489198237, 0.0003628887911686311, 1.19246522268038e-06, 1.5681075489010355e-08, 9.419057581992518e-07, 0.0, 0.18880182735691295, 0.12534220474118543, 4.893613837237097e-10, 1.8099133431086225e-09, 0.38626340601800135, 1.5696521561472896e-08, 0.06267466811740571, 0.031246096114396847, 2.422022530856193e-18, 0.39767828622963575, 0.0680197286181865, 0.0024249271320896945, 0.0001146884322604689, 0.011896126003699442, 0.15450073937980757, 0.00026622431898569297, 0.0111796654763796, 1.4265480848433763e-26, 0.28697393110470953, 1.5346261361150587e-18, 0.3623017690116053, 0.03685983374448471, 0.1356938677420058, 0.0, 0.18416118917400168, 0.0013967654068094842, 0.464388540001352, 0.017471691628994004, 8.64540669306115e-12, 2.622824802323197e-08, 0.019779862618454526, 0.12172150444915311, 0.015275835394667241, 0.0003046389561281388, 0.258694705747859, 0.001353905513012777, 0.147931252533138, 0.005116730961543846, 6.446951790768185e-12, 0.0, 0.22442646829131963, 0.21928688372694705, 0.21055402030588316, 0.020815020925675255, 7.81527805133468e-10, 6.298262382023819e-09, 1.1634754025943283e-09, 0.3566621139155809, 0.000632338459250681], [0.0, 1.3091112762599886e-19, 0.0, 9.26349957844529e-13, 0.0, 0.0, 3.174151881903903e-13, 2.731160487995866e-15, 1.2546311055494583e-19, 2.6051719049629716e-13, 3.70388239904673e-15, 5.14211752429279e-13, 9.552091627741848e-13, 0.0, 4.111497964575548e-13, 0.0, 0.0, 9.91576560057997e-13, 1.0, 2.704774833750998e-13, 4.133392057696852e-19, 2.7295984616546336e-13, 2.3793265612475095e-13, 0.0, 1.8074304734284565e-13, 0.0, 3.967527051621397e-13, 7.77566965919039e-18, 0.0, 8.10639261426123e-13, 6.661338147750939e-16, 2.2858804179475866e-13, 1.781403709628741e-14, 4.03896783473158e-28, 0.0, 0.0, 1.0703750844697374e-14, 0.0, 0.0, 9.27334730918787e-13, 1.052879254777077e-18, 9.865332357532996e-13, 4.2428578947775643e-13, 1.04586635063104e-19, 9.776322147919961e-13, 2.490574463000182e-14, 2.655480961457173e-13, 6.312373460104831e-22, 0.0, 0.0, 0.0, 8.462199775427953e-22, 4.277512227231343e-27, 1.2644277868912153e-12, 1.734723475976807e-18, 3.906566330695051e-13, 0.0, 1.0693964145713275e-14, 0.0, 9.912739682010931e-13, 6.46234853557053e-27, 6.126544319517986e-13, 0.0, 9.82960842576048e-27, 2.3798352665427386e-13, 2.7006710804277732e-17, 0.0, 6.462348535570529e-27, 0.0, 5.210627933564515e-13, 1.8219061586774048e-23, 0.0, 5.542474616682472e-27, 0.0, 0.0, 5.993193069383547e-13, 5.684338332632235e-16, 2.517604393167249e-16, 1.0533085947679294e-26, 0.0, 1.0528792549790253e-18, 1.1236014112731599e-12, 1.134851898028195e-12, 0.0], [0.0, 7.993578484633346e-20, 1.6149720069737386e-08, 0.4248842915810821, 0.0, 3.947152258912278e-09, 1.4256065718134402e-05, 6.401167385951449e-15, 1.775172157200062e-19, 0.49897137588169915, 0.3961596308202416, 0.3890285053646237, 1.419880839918711e-11, 6.463584432271935e-09, 0.21679133245887794, 0.0, 3.620218776490397e-11, 0.4406958809418575, 2.704774833750998e-13, 1.0, 0.2772470325632887, 3.2735160017647063e-12, 3.8695993249717426e-12, 0.0, 0.0038057376285139726, 5.519180769913229e-22, 7.928011530611144e-13, 5.1029078173940115e-05, 1.3994111007368787e-09, 0.39461959251283596, 0.00028808033633865204, 9.014135208023347e-07, 2.6352411562645035e-08, 7.79165834325927e-07, 0.0, 0.2995168742394093, 0.2902620499358376, 4.817141555471987e-10, 1.405585673508637e-09, 0.43200442823942564, 1.5681761894220777e-08, 0.04255203418709137, 0.011886255709694194, 1.1211706624599042e-18, 0.6486762136767164, 0.03647138236675069, 0.0010467684896714826, 6.807267233169574e-05, 0.006305524556890524, 0.10432079319558589, 0.0002228748650341193, 0.00573549016439527, 3.3802485132237814e-27, 0.46212280532557815, 2.1436645840806414e-18, 0.569668645310256, 0.025672323899000125, 0.2772736360144517, 0.0, 0.2589363655485673, 0.0007240238469548604, 0.6305395776173119, 0.008178776945064832, 5.598193834729984e-12, 2.4609414163462283e-08, 0.010490713462920777, 0.10567552609850064, 0.008454329359853812, 0.00045345005433293387, 0.04970816941025411, 0.0009167103109799521, 0.1754408248059222, 0.004573929145349739, 5.837038916999185e-12, 0.0, 0.26084963878254314, 0.11690340882308609, 0.35386508847426795, 0.004489945647328937, 8.962298793492887e-10, 2.8165054147326856e-09, 2.2466833186883313e-09, 0.7198161687227544, 0.0019310259641988263], [0.0, 4.3682388903964444e-23, 0.0, 0.3692917362325876, 0.0, 7.352954018859766e-12, 7.689629930572501e-06, 0.0, 0.0, 0.38583808933912955, 0.4476423537605237, 0.24299799447645182, 5.643405708865365e-12, 0.0, 0.24544034683690796, 0.0, 0.0, 0.6091078946733101, 4.133392057696852e-19, 0.2772470325632887, 1.0, 5.451204837907704e-22, 0.0, 0.0, 1.1841734581307204e-05, 2.3115279699495815e-24, 1.0842021724855044e-19, 1.836180933880239e-05, 0.0, 0.2507685459731692, 7.504577270147221e-13, 2.0679515313825692e-25, 0.0, 0.0, 0.0, 0.06892081871171893, 0.1875, 0.0, 0.0, 0.2775293346179633, 3.2526065174565133e-19, 1.7902955128890913e-08, 4.5474735088646407e-13, 6.203854594147708e-25, 0.2286150538031399, 1.426379538026515e-22, 7.695163765471687e-06, 2.061014545129642e-05, 0.0, 0.2500244438005523, 6.147749699704608e-09, 2.620943334237867e-22, 0.0, 0.24184705128579043, 0.0, 0.0574294165997923, 0.0, 0.06250324591926025, 0.0, 0.125, 6.462348535570529e-27, 0.19349301744735625, 0.0, 1.028761895716651e-12, 4.502746362088336e-12, 0.0, 0.3029389823122574, 2.5849394142282115e-26, 0.0, 0.10083053115018334, 0.0, 0.02679730224697934, 0.0, 0.0, 0.0, 0.19811186339235481, 0.015666008187231274, 0.12500005486515295, 9.032288720372643e-05, 1.4258696813279729e-11, 3.2526065174565133e-19, 4.502746457530754e-12, 0.36106023709714974, 0.0], [0.0, 3.2249812970726704e-21, 0.0, 1.2969477816864704e-11, 0.0, 2.7389122568548725e-11, 8.998628093377291e-13, 0.0, 7.344308387111753e-21, 8.446734514789861e-12, 8.403393417390105e-21, 1.2457291156142894e-11, 5.5571167350014196e-14, 0.0, 1.0215538151381013e-11, 0.0, 0.0, 1.2659410432322278e-11, 2.7295984616546336e-13, 3.2735160017647063e-12, 5.451204837907704e-22, 1.0, 8.886330495291643e-14, 0.0, 8.009362599975812e-21, 1.2835009358863543e-21, 2.729598517220676e-13, 4.1274785291652856e-21, 0.0, 2.3782061484159787e-11, 2.8879318254765352e-11, 0.0, 0.0, 0.0, 0.0, 0.0, 0.0, 0.0, 2.8879318254765352e-11, 2.4608111653462494e-11, 0.0, 3.471534978100105e-13, 1.7027636039447915e-13, 6.776263578034403e-21, 8.426004837613566e-12, 5.9550692680376075e-22, 1.3482132119264149e-11, 5.501853335802747e-12, 0.0, 0.0, 2.701613643357133e-11, 2.8879318255156405e-11, 2.827277484312106e-27, 9.631676910006144e-12, 0.0, 2.8951892904962587e-11, 0.0, 0.0, 0.0, 2.729598455394214e-13, 1.1696992961329228e-20, 1.026248310136103e-12, 0.0, 2.481232646596205e-28, 9.281186266651217e-12, 0.0, 8.384318203012929e-12, 0.0, 0.0, 8.657278055016233e-12, 1.032339265161604e-22, 0.0, 0.0, 7.767387240331879e-24, 0.0, 1.3583189996876553e-11, 0.0, 1.403058390692095e-20, 0.0, 8.384318202996392e-12, 2.4812326465962046e-28, 2.6444302736761038e-11, 2.4994799064564227e-12, 0.0], [0.0, 0.0, 0.0, 7.583459081874897e-12, 0.0, 0.0, 7.082559785324342e-12, 0.0, 0.0, 2.132944809074964e-12, 0.0, 1.8546051608623144e-12, 1.8483706222307093e-12, 0.0, 1.953709196252582e-13, 0.0, 0.0, 5.319838890117282e-12, 2.3793265612475095e-13, 3.8695993249717426e-12, 0.0, 8.886330495291643e-14, 1.0, 0.0, 1.8189894035458563e-12, 0.0, 2.3784285867422733e-13, 1.5276098875479228e-27, 0.0, 4.857935920845916e-12, 0.0, 0.0, 0.0, 4.0389678347315804e-28, 0.0, 0.0, 0.0, 0.0, 0.0, 7.854692580377746e-12, 0.0, 7.36863577043565e-12, 8.147443254726794e-12, 0.0, 2.1323287470872314e-12, 3.998500133089757e-12, 1.8189894035458585e-12, 0.0, 0.0, 0.0, 0.0, 0.0, 4.03896783473158e-28, 2.82091372746353e-12, 0.0, 4.966735648668231e-12, 0.0, 0.0, 0.0, 2.3784285867422773e-13, 0.0, 3.842532737016999e-12, 0.0, 3.2311742677852644e-27, 3.126781350828628e-12, 0.0, 0.0, 0.0, 0.0, 3.405513170722673e-12, 1.8724829610703588e-27, 0.0, 2.5684355805852443e-27, 1.8189894035458563e-12, 0.0, 1.4135522208454753e-12, 4.152731641276847e-16, 2.7755575615628907e-17, 0.0, 0.0, 0.0, 6.5134737567660465e-12, 1.7353686926534032e-12, 0.0], [0.0, 0.0, 0.0, 0.0, 0.0, 0.0, 0.0, 0.0, 0.0, 0.0, 0.0, 0.0, 0.0, 0.0, 0.0, 0.0, 0.0, 0.0, 0.0, 0.0, 0.0, 0.0, 0.0, 1.0, 0.0, 0.0, 0.0, 0.0, 0.0, 0.0, 0.0, 0.0, 0.0, 0.0, 0.0, 0.0, 0.0, 0.0, 0.0, 0.0, 0.0, 0.0, 0.0, 0.0, 0.0, 0.0, 0.0, 0.0, 0.0, 0.0, 0.0, 0.0, 0.0, 0.0, 0.0, 0.0, 0.0, 0.0, 0.0, 0.0, 0.0, 0.0, 0.0, 0.0, 0.0, 0.0, 0.0, 0.0, 0.0, 0.0, 0.0, 0.0, 0.0, 0.0, 0.0, 0.0, 0.0, 0.0, 0.0, 0.0, 0.0, 0.0, 0.0, 0.0], [0.0, 6.1915801452768e-22, 0.0, 0.001563432151293671, 0.0, 4.08805742487028e-10, 7.632750186005702e-06, 6.600195353940335e-15, 7.435654645378406e-21, 0.005062846248937662, 1.1779190734910032e-10, 0.003313226670201694, 3.6997868419787825e-12, 0.0, 4.840159421202537e-13, 0.0, 3.430342888278857e-10, 0.007291046324893478, 1.8074304734284565e-13, 0.0038057376285139726, 1.1841734581307204e-05, 8.009362599975812e-21, 1.8189894035458563e-12, 0.0, 1.0, 3.1845215469168884e-21, 1.8645663464679136e-13, 3.0525709907693926e-05, 0.0, 0.004539748022881526, 0.0, 8.743048819114293e-11, 5.327762178281522e-09, 2.3283064365386963e-10, 0.0, 0.0, 1.20792265079217e-13, 3.103438066007879e-10, 1.164153218269348e-10, 0.003006900650065588, 0.0, 0.007816668825389303, 1.8189894035458563e-12, 6.249957855233995e-21, 0.0035045462325136983, 4.028515401013521e-12, 3.390549678654569e-05, 0.00012104032560404787, 0.0, 6.858333297248544e-05, 2.1827872842728845e-10, 8.131782693920456e-09, 0.0, 0.006884068978020579, 0.0, 7.680231166531114e-05, 0.002153604704265551, 0.0021536604985769553, 0.0, 0.0024610850454341218, 0.0016586648207455345, 0.0012263352933745632, 0.007786109315421607, 0.0, 2.9900618753849345e-08, 0.007786109315421609, 0.0, 0.006616896688163136, 1.7451768983529863e-10, 9.808385169075342e-05, 5.3277196960168505e-09, 3.0517578125e-05, 0.0021536047042655508, 1.0717848758149674e-11, 0.0, 0.007908114220375746, 0.001468457971900681, 0.007802349834298063, 0.006401195412029506, 3.993012596445828e-11, 4.656612873077392e-10, 2.0649442038851763e-10, 0.006287286261338927, 0.0], [0.0, 5.186996290247033e-22, 0.0, 1.465893355270163e-21, 0.0, 0.0, 0.0, 0.0, 3.3715475886605716e-21, 1.6590012634514022e-21, 1.084858020236093e-21, 2.6272000647177774e-21, 0.0, 0.0, 3.62582113098511e-23, 0.0, 0.0, 8.635165034280189e-22, 0.0, 5.519180769913229e-22, 2.3115279699495815e-24, 1.2835009358863543e-21, 0.0, 0.0, 3.1845215469168884e-21, 1.0, 0.0, 3.4925706700419267e-23, 0.0, 3.257571464941351e-21, 0.0, 8.271806125530277e-25, 0.0, 0.0, 0.0, 0.0, 0.0, 0.0, 0.0, 1.101163539810236e-21, 0.0, 1.3226879502220711e-23, 0.0, 1.67308876854374e-24, 1.5930069210587023e-21, 0.0, 2.5936418411728904e-23, 1.4420789409202002e-23, 0.0, 0.0, 0.0, 0.0, 0.0, 1.088572639528791e-21, 0.0, 1.2806613754418517e-21, 0.0, 6.703423122945268e-25, 0.0, 0.0, 1.5528937366328839e-21, 2.2470666829515633e-21, 0.0, 0.0, 0.0, 0.0, 3.9208562417772065e-23, 0.0, 0.0, 2.1649821832591335e-21, 0.0, 0.0, 0.0, 3.077066338170051e-23, 0.0, 2.921698176152666e-21, 0.0, 1.910516166625322e-23, 0.0, 0.0, 0.0, 4.7997682542022486e-23, 2.6202564694943956e-21, 0.0], [0.0, 2.8894695697891526e-20, 0.0, 9.502727198487886e-13, 0.0, 0.0, 3.7611175984328036e-13, 1.6875389974302376e-14, 4.6085467428617377e-20, 7.992916878747975e-13, 8.225364714785808e-15, 7.822839984339125e-13, 7.973988388240649e-13, 0.0, 4.130236933350952e-13, 0.0, 0.0, 5.823338589977366e-13, 3.967527051621397e-13, 7.928011530611144e-13, 1.0842021724855044e-19, 2.729598517220676e-13, 2.3784285867422733e-13, 0.0, 1.8645663464679136e-13, 0.0, 1.0, 5.206238984422846e-19, 0.0, 6.210649702171811e-13, 0.0, 3.706665837945418e-13, 3.5527136788005e-15, 0.0, 0.0, 0.0, 3.5527136788005e-14, 0.0, 0.0, 1.022797099017227e-12, 1.0842021724855042e-19, 7.097277031578799e-13, 5.636246334734323e-13, 1.694065894508601e-21, 4.566433246487553e-13, 7.105465738206932e-15, 3.2556205475652354e-13, 0.0, 0.0, 0.0, 8.470329472543002e-21, 0.0, 0.0, 8.509670646004759e-13, 0.0, 4.1778094499932066e-13, 0.0, 7.105427357601e-15, 0.0, 3.6728590160738616e-13, 1.3454474266958855e-20, 1.2929416098127003e-12, 0.0, 0.0, 2.3447910280083306e-13, 0.0, 0.0, 0.0, 0.0, 1.5881886491622235e-12, 0.0, 0.0, 0.0, 0.0, 0.0, 1.4134509926782625e-12, 0.0, 1.199201303555629e-19, 0.0, 0.0, 1.0842021724855043e-19, 5.427078227493413e-13, 5.809108722118792e-13, 0.0], [0.0, 1.99059197798385e-19, 0.0, 3.6610630603200575e-05, 0.0, 0.0, 1.2515366660415213e-05, 0.0, 1.734139111496306e-19, 2.1252685126041023e-05, 4.768371582032619e-07, 2.692742270409246e-05, 3.033369604982811e-26, 0.0, 2.026357791062186e-18, 0.0, 0.0, 4.24818648589891e-05, 7.77566965919039e-18, 5.1029078173940115e-05, 1.836180933880239e-05, 4.1274785291652856e-21, 1.5276098875479228e-27, 0.0, 3.0525709907693926e-05, 3.4925706700419267e-23, 5.206238984422846e-19, 1.0, 0.0, 4.776251909229619e-05, 0.0, 1.0274231203952911e-06, 7.450580596923827e-09, 4.76837158203125e-07, 0.0, 7.152557373046875e-07, 7.688041523148525e-07, 0.0, 0.0, 1.8456200222431717e-05, 1.0842021724855042e-19, 6.468499797201739e-06, 0.0, 1.1521470515886528e-18, 4.6125034409785754e-05, 9.149128829999734e-19, 1.0609658353775416e-05, 1.4547860939112858e-05, 0.0, 1.653994700600294e-05, 8.629316422947769e-08, 7.45058059692466e-09, 9.317716192073442e-27, 4.602671023747407e-05, 1.734723475976807e-18, 1.1613853988598676e-05, 0.0, 6.087732036434982e-06, 0.0, 2.648430266878137e-23, 8.801281724175017e-21, 4.28581958696769e-05, 0.0, 2.7208430682527957e-26, 7.4505805969238265e-09, 0.0, 5.2398055488496137e-23, 1.9947214459517744e-06, 0.0, 2.331354648164798e-05, 1.1961798608121927e-06, 3.6937825175808504e-05, 7.983793359936687e-27, 5.243248017303318e-23, 0.0, 4.277744184205992e-05, 2.0367666329744727e-05, 1.402484894635973e-07, 7.629394531249999e-06, 0.0, 1.0842021773025624e-19, 5.379164375037268e-18, 3.355614622571511e-05, 0.0], [0.0, 0.0, 0.0, 3.5126799182615e-09, 0.0, 1.2023322738109209e-09, 0.0, 0.0, 0.0, 5.968300030678524e-11, 0.0, 0.0, 0.0, 0.0, 0.0, 0.0, 0.0, 4.6213794826142035e-10, 0.0, 1.3994111007368787e-09, 0.0, 0.0, 0.0, 0.0, 0.0, 0.0, 0.0, 0.0, 1.0, 1.5208433958286907e-09, 0.0, 0.0, 9.313225746154785e-10, 0.0, 0.0, 0.0, 0.0, 0.0, 0.0, 1.2946885139058304e-09, 7.04713159560522e-10, 0.0, 0.0, 0.0, 0.0, 0.0, 0.0, 1.0579113555086121e-09, 0.0, 0.0, 1.396983861923218e-09, 4.769745466593503e-10, 0.0, 0.0, 0.0, 5.999580650753971e-10, 0.0, 0.0, 0.0, 0.0, 0.0, 8.238961332751278e-10, 0.0, 0.0, 0.0, 0.0, 0.0, 0.0, 0.0, 9.313225746154787e-10, 9.313225746154784e-10, 0.0, 0.0, 0.0, 0.0, 1.0722851365580087e-09, 0.0, 0.0, 0.0, 0.0, 0.0, 9.313225746154785e-10, 5.182066941276823e-10, 0.0], [0.0, 1.0321652916508021e-19, 1.0623969530559475e-08, 0.6518674915253257, 0.0, 6.446981233456291e-09, 1.1720649086074151e-05, 8.818386111960965e-15, 1.1264050924070042e-19, 0.6274807638833252, 0.2910461739277528, 0.7575632914151083, 1.0876960973831032e-11, 6.5192580223083504e-09, 0.10350377464959531, 0.0, 1.898994820235072e-10, 0.36097489198237, 8.10639261426123e-13, 0.39461959251283596, 0.2507685459731692, 2.3782061484159787e-11, 4.857935920845916e-12, 0.0, 0.004539748022881526, 3.257571464941351e-21, 6.210649702171811e-13, 4.776251909229619e-05, 1.5208433958286907e-09, 1.0, 0.00015856335968248927, 1.1232290351750392e-06, 1.973798657427373e-08, 5.961748504214528e-07, 0.0, 0.04708337373987031, 0.3412702014457243, 3.1084211716671694e-10, 3.4110402769204544e-09, 0.8625759475590242, 1.1989831245152391e-08, 0.07486569209516888, 0.022938289830158096, 2.1107852134724844e-19, 0.7259402966099209, 0.05977361370101318, 0.0014959967187647577, 8.133031727007334e-05, 0.003898325975409432, 0.18074038698795059, 8.242807868263775e-05, 0.004249483223816936, 1.0074393280689428e-26, 0.34558839170455113, 1.934656334109846e-18, 0.7901151127995101, 0.04336873512374259, 0.04812867446193703, 0.0, 0.0743990178023366, 0.004136350728234727, 0.6987726321547267, 0.01047237070362415, 1.3678827901049736e-11, 4.44099230032188e-08, 0.007877018571008802, 0.15592386617168064, 0.008901091343474835, 0.0002203172821730725, 0.21720410321052175, 0.0011448786515588407, 0.2309578826630655, 0.007816345976871687, 6.02441220091527e-12, 0.0, 0.4041090437400178, 0.172684603737282, 0.5630742695321829, 0.011223081403862547, 6.951385603879416e-10, 7.663421395673965e-09, 2.7330174613568752e-09, 0.48894373475953296, 0.001476178074642855], [0.0, 0.0, 0.0, 0.0005068889486174697, 0.0, 3.1985273070536395e-11, 2.6645352591003757e-15, 4.4408920985006257e-16, 0.0, 0.00041652265224829076, 0.0, 0.0004374451178701099, 4.192159101498196e-12, 0.0, 8.6282243323741e-12, 0.0, 0.0, 0.0003628887911686311, 6.661338147750939e-16, 0.00028808033633865204, 7.504577270147221e-13, 2.8879318254765352e-11, 0.0, 0.0, 0.0, 0.0, 0.0, 0.0, 0.0, 0.00015856335968248927, 1.0, 0.0, 1.7763568394002505e-15, 0.0, 0.0, 0.0, 0.0005535176700366041, 0.0, 2.9103830456733704e-11, 0.0001457787826198538, 0.0, 3.638642514770659e-12, 0.0, 0.0, 6.608654627079068e-05, 0.0, 0.0002437782184638681, 8.5167650685606e-12, 0.0, 0.0, 0.0004882812754658516, 2.9103830456733704e-11, 0.0, 0.0005342090180949751, 0.0, 0.00021724037428444073, 0.0, 0.0, 0.0, 0.0, 0.0, 0.00031297285379168553, 0.0, 1.4527663366790526e-11, 1.0915934822719464e-11, 0.0, 7.275957614183424e-12, 0.0, 0.00012790566524701531, 0.00017960945104005465, 0.0, 0.00018588549502609393, 0.00012207031249999999, 0.0, 0.0, 0.0002417203734028001, 0.00022860094032408842, 0.0005750663929878677, 0.0, 1.0913936421275139e-11, 0.0, 3.0700787106484036e-11, 0.0003196966066082714, 0.0006502002746327599], [0.0, 0.0, 1.7424817891960902e-08, 2.7990325280624747e-07, 0.0, 1.8792878170444128e-09, 3.0562176006378323e-06, 0.0, 0.0, 3.319677249118372e-06, 5.8207660913467394e-11, 1.1375210943747085e-06, 2.6299561849259535e-13, 2.5236566981132446e-09, 4.547473508877049e-13, 0.0, 0.0, 1.19246522268038e-06, 2.2858804179475866e-13, 9.014135208023347e-07, 2.0679515313825692e-25, 0.0, 0.0, 0.0, 8.743048819114293e-11, 8.271806125530277e-25, 3.706665837945418e-13, 1.0274231203952911e-06, 0.0, 1.1232290351750392e-06, 0.0, 1.0, 9.399878538486357e-09, 1.1923839338123798e-07, 0.0, 0.0, 4.768371653085524e-07, 1.5845164974956317e-10, 3.785485047169867e-09, 8.339580960915907e-07, 5.477331443619017e-09, 1.4689524986515804e-06, 1.508598876846547e-13, 8.271806125530277e-25, 3.8903427320597745e-06, 2.712007584565662e-14, 9.6808403918565e-07, 3.079895874452931e-09, 0.0, 1.1920928955078125e-07, 2.9103830456733704e-11, 3.7252902984619132e-09, 0.0, 3.910797871987733e-06, 0.0, 2.302073133669778e-06, 0.0, 2.910869812900189e-09, 0.0, 6.394884621840902e-14, 0.0, 1.1681981291924505e-06, 0.0, 0.0, 3.9581280475431405e-09, 0.0, 0.0, 1.467107313731079e-06, 2.6350581611677016e-10, 3.1865037935599434e-06, 1.3620280858673323e-06, 0.0, 0.0, 0.0, 0.0, 3.1344125272238367e-06, 0.0, 1.2833344676278966e-07, 0.0, 0.0, 4.579015700988486e-10, 8.743228363528064e-11, 1.552521270616952e-06, 0.0]