"{\"names\": [\"172.217.10.1\", \"104.88.86.240\", \"38.93.140.48\", \"192.168.10.15\", \"104.88.108.223\", \"195.142.105.15\", \"172.217.12.163\", \"206.217.206.48\", \"172.217.6.228\", \"178.255.83.1\", \"74.119.118.82\", \"192.168.10.9\", \"172.217.7.6\", \"35.186.227.40\", \"31.13.71.36\", \"206.126.112.142\", \"151.101.2.49\", \"192.168.10.25\", \"172.217.3.98\", \"192.168.10.16\", \"72.30.202.150\", \"172.217.12.132\", \"50.31.164.173\", \"162.208.20.178\", \"23.15.4.16\", \"216.58.217.99\", \"172.217.6.198\", \"172.217.12.174\", \"169.46.44.40\", \"192.168.10.17\", \"52.84.143.130\", \"104.19.195.102\", \"216.200.232.61\", \"104.97.73.166\", \"152.163.13.79\", \"192.229.163.25\", \"74.119.118.86\", \"54.225.188.92\", \"188.165.145.88\", \"192.168.10.14\", \"8.43.72.98\", \"199.96.57.6\", \"68.67.178.110\", \"104.88.70.158\", \"192.168.10.19\", \"69.172.216.56\", \"157.240.18.35\", \"172.217.11.34\", \"185.54.150.20\", \"69.169.85.7\", \"198.232.124.194\", \"74.119.118.72\", \"172.217.12.134\", \"192.168.10.5\", \"23.111.9.30\", \"192.168.10.8\", \"151.101.66.2\", \"68.67.178.199\", \"213.239.195.215\", \"138.108.7.20\", \"52.84.145.87\", \"192.168.10.50\", \"52.84.145.198\", \"52.40.24.51\", \"212.77.100.137\", \"185.54.150.115\", \"172.217.10.138\", \"152.163.66.165\", \"52.84.137.78\", \"192.168.10.51\", \"68.67.178.109\", \"129.146.14.96\", \"54.152.24.232\", \"172.217.10.33\", \"52.8.229.108\", \"192.168.10.12\", \"64.147.131.201\", \"172.217.12.206\", \"68.67.180.12\", \"172.217.10.134\", \"38.69.238.16\", \"172.217.10.142\", \"192.168.10.3\", \"172.217.6.202\"], \"funcEdges\": [[1.0, 0.0, 0.0, 0.0, 0.0, 0.0, 0.0, 0.0, 0.0, 0.0, 0.0, 0.0, 0.0, 0.0, 0.0, 0.0, 0.0, 0.0, 0.0, 0.0, 0.0, 0.0, 0.0, 0.0, 0.0, 0.0, 0.0, 0.0, 0.0, 0.0, 0.0, 0.0, 0.0, 0.0, 0.0, 0.0, 0.0, 0.0, 0.0, 0.0, 0.0, 0.0, 0.0, 0.0, 0.0, 0.0, 0.0, 0.0, 0.0, 0.0, 0.0, 0.0, 0.0, 0.0, 0.0, 0.0, 0.0, 0.0, 0.0, 0.0, 0.0, 0.0, 0.0, 0.0, 0.0, 0.0, 0.0, 0.0, 0.0, 0.0, 0.0, 0.0, 0.0, 0.0, 0.0, 0.0, 0.0, 0.0, 0.0, 0.0, 0.0, 0.0, 0.0, 0.0], [0.0, 1.0, 0.0, 5.871484269561108e-15, 0.0, 0.0, 0.0, 0.0, 3.791594145772728e-15, 6.559190805354632e-15, 9.283030671622113e-16, 3.348949206938827e-15, 0.0, 0.0, 2.42585352766441e-15, 0.0, 0.0, 2.4802707164474685e-15, 4.2896958300487305e-15, 2.619335797844655e-15, 1.431384519605107e-18, 1.0567618714247726e-16, 0.0, 0.0, 2.0288569820043017e-17, 1.6996749443881478e-17, 9.468213886285095e-16, 6.522771793457479e-15, 0.0, 3.3821992276813482e-15, 0.0, 0.0, 0.0, 0.0, 0.0, 0.0, 0.0, 0.0, 0.0, 3.3460874759835304e-15, 0.0, 2.4672767472106933e-16, 0.0, 0.0, 5.436803452247874e-15, 3.5124356437194685e-15, 8.588307117630645e-18, 2.6236678202018194e-17, 0.0, 0.0, 2.220446049250313e-16, 6.938893903907228e-18, 0.0, 6.450287243141358e-15, 0.0, 4.303380392371294e-15, 0.0, 0.0, 0.0, 0.0, 4.532466518368393e-17, 4.668931911295713e-15, 0.0, 0.0, 0.0, 0.0, 0.0, 0.0, 0.0, 4.24170606501155e-15, 0.0, 0.0, 0.0, 0.0, 0.0, 2.4209393987171256e-15, 0.0, 3.829351147030285e-15, 0.0, 0.0, 0.0, 8.16705715955648e-17, 7.654132448918342e-15, 0.0], [0.0, 0.0, 1.0, 0.0002659193483992954, 0.0, 7.39580786073116e-05, 0.0005021690884556562, 0.0, 0.0, 0.000283294544457206, 0.0, 0.0002695450925292198, 0.0, 0.000244140625, 0.0, 0.0, 0.0, 0.0006862562429949216, 0.0, 0.0005291940272451547, 0.0, 0.0, 0.0, 0.0, 0.0, 0.0, 0.0, 0.0, 0.0, 0.00034812623357737286, 0.0, 0.0005709764326837748, 0.00019534241308578865, 0.0, 0.0, 0.0, 0.0, 0.0, 6.103515624999997e-05, 0.00041468072510466485, 0.00022078837851119122, 1.2432874202372903e-05, 0.0, 0.0, 0.0002920889342340512, 0.0, 0.0004867955928751596, 0.00010998809326377636, 0.0, 0.0, 0.0, 0.00012207031249999997, 0.0, 0.00020377637873516435, 0.0, 0.0002211182356049843, 0.0, 9.538314919846975e-05, 0.0, 1.2432874202372901e-05, 0.0, 0.0005082539093823706, 0.0, 0.0, 0.00012207031249999997, 0.0, 0.0, 0.0, 0.0, 0.0002760550429663814, 7.142756304169329e-05, 0.0, 0.0, 0.0, 0.0, 0.00027285781676956484, 0.0, 0.00027569152875395035, 0.0, 1.2432874202372903e-05, 0.00016803059199264436, 1.7095202028262742e-05, 0.0005849542372325938, 0.0], [0.0, 5.871484269561108e-15, 0.0002659193483992954, 1.0, 0.0, 0.0001916219688512385, 0.343747156164576, 4.159183122580061e-10, 9.07943837174873e-15, 0.44270524379197257, 0.04578470881460176, 0.25264582597582014, 3.1771047212668047e-07, 6.829904510507711e-05, 5.154065069126746e-07, 0.0, 7.862653782216732e-06, 0.5980594624882429, 3.0354635418649524e-08, 0.29815165874854366, 0.17003359773361082, 4.2498384910302263e-07, 2.4849478719487663e-07, 0.0, 0.0008326332978229095, 4.8034393465492703e-17, 3.1138536484005104e-08, 0.3459285003501582, 0.00011510349556159283, 0.3129675328559713, 5.896524574055166e-07, 0.009171869787955117, 0.0005483610648369502, 0.01615711131585997, 0.0, 0.004379233326276734, 0.025797032574677213, 1.3607519058207957e-05, 9.407525020673255e-05, 0.13785463243132706, 0.0005174877630491389, 0.16620494963448956, 2.829444541631314e-07, 3.068908849210251e-14, 0.22518931903184944, 8.28070919099135e-08, 0.17573465968214533, 0.0023451681881492318, 1.8141054865479828e-12, 0.09124649616981936, 0.002887568417762668, 0.00042829308397394125, 4.09585330136009e-22, 0.14496747062302257, 9.245917247083199e-14, 0.6331259166344317, 0.0, 0.06596060769067826, 0.0, 3.956570498996222e-05, 5.75858654243121e-16, 0.24753302937333738, 0.0, 2.6622844408704327e-07, 0.0003295226531150495, 2.046363078989088e-12, 7.368305401633464e-07, 0.011215793394556084, 3.4118308761546325e-06, 0.47074196577907834, 0.0070340134926180214, 0.08868548041759951, 5.905892487662808e-22, 7.909402879613732e-08, 0.0, 0.4939225883601321, 0.03258632854606822, 0.021885628329127625, 1.2315298317049233e-22, 1.051795256566461e-05, 0.00019108543863978835, 6.578568070083493e-05, 0.6355621719003315, 0.0], [0.0, 0.0, 0.0, 0.0, 1.0, 0.0, 0.0, 0.0, 0.0, 0.0, 0.0, 0.0, 0.0, 0.0, 0.0, 0.0, 0.0, 0.0, 0.0, 0.0, 0.0, 0.0, 0.0, 0.0, 0.0, 0.0, 0.0, 0.0, 0.0, 0.0, 0.0, 0.0, 0.0, 0.0, 0.0, 0.0, 0.0, 0.0, 0.0, 0.0, 0.0, 0.0, 0.0, 0.0, 0.0, 0.0, 0.0, 0.0, 0.0, 0.0, 0.0, 0.0, 0.0, 0.0, 0.0, 0.0, 0.0, 0.0, 0.0, 0.0, 0.0, 0.0, 0.0, 0.0, 0.0, 0.0, 0.0, 0.0, 0.0, 0.0, 0.0, 0.0, 0.0, 0.0, 0.0, 0.0, 0.0, 0.0, 0.0, 0.0, 0.0, 0.0, 0.0, 0.0], [0.0, 0.0, 7.39580786073116e-05, 0.0001916219688512385, 0.0, 1.0, 3.8184464375741215e-05, 0.0, 0.0, 0.00023539054060414826, 4.8367517525155545e-06, 6.696856508713187e-05, 2.741714529219858e-07, 6.103515624999998e-05, 4.510581864534789e-07, 0.0, 3.515059812795496e-06, 0.0001759462385086621, 0.0, 0.00012934028522003753, 2.409415972899968e-07, 8.974867683262046e-07, 0.0, 0.0, 1.3395746569814934e-05, 0.0, 0.0, 0.0, 3.9398023948236255e-05, 0.00021125468105789576, 1.0480934279753366e-06, 6.158050318891132e-05, 7.327210058578868e-05, 5.092805503578077e-06, 0.0, 0.0, 0.0, 1.1898467371185698e-05, 8.509639214754173e-05, 0.00012608508608915697, 0.000220303562964214, 2.5630873226189576e-05, 0.0, 0.0, 0.00011460797911209492, 0.0, 3.9064567558888576e-05, 0.00015840328557507465, 0.0, 0.0, 0.00012348593288739998, 0.00010678582677223667, 0.0, 0.0002870721888511626, 0.0, 0.00023241851138290425, 0.0, 0.0, 0.0, 3.904905651894392e-05, 0.0, 0.000166713401814379, 0.0, 1.7984027767381e-07, 2.9693540735734755e-05, 0.0, 4.219182115236813e-07, 0.0, 4.995626888790618e-06, 0.00015133834520905375, 0.00011082558698992952, 0.0, 0.0, 0.0, 0.0, 0.00015543064905105457, 0.0, 6.193322016243583e-05, 0.0, 1.1736490138576123e-05, 0.00012780674121492833, 1.1486951666325274e-05, 0.00012608563100447167, 0.0], [0.0, 0.0, 0.0005021690884556562, 0.343747156164576, 0.0, 3.8184464375741215e-05, 1.0, 1.4551915228366852e-11, 0.0, 0.24529418055992497, 0.03827677684335899, 0.20410668151764977, 3.673510102254903e-08, 0.0, 7.652764678658194e-09, 0.0, 2.0095870791566427e-06, 0.3894029618144735, 1.0401060886622709e-08, 0.21714276145182806, 0.001973793564999654, 2.9486704536378707e-08, 2.3208131904550803e-07, 0.0, 0.00010995809503485254, 0.0, 1.2324430146544611e-08, 0.1601035347284857, 0.0, 0.25043160829626565, 8.731149137020111e-11, 0.10014613833770049, 0.0010553362076761786, 0.04114646498762205, 0.0, 0.03486967576711107, 0.012088571451699517, 9.912397141092421e-06, 2.0867734418645678e-05, 0.17339596793702922, 0.00019593454121461667, 0.28028257412937846, 2.261719728917596e-07, 0.0, 0.1679981453822797, 7.244135076227725e-08, 0.09368562860154989, 0.0015457817908166153, 1.811253187625655e-12, 0.014277163875415246, 0.001623554901848827, 0.0001170115907573408, 0.0, 0.16495766102022497, 0.0, 0.23269718313615192, 0.0, 1.787389753613874e-05, 0.0, 3.35682723796497e-05, 0.0, 0.2688545608754989, 0.0, 0.0, 0.0003368164146135051, 2.723990917550083e-12, 0.0, 0.03461375351770084, 2.3219896399456523e-06, 0.10615692375305648, 0.09677830992555943, 0.0, 0.0, 8.177689797521058e-08, 0.0, 0.3154373884418372, 2.451780880330929e-11, 0.007322682018754181, 0.0, 3.584496177156371e-05, 3.3035057553663026e-05, 2.53611573691293e-05, 0.11942115727333741, 0.0], [0.0, 0.0, 0.0, 4.159183122580061e-10, 0.0, 0.0, 1.4551915228366852e-11, 1.0, 0.0, 2.756600726954043e-10, 2.8967451938154525e-10, 3.4332556694119974e-10, 0.0, 0.0, 0.0, 0.0, 0.0, 2.7463276190613846e-10, 8.949466687064854e-11, 2.0975345290285707e-10, 0.0, 0.0, 0.0, 0.0, 2.162752013579169e-10, 0.0, 5.529727786779403e-10, 0.0, 0.0, 2.889608761167369e-10, 1.455191522836685e-11, 0.0, 1.7847005012296626e-10, 0.0, 0.0, 0.0, 0.0, 0.0, 0.0, 7.369594675854956e-10, 0.0, 9.968004394175293e-12, 0.0, 0.0, 2.749137895576365e-10, 0.0, 5.529727786779403e-10, 0.0, 0.0, 0.0, 0.0, 0.0, 0.0, 3.1647908194492135e-10, 0.0, 1.4528937226001647e-10, 0.0, 0.0, 0.0, 5.529727786779403e-10, 0.0, 4.2692350931800885e-10, 0.0, 0.0, 1.0550242317499301e-10, 0.0, 0.0, 0.0, 0.0, 2.6524634240269593e-10, 0.0, 0.0, 0.0, 0.0, 0.0, 5.639619860404536e-10, 0.0, 0.0, 0.0, 0.0, 0.0, 2.1827872842550273e-10, 1.853854510965955e-10, 0.0], [0.0, 3.791594145772728e-15, 0.0, 9.07943837174873e-15, 0.0, 0.0, 0.0, 0.0, 1.0, 4.999225049523659e-15, 1.0146122174224555e-15, 6.965146848857129e-15, 0.0, 0.0, 7.267082614180751e-15, 0.0, 0.0, 5.253648713604399e-15, 4.111175206664465e-15, 5.816884124713163e-15, 0.0, 2.4065829722887793e-16, 0.0, 0.0, 2.436515314197596e-16, 1.1047887138522961e-16, 1.5101285967009342e-15, 5.682427040551095e-15, 0.0, 3.691004206799271e-15, 0.0, 0.0, 0.0, 0.0, 0.0, 0.0, 0.0, 0.0, 0.0, 7.0319989293634485e-15, 0.0, 2.220446049250313e-16, 0.0, 9.582923415603673e-17, 6.0283052900796004e-15, 1.4188144647654879e-15, 0.0, 0.0, 0.0, 0.0, 2.6676491419784844e-16, 0.0, 0.0, 1.739661595029945e-15, 0.0, 7.636199338733811e-15, 0.0, 0.0, 0.0, 0.0, 1.5414840777578073e-16, 4.686885372910449e-15, 0.0, 0.0, 0.0, 0.0, 0.0, 0.0, 0.0, 6.018768043081413e-15, 0.0, 0.0, 0.0, 0.0, 0.0, 9.304604615863822e-15, 0.0, 2.695982797450442e-15, 0.0, 0.0, 0.0, 0.0, 4.366773746986603e-15, 0.0], [0.0, 6.559190805354632e-15, 0.000283294544457206, 0.44270524379197257, 0.0, 0.00023539054060414826, 0.24529418055992497, 2.756600726954043e-10, 4.999225049523659e-15, 1.0, 0.041070911695837625, 0.3221899053885278, 4.977007627771964e-07, 9.884964968004343e-05, 2.0381365821151485e-07, 0.0, 8.042087962260894e-06, 0.6967929192613158, 8.536627298182665e-09, 0.3852358493064782, 0.26878423441578647, 2.7678259658063416e-07, 6.989233550376842e-08, 0.0, 0.0017774097732316503, 5.4362153400775546e-17, 2.6191190028281365e-08, 0.6964079862101122, 1.955692554052739e-06, 0.6242348103923281, 2.4391313937289235e-07, 0.10877918409911082, 0.0004846134077323547, 0.03726941329206315, 0.0, 0.046290097634353655, 0.024705213262546537, 6.967866414277877e-06, 0.00013393770567869347, 0.4171746387464894, 0.0003861675499248005, 0.26259053569518914, 1.225565850053069e-07, 5.55267943443281e-17, 0.6236159399425145, 1.6213718242480104e-07, 0.09097589374439785, 0.003658226704057335, 7.129393564771628e-13, 0.19294039119251194, 0.007255310758686618, 0.0007101620697173601, 2.1710876653644575e-22, 0.637532352405097, 2.3893071085535587e-15, 0.33095391101697236, 0.0, 0.20643163195755265, 0.0, 7.810161913000982e-05, 4.3942841667988454e-16, 0.4038464666933923, 0.0, 1.8789981629890346e-08, 0.0005300336589052759, 1.0577526124633883e-12, 9.536743164072408e-07, 0.13305407952505977, 7.2679342420396494e-06, 0.5337692983103277, 0.01181837631125856, 0.2107857614412377, 1.764291437461418e-22, 1.3370791617683436e-07, 0.0, 0.3868615436275269, 0.2650350497735144, 0.012670922546421834, 3.9009375083321793e-22, 1.895066535671574e-05, 0.00022838633076077106, 0.00013900479938603298, 0.5175375080446145, 0.0], [0.0, 9.283030671622113e-16, 0.0, 0.04578470881460176, 0.0, 4.8367517525155545e-06, 0.03827677684335899, 2.8967451938154525e-10, 1.0146122174224555e-15, 0.041070911695837625, 1.0, 0.03827327752833257, 2.5492874466428207e-08, 0.0, 2.980234126859624e-08, 0.0, 1.899161898723739e-06, 0.011064919195726455, 1.2136881845196326e-10, 0.0156293487399021, 3.564496738956045e-15, 2.7536239550103895e-16, 0.0, 0.0, 3.859805220015319e-06, 3.554862760709629e-17, 2.6952875097410134e-10, 0.015625000000004486, 0.0, 0.01562711049667649, 0.0, 1.9073486328124996e-06, 1.1356038159108854e-10, 0.015624999999999997, 0.0, 0.015625, 0.0, 3.970462798053994e-06, 0.0, 0.016403815396397643, 3.552713678800501e-15, 0.015625029802322613, 0.0, 2.220446049250313e-16, 0.035389195116554306, 2.3250635160172426e-16, 0.015628174414908453, 4.525331909216621e-06, 0.0, 0.0, 2.7755575615628914e-16, 2.3800209739481396e-18, 0.0, 0.05496810499587679, 0.0, 7.507032873594721e-06, 0.0, 0.0, 0.0, 2.6952492157202813e-10, 9.606024757463113e-17, 0.026837213402029714, 0.0, 0.0, 1.907465048134326e-06, 0.0, 6.404340241353657e-19, 0.021640279062299813, 1.9073486328124996e-06, 0.04737504462377751, 3.3827693040815432e-18, 0.0, 0.0, 2.980232238849284e-08, 0.0, 3.4092449195381754e-06, 0.0, 4.877222018320512e-16, 0.0, 0.0, 3.552713678800502e-15, 1.907871527397829e-06, 0.05107165840665134, 0.0], [0.0, 3.348949206938827e-15, 0.0002695450925292198, 0.25264582597582014, 0.0, 6.696856508713187e-05, 0.20410668151764977, 3.4332556694119974e-10, 6.965146848857129e-15, 0.3221899053885278, 0.03827327752833257, 1.0, 2.925564885268096e-07, 6.103515624999998e-05, 2.889728847560582e-07, 0.0, 0.0, 0.1616587221575729, 1.6849690703602614e-08, 0.5985736776426676, 0.42824815227092417, 4.0820051660449034e-07, 6.077170191113632e-08, 0.0, 0.0008596333246564123, 8.608809172067213e-17, 2.5633882060682445e-08, 0.36603742087270147, 0.0, 0.39091463820825123, 8.233451188878804e-07, 0.03727429122047045, 0.0008232271068686197, 0.04217559647830608, 0.0, 0.05676551815399144, 0.016726202074149557, 0.0, 7.39446411871608e-05, 0.15982768677768633, 0.0003023659051927799, 0.3845918803991453, 9.693437068728659e-08, 5.292515039814192e-14, 0.2990822760973409, 1.8121574453392385e-07, 0.06820567186396445, 0.003330289553104755, 5.254308141727647e-13, 0.4936659309319409, 0.0008714004494441717, 0.0005923931517228282, 4.215900525994019e-22, 0.4982306341964133, 1.4325808192144464e-13, 0.4050215978628138, 0.0, 0.03084277153385372, 0.0, 5.533985206880044e-05, 2.6634627432952415e-16, 0.2126299214207317, 0.0, 4.76042473202993e-07, 0.0007841789254752759, 7.44616764236185e-13, 8.894928306405032e-07, 0.0774527929136663, 0.0, 0.21182307060652855, 0.11783159793004701, 0.06968979496535779, 4.666615042565101e-22, 6.133174173585356e-08, 0.0, 0.5929125429111037, 0.18511673676392845, 0.007118509901458238, 8.080896309361721e-22, 9.27323577622202e-06, 0.00022867282140891153, 3.065680456730115e-05, 0.3906370081900219, 0.0], [0.0, 0.0, 0.0, 3.1771047212668047e-07, 0.0, 2.741714529219858e-07, 3.673510102254903e-08, 0.0, 0.0, 4.977007627771964e-07, 2.5492874466428207e-08, 2.925564885268096e-07, 1.0, 0.0, 1.3111039589991032e-07, 0.0, 0.0, 3.214073492190786e-07, 3.1300293845784487e-08, 4.652665536245632e-07, 1.8492311826810027e-07, 1.8209560117252652e-09, 6.056740854925588e-08, 0.0, 1.2123461523796074e-07, 0.0, 2.6129165150586958e-08, 9.939745521607675e-22, 0.0, 3.5641625719049526e-07, 1.3736866943789288e-07, 8.617840426765365e-09, 0.0, 0.0, 0.0, 0.0, 0.0, 0.0, 0.0, 3.0516993669134576e-07, 0.0, 2.670524420379617e-07, 8.637760777453215e-08, 0.0, 3.8747991700675667e-07, 1.5461495541588628e-07, 4.4596899270762807e-07, 1.3736866943789288e-07, 0.0, 0.0, 0.0, 0.0, 4.235164736271502e-22, 3.361617025216524e-07, 0.0, 2.1257900973552275e-07, 0.0, 2.3773732996965563e-22, 0.0, 3.0817405829144575e-08, 2.1175823681357504e-22, 4.4077231021909456e-07, 0.0, 1.1098539021049185e-07, 7.105833841952432e-07, 0.0, 0.0, 2.1175823681357506e-22, 0.0, 3.2442159898987755e-07, 0.0, 0.0, 4.235164736271502e-22, 1.4484308458452882e-07, 0.0, 7.803613421943622e-07, 0.0, 2.1175823681357506e-22, 4.766331737939569e-22, 1.3736866943789288e-07, 0.0, 2.174099257198679e-07, 2.8996258159890383e-07, 0.0], [0.0, 0.0, 0.000244140625, 6.829904510507711e-05, 0.0, 6.103515624999998e-05, 0.0, 0.0, 0.0, 9.884964968004343e-05, 0.0, 6.103515624999998e-05, 0.0, 1.0, 0.0, 0.0, 0.0, 0.0001882885466991452, 0.0, 0.00021179873467668678, 0.0, 0.0, 0.0, 0.0, 0.0, 0.0, 0.0, 0.0, 0.0, 0.00021362304687500003, 0.0, 8.26951826837748e-05, 7.32721005857887e-05, 0.0, 0.0, 0.0, 0.0, 0.0, 6.103515624999999e-05, 0.00024093846417747746, 8.881016079938378e-05, 0.0, 0.0, 0.0, 0.00024355940252440822, 0.0, 0.0, 7.983483536138165e-05, 0.0, 0.0, 0.0, 0.0, 0.0, 6.284565775224229e-05, 0.0, 5.9729015165893786e-05, 0.0, 0.0, 0.0, 0.0, 0.0, 7.832605121789511e-06, 0.0, 0.0, 0.0, 0.0, 0.0, 0.0, 0.0, 6.103515624999998e-05, 7.142756304169329e-05, 0.0, 0.0, 0.0, 0.0, 0.00019151966322088283, 0.0, 6.103515624999998e-05, 0.0, 0.0, 0.0001495049891835436, 0.0, 9.375300014400767e-05, 0.0], [0.0, 2.42585352766441e-15, 0.0, 5.154065069126746e-07, 0.0, 4.510581864534789e-07, 7.652764678658194e-09, 0.0, 7.267082614180751e-15, 2.0381365821151485e-07, 2.980234126859624e-08, 2.889728847560582e-07, 1.3111039589991032e-07, 0.0, 1.0, 0.0, 0.0, 7.015181485334644e-07, 1.3472556530321156e-08, 3.162371014833254e-07, 1.1774167196769363e-14, 3.3474275414445303e-07, 6.4019142942804605e-09, 0.0, 1.5860234391396474e-08, 1.1881090682012008e-18, 1.35339603832044e-08, 6.63996920975257e-14, 0.0, 2.4952387842396257e-08, 2.827296549232345e-07, 1.4901161193888314e-08, 0.0, 0.0, 0.0, 0.0, 0.0, 0.0, 2.8272965492323447e-07, 4.494227790626557e-07, 2.0777875836286757e-14, 6.460882787701711e-08, 1.2501890308386595e-08, 4.065758146820641e-20, 1.2218055536252616e-07, 1.7803386214573053e-15, 5.701902756026807e-07, 6.926969129692277e-07, 4.3107457106090667e-13, 0.0, 4.2409448238485184e-07, 2.827301884223311e-07, 0.0, 1.7915076307477737e-07, 5.684341886080802e-14, 3.508959273456509e-07, 0.0, 1.3552527156068802e-20, 0.0, 7.450580596923827e-09, 0.0, 8.916781942199356e-07, 0.0, 0.0, 1.0169379890466867e-07, 4.547473508864642e-13, 9.424321830856684e-08, 0.0, 0.0, 1.0486211349336194e-06, 4.948626043028604e-13, 0.0, 0.0, 4.470348358214968e-08, 0.0, 8.628372730938816e-07, 4.547473508864641e-13, 9.435123058607995e-15, 0.0, 9.424321830774483e-08, 2.0777870754089074e-14, 4.051281424851673e-07, 7.593046340152238e-07, 0.0], [0.0, 0.0, 0.0, 0.0, 0.0, 0.0, 0.0, 0.0, 0.0, 0.0, 0.0, 0.0, 0.0, 0.0, 0.0, 1.0, 0.0, 0.0, 0.0, 0.0, 0.0, 0.0, 0.0, 0.0, 0.0, 0.0, 0.0, 0.0, 0.0, 0.0, 0.0, 0.0, 0.0, 0.0, 0.0, 0.0, 0.0, 0.0, 0.0, 0.0, 0.0, 0.0, 0.0, 0.0, 0.0, 0.0, 0.0, 0.0, 0.0, 0.0, 0.0, 0.0, 0.0, 0.0, 0.0, 0.0, 0.0, 0.0, 0.0, 0.0, 0.0, 0.0, 0.0, 0.0, 0.0, 0.0, 0.0, 0.0, 0.0, 0.0, 0.0, 0.0, 0.0, 0.0, 0.0, 0.0, 0.0, 0.0, 0.0, 0.0, 0.0, 0.0, 0.0, 0.0], [0.0, 0.0, 0.0, 7.862653782216732e-06, 0.0, 3.515059812795496e-06, 2.0095870791566427e-06, 0.0, 0.0, 8.042087962260894e-06, 1.899161898723739e-06, 0.0, 0.0, 0.0, 0.0, 0.0, 1.0, 8.198753521680294e-06, 0.0, 1.1862732886803733e-06, 0.0, 0.0, 0.0, 0.0, 1.1240547576312158e-05, 0.0, 0.0, 0.0, 0.0, 6.222626226946284e-06, 0.0, 0.0, 0.0, 9.344061823971473e-06, 0.0, 0.0, 0.0, 1.0122733642635765e-05, 6.229374549314317e-06, 6.302507360492579e-06, 0.0, 0.0, 0.0, 0.0, 8.546631372241272e-06, 0.0, 2.254002197792316e-06, 7.913480410084503e-06, 0.0, 0.0, 6.229374549314315e-06, 0.0, 0.0, 2.8469974142124653e-06, 0.0, 2.6390160981593153e-06, 0.0, 0.0, 0.0, 9.344061823971475e-06, 0.0, 8.343991587583859e-06, 0.0, 0.0, 9.344061823971475e-06, 0.0, 0.0, 0.0, 0.0, 6.945297367092583e-06, 0.0, 0.0, 0.0, 0.0, 0.0, 1.0597500697641378e-05, 0.0, 0.0, 0.0, 4.807480146885714e-06, 9.344061823971475e-06, 6.229374549314316e-06, 1.2692772478159845e-05, 0.0], [0.0, 2.4802707164474685e-15, 0.0006862562429949216, 0.5980594624882429, 0.0, 0.0001759462385086621, 0.3894029618144735, 2.7463276190613846e-10, 5.253648713604399e-15, 0.6967929192613158, 0.011064919195726455, 0.1616587221575729, 3.214073492190786e-07, 0.0001882885466991452, 7.015181485334644e-07, 0.0, 8.198753521680294e-06, 1.0, 3.2491980719980445e-08, 0.3654741443998838, 0.09128050767241469, 4.148235610463364e-07, 1.743204807513631e-07, 0.0, 0.0020396027398472396, 2.8295708784329323e-17, 1.9081915891637832e-08, 0.5391593531192922, 1.5143336288630222e-05, 0.4850560467275824, 7.227106440271845e-07, 0.03907470041679069, 0.0005138374816238913, 0.03086436788467308, 0.0, 0.016053124729905822, 0.01991265034523839, 1.6035393821858518e-05, 5.930724042698334e-05, 0.17444548940074572, 0.0005143436185263439, 0.18373899803442542, 1.904157930737794e-07, 7.936483429109574e-14, 0.07659816866029012, 1.5885843627792533e-07, 0.14530587730101696, 0.002688933283415835, 1.3073507462971025e-12, 0.03775433610743627, 0.006810286764113974, 0.0003315414649285556, 4.674512764414776e-22, 0.4828824585167313, 5.028662922821824e-14, 0.4983075722357486, 0.0, 0.032187522062063136, 0.0, 2.478118816293256e-05, 2.52649085230294e-16, 0.34673274819979916, 0.0, 2.832926865182278e-07, 0.0008594472312252652, 1.5388172330084013e-12, 2.5799868117854273e-07, 0.07588056686333804, 1.0948621224119006e-06, 0.45771026567152795, 0.0038084935403985103, 0.030949410530261567, 5.672999630703216e-22, 2.112537162798919e-07, 0.0, 0.38392377827407026, 0.395276175624499, 0.02272277673302638, 6.435112871482655e-22, 2.560910311861348e-05, 0.0002063814617341565, 3.812476199221095e-05, 0.3817901243961654, 0.0], [0.0, 4.2896958300487305e-15, 0.0, 3.0354635418649524e-08, 0.0, 0.0, 1.0401060886622709e-08, 8.949466687064854e-11, 4.111175206664465e-15, 8.536627298182665e-09, 1.2136881845196326e-10, 1.6849690703602614e-08, 3.1300293845784487e-08, 0.0, 1.3472556530321156e-08, 0.0, 0.0, 3.2491980719980445e-08, 1.0, 8.86300617523527e-09, 1.3544299094661045e-14, 8.944348239149903e-09, 7.796577275895839e-09, 0.0, 5.922588175330366e-09, 0.0, 1.3000792642752994e-08, 2.547931433923507e-13, 0.0, 2.65630273184112e-08, 2.1827872842550278e-11, 7.490372953530652e-09, 5.837303675711458e-10, 1.3234889800848441e-23, 0.0, 0.0, 3.5074050767904356e-10, 0.0, 0.0, 3.038690446274681e-08, 3.450074742053526e-14, 3.232672106916412e-08, 1.3902996749607123e-08, 3.427094857747792e-15, 3.203505241430413e-08, 8.161114400358996e-10, 8.701480014502864e-09, 2.068438535407151e-17, 0.0, 0.0, 0.0, 2.7728936224122318e-17, 1.4016552066191665e-22, 4.143276972085134e-08, 5.684341886080802e-14, 1.2801036552421542e-08, 0.0, 3.504198171267326e-10, 0.0, 3.248206539001342e-08, 2.1175823681357513e-22, 2.0075460426196536e-08, 0.0, 3.220966088953194e-22, 7.798244201407246e-09, 8.849558996345727e-13, 0.0, 2.117582368135751e-22, 0.0, 1.70741856127042e-08, 5.97002210075412e-19, 0.0, 1.8161580823945123e-22, 0.0, 0.0, 1.9638495049756008e-08, 1.8626439848369307e-11, 8.249686075530442e-12, 3.451481603335551e-22, 0.0, 3.45007474271527e-14, 3.68181710445989e-08, 3.718682699458789e-08, 0.0], [0.0, 2.619335797844655e-15, 0.0005291940272451547, 0.29815165874854366, 0.0, 0.00012934028522003753, 0.21714276145182806, 2.0975345290285707e-10, 5.816884124713163e-15, 0.3852358493064782, 0.0156293487399021, 0.5985736776426676, 4.652665536245632e-07, 0.00021179873467668678, 3.162371014833254e-07, 0.0, 1.1862732886803733e-06, 0.3654741443998838, 8.86300617523527e-09, 1.0, 0.49757057838215474, 1.072665723458259e-07, 1.2679903068067406e-07, 0.0, 0.0021661196545558394, 1.8085251546851668e-17, 2.5978508183506597e-08, 0.6721208336036698, 4.585590294894604e-05, 0.6373693038226771, 3.484548428294251e-07, 0.029537518249650903, 0.0008635158220847525, 0.025531706059191975, 0.0, 0.03125, 0.019852690199260243, 1.5784809448970606e-05, 4.6058231349531016e-05, 0.5096433079251245, 0.0005138599737498264, 0.20560259208300724, 1.8563757752234718e-07, 3.673852026748614e-14, 0.3193574292175433, 7.541105047749199e-08, 0.09114924632512625, 0.00292556795073418, 1.0357763999102341e-12, 0.4591696263778672, 0.001014476507358194, 0.00042684464396542304, 1.1076398328131687e-22, 0.4780061444367274, 7.024360109115446e-14, 0.33233251949555287, 0.0, 0.13678124541173195, 0.0, 6.295989507910412e-05, 2.9598303807262725e-16, 0.4893019936124636, 0.0, 1.8344161557643211e-07, 0.0008064012833083321, 1.5554689023713723e-12, 7.856518796464564e-07, 0.061308791912309854, 2.027935848726086e-06, 0.39821115781442085, 0.026577992513976564, 0.15980193413194624, 1.0593878079315143e-22, 1.912680912322293e-07, 0.0, 0.6013240003098799, 0.1647412090341634, 0.019046073803992918, 4.612890652229032e-22, 2.936766068651749e-05, 9.229124942996064e-05, 7.361931898677924e-05, 0.33404882436793604, 0.0], [0.0, 1.431384519605107e-18, 0.0, 0.17003359773361082, 0.0, 2.409415972899968e-07, 0.001973793564999654, 0.0, 0.0, 0.26878423441578647, 3.564496738956045e-15, 0.42824815227092417, 1.8492311826810027e-07, 0.0, 1.1774167196769363e-14, 0.0, 0.0, 0.09128050767241469, 1.3544299094661045e-14, 0.49757057838215474, 1.0, 1.7862508012855965e-17, 0.0, 0.0, 0.0006901237883803125, 7.574414851930789e-20, 3.552713678800501e-15, 0.35167976841387677, 0.0, 0.33352684280820216, 2.4590998798818413e-08, 6.776263578034403e-21, 0.0, 0.0, 0.0, 0.0, 0.0, 0.0, 0.0, 0.12454597625947576, 1.0658141036401503e-14, 0.0005866440336634974, 1.4901161193847655e-08, 2.0328790734103208e-20, 0.16366564504068598, 4.6739604702052844e-18, 0.0021551262669762044, 0.0029428593516369647, 0.0, 0.4478323318702597, 0.0002014494621599206, 8.588307117630643e-18, 0.0, 0.2577559474934539, 0.0, 0.056118741845184665, 0.0, 0.1063622823198729, 0.0, 1.7347234759768075e-18, 2.117582368135751e-22, 0.08766552422971118, 0.0, 3.371046979884322e-08, 1.475459927929106e-07, 0.0, 0.0, 8.470329472543003e-22, 0.0, 0.1937989374421527, 0.0, 0.12971431473306935, 0.0, 0.0, 0.0, 0.47871253030294897, 0.14187749875187214, 0.001797821331611657, 5.588113072067082e-22, 4.6722897717755015e-07, 1.0658141036401503e-14, 1.4754599592036773e-07, 0.16955764724456682, 0.0], [0.0, 1.0567618714247726e-16, 0.0, 4.2498384910302263e-07, 0.0, 8.974867683262046e-07, 2.9486704536378707e-08, 0.0, 2.4065829722887793e-16, 2.7678259658063416e-07, 2.7536239550103895e-16, 4.0820051660449034e-07, 1.8209560117252652e-09, 0.0, 3.3474275414445303e-07, 0.0, 0.0, 4.148235610463364e-07, 8.944348239149903e-09, 1.072665723458259e-07, 1.7862508012855965e-17, 1.0, 2.9118727766971656e-09, 0.0, 2.624507936760074e-16, 4.205775866712406e-17, 8.944348421228711e-09, 1.3524921644368808e-16, 0.0, 7.792905907129479e-07, 9.463175005721511e-07, 0.0, 0.0, 0.0, 0.0, 0.0, 0.0, 0.0, 9.463175005721511e-07, 8.06358602660659e-07, 0.0, 1.1375525816238424e-08, 5.579615777406293e-09, 2.220446049250313e-16, 2.7610332651892133e-07, 1.9513570977505632e-17, 4.4178250528404764e-07, 1.802847301075844e-07, 0.0, 0.0, 8.852647586552653e-07, 9.463175005849651e-07, 9.264422860593909e-23, 3.1561078898708133e-07, 0.0, 9.486956267098141e-07, 0.0, 0.0, 0.0, 8.944348218635761e-09, 3.8328706535683615e-16, 3.3628104626539824e-08, 0.0, 8.130503136366445e-24, 3.041259115856271e-07, 0.0, 2.7473733887632765e-07, 0.0, 0.0, 2.836816873067719e-07, 3.382769304081544e-18, 0.0, 0.0, 2.54521745091195e-19, 0.0, 4.450939698176509e-07, 0.0, 4.597541734619857e-16, 0.0, 2.7473733887578576e-07, 8.130503136366443e-24, 8.665269120781857e-07, 8.190295757476406e-08, 0.0], [0.0, 0.0, 0.0, 2.4849478719487663e-07, 0.0, 0.0, 2.3208131904550803e-07, 0.0, 0.0, 6.989233550376842e-08, 0.0, 6.077170191113632e-08, 6.056740854925588e-08, 0.0, 6.4019142942804605e-09, 0.0, 0.0, 1.743204807513631e-07, 7.796577275895839e-09, 1.2679903068067406e-07, 0.0, 2.9118727766971656e-09, 1.0, 0.0, 5.960464477539062e-08, 0.0, 7.793634793037081e-09, 5.0056720795170334e-23, 0.0, 1.5918484425427897e-07, 0.0, 0.0, 0.0, 1.3234889800848443e-23, 0.0, 0.0, 0.0, 0.0, 0.0, 2.57382566473818e-07, 0.0, 2.4145545692563536e-07, 2.669754205708876e-07, 0.0, 6.98721483845544e-08, 1.3102285236108516e-07, 5.960464477539069e-08, 0.0, 0.0, 0.0, 0.0, 0.0, 1.3234889800848441e-23, 9.243570102152496e-08, 0.0, 1.627499937355606e-07, 0.0, 0.0, 0.0, 7.793634793037094e-09, 0.0, 1.2591211272657304e-07, 0.0, 1.0587911840678754e-22, 1.0245837130395248e-07, 0.0, 0.0, 0.0, 0.0, 1.1159185557824056e-07, 6.135752166835352e-23, 0.0, 8.416249710461728e-23, 5.960464477539062e-08, 0.0, 4.6319279172664535e-08, 1.3607671042135973e-11, 9.09494701772928e-13, 0.0, 0.0, 0.0, 2.134335080617098e-07, 5.686456132086672e-08, 0.0], [0.0, 0.0, 0.0, 0.0, 0.0, 0.0, 0.0, 0.0, 0.0, 0.0, 0.0, 0.0, 0.0, 0.0, 0.0, 0.0, 0.0, 0.0, 0.0, 0.0, 0.0, 0.0, 0.0, 1.0, 0.0, 0.0, 0.0, 0.0, 0.0, 0.0, 0.0, 0.0, 0.0, 0.0, 0.0, 0.0, 0.0, 0.0, 0.0, 0.0, 0.0, 0.0, 0.0, 0.0, 0.0, 0.0, 0.0, 0.0, 0.0, 0.0, 0.0, 0.0, 0.0, 0.0, 0.0, 0.0, 0.0, 0.0, 0.0, 0.0, 0.0, 0.0, 0.0, 0.0, 0.0, 0.0, 0.0, 0.0, 0.0, 0.0, 0.0, 0.0, 0.0, 0.0, 0.0, 0.0, 0.0, 0.0, 0.0, 0.0, 0.0, 0.0, 0.0, 0.0], [0.0, 2.0288569820043017e-17, 0.0, 0.0008326332978229095, 0.0, 1.3395746569814934e-05, 0.00010995809503485254, 2.162752013579169e-10, 2.436515314197596e-16, 0.0017774097732316503, 3.859805220015319e-06, 0.0008596333246564123, 1.2123461523796074e-07, 0.0, 1.5860234391396474e-08, 0.0, 1.1240547576312158e-05, 0.0020396027398472396, 5.922588175330366e-09, 0.0021661196545558394, 0.0006901237883803125, 2.624507936760074e-16, 5.960464477539062e-08, 0.0, 1.0, 1.043504020493726e-16, 6.109811004106059e-09, 0.00026646225531447326, 0.0, 0.0016506842814890217, 0.0, 2.8649222370473716e-06, 0.0001745801110579289, 7.62939453125e-06, 0.0, 0.0, 3.958120942115783e-09, 1.0169345854694619e-05, 3.8146972656249996e-06, 0.0015931081730929811, 0.0, 0.0013740226213227514, 5.960464477539062e-08, 2.0479861900030756e-16, 0.0009624442207210775, 1.3200639266041107e-07, 0.0017649272724823166, 0.0015138506122386428, 0.0, 0.0, 7.152557373105388e-06, 0.0002664622553143855, 0.0, 0.0009251645708430482, 0.0, 0.0013426959705892048, 0.0, 0.0018282679960926517, 0.0, 3.819613068077958e-06, 1.230383066316494e-16, 0.0013743984914008469, 0.0, 0.0, 0.0009797834753261354, 0.0, 0.0, 0.0, 5.718595660523065e-06, 0.0019964681958502405, 0.00017457871899908016, 0.0, 0.0, 3.5120246810704853e-07, 0.0, 0.00013199288507621598, 0.0, 0.0011346609388738237, 0.0, 1.3084303676033689e-06, 1.5258789062499998e-05, 6.766409167290946e-06, 0.00138453296024007, 0.0], [0.0, 1.6996749443881478e-17, 0.0, 4.8034393465492703e-17, 0.0, 0.0, 0.0, 0.0, 1.1047887138522961e-16, 5.4362153400775546e-17, 3.554862760709629e-17, 8.608809172067213e-17, 0.0, 0.0, 1.1881090682012008e-18, 0.0, 0.0, 2.8295708784329323e-17, 0.0, 1.8085251546851668e-17, 7.574414851930789e-20, 4.205775866712406e-17, 0.0, 0.0, 1.043504020493726e-16, 1.0, 0.0, 1.1444455571593385e-18, 0.0, 1.0674410176319819e-16, 0.0, 2.710505431213761e-20, 0.0, 0.0, 0.0, 0.0, 0.0, 0.0, 0.0, 3.6082926872501815e-17, 0.0, 4.3341838752876827e-19, 0.0, 5.482377276764127e-20, 5.2199650789251556e-17, 0.0, 8.498845585155327e-19, 4.725404273607312e-19, 0.0, 0.0, 0.0, 0.0, 0.0, 3.567034825207942e-17, 0.0, 4.19647119504786e-17, 0.0, 2.1965776889267055e-20, 0.0, 0.0, 5.088522196198634e-17, 7.363188106695683e-17, 0.0, 0.0, 0.0, 0.0, 1.284786173305555e-18, 0.0, 0.0, 7.094213618103529e-17, 0.0, 0.0, 0.0, 1.0082930976915623e-18, 0.0, 9.573820583617056e-17, 0.0, 6.260379374797855e-19, 0.0, 0.0, 0.0, 1.5727880615369928e-18, 8.586056399239235e-17, 0.0], [0.0, 9.468213886285095e-16, 0.0, 3.1138536484005104e-08, 0.0, 0.0, 1.2324430146544611e-08, 5.529727786779403e-10, 1.5101285967009342e-15, 2.6191190028281365e-08, 2.6952875097410134e-10, 2.5633882060682445e-08, 2.6129165150586958e-08, 0.0, 1.35339603832044e-08, 0.0, 0.0, 1.9081915891637832e-08, 1.3000792642752994e-08, 2.5978508183506597e-08, 3.552713678800501e-15, 8.944348421228711e-09, 7.793634793037081e-09, 0.0, 6.109811004106059e-09, 0.0, 1.0, 1.7059803904156782e-14, 0.0, 2.035105694407659e-08, 0.0, 1.2146002617779545e-08, 1.1641532182693479e-10, 0.0, 0.0, 0.0, 1.164153218269348e-09, 0.0, 0.0, 3.3515015340596495e-08, 3.5527136788005e-15, 2.3256357377077407e-08, 1.846885198965743e-08, 5.551115123125784e-17, 1.4963288462090412e-08, 2.3283190130956474e-10, 1.0668017410261763e-08, 0.0, 0.0, 0.0, 2.775557561562891e-16, 0.0, 0.0, 2.7884488772828394e-08, 0.0, 1.368984600573774e-08, 0.0, 2.3283064365386958e-10, 0.0, 1.203522442387083e-08, 4.4087621277970776e-16, 4.236711067034256e-08, 0.0, 0.0, 7.683411240577698e-09, 0.0, 0.0, 0.0, 0.0, 5.204176565574774e-08, 0.0, 0.0, 0.0, 0.0, 0.0, 4.6315962128081305e-08, 0.0, 3.929542831491085e-15, 0.0, 0.0, 3.5527136788005005e-15, 1.7783449935850415e-08, 1.9035287460638857e-08, 0.0], [0.0, 6.522771793457479e-15, 0.0, 0.3459285003501582, 0.0, 0.0, 0.1601035347284857, 0.0, 5.682427040551095e-15, 0.6964079862101122, 0.015625000000004486, 0.36603742087270147, 9.939745521607675e-22, 0.0, 6.63996920975257e-14, 0.0, 0.0, 0.5391593531192922, 2.547931433923507e-13, 0.6721208336036698, 0.35167976841387677, 1.3524921644368808e-16, 5.0056720795170334e-23, 0.0, 0.00026646225531447326, 1.1444455571593385e-18, 1.7059803904156782e-14, 1.0, 0.0, 0.6964831894009824, 0.0, 0.0336666008091129, 0.00024414062499999997, 0.015625, 0.0, 0.0234375, 0.025192174463053087, 0.0, 0.0, 0.6036606247887074, 3.5527136788005e-15, 0.21195980135470657, 0.0, 3.7753554586456975e-14, 0.5156504016729881, 2.997986535014313e-14, 0.09765728493651282, 0.001919876423070697, 0.0, 0.2919809834927043, 0.002827654405471525, 0.00024414062500002727, 3.0532292418186256e-22, 0.5220863764921246, 5.684341886080802e-14, 0.36667320876510356, 0.0, 0.19948280336990148, 0.0, 8.67837629850628e-19, 2.8840039953776694e-16, 0.42522904400179695, 0.0, 8.915658566050761e-22, 0.00024414062499999995, 0.0, 1.7169794822470414e-18, 0.06536303234094774, 0.0, 0.34082433042296356, 0.03919642167909393, 0.21037865536089315, 2.6161294081840535e-22, 1.7181075103099513e-18, 0.0, 0.40256427491509217, 0.25915939982921227, 0.0045956625027431565, 4.344235904199735e-22, 0.0, 3.5527136945850365e-15, 1.7626445824122119e-13, 0.6725241956167608, 0.0], [0.0, 0.0, 0.0, 0.00011510349556159283, 0.0, 3.9398023948236255e-05, 0.0, 0.0, 0.0, 1.955692554052739e-06, 0.0, 0.0, 0.0, 0.0, 0.0, 0.0, 0.0, 1.5143336288630222e-05, 0.0, 4.585590294894604e-05, 0.0, 0.0, 0.0, 0.0, 0.0, 0.0, 0.0, 0.0, 1.0, 4.9834996394514535e-05, 0.0, 0.0, 3.0517578125e-05, 0.0, 0.0, 0.0, 0.0, 0.0, 0.0, 4.242435322366625e-05, 2.3092040812479185e-05, 0.0, 0.0, 0.0, 0.0, 0.0, 0.0, 3.46656392973062e-05, 0.0, 0.0, 4.577636718750001e-05, 1.562950194493359e-05, 0.0, 0.0, 0.0, 1.9659425876390613e-05, 0.0, 0.0, 0.0, 0.0, 0.0, 2.6997428495159388e-05, 0.0, 0.0, 0.0, 0.0, 0.0, 0.0, 0.0, 3.051757812500001e-05, 3.0517578124999997e-05, 0.0, 0.0, 0.0, 0.0, 3.513663935473283e-05, 0.0, 0.0, 0.0, 0.0, 0.0, 3.0517578125e-05, 1.6980596953175893e-05, 0.0], [0.0, 3.3821992276813482e-15, 0.00034812623357737286, 0.3129675328559713, 0.0, 0.00021125468105789576, 0.25043160829626565, 2.889608761167369e-10, 3.691004206799271e-15, 0.6242348103923281, 0.01562711049667649, 0.39091463820825123, 3.5641625719049526e-07, 0.00021362304687500003, 2.4952387842396257e-08, 0.0, 6.222626226946284e-06, 0.4850560467275824, 2.65630273184112e-08, 0.6373693038226771, 0.33352684280820216, 7.792905907129479e-07, 1.5918484425427897e-07, 0.0, 0.0016506842814890217, 1.0674410176319819e-16, 2.035105694407659e-08, 0.6964831894009824, 4.9834996394514535e-05, 1.0, 1.2056374700075004e-06, 0.036805969024615685, 0.0006467743440658016, 0.019535457498610166, 0.0, 0.024130172717997153, 0.026413265567916153, 1.018567449531898e-05, 0.00011177296779412945, 0.6321674406486797, 0.00039288279024115354, 0.12403588332756443, 1.7580010447641922e-07, 6.916620987506637e-15, 0.7479591365035368, 1.3933243393575541e-08, 0.14534013658843503, 0.0025939857785435123, 4.3107457106090667e-13, 0.3912576814978014, 0.006461202861749265, 0.0004954349074142386, 3.301177190216312e-22, 0.49785263133964724, 6.339481875611144e-14, 0.33663559826774136, 0.0, 0.3547921220708511, 0.0, 4.999707654973379e-05, 2.623277826046388e-16, 0.4765945646786336, 0.0, 4.4822783266159775e-07, 0.0014552243569694737, 9.4089271790367e-13, 2.1371741301622547e-18, 0.025378921580658895, 1.630222989066651e-06, 0.3804555301507744, 0.008486701277167125, 0.37609413399993197, 3.2111867343285673e-22, 1.9740793899959158e-07, 0.0, 0.43342377916285324, 0.11920094154643263, 0.020188671950797016, 2.481239428679356e-22, 2.2778300346792072e-05, 0.0002511149922934445, 8.955551617374209e-05, 0.2640752260792706, 0.0], [0.0, 0.0, 0.0, 5.896524574055166e-07, 0.0, 1.0480934279753366e-06, 8.731149137020111e-11, 1.455191522836685e-11, 0.0, 2.4391313937289235e-07, 0.0, 8.233451188878804e-07, 1.3736866943789288e-07, 0.0, 2.827296549232345e-07, 0.0, 0.0, 7.227106440271845e-07, 2.1827872842550278e-11, 3.484548428294251e-07, 2.4590998798818413e-08, 9.463175005721511e-07, 0.0, 0.0, 0.0, 0.0, 0.0, 0.0, 0.0, 1.2056374700075004e-06, 1.0, 0.0, 5.820766091346741e-11, 0.0, 0.0, 0.0, 0.0, 0.0, 9.5367431640625e-07, 9.422712652566685e-07, 0.0, 1.1923103792400494e-07, 0.0, 0.0, 4.0001265116628287e-07, 0.0, 5.660492603210162e-07, 2.7907735776659375e-07, 0.0, 0.0, 8.344650268554688e-07, 9.5367431640625e-07, 0.0, 3.8839618474927924e-07, 0.0, 1.0480499216001966e-06, 0.0, 0.0, 0.0, 0.0, 0.0, 1.5261760826804972e-07, 0.0, 4.7604247320299197e-07, 3.576933522708714e-07, 0.0, 2.3841857910156245e-07, 0.0, 0.0, 3.875857758111146e-07, 0.0, 0.0, 0.0, 0.0, 0.0, 5.054330341814646e-07, 1.2576477304494588e-11, 2.9103830456733697e-11, 0.0, 3.5762786865234375e-07, 0.0, 1.006003391905269e-06, 4.162422192945671e-07, 0.0], [0.0, 0.0, 0.0005709764326837748, 0.009171869787955117, 0.0, 6.158050318891132e-05, 0.10014613833770049, 0.0, 0.0, 0.10877918409911082, 1.9073486328124996e-06, 0.03727429122047045, 8.617840426765365e-09, 8.26951826837748e-05, 1.4901161193888314e-08, 0.0, 0.0, 0.03907470041679069, 7.490372953530652e-09, 0.029537518249650903, 6.776263578034403e-21, 0.0, 0.0, 0.0, 2.8649222370473716e-06, 2.710505431213761e-20, 1.2146002617779545e-08, 0.0336666008091129, 0.0, 0.036805969024615685, 0.0, 1.0, 0.00030801521994912095, 0.003907203674316406, 0.0, 0.0, 0.015625000232830644, 5.192143658993686e-06, 0.0001240427740256622, 0.027327138892729246, 0.00017948119674450794, 0.04813463547581499, 4.943376799650765e-09, 2.710505431213761e-20, 0.1274787506441347, 8.886706453104761e-10, 0.03172217779603538, 0.00010092202801407364, 0.0, 0.00390625, 9.5367431640625e-07, 0.00012207031249999997, 0.0, 0.12814902466929404, 0.0, 0.07543433244409128, 0.0, 9.53833820291134e-05, 0.0, 2.0954757928848267e-09, 0.0, 0.03827951629737822, 0.0, 0.0, 0.00012969993986189363, 0.0, 0.0, 0.04807417245634, 8.634558582514325e-06, 0.10441535630737223, 0.044630936317700744, 0.0, 0.0, 0.0, 0.0, 0.10270842969207068, 0.0, 0.004205230383523092, 0.0, 0.0, 1.5004518648999071e-05, 2.864981070160876e-06, 0.05087301699557628, 0.0], [0.0, 0.0, 0.00019534241308578865, 0.0005483610648369502, 0.0, 7.327210058578868e-05, 0.0010553362076761786, 1.7847005012296626e-10, 0.0, 0.0004846134077323547, 1.1356038159108854e-10, 0.0008232271068686197, 0.0, 7.32721005857887e-05, 0.0, 0.0, 0.0, 0.0005138374816238913, 5.837303675711458e-10, 0.0008635158220847525, 0.0, 0.0, 0.0, 0.0, 0.0001745801110579289, 0.0, 1.1641532182693479e-10, 0.00024414062499999997, 3.0517578125e-05, 0.0006467743440658016, 5.820766091346741e-11, 0.00030801521994912095, 1.0, 0.0, 0.0, 0.0, 0.0, 0.0, 7.327210058578868e-05, 0.0006337470136172608, 0.0003619009662195387, 0.00024414250939352246, 0.0, 0.0, 0.0007649251135847094, 4.656612873077392e-10, 0.0001604133381559236, 0.0006259079620931853, 0.0, 0.0, 0.00010681152343749999, 0.0004091920678485673, 0.0, 0.0005958818865127329, 0.0, 0.00053559331598