"{\"names\": [\"172.217.10.1\", \"104.88.86.240\", \"38.93.140.48\", \"192.168.10.15\", \"104.88.108.223\", \"195.142.105.15\", \"172.217.12.163\", \"206.217.206.48\", \"172.217.6.228\", \"178.255.83.1\", \"74.119.118.82\", \"192.168.10.9\", \"172.217.7.6\", \"35.186.227.40\", \"31.13.71.36\", \"206.126.112.142\", \"151.101.2.49\", \"192.168.10.25\", \"172.217.3.98\", \"192.168.10.16\", \"72.30.202.150\", \"172.217.12.132\", \"50.31.164.173\", \"162.208.20.178\", \"23.15.4.16\", \"216.58.217.99\", \"172.217.6.198\", \"172.217.12.174\", \"169.46.44.40\", \"192.168.10.17\", \"52.84.143.130\", \"104.19.195.102\", \"216.200.232.61\", \"104.97.73.166\", \"152.163.13.79\", \"192.229.163.25\", \"74.119.118.86\", \"54.225.188.92\", \"188.165.145.88\", \"192.168.10.14\", \"8.43.72.98\", \"199.96.57.6\", \"68.67.178.110\", \"104.88.70.158\", \"192.168.10.19\", \"69.172.216.56\", \"157.240.18.35\", \"172.217.11.34\", \"185.54.150.20\", \"69.169.85.7\", \"198.232.124.194\", \"74.119.118.72\", \"172.217.12.134\", \"192.168.10.5\", \"23.111.9.30\", \"192.168.10.8\", \"151.101.66.2\", \"68.67.178.199\", \"213.239.195.215\", \"138.108.7.20\", \"52.84.145.87\", \"192.168.10.50\", \"52.84.145.198\", \"52.40.24.51\", \"212.77.100.137\", \"185.54.150.115\", \"172.217.10.138\", \"152.163.66.165\", \"52.84.137.78\", \"192.168.10.51\", \"68.67.178.109\", \"129.146.14.96\", \"54.152.24.232\", \"172.217.10.33\", \"52.8.229.108\", \"192.168.10.12\", \"64.147.131.201\", \"172.217.12.206\", \"68.67.180.12\", \"172.217.10.134\", \"38.69.238.16\", \"172.217.10.142\", \"192.168.10.3\", \"172.217.6.202\"], \"funcEdges\": [[1.0, 0.0, 0.0, 0.0, 0.0, 0.0, 0.0, 0.0, 0.0, 0.0, 0.0, 0.0, 0.0, 0.0, 0.0, 0.0, 0.0, 0.0, 0.0, 0.0, 0.0, 0.0, 0.0, 0.0, 0.0, 0.0, 0.0, 0.0, 0.0, 0.0, 0.0, 0.0, 0.0, 0.0, 0.0, 0.0, 0.0, 0.0, 0.0, 0.0, 0.0, 0.0, 0.0, 0.0, 0.0, 0.0, 0.0, 0.0, 0.0, 0.0, 0.0, 0.0, 0.0, 0.0, 0.0, 0.0, 0.0, 0.0, 0.0, 0.0, 0.0, 0.0, 0.0, 0.0, 0.0, 0.0, 0.0, 0.0, 0.0, 0.0, 0.0, 0.0, 0.0, 0.0, 0.0, 0.0, 0.0, 0.0, 0.0, 0.0, 0.0, 0.0, 0.0, 0.0], [0.0, 1.0, 0.0, 1.923967965449784e-10, 0.0, 0.0, 0.0, 0.0, 1.2424295696868074e-10, 2.149315643098606e-10, 3.041863490477134e-11, 1.0973836761297149e-10, 0.0, 0.0, 7.949036839450739e-11, 0.0, 0.0, 8.127351083655065e-11, 1.405647529590368e-10, 8.583039542377365e-11, 4.6903607938420143e-14, 3.462797300284695e-12, 0.0, 0.0, 6.648158558631696e-13, 5.569494857771083e-13, 3.1025443262579e-11, 2.1373818612801468e-10, 0.0, 1.1082790429266242e-10, 0.0, 0.0, 0.0, 0.0, 0.0, 0.0, 0.0, 0.0, 0.0, 1.0964459441302833e-10, 0.0, 8.08477244526e-12, 0.0, 0.0, 1.7815317552325833e-10, 1.1509549117339954e-10, 2.8142164763052096e-13, 8.597234713237322e-13, 0.0, 0.0, 7.275957614183426e-12, 2.2737367544323206e-13, 0.0, 2.1136301238325603e-10, 0.0, 1.4101316869722256e-10, 0.0, 0.0, 0.0, 0.0, 1.4851986287389551e-12, 1.5299156086933793e-10, 0.0, 0.0, 0.0, 0.0, 0.0, 0.0, 0.0, 1.3899222433829846e-10, 0.0, 0.0, 0.0, 0.0, 0.0, 7.932934221716277e-11, 0.0, 1.254801783858884e-10, 0.0, 0.0, 0.0, 2.6761812900434672e-12, 2.5081061208615624e-10, 0.0], [0.0, 0.0, 1.0, 0.0, 0.0, 0.0, 0.0, 0.0, 0.0, 0.0, 0.0, 0.0, 0.0, 0.0, 0.0, 0.0, 0.0, 0.0, 0.0, 0.0, 0.0, 0.0, 0.0, 0.0, 0.0, 0.0, 0.0, 0.0, 0.0, 0.0, 0.0, 0.0, 0.0, 0.0, 0.0, 0.0, 0.0, 0.0, 0.0, 0.0, 0.0, 0.0, 0.0, 0.0, 0.0, 0.0, 0.0, 0.0, 0.0, 0.0, 0.0, 0.0, 0.0, 0.0, 0.0, 0.0, 0.0, 0.0, 0.0, 0.0, 0.0, 0.0, 0.0, 0.0, 0.0, 0.0, 0.0, 0.0, 0.0, 0.0, 0.0, 0.0, 0.0, 0.0, 0.0, 0.0, 0.0, 0.0, 0.0, 0.0, 0.0, 0.0, 0.0, 0.0], [0.0, 1.923967965449784e-10, 0.0, 1.0, 0.0, 0.5163351704155159, 0.44479425150310126, 1.3628811256070344e-05, 2.975150365654624e-10, 0.3748210882107874, 0.2984512298693892, 0.03990843828130832, 0.010410736750647066, 0.0, 0.01688884041851452, 0.0, 0.2576434391356779, 0.6342622314944695, 0.0009946606933983076, 0.5343617726073999, 0.004079193840211845, 0.013925870767407846, 0.008142677186801717, 0.0, 0.605957526297568, 1.573991005077265e-12, 0.0010203475635078793, 5.009570175399141e-09, 0.0, 0.2374774550646164, 0.019321731724263966, 0.11025266942669047, 7.235166032478941e-05, 0.21875, 0.0, 0.0, 9.314944601685577e-05, 0.44589118449935833, 0.19868889755269042, 0.2521830802399988, 2.9582086072474786e-10, 0.009611711212844695, 0.009271523874017489, 1.005620051709215e-09, 0.12134959116562977, 0.0027134227877040457, 0.446872389633544, 0.31290795232915875, 5.94446085832043e-08, 0.0, 0.25410279305797523, 0.011188956554072961, 1.3421292097896744e-17, 0.4284659894753827, 3.0297021635242225e-09, 0.7869144744998168, 0.0, 6.653311366590262e-06, 0.0, 0.18812842089150061, 1.886973638223859e-11, 0.33929885814372396, 0.0, 0.008723773655844234, 0.30100212698708506, 6.705522537231444e-08, 0.024144463140072535, 4.1047486946707335e-18, 0.111798874149835, 0.3615208186740344, 5.9457454994033914e-08, 0.0, 1.935242850357349e-17, 0.0025917531355918277, 0.0, 0.21398084969943082, 8.49590945679673e-07, 3.0081981125360825e-07, 4.035476952530693e-18, 0.22967553479914882, 0.4375000002958203, 0.2473534476721293, 0.3037543660806906, 0.0], [0.0, 0.0, 0.0, 0.0, 1.0, 0.0, 0.0, 0.0, 0.0, 0.0, 0.0, 0.0, 0.0, 0.0, 0.0, 0.0, 0.0, 0.0, 0.0, 0.0, 0.0, 0.0, 0.0, 0.0, 0.0, 0.0, 0.0, 0.0, 0.0, 0.0, 0.0, 0.0, 0.0, 0.0, 0.0, 0.0, 0.0, 0.0, 0.0, 0.0, 0.0, 0.0, 0.0, 0.0, 0.0, 0.0, 0.0, 0.0, 0.0, 0.0, 0.0, 0.0, 0.0, 0.0, 0.0, 0.0, 0.0, 0.0, 0.0, 0.0, 0.0, 0.0, 0.0, 0.0, 0.0, 0.0, 0.0, 0.0, 0.0, 0.0, 0.0, 0.0, 0.0, 0.0, 0.0, 0.0, 0.0, 0.0, 0.0, 0.0, 0.0, 0.0, 0.0, 0.0], [0.0, 0.0, 0.0, 0.5163351704155159, 0.0, 1.0, 0.45774699989239864, 0.0, 0.0, 0.42847096073295465, 0.1584906814264297, 0.02566660346682592, 0.00898405016934763, 0.0, 0.014780274653707596, 0.0, 0.11518147994568281, 0.7356205458425447, 0.0, 0.5432670821458754, 0.007895174259998616, 0.029408846424513073, 0.0, 0.0, 0.43895182359969576, 0.0, 0.0, 0.0, 0.0, 0.21247145742364815, 0.03434392544789583, 0.21136609770629033, 0.0, 0.16688105074124643, 0.0, 0.0, 0.0, 0.38988897881901297, 0.15754530974660197, 0.26378236210328526, 0.0, 0.00637887953849786, 0.0, 0.0, 0.3745550757560918, 0.0, 0.5289267297021178, 0.482074708083525, 0.0, 0.0, 0.4753082719228616, 0.027965045909397974, 0.0, 0.3416113349625845, 0.0, 0.637176389642714, 0.0, 0.0, 0.0, 0.15837587802324937, 0.0, 0.5072139413393782, 0.0, 0.005893006218815406, 0.3421046746845116, 0.0, 0.013825415955207988, 0.0, 0.16369670189189098, 0.3395352513202198, 0.0, 0.0, 0.0, 0.0, 0.0, 0.09125188678151486, 0.0, 0.0, 0.0, 0.23749420750722441, 0.2735583347674307, 0.32737539841760055, 0.41377702804848504, 0.0], [0.0, 0.0, 0.0, 0.44479425150310126, 0.0, 0.45774699989239864, 1.0, 4.76837158203125e-07, 0.0, 0.36543429363956526, 0.11467529820014054, 0.0012399060150891281, 0.0012037357903068866, 0.0, 0.0002507657929902717, 0.0, 0.06585014940980487, 0.6359571635544902, 0.0003408219631328529, 0.6862565857376084, 0.0, 0.0009662203342480575, 0.007604840662483207, 0.0, 0.2669273511912378, 0.0, 0.0004038469270419738, 0.0, 0.0, 0.45787889027258527, 2.86102294921875e-06, 0.07618346157728627, 1.9073486328125004e-06, 0.19486584440790353, 0.0, 0.0, 1.1504106506444037e-08, 0.32480942951931646, 0.18379392143018172, 0.561830972109743, 0.0, 0.00759036635598256, 0.007411203207717178, 0.0, 0.622106454884873, 0.002373758181778301, 0.40185049753522756, 0.5060647374685083, 5.935114445211746e-08, 0.0, 0.19486584440790353, 5.8656826116446984e-08, 0.0, 0.48837440982252767, 0.0, 0.5422829380350775, 0.0, 0.0, 0.0, 0.19530960950154952, 0.0, 0.22115659095107798, 0.0, 0.0, 0.2739460854057654, 8.925973438628112e-08, 0.0, 0.0, 0.07608695652173914, 0.5497246055652784, 5.92125089544999e-08, 0.0, 0.0, 0.0026796653928517003, 0.0, 0.3594478000562584, 8.033995588668388e-07, 1.0728836059570312e-06, 0.0, 0.46293210279351626, 0.148363767901472, 0.42637886483681675, 0.41167456847458833, 0.0], [0.0, 0.0, 0.0, 1.3628811256070344e-05, 0.0, 0.0, 4.76837158203125e-07, 1.0, 0.0, 9.032829262083007e-06, 9.492054651094475e-06, 1.1250092177529233e-05, 0.0, 0.0, 0.0, 0.0, 0.0, 8.999166342140345e-06, 2.9325612440174113e-06, 6.87320114472082e-06, 0.0, 0.0, 0.0, 0.0, 7.086905798096221e-06, 0.0, 1.8119812011718747e-05, 0.0, 0.0, 9.468669988593235e-06, 4.7683715820312495e-07, 0.0, 5.8481066024293584e-06, 0.0, 0.0, 0.0, 0.0, 0.0, 0.0, 2.414868783384152e-05, 0.0, 3.26631567988336e-07, 0.0, 0.0, 9.008375056224632e-06, 0.0, 1.8119812011718747e-05, 0.0, 0.0, 0.0, 0.0, 0.0, 0.0, 1.0370386557171183e-05, 0.0, 4.76084215021622e-06, 0.0, 0.0, 0.0, 1.8119812011718747e-05, 0.0, 1.3989429553332514e-05, 0.0, 0.0, 3.457103402598171e-06, 0.0, 0.0, 0.0, 0.0, 8.69159214785154e-06, 0.0, 0.0, 0.0, 0.0, 0.0, 1.8479906358573582e-05, 0.0, 0.0, 0.0, 0.0, 0.0, 7.152557373046873e-06, 6.074710461533241e-06, 0.0], [0.0, 1.2424295696868074e-10, 0.0, 2.975150365654624e-10, 0.0, 0.0, 0.0, 0.0, 1.0, 1.6381460642279125e-10, 3.324681314049902e-11, 2.282339319433504e-10, 0.0, 0.0, 2.3812776310147486e-10, 0.0, 0.0, 1.7215156104738896e-10, 1.3471498917198119e-10, 1.9060765899860093e-10, 0.0, 7.885891083595872e-12, 0.0, 0.0, 7.983973381562683e-12, 3.620171657551204e-12, 4.948389385669621e-11, 1.8620176926477829e-10, 0.0, 1.2094682584839852e-10, 0.0, 0.0, 0.0, 0.0, 0.0, 0.0, 0.0, 0.0, 0.0, 2.3042454091738148e-10, 0.0, 7.275957614183426e-12, 0.0, 3.1401323448250115e-12, 1.9753550774532835e-10, 4.649171238143551e-11, 0.0, 0.0, 0.0, 0.0, 8.741352708435098e-12, 0.0, 0.0, 5.700523114594124e-11, 0.0, 2.502229799316295e-10, 0.0, 0.0, 0.0, 0.0, 5.051135025996783e-12, 1.5357985989952958e-10, 0.0, 0.0, 0.0, 0.0, 0.0, 0.0, 0.0, 1.9722299123569174e-10, 0.0, 0.0, 0.0, 0.0, 0.0, 3.048932840526257e-10, 0.0, 8.834196430685609e-11, 0.0, 0.0, 0.0, 0.0, 1.4309044214125702e-10, 0.0], [0.0, 2.149315643098606e-10, 0.0, 0.3748210882107874, 0.0, 0.42847096073295465, 0.36543429363956526, 9.032829262083007e-06, 1.6381460642279125e-10, 1.0, 0.08748906139994123, 0.03436581062155529, 0.01630865859468317, 0.0, 0.006678565952274919, 0.0, 0.26352313834736496, 0.2824446415756682, 0.0002797282033068496, 0.3112497246117805, 0.001456900831900618, 0.00906961212475422, 0.0022902320497874837, 0.0, 0.3024238962481317, 1.781339042636613e-12, 0.0008582329148467238, 1.1545104366622885e-08, 0.0, 0.283986915916929, 0.007992545750970937, 0.2369912067902148, 7.574385330398304e-05, 0.5153729182759272, 0.0, 0.0, 2.4075028599586352e-05, 0.22832304666305747, 0.16918680609197564, 0.32858057634714893, 7.734105049881936e-10, 0.007451557632395134, 0.004015934177453897, 1.819501997074943e-12, 0.35066022459068136, 0.0053129111936958805, 0.5015259749826496, 0.41409093113761775, 2.336159683304367e-08, 0.0, 0.058593750030871285, 0.007812528258478857, 7.114220061866254e-18, 0.24613029477205575, 7.829281533308301e-11, 0.4683242731753474, 0.0, 8.46134926245253e-06, 0.0, 0.4843933683178772, 1.4399190357766456e-11, 0.5606799058668241, 0.0, 0.0006157101180482468, 0.7357120219973383, 3.466043760520031e-08, 0.03125000000003247, 6.334314525508456e-18, 0.23815566924315523, 0.34047639608359226, 2.6211782642662836e-08, 0.0, 5.781230182273574e-18, 0.004381340997282508, 0.0, 0.25703977815571577, 7.128111518829945e-07, 2.4645648782170355e-07, 1.2782592027302885e-17, 0.2256906948878139, 0.161374306865386, 0.3786606756996722, 0.5943931738753017, 0.0], [0.0, 3.041863490477134e-11, 0.0, 0.2984512298693892, 0.0, 0.1584906814264297, 0.11467529820014054, 9.492054651094475e-06, 3.324681314049902e-11, 0.08748906139994123, 1.0, 9.743414262522536e-06, 0.0008353505105159195, 0.0, 0.0009765631186893617, 0.0, 0.06223173709737948, 0.1825281026043061, 3.977013443033932e-06, 0.14249950911200596, 1.168014291421117e-10, 9.023074975778044e-12, 0.0, 0.0, 0.12647809744946198, 1.1648574294293313e-12, 8.831918111919353e-06, 1.4694405816247685e-10, 0.0, 0.06915675509514581, 0.0, 0.062499999999999986, 3.7211465839767894e-06, 0.0, 0.0, 0.0, 0.0, 0.1301041249666333, 0.0, 0.07274968868808376, 1.1641532182693481e-10, 0.000976562507357738, 0.0, 7.275957614183426e-12, 0.08556539553862931, 7.6187681292853e-12, 0.10401922772021469, 0.14828607600121024, 0.0, 0.0, 9.094947017729282e-12, 7.798852727433264e-14, 0.0, 0.1406568273964113, 0.0, 0.24599045320195181, 0.0, 0.0, 0.0, 8.831792630072218e-06, 3.147702192525513e-12, 0.1229213481282126, 0.0, 0.0, 0.0625038146972656, 0.0, 2.0985742102867665e-14, 0.0, 0.062499999999999986, 0.1310413221338113, 1.1084658455614401e-13, 0.0, 0.0, 0.0009765625000261334, 0.0, 0.11171413752342693, 0.0, 1.5981681109632654e-11, 0.0, 0.0, 1.1641532182693484e-10, 0.06251713420977206, 0.15120581349288578, 0.0], [0.0, 1.0973836761297149e-10, 0.0, 0.03990843828130832, 0.0, 0.02566660346682592, 0.0012399060150891281, 1.1250092177529233e-05, 2.282339319433504e-10, 0.03436581062155529, 9.743414262522536e-06, 1.0, 0.009586491016046497, 0.0, 0.009469063487686516, 0.0, 0.0, 0.011937219657199283, 0.0005521306649756505, 0.03365324398679042, 0.0010667961507504677, 0.01337591452809594, 0.001991367128224115, 0.0, 0.002233866188032339, 2.8209345895029843e-12, 0.0008399710473644423, 1.7000387898041606e-08, 0.0, 0.017075812750924308, 0.026979372855718064, 0.0003600501470691634, 2.5518293053786013e-05, 2.0680267384760415e-17, 0.0, 0.0, 6.1017383392015443e-05, 0.0, 0.011353348710068644, 0.035071601424353255, 3.473734425365646e-10, 0.0069042643248510395, 0.003176345458681007, 1.7342513282463145e-09, 0.03877821735381484, 0.005938077516887617, 0.015068153700194448, 0.010685187850558803, 1.7217316918813152e-08, 0.0, 0.01703002307979385, 0.011353369760255307, 1.3814662843577201e-17, 0.04084404906959573, 4.694280828401898e-09, 0.016957748403815684, 0.0, 6.228050701324785e-06, 0.0, 0.00033011893970581263, 8.727634717229847e-12, 0.014256025412632416, 0.0, 0.015598959761915675, 0.0366889193964302, 2.439960213049131e-08, 0.029146901074428008, 2.3609504803744327e-17, 0.0, 0.012747486870135098, 1.9020659969087985e-08, 0.0, 1.5291564171477322e-17, 0.0020097185132004493, 0.0, 0.029363404519212846, 5.419202034674319e-07, 2.758877472469117e-07, 2.6479481026516487e-17, 0.03305315107438675, 3.4737338737552333e-10, 0.009593332906806473, 0.04263518511584791, 0.0], [0.0, 0.0, 0.0, 0.010410736750647066, 0.0, 0.00898405016934763, 0.0012037357903068866, 0.0, 0.0, 0.01630865859468317, 0.0008353505105159195, 0.009586491016046497, 1.0, 0.0, 0.004296225452848261, 0.0, 0.0, 0.010531876019210767, 0.001025648028738666, 0.015245854429169687, 0.00605956073940911, 5.966908659221349e-05, 0.0019846728433420167, 0.0, 0.003972615872117498, 0.0, 0.0008562004836544334, 3.257055812520403e-17, 0.0, 0.011679047915618149, 0.004501296560140874, 0.00028238939510424747, 0.0, 0.0, 0.0, 0.0, 0.0, 0.0, 0.0, 0.009999808485502018, 0.0, 0.008750774420699929, 0.0028304214515558696, 0.0, 0.012696941920477402, 0.0050664228590677615, 0.014613511953043556, 0.004501296560140874, 0.0, 0.0, 0.0, 0.0, 1.3877787807814457e-17, 0.011015346668229505, 0.0, 0.006965788991013609, 0.0, 7.790176828445676e-18, 0.0, 0.0010098247542094094, 6.938893903907227e-18, 0.01444322706125929, 0.0, 0.003636769266417397, 0.02328439633330973, 0.0, 0.0, 6.9388939039072276e-18, 0.0, 0.010630646955700308, 0.0, 0.0, 1.3877787807814457e-17, 0.00474621819566584, 0.0, 0.02557088046102486, 0.0, 6.9388939039072276e-18, 1.561831583888038e-17, 0.004501296560140874, 0.0, 0.007124088445988631, 0.00950149387383288, 0.0], [0.0, 0.0, 0.0, 0.0, 0.0, 0.0, 0.0, 0.0, 0.0, 0.0, 0.0, 0.0, 0.0, 1.0, 0.0, 0.0, 0.0, 0.0, 0.0, 0.0, 0.0, 0.0, 0.0, 0.0, 0.0, 0.0, 0.0, 0.0, 0.0, 0.0, 0.0, 0.0, 0.0, 0.0, 0.0, 0.0, 0.0, 0.0, 0.0, 0.0, 0.0, 0.0, 0.0, 0.0, 0.0, 0.0, 0.0, 0.0, 0.0, 0.0, 0.0, 0.0, 0.0, 0.0, 0.0, 0.0, 0.0, 0.0, 0.0, 0.0, 0.0, 0.0, 0.0, 0.0, 0.0, 0.0, 0.0, 0.0, 0.0, 0.0, 0.0, 0.0, 0.0, 0.0, 0.0, 0.0, 0.0, 0.0, 0.0, 0.0, 0.0, 0.0, 0.0, 0.0], [0.0, 7.949036839450739e-11, 0.0, 0.01688884041851452, 0.0, 0.014780274653707596, 0.0002507657929902717, 0.0, 2.3812776310147486e-10, 0.006678565952274919, 0.0009765631186893617, 0.009469063487686516, 0.004296225452848261, 0.0, 1.0, 0.0, 0.0, 0.02298734669114456, 0.00044146873238556364, 0.010362457341405607, 3.858159107037385e-10, 0.010968850567805437, 0.00020977792759498213, 0.0, 0.0005197081605372797, 3.8931957946816947e-14, 0.0004434808138368418, 2.1757851106517223e-09, 0.0, 0.0008176398448196406, 0.009264485332524549, 0.0004882812500013323, 0.0, 0.0, 0.0, 0.0, 0.0, 0.0, 0.009264485332524547, 0.014726685624325102, 6.808494354034445e-10, 0.0021171020718740966, 0.00040966194162521196, 1.3322676295501877e-15, 0.004003612438119257, 5.833813594791298e-11, 0.01868399495094864, 0.022698292444175653, 1.412545154452379e-08, 0.0, 0.013896727998786825, 0.009264502814222945, 0.0, 0.005870412204434305, 1.862645149230957e-09, 0.011498157747262289, 0.0, 4.440892098500625e-16, 0.0, 0.00024414062499999997, 0.0, 0.02921851106819885, 0.0, 0.0, 0.003332302402508183, 1.490116119384766e-08, 0.003088161777535118, 0.0, 0.0, 0.03436121734950484, 1.621565781779613e-08, 0.0, 0.0, 0.0014648437500198808, 0.0, 0.02827345176474031, 1.4901161193847656e-08, 3.0917011238446677e-10, 0.0, 0.0030881617775081827, 6.808492688699908e-10, 0.013275238972953962, 0.024880894247410853, 0.0], [0.0, 0.0, 0.0, 0.0, 0.0, 0.0, 0.0, 0.0, 0.0, 0.0, 0.0, 0.0, 0.0, 0.0, 0.0, 1.0, 0.0, 0.0, 0.0, 0.0, 0.0, 0.0, 0.0, 0.0, 0.0, 0.0, 0.0, 0.0, 0.0, 0.0, 0.0, 0.0, 0.0, 0.0, 0.0, 0.0, 0.0, 0.0, 0.0, 0.0, 0.0, 0.0, 0.0, 0.0, 0.0, 0.0, 0.0, 0.0, 0.0, 0.0, 0.0, 0.0, 0.0, 0.0, 0.0, 0.0, 0.0, 0.0, 0.0, 0.0, 0.0, 0.0, 0.0, 0.0, 0.0, 0.0, 0.0, 0.0, 0.0, 0.0, 0.0, 0.0, 0.0, 0.0, 0.0, 0.0, 0.0, 0.0, 0.0, 0.0, 0.0, 0.0, 0.0, 0.0], [0.0, 0.0, 0.0, 0.2576434391356779, 0.0, 0.11518147994568281, 0.06585014940980487, 0.0, 0.0, 0.26352313834736496, 0.06223173709737948, 0.0, 0.0, 0.0, 0.0, 0.0, 1.0, 0.2686567553984199, 0.0, 0.038871803123478474, 0.0, 0.0, 0.0, 0.0, 0.3683302629805968, 0.0, 0.0, 0.0, 0.0, 0.20390301620457582, 0.0, 0.0, 0.0, 0.30618621784789724, 0.0, 0.0, 0.0, 0.33170173600188874, 0.20412414523193154, 0.20652056118862083, 0.0, 0.0, 0.0, 0.0, 0.280056016805602, 0.0, 0.07385914401725861, 0.259308926077649, 0.0, 0.0, 0.20412414523193148, 0.0, 0.0, 0.09329041126891406, 0.0, 0.08647527950448444, 0.0, 0.0, 0.0, 0.3061862178478973, 0.0, 0.2734159163419479, 0.0, 0.0, 0.3061862178478973, 0.0, 0.0, 0.0, 0.0, 0.22758350412488976, 0.0, 0.0, 0.0, 0.0, 0.0, 0.3472589028603127, 0.0, 0.0, 0.0, 0.1575315094531511, 0.3061862178478973, 0.2041241452319315, 0.4159167685643418, 0.0], [0.0, 8.127351083655065e-11, 0.0, 0.6342622314944695, 0.0, 0.7356205458425447, 0.6359571635544902, 8.999166342140345e-06, 1.7215156104738896e-10, 0.2824446415756682, 0.1825281026043061, 0.011937219657199283, 0.010531876019210767, 0.0, 0.02298734669114456, 0.0, 0.2686567553984199, 1.0, 0.0010646972242323192, 0.7015281256734007, 0.008955670063859203, 0.013592938448366352, 0.005712133513260666, 0.0, 0.4587824721246633, 9.271937854449033e-13, 0.0006252762199371885, 1.2510153880370596e-08, 0.0, 0.3594563946496149, 0.023681782383482782, 0.05473532895044013, 2.174112268162008e-05, 0.031293094002173755, 0.0, 0.0, 0.00012901069241265395, 0.5254477847546599, 0.15398748058959486, 0.40704708582963606, 8.565348921215561e-10, 0.014691292407750647, 0.006239544707441603, 2.600626890050625e-09, 0.39450570052127876, 0.005205473239955057, 0.5867354367377597, 0.4803255447044909, 4.2839269254663454e-08, 0.0, 0.4215429520778487, 0.014155745267748642, 1.5317443426434337e-17, 0.4328822850199962, 1.6477922665502554e-09, 0.6805687632221393, 0.0, 4.449080371130252e-06, 0.0, 0.0143657758287368, 8.278805224826273e-12, 0.3781401842180816, 0.0, 0.009282934751829288, 0.05661012208067779, 5.0423963091219294e-08, 0.008454100784858488, 1.9288569325270766e-17, 0.03587644202719316, 0.475997992425493, 4.167693806871477e-08, 0.0, 1.8589285189888298e-17, 0.006922361775059498, 0.0, 0.21073156634526125, 5.338025746483416e-07, 2.5785826806730415e-07, 2.1086577857274365e-17, 0.29404604049000344, 0.31863306636530087, 0.3703164071033616, 0.4140208506273755, 0.0], [0.0, 1.405647529590368e-10, 0.0, 0.0009946606933983076, 0.0, 0.0, 0.0003408219631328529, 2.9325612440174113e-06, 1.3471498917198119e-10, 0.0002797282033068496, 3.977013443033932e-06, 0.0005521306649756505, 0.001025648028738666, 0.0, 0.00044146873238556364, 0.0, 0.0, 0.0010646972242323192, 1.0, 0.0002904229863501093, 4.4381959273385313e-10, 0.00029308840310046403, 0.00025547824417655485, 0.0, 0.00019407136932922544, 0.0, 0.0004260099733177301, 8.349061722680547e-09, 0.0, 0.0008704172791696982, 7.152557373046875e-07, 0.0002454445409412924, 1.9127676684571307e-05, 4.3368086899420173e-19, 0.0, 0.0, 1.14930649556269e-05, 0.0, 0.0, 0.0009957180854352876, 1.1305204914760993e-09, 0.00105928199599437, 0.0004555733974911262, 1.1229904429867965e-10, 0.0010497245975119177, 2.674233966709636e-05, 0.00028513009711522984, 6.777859392822152e-13, 0.0, 0.0, 0.0, 9.086217821920401e-13, 4.592943781049685e-18, 0.0013576689982128568, 1.862645149230957e-09, 0.0004194643657497491, 0.0, 1.1482556567608774e-05, 0.0, 0.0010643723186999597, 6.93889390390723e-18, 0.0006578326872456081, 0.0, 1.0554461680281826e-17, 0.00025553286599171263, 2.899823491922568e-08, 0.0, 6.938893903907228e-18, 0.0, 0.0005594869141570913, 1.95625684197511e-14, 0.0, 5.951186804390338e-18, 0.0, 0.0, 0.0006435142057904049, 6.103511809513654e-07, 2.703257133229815e-07, 1.1309814917809934e-17, 0.0, 1.1305204916929397e-09, 0.0012064578287894168, 0.001218537946958656, 0.0], [0.0, 8.583039542377365e-11, 0.0, 0.5343617726073999, 0.0, 0.5432670821458754, 0.6862565857376084, 6.87320114472082e-06, 1.9060765899860093e-10, 0.3112497246117805, 0.14249950911200596, 0.03365324398679042, 0.015245854429169687, 0.0, 0.010362457341405607, 0.0, 0.038871803123478474, 0.7015281256734007, 0.0002904229863501093, 1.0, 0.012824757268949636, 0.003514911042628023, 0.004154950637344328, 0.0, 0.4243414218934135, 5.926175226872355e-13, 0.0008512637561571442, 6.04021481268137e-09, 0.0, 0.6129929342448103, 0.011418168289834602, 0.016769121884490104, 7.049739375651327e-05, 0.20406621802217767, 0.0, 0.0, 3.5754693660821704e-05, 0.5172366360238688, 0.28449125346984305, 0.6344993877263401, 5.823904128275735e-10, 0.01603670347263249, 0.006082972140252272, 1.2038478321249858e-09, 0.5264776695766313, 0.0024710693020464575, 0.4443331077638599, 0.648265353925796, 3.394032107225855e-08, 0.0, 0.2144083050917986, 0.00498279707338677, 3.629514204162191e-18, 0.6984214489437515, 2.3017423205549492e-09, 0.6072427828633987, 0.0, 6.575552471492556e-06, 0.0, 0.14001157345012233, 9.69877219156385e-12, 0.3771466685525813, 0.0, 0.0060110148592085275, 0.18512965266505083, 5.096960499290513e-08, 0.025744240792255083, 4.8993673744744706e-18, 0.06645140189105639, 0.7774709792568149, 3.783658440600814e-08, 0.0, 3.471401969029986e-18, 0.00626747281349769, 0.0, 0.5158523766297839, 2.072989621319015e-07, 7.856607918579452e-07, 1.5115520089224093e-17, 0.491803516739426, 0.13975424917612694, 0.4633661854726506, 0.4446888810270803, 0.0], [0.0, 4.6903607938420143e-14, 0.0, 0.004079193840211845, 0.0, 0.007895174259998616, 0.0, 0.0, 0.0, 0.001456900831900618, 1.168014291421117e-10, 0.0010667961507504677, 0.00605956073940911, 0.0, 3.858159107037385e-10, 0.0, 0.0, 0.008955670063859203, 4.4381959273385313e-10, 0.012824757268949636, 1.0, 5.853186625652643e-13, 0.0, 0.0, 0.0, 2.4819842586806808e-15, 1.1641532182693481e-10, 1.1654687093857942e-10, 0.0, 0.0018451471813484507, 0.0008057978486396818, 2.220446049250313e-16, 0.0, 0.0, 0.0, 0.0, 0.0, 0.0, 0.0, 0.009855557013309358, 3.4924596548080444e-10, 0.015310159124492455, 0.00048828124999999995, 6.661338147750939e-16, 0.013704606828825686, 1.5315633668768676e-13, 0.015213198529480366, 0.00483478709229354, 0.0, 0.0, 0.0, 2.814216476305209e-13, 0.0, 0.016731935981775338, 0.0, 0.006254865412562027, 0.0, 4.518793866785082e-16, 0.0, 5.684341886080803e-14, 6.938893903907228e-18, 0.009701926251639525, 0.0, 0.0011046246743684947, 0.0048347870918380945, 0.0, 0.0, 2.7755575615628914e-17, 0.0, 0.0016379772326933434, 0.0, 0.0, 0.0, 0.0, 0.0, 0.007806813057212651, 0.0, 2.3387268484097035e-10, 1.8311128914549414e-17, 0.015310159124153963, 3.4924596548080444e-10, 0.00483478719431861, 0.006400173209583113, 0.0], [0.0, 3.462797300284695e-12, 0.0, 0.013925870767407846, 0.0, 0.029408846424513073, 0.0009662203342480575, 0.0, 7.885891083595872e-12, 0.00906961212475422, 9.023074975778044e-12, 0.01337591452809594, 5.966908659221349e-05, 0.0, 0.010968850567805437, 0.0, 0.0, 0.013592938448366352, 0.00029308840310046403, 0.003514911042628023, 5.853186625652643e-13, 1.0, 9.541624714681272e-05, 0.0, 8.599987607175411e-12, 1.378148636004321e-12, 0.0002930884090668224, 4.431846324426771e-12, 0.0, 0.025535794076481877, 0.031008931858748246, 0.0, 0.0, 0.0, 0.0, 0.0, 0.0, 0.0, 0.031008931858748246, 0.026422758691984474, 0.0, 0.00037275322994650067, 0.0001828328497940494, 7.275957614183426e-12, 0.009047353803372014, 6.394206937909046e-13, 0.014476329133147673, 0.005907570036165326, 0.0, 0.0, 0.029008355611615733, 0.031008931859168136, 3.035766082959412e-18, 0.010341934333528681, 0.0, 0.031086858296027187, 0.0, 0.0, 0.0, 0.0002930884024282566, 1.2559550557612807e-11, 0.001101925732402457, 0.0, 2.6642032677245566e-19, 0.009965597870837829, 0.0, 0.009002593120299504, 0.0, 0.0, 0.009295681529668302, 1.1084658455614403e-13, 0.0, 0.0, 8.340168543148278e-15, 0.0, 0.014584839202984784, 0.0, 1.5065224756002346e-11, 0.0, 0.009002593120281748, 2.664203267724556e-19, 0.02839435385497799, 0.0026837961138098687, 0.0], [0.0, 0.0, 0.0, 0.008142677186801717, 0.0, 0.0, 0.007604840662483207, 0.0, 0.0, 0.0022902320497874837, 0.0, 0.001991367128224115, 0.0019846728433420167, 0.0, 0.00020977792759498213, 0.0, 0.0, 0.005712133513260666, 0.00025547824417655485, 0.004154950637344328, 0.0, 9.541624714681272e-05, 1.0, 0.0, 0.0019531249999999998, 0.0, 0.00025538182489823907, 1.6402586270161415e-18, 0.0, 0.005216168976524213, 0.0, 0.0, 0.0, 4.336808689942018e-19, 0.0, 0.0, 0.0, 0.0, 0.0, 0.008433911938214068, 0.0, 0.00791201241253922, 0.008748250581266845, 0.0, 0.0022895705582650786, 0.004293356826168038, 0.001953125000000002, 0.0, 0.0, 0.0, 0.0, 0.0, 4.3368086899420173e-19, 0.0030289330510733297, 0.0, 0.00533299179472685, 0.0, 0.0, 0.0, 0.0002553818248982395, 0.0, 0.004125888109824345, 0.0, 3.469446951953614e-18, 0.003357355910887915, 0.0, 0.0, 0.0, 0.0, 0.0036566419235877865, 2.010563270028608e-18, 0.0, 2.757836705124099e-18, 0.0019531249999999998, 0.0, 0.0015177901399298715, 4.4589616470871156e-07, 2.9802322387695306e-08, 0.0, 0.0, 0.0, 0.006993789192166107, 0.0018633379453621606, 0.0], [0.0, 0.0, 0.0, 0.0, 0.0, 0.0, 0.0, 0.0, 0.0, 0.0, 0.0, 0.0, 0.0, 0.0, 0.0, 0.0, 0.0, 0.0, 0.0, 0.0, 0.0, 0.0, 0.0, 1.0, 0.0, 0.0, 0.0, 0.0, 0.0, 0.0, 0.0, 0.0, 0.0, 0.0, 0.0, 0.0, 0.0, 0.0, 0.0, 0.0, 0.0, 0.0, 0.0, 0.0, 0.0, 0.0, 0.0, 0.0, 0.0, 0.0, 0.0, 0.0, 0.0, 0.0, 0.0, 0.0, 0.0, 0.0, 0.0, 0.0, 0.0, 0.0, 0.0, 0.0, 0.0, 0.0, 0.0, 0.0, 0.0, 0.0, 0.0, 0.0, 0.0, 0.0, 0.0, 0.0, 0.0, 0.0, 0.0, 0.0, 0.0, 0.0, 0.0, 0.0], [0.0, 6.648158558631696e-13, 0.0, 0.605957526297568, 0.0, 0.43895182359969576, 0.2669273511912378, 7.086905798096221e-06, 7.983973381562683e-12, 0.3024238962481317, 0.12647809744946198, 0.002233866188032339, 0.003972615872117498, 0.0, 0.0005197081605372797, 0.0, 0.3683302629805968, 0.4587824721246633, 0.00019407136932922544, 0.4243414218934135, 0.0, 8.599987607175411e-12, 0.0019531249999999998, 0.0, 1.0, 3.4193539743538413e-12, 0.00020020628698254735, 2.8761029606605623e-12, 0.0, 0.1860297006354188, 0.0, 0.09387777186356827, 4.5614984356136235e-05, 0.25, 0.0, 0.0, 0.00012969970703124997, 0.33322912496663326, 0.12499999999999999, 0.3525455881116043, 0.0, 0.0032114149074561433, 0.0019531249999999998, 6.710841147402078e-12, 0.2567671846509464, 0.00432558547469635, 0.3129294593500578, 0.31864369638209467, 0.0, 0.0, 0.23437500000191736, 0.0, 0.0, 0.27447797919137507, 0.0, 0.5511322458013632, 0.0, 3.0517578125e-05, 0.0, 0.12516108101477852, 4.031719231705888e-12, 0.3920252337125649, 0.0, 0.0, 0.1906439088995914, 0.0, 0.0, 0.0, 0.1873869426040198, 0.34352485713666564, 0.0, 0.0, 0.0, 0.011508202474931766, 0.0, 0.38487571919567676, 0.0, 4.316624492590491e-12, 0.0, 0.04287464628562719, 0.49999999999999994, 0.2217216955937897, 0.28938461327969184, 0.0], [0.0, 5.569494857771083e-13, 0.0, 1.573991005077265e-12, 0.0, 0.0, 0.0, 0.0, 3.620171657551204e-12, 1.781339042636613e-12, 1.1648574294293313e-12, 2.8209345895029843e-12, 0.0, 0.0, 3.8931957946816947e-14, 0.0, 0.0, 9.271937854449033e-13, 0.0, 5.926175226872355e-13, 2.4819842586806808e-15, 1.378148636004321e-12, 0.0, 0.0, 3.4193539743538413e-12, 1.0, 0.0, 3.7501192016997205e-14, 0.0, 3.4977907265764784e-12, 0.0, 8.881784197001252e-16, 0.0, 0.0, 0.0, 0.0, 0.0, 0.0, 0.0, 1.1823653477581395e-12, 0.0, 1.4202253722542679e-14, 0.0, 1.796465386050069e-15, 1.710478157062195e-12, 0.0, 2.7849017213436977e-14, 1.548420472375644e-14, 0.0, 0.0, 0.0, 0.0, 0.0, 1.1688459715241385e-12, 0.0, 1.3750996811932827e-12, 0.0, 7.197745771075029e-16, 0.0, 0.0, 1.6674069532503684e-12, 2.4127694788020413e-12, 0.0, 0.0, 0.0, 0.0, 4.209987332687643e-14, 0.0, 0.0, 2.3246319183801643e-12, 0.0, 0.0, 0.0, 3.3039748225157114e-14, 0.0, 3.137149528839637e-12, 0.0, 2.051401113533761e-14, 0.0, 0.0, 0.0, 5.153711920044418e-14, 2.8134789609027127e-12, 0.0], [0.0, 3.1025443262579e-11, 0.0, 0.0010203475635078793, 0.0, 0.0, 0.0004038469270419738, 1.8119812011718747e-05, 4.948389385669621e-11, 0.0008582329148467238, 8.831918111919353e-06, 0.0008399710473644423, 0.0008562004836544334, 0.0, 0.0004434808138368418, 0.0, 0.0, 0.0006252762199371885, 0.0004260099733177301, 0.0008512637561571442, 1.1641532182693481e-10, 0.0002930884090668224, 0.00025538182489823907, 0.0, 0.00020020628698254735, 0.0, 1.0, 5.590156543314094e-10, 0.0, 0.0006668634339435018, 0.0, 0.00039800021377940013, 3.814697265624999e-06, 0.0, 0.0, 0.0, 3.814697265624999e-05, 0.0, 0.0, 0.001098220022680666, 1.1641532182693479e-10, 0.0007620643185320725, 0.0006051873419970947, 1.818989403545857e-12, 0.0004903170363257786, 7.629435742111817e-06, 0.00034956959449945746, 0.0, 0.0, 0.0, 9.09494701772928e-12, 0.0, 0.0, 0.0009137189281080408, 0.0, 0.00044858887391601424, 0.0, 7.629394531249998e-06, 0.0, 0.00039437023392139935, 1.4446631740365464e-11, 0.001388285482445785, 0.0, 0.0, 0.00025177001953125, 0.0, 0.0, 0.0, 0.0, 0.001705304577007542, 0.0, 0.0, 0.0, 0.0, 0.0, 0.0015176814470129682, 0.0, 1.2876325950229987e-10, 0.0, 0.0, 1.164153218269348e-10, 0.0005827280874979464, 0.0006237482995102141, 0.0], [0.0, 2.1373818612801468e-10, 0.0, 5.009570175399141e-09, 0.0, 0.0, 0.0, 0.0, 1.8620176926477829e-10, 1.1545104366622885e-08, 1.4694405816247685e-10, 1.7000387898041606e-08, 3.257055812520403e-17, 0.0, 2.1757851106517223e-09, 0.0, 0.0, 1.2510153880370596e-08, 8.349061722680547e-09, 6.04021481268137e-09, 1.1654687093857942e-10, 4.431846324426771e-12, 1.6402586270161415e-18, 0.0, 2.8761029606605623e-12, 3.7501192016997205e-14, 5.590156543314094e-10, 1.0, 0.0, 1.2441415906062093e-08, 0.0, 0.0, 0.0, 2.1381938979408477e-17, 0.0, 0.0, 0.0, 0.0, 0.0, 9.854129929457205e-09, 1.1641532182693479e-10, 9.862414733071182e-12, 0.0, 1.2371084766890222e-09, 2.514646237003965e-08, 9.8238022779349e-10, 2.452353060268455e-13, 6.17121734360921e-13, 0.0, 0.0, 1.0785434746709135e-11, 8.959622162501307e-13, 1.0004821579591272e-17, 1.2799944298826177e-08, 1.862645149230957e-09, 7.739544445397745e-09, 0.0, 7.77013517746742e-18, 0.0, 2.8437303454945376e-14, 9.450304292053547e-12, 1.0941158141166323e-08, 0.0, 2.9214829989235134e-17, 0.0, 0.0, 5.6261983674271053e-14, 8.494006500258187e-18, 0.0, 1.1375861083637364e-08, 1.1084805988351713e-13, 0.0, 8.572532844737506e-18, 5.6298946897836484e-14, 0.0, 4.52533711622757e-09, 0.0, 3.961337054445844e-09, 1.423519221088169e-17, 0.0, 1.1641532234416248e-10, 5.775833767648336e-09, 1.5133426094946862e-08, 0.0], [0.0, 0.0, 0.0, 0.0, 0.0, 0.0, 0.0, 0.0, 0.0, 0.0, 0.0, 0.0, 0.0, 0.0, 0.0, 0.0, 0.0, 0.0, 0.0, 0.0, 0.0, 0.0, 0.0, 0.0, 0.0, 0.0, 0.0, 0.0, 1.0, 0.0, 0.0, 0.0, 0.0, 0.0, 0.0, 0.0, 0.0, 0.0, 0.0, 0.0, 0.0, 0.0, 0.0, 0.0, 0.0, 0.0, 0.0, 0.0, 0.0, 0.0, 0.0, 0.0, 0.0, 0.0, 0.0, 0.0, 0.0, 0.0, 0.0, 0.0, 0.0, 0.0, 0.0, 0.0, 0.0, 0.0, 0.0, 0.0, 0.0, 0.0, 0.0, 0.0, 0.0, 0.0, 0.0, 0.0, 0.0, 0.0, 0.0, 0.0, 0.0, 0.0, 0.0, 0.0], [0.0, 1.1082790429266242e-10, 0.0, 0.2374774550646164, 0.0, 0.21247145742364815, 0.45787889027258527, 9.468669988593235e-06, 1.2094682584839852e-10, 0.283986915916929, 0.06915675509514581, 0.017075812750924308, 0.011679047915618149, 0.0, 0.0008176398448196406, 0.0, 0.20390301620457582, 0.3594563946496149, 0.0008704172791696982, 0.6129929342448103, 0.0018451471813484507, 0.025535794076481877, 0.005216168976524213, 0.0, 0.1860297006354188, 3.4977907265764784e-12, 0.0006668634339435018, 1.2441415906062093e-08, 0.0, 1.0, 0.03950632861720577, 0.0537123608791465, 3.460128487030352e-05, 0.13787131445796877, 0.0, 0.0, 4.197499319630701e-05, 0.33376418186261236, 0.1625766086780343, 0.678220386851792, 4.352245883737082e-10, 0.00996194184143703, 0.005760617823483305, 2.2664383651861748e-10, 0.5021919365712548, 0.0004565645195206833, 0.48068018624677794, 0.6401225852496869, 1.412545154452379e-08, 0.0, 0.1365631531506729, 0.02470531170178721, 1.081729741690081e-17, 0.366330074717855, 2.0773214210002596e-09, 0.3297816038223508, 0.0, 1.1444091797354097e-05, 0.0, 0.13830420438167693, 8.595956780388805e-12, 0.24907863364708424, 0.0, 0.014687529620655235, 0.2009249595163803, 3.083117258026746e-08, 7.003092189715676e-14, 1.087074911139188e-17, 0.05341914690573602, 0.7376660664442389, 1.621566325757238e-08, 0.0, 1.052241669104785e-17, 0.006468663345138617, 0.0, 0.724530096571522, 7.228421339756779e-07, 3.097434418917103e-07, 8.130525359896514e-18, 0.4963993457636827, 0.11185785933508591, 0.23506541119800226, 0.37365776156219854, 0.0], [0.0, 0.0, 0.0, 0.019321731724263966, 0.0, 0.03434392544789583, 2.86102294921875e-06, 4.7683715820312495e-07, 0.0, 0.007992545750970937, 0.0, 0.026979372855718064, 0.004501296560140874, 0.0, 0.009264485332524549, 0.0, 0.0, 0.023681782383482782, 7.152557373046875e-07, 0.011418168289834602, 0.0008057978486396818, 0.031008931858748246, 0.0, 0.0, 0.0, 0.0, 0.0, 0.0, 0.0, 0.03950632861720577, 1.0, 0.0, 1.9073486328125e-06, 0.0, 0.0, 0.0, 0.0, 0.0, 0.03125, 0.030876344819930512, 0.0, 0.003906962650693794, 0.0, 0.0, 0.013107614553416757, 0.0, 0.01854830216219906, 0.009144806859295744, 0.0, 0.0, 0.02734375, 0.03125, 0.0, 0.012726966181864382, 0.0, 0.03434249983099524, 0.0, 0.0, 0.0, 0.0, 0.0, 0.005000973787727453, 0.0, 0.01559895976191564, 0.011720895767211914, 0.0, 0.007812499999999998, 0.0, 0.0, 0.012700410701778603, 0.0, 0.0, 0.0, 0.0, 0.0, 0.01656202966405823, 4.1210600831367867e-07, 9.536743164062498e-07, 0.0, 0.01171875, 0.0, 0.03296471914595185, 0.013639425041844375, 0.0], [0.0, 0.0, 0.0, 0.11025266942669047, 0.0, 0.21136609770629033, 0.07618346157728627, 0.0, 0.0, 0.2369912067902148, 0.062499999999999986, 0.0003600501470691634, 0.00028238939510424747, 0.0, 0.0004882812500013323, 0.0, 0.0, 0.05473532895044013, 0.0002454445409412924, 0.016769121884490104, 2.220446049250313e-16, 0.0, 0.0, 0.0, 0.09387777186356827, 8.881784197001252e-16, 0.00039800021377940013, 0.0, 0.0, 0.0537123608791465, 0.0, 1.0, 5.6656944550384265e-05, 0.031249999999999997, 0.0, 0.0, 7.62939453125e-06, 0.1701361634179051, 0.0, 0.17609208999731688, 1.1102230246251568e-16, 0.00024862235533756275, 0.00016198457097095628, 8.881784197001252e-16, 0.052841104435732984, 2.911995970553368e-05, 0.07851927407057034, 0.20791690851212713, 0.0, 0.0, 0.03125, 0.0, 0.0, 0.20712380759958454, 0.0, 0.11404604830789901, 0.0, 7.629394531249999e-06, 0.0, 6.866455078125e-05, 0.0, 0.042830386187079995, 0.0, 0.0, 0.25000762939453125, 0.0, 0.0, 0.0, 0.2829372156318294, 0.06599829504974952, 0.0, 0.0, 0.0, 0.0, 0.0, 0.06450167052065602, 0.0, 1.1102230246251565e-16, 0.0, 0.0, 0.0, 0.09387969970703158, 0.0680299907260843, 0.0], [0.0, 0.0, 0.0, 7.235166032478941e-05, 0.0, 0.0, 1.9073486328125004e-06, 5.8481066024293584e-06, 0.0, 7.574385330398304e-05, 3.7211465839767894e-06, 2.5518293053786013e-05, 0.0, 0.0, 0.0, 0.0, 0.0, 2.174112268162008e-05, 1.9127676684571307e-05, 7.049739375651327e-05, 0.0, 0.0, 0.0, 0.0, 4.5614984356136235e-05, 0.0, 3.814697265624999e-06, 0.0, 0.0, 3.460128487030352e-05, 1.9073486328125e-06, 5.6656944550384265e-05, 1.0, 0.0, 0.0, 0.0, 0.0, 0.0, 0.0, 5.864333622612223e-06, 0.0, 6.174780694379273e-05, 0.0, 0.0, 8.098290458024516e-06, 1.5258789062499998e-05, 3.814697265624999e-06, 0.0, 0.0, 0.0, 0.0, 0.0, 0.0, 6.38970640172679e-05, 0.0, 7.367893902455018e-05, 0.0, 0.0, 0.0, 3.814697265624999e-06, 0.0, 7.051853864779132e-05, 0.0, 0.0, 2.8610229492187504e-06, 0.0, 0.0, 0.0, 0.0, 6.723267288760602e-05, 0.0, 0.0, 0.0, 0.0, 0.0, 5.8404257106626955e-05, 0.0, 0.0, 0.0, 0.0, 0.0, 5.7220458984375e-06, 6.252886071529334e-05, 0.0], [0.0, 0.0, 0.0, 0.21875, 0.0, 0.16688105074124643, 0.19486584440790353, 0.0, 0.0, 0.5153729182759272, 0.0, 2.0680267384760415e-17, 0.0, 0.0, 0.0, 0.0, 0.30618621784789724, 0.031293094002173755, 4.3368086899420173e-19, 0.20406621802217767, 0.0, 0.0, 4.336808689942018e-19, 0.0, 0.25, 0.0, 0.0, 2.1381938979408477e-17, 0.0, 0.13787131445796877, 0.0, 0.031249999999999997, 0.0, 1.0, 0.0, 0.0, 0.0, 0.20312500000000003, 0.12499999999999999, 0.07587373311089615, 0.0, 4.3368086899420173e-19, 0.0, 0.0, 0.17149858514250885, 4.282034366961339e-19, 0.265625, 0.15503611757887623, 0.0, 0.0, 0.23437499999999994, 0.0, 4.336808689942018e-19, 0.12757759076995723, 0.0, 0.4193807450657705, 0.0, 0.0, 0.0, 0.5, 1.466084181835967e-17, 0.5053479179005613, 0.0, 5.588990861670252e-17, 0.5, 0.0, 0.0, 0.0, 0.12488694260401986, 0.2151034086899798, 0.0, 0.0, 0.0, 0.0, 0.0, 0.10050378152592121, 0.0, 1.9341256125529442e-17, 0.0, 0.1500612619996952, 0.12499999999999999, 0.15624999999999997, 0.5264737252541833, 0.0], [0.0, 0.0, 0.0, 0.0, 0.0, 0.0, 0.0, 0.0, 0.0, 0.0, 0.0, 0.0, 0.0, 0.0, 0.0, 0.0, 0.0, 0.0, 0.0, 0.0, 0.0, 0.0, 0.0, 0.0, 0.0, 0.0, 0.0, 0.0, 0.0, 0.0, 0.0, 0.0, 0.0, 0.0, 1.0, 0.0, 0.0, 0.0, 0.0, 0.0, 0.0, 0.0, 0.0, 0.0, 0.0, 0.0, 0.0, 0.0, 0.0, 0.0, 0.0, 0.0, 0.0, 0.0, 0.0, 0.0, 0.0, 0.0, 0.0, 0.0, 0.0, 0.0, 0.0, 0.0, 0.0, 0.0, 0.0, 0.0, 0.0, 0.0, 0.0, 0.0, 0.0, 0.0, 0.0, 0.0, 0.0, 0.0, 0.0, 0.0, 0.0, 0.0, 0.0, 0.0], [0.0, 0.0, 0.0, 0.0, 0.0, 0.0, 0.0, 0.0, 0.0, 0.0, 0.0, 0.0, 0.0, 0.0, 0.0, 0.0, 0.0, 0.0, 0.0, 0.0, 0.0, 0.0, 0.0, 0.0, 0.0, 0.0, 0.0, 0.0, 0.0, 0.0, 0.0, 0.0, 0.0, 0.0, 0.0, 1.0, 0.0, 0.0, 0.0, 0.0, 0.0, 0.0, 0.0, 0.0, 0.0, 0.0, 0.0, 0.0, 0.0, 0.0, 0.0, 0.0, 0.0, 0.0, 0.0, 0.0, 0.0, 0.0, 0.0, 0.0, 0.0, 0.0, 0.0, 0.0, 0.0, 0.0, 0.0, 0.0, 0.0, 0.0, 0.0, 0.0, 0.0, 0.0, 0.0, 0.0, 0.0, 0.0, 0.0, 0.0, 0.0, 0.0, 0.0, 0.0], [0.0, 0.0, 0.0, 9.314944601685577e-05, 0.0, 0.0, 1.1504106506444037e-08, 0.0, 0.0, 2.4075028599586352e-05, 0.0, 6.1017383392015443e-05, 0.0, 0.0, 0.0, 0.0, 0.0, 0.00012901069241265395, 1.14930649556269e-05, 3.5754693660821704e-05, 0.0, 0.0, 0.0, 0.0, 0.00012969970703124997, 0.0, 3.814697265624999e-05, 0.0, 0.0, 4.197499319630701e-05, 0.0, 7.62939453125e-06, 0.0, 0.0, 0.0, 0.0, 1.0, 0.0, 0.0, 4.8619468131836575e-05, 0.0, 7.635146584503222e-06, 0.0, 0.0, 9.586755422036695e-09, 3.0517578124999997e-05, 7.629394531249999e-06, 0.0, 0.0, 0.0, 0.0, 0.0, 0.0, 0.00014105510942146588, 0.0, 8.638180116667316e-05, 0.0, 7.629394531249998e-06, 0.0, 7.629394531249999e-06, 0.0, 4.827920978593449e-05, 0.0, 0.0, 7.629394531249999e-06, 1.1504106506444037e-08, 0.0, 0.0, 0.0, 7.622891073223107e-05, 0.0, 0.0, 0.0, 0.0, 0.0, 2.1433884239352017e-05, 1.8709033706177684e-08, 0.0, 0.0, 0.0, 0.0, 7.635517896262773e-06, 9.145931774004289e-05, 0.0], [0.0, 0.0, 0.0, 0.44589118449935833, 0.0, 0.38988897881901297, 0.32480942951931646, 0.0, 0.0, 0.22832304666305747, 0.1301041249666333, 0.0, 0.0, 0.0, 0.0, 0.0, 0.33170173600188874, 0.5254477847546599, 0.0, 0.5172366360238688, 0.0, 0.0, 0.0, 0.0, 0.33322912496663326, 0.0, 0.0, 0.0, 0.0, 0.33376418186261236, 0.0, 0.1701361634179051, 0.0, 0.20312500000000003, 0.0, 0.0, 0.0, 1.0, 0.34375000000000006, 0.23253501449305772, 0.0, 0.0, 0.0, 0.0, 0.09508739627193762, 0.0, 0.19738836590520595, 0.4073528408952104, 0.0, 0.0, 0.26562499999999994, 0.0, 0.0, 0.5181349177681558, 0.0, 0.402482778530803