"{\"names\": [\"172.217.10.1\", \"104.88.86.240\", \"38.93.140.48\", \"192.168.10.15\", \"104.88.108.223\", \"195.142.105.15\", \"172.217.12.163\", \"206.217.206.48\", \"172.217.6.228\", \"178.255.83.1\", \"74.119.118.82\", \"192.168.10.9\", \"172.217.7.6\", \"35.186.227.40\", \"31.13.71.36\", \"206.126.112.142\", \"151.101.2.49\", \"192.168.10.25\", \"172.217.3.98\", \"192.168.10.16\", \"72.30.202.150\", \"172.217.12.132\", \"50.31.164.173\", \"162.208.20.178\", \"23.15.4.16\", \"216.58.217.99\", \"172.217.6.198\", \"172.217.12.174\", \"169.46.44.40\", \"192.168.10.17\", \"52.84.143.130\", \"104.19.195.102\", \"216.200.232.61\", \"104.97.73.166\", \"152.163.13.79\", \"192.229.163.25\", \"74.119.118.86\", \"54.225.188.92\", \"188.165.145.88\", \"192.168.10.14\", \"8.43.72.98\", \"199.96.57.6\", \"68.67.178.110\", \"104.88.70.158\", \"192.168.10.19\", \"69.172.216.56\", \"157.240.18.35\", \"172.217.11.34\", \"185.54.150.20\", \"69.169.85.7\", \"198.232.124.194\", \"74.119.118.72\", \"172.217.12.134\", \"192.168.10.5\", \"23.111.9.30\", \"192.168.10.8\", \"151.101.66.2\", \"68.67.178.199\", \"213.239.195.215\", \"138.108.7.20\", \"52.84.145.87\", \"192.168.10.50\", \"52.84.145.198\", \"52.40.24.51\", \"212.77.100.137\", \"185.54.150.115\", \"172.217.10.138\", \"152.163.66.165\", \"52.84.137.78\", \"192.168.10.51\", \"68.67.178.109\", \"129.146.14.96\", \"54.152.24.232\", \"172.217.10.33\", \"52.8.229.108\", \"192.168.10.12\", \"64.147.131.201\", \"172.217.12.206\", \"68.67.180.12\", \"172.217.10.134\", \"38.69.238.16\", \"172.217.10.142\", \"192.168.10.3\", \"172.217.6.202\"], \"funcEdges\": [[1.0, 0.0, 0.0, 0.0, 0.0, 0.0, 0.0, 0.0, 0.0, 0.0, 0.0, 0.0, 0.0, 0.0, 0.0, 0.0, 0.0, 0.0, 0.0, 0.0, 0.0, 0.0, 0.0, 0.0, 0.0, 0.0, 0.0, 0.0, 0.0, 0.0, 0.0, 0.0, 0.0, 0.0, 0.0, 0.0, 0.0, 0.0, 0.0, 0.0, 0.0, 0.0, 0.0, 0.0, 0.0, 0.0, 0.0, 0.0, 0.0, 0.0, 0.0, 0.0, 0.0, 0.0, 0.0, 0.0, 0.0, 0.0, 0.0, 0.0, 0.0, 0.0, 0.0, 0.0, 0.0, 0.0, 0.0, 0.0, 0.0, 0.0, 0.0, 0.0, 0.0, 0.0, 0.0, 0.0, 0.0, 0.0, 0.0, 0.0, 0.0, 0.0, 0.0, 0.0], [0.0, 1.0, 0.0, 3.0783487447196543e-09, 0.0, 0.0, 0.0, 0.0, 1.987887311498892e-09, 3.4389050289577694e-09, 4.866981584763414e-10, 1.7558138818075438e-09, 0.0, 0.0, 1.2718458943121182e-09, 0.0, 0.0, 1.3003761733848104e-09, 2.249036047344589e-09, 1.3732863267803785e-09, 7.504577270147223e-13, 5.540475680455512e-11, 0.0, 0.0, 1.0637053693810713e-11, 8.911191772433732e-12, 4.96407092201264e-10, 3.419810978048235e-09, 0.0, 1.7732464686825987e-09, 0.0, 0.0, 0.0, 0.0, 0.0, 0.0, 0.0, 0.0, 0.0, 1.7543135106084532e-09, 0.0, 1.2935635912416e-10, 0.0, 0.0, 2.8504508083721333e-09, 1.8415278587743927e-09, 4.502746362088335e-12, 1.3755575541179715e-11, 0.0, 0.0, 1.1641532182693481e-10, 3.637978807091713e-12, 0.0, 3.3818081981320965e-09, 0.0, 2.256210699155561e-09, 0.0, 0.0, 0.0, 0.0, 2.3763178059823282e-11, 2.447864973909407e-09, 0.0, 0.0, 0.0, 0.0, 0.0, 0.0, 0.0, 2.2238755894127754e-09, 0.0, 0.0, 0.0, 0.0, 0.0, 1.2692694754746043e-09, 0.0, 2.0076828541742143e-09, 0.0, 0.0, 0.0, 4.2818900640695476e-11, 4.0129697933785e-09, 0.0], [0.0, 0.0, 1.0, 0.0, 0.0, 0.0, 0.0, 0.0, 0.0, 0.0, 0.0, 0.0, 0.0, 0.0, 0.0, 0.0, 0.0, 0.0, 0.0, 0.0, 0.0, 0.0, 0.0, 0.0, 0.0, 0.0, 0.0, 0.0, 0.0, 0.0, 0.0, 0.0, 0.0, 0.0, 0.0, 0.0, 0.0, 0.0, 0.0, 0.0, 0.0, 0.0, 0.0, 0.0, 0.0, 0.0, 0.0, 0.0, 0.0, 0.0, 0.0, 0.0, 0.0, 0.0, 0.0, 0.0, 0.0, 0.0, 0.0, 0.0, 0.0, 0.0, 0.0, 0.0, 0.0, 0.0, 0.0, 0.0, 0.0, 0.0, 0.0, 0.0, 0.0, 0.0, 0.0, 0.0, 0.0, 0.0, 0.0, 0.0, 0.0, 0.0, 0.0, 0.0], [0.0, 3.0783487447196543e-09, 0.0, 1.0, 0.0, 0.37488359869243687, 0.12812203193440513, 0.0002180609800971255, 4.760240585047398e-09, 0.5029849872498153, 0.00015220211067714154, 0.6385350125009331, 0.16657178801035305, 0.0, 0.2702214466962323, 0.0, 0.0, 0.23746183417860212, 0.01591457109437292, 0.4856874214298635, 0.06526710144338951, 0.22281393227852553, 0.13028283498882748, 0.0, 0.04418355756896204, 2.518385608123624e-11, 0.016325561016126068, 8.015312280638625e-08, 0.0, 0.25026414276793585, 0.30914770758822346, 0.0022561745389579895, 0.0011576265651966305, 2.9599977853602308e-16, 0.0, 0.0, 0.0014903911362696923, 0.0, 0.17902236084304715, 0.6377661179350366, 4.733133771595966e-09, 0.15378737940551512, 0.14834438198427982, 1.608992082734744e-08, 0.46730080512118716, 0.04341476460326473, 0.3543801183025962, 0.18374402835988213, 9.511137373312688e-07, 0.0, 0.31564468892760356, 0.17902330486516738, 2.147406735663479e-16, 0.46831258143994714, 4.847523461638756e-08, 0.3802223022182929, 0.0, 0.00010645298186544419, 0.0, 0.010054734264009605, 3.019157821158174e-10, 0.25991796968091846, 0.0, 0.13958037849350774, 0.5542474955052709, 1.072883605957031e-06, 0.38631141024116056, 6.567597911473174e-17, 0.0, 0.40541205646595463, 9.513192799045426e-07, 0.0, 3.096388560571758e-16, 0.041468050169469244, 0.0, 0.5790047141423147, 1.3593455130874767e-05, 4.813116980057732e-06, 6.456763124049108e-17, 0.4163354390787135, 4.733125695176409e-09, 0.34294729581878863, 0.6310142720631847, 0.0], [0.0, 0.0, 0.0, 0.0, 1.0, 0.0, 0.0, 0.0, 0.0, 0.0, 0.0, 0.0, 0.0, 0.0, 0.0, 0.0, 0.0, 0.0, 0.0, 0.0, 0.0, 0.0, 0.0, 0.0, 0.0, 0.0, 0.0, 0.0, 0.0, 0.0, 0.0, 0.0, 0.0, 0.0, 0.0, 0.0, 0.0, 0.0, 0.0, 0.0, 0.0, 0.0, 0.0, 0.0, 0.0, 0.0, 0.0, 0.0, 0.0, 0.0, 0.0, 0.0, 0.0, 0.0, 0.0, 0.0, 0.0, 0.0, 0.0, 0.0, 0.0, 0.0, 0.0, 0.0, 0.0, 0.0, 0.0, 0.0, 0.0, 0.0, 0.0, 0.0, 0.0, 0.0, 0.0, 0.0, 0.0, 0.0, 0.0, 0.0, 0.0, 0.0, 0.0, 0.0], [0.0, 0.0, 0.0, 0.37488359869243687, 0.0, 1.0, 0.0, 0.0, 0.0, 0.41200548298987494, 0.0, 0.41066565546921474, 0.14374480270956208, 0.0, 0.23648439445932154, 0.0, 0.0, 0.2385670175487159, 0.0, 0.3078693441134771, 0.12632278815997786, 0.47054154279220917, 0.0, 0.0, 0.0, 0.0, 0.0, 0.0, 0.0, 0.528199078530357, 0.5495028071663333, 0.0, 0.0, 0.0, 0.0, 0.0, 0.0, 0.0, 0.4474407345503676, 0.720882492356648, 0.0, 0.10206207261596575, 0.0, 0.0, 0.37869408302322205, 0.0, 0.2526554753966779, 0.24644568198985844, 0.0, 0.0, 0.4952012623956316, 0.4474407345503676, 0.0, 0.3202707249987768, 0.0, 0.5438957495866189, 0.0, 0.0, 0.0, 0.0, 0.0, 0.31402263945539877, 0.0, 0.0942880995010465, 0.37429976420727645, 0.0, 0.2212066552833278, 0.0, 0.0, 0.3237406695353684, 0.0, 0.0, 0.0, 0.0, 0.0, 0.47405024655389033, 0.0, 0.0, 0.0, 0.32326872789929356, 0.0, 0.5228725656701958, 0.2113889578672095, 0.0], [0.0, 0.0, 0.0, 0.12812203193440513, 0.0, 0.0, 1.0, 7.62939453125e-06, 0.0, 0.025688777903354214, 0.0, 0.01983849624142605, 0.019259772644910186, 0.0, 0.0040122526878443475, 0.0, 0.0, 0.09706099486986315, 0.005453151410125647, 0.0974208994523084, 0.0, 0.01545952534796892, 0.12167745059973131, 0.0, 0.04665685658465789, 0.0, 0.006461550832671581, 0.0, 0.0, 0.07976632701294216, 4.57763671875e-05, 0.0015440808887540913, 3.051757812500001e-05, 0.0, 0.0, 0.0, 1.840657041031046e-07, 0.0, 0.0, 0.12487051652635232, 0.0, 0.12144586169572096, 0.11857925132347485, 0.0, 0.045933476860150535, 0.037980130908452814, 0.045962808063135394, 0.0, 9.496183112338794e-07, 0.0, 0.0, 9.385092178631517e-07, 0.0, 0.017014977776470194, 0.0, 0.07367898288276717, 0.0, 0.0, 0.0, 0.007100241498335806, 0.0, 0.021520744684508302, 0.0, 0.0, 0.04789255161796418, 1.428155750180498e-06, 0.0, 0.0, 0.0, 0.08133955195779012, 9.474001432719984e-07, 0.0, 0.0, 0.042874646285627205, 0.0, 0.011712384886015472, 1.285439294186942e-05, 1.71661376953125e-05, 0.0, 0.0, 0.0, 0.09875039885398713, 0.05758607974131681, 0.0], [0.0, 0.0, 0.0, 0.0002180609800971255, 0.0, 0.0, 7.62939453125e-06, 1.0, 0.0, 0.00014452526819332812, 0.0001518728744175116, 0.00018000147484046773, 0.0, 0.0, 0.0, 0.0, 0.0, 0.00014398666147424552, 4.692097990427858e-05, 0.00010997121831553313, 0.0, 0.0, 0.0, 0.0, 0.00011339049276953954, 0.0, 0.00028991699218749995, 0.0, 0.0, 0.00015149871981749176, 7.629394531249999e-06, 0.0, 9.356970563886974e-05, 0.0, 0.0, 0.0, 0.0, 0.0, 0.0, 0.0003863790053414643, 0.0, 5.226105087813376e-06, 0.0, 0.0, 0.00014413400089959412, 0.0, 0.00028991699218749995, 0.0, 0.0, 0.0, 0.0, 0.0, 0.0, 0.00016592618491473893, 0.0, 7.617347440345951e-05, 0.0, 0.0, 0.0, 0.00028991699218749995, 0.0, 0.00022383087285332022, 0.0, 0.0, 5.5313654441570736e-05, 0.0, 0.0, 0.0, 0.0, 0.00013906547436562465, 0.0, 0.0, 0.0, 0.0, 0.0, 0.0002956785017371773, 0.0, 0.0, 0.0, 0.0, 0.0, 0.00011444091796874997, 9.719536738453186e-05, 0.0], [0.0, 1.987887311498892e-09, 0.0, 4.760240585047398e-09, 0.0, 0.0, 0.0, 0.0, 1.0, 2.62103370276466e-09, 5.319490102479843e-10, 3.6517429110936064e-09, 0.0, 0.0, 3.810044209623598e-09, 0.0, 0.0, 2.7544249767582233e-09, 2.155439826751699e-09, 3.049722543977615e-09, 0.0, 1.2617425733753395e-10, 0.0, 0.0, 1.2774357410500293e-10, 5.792274652081926e-11, 7.917423017071394e-10, 2.9792283082364526e-09, 0.0, 1.9351492135743763e-09, 0.0, 0.0, 0.0, 0.0, 0.0, 0.0, 0.0, 0.0, 0.0, 3.6867926546781037e-09, 0.0, 1.1641532182693481e-10, 0.0, 5.0242117517200184e-11, 3.1605681239252535e-09, 7.438673981029681e-10, 0.0, 0.0, 0.0, 0.0, 1.3986164333496156e-10, 0.0, 0.0, 9.120836983350598e-10, 0.0, 4.003567678906072e-09, 0.0, 0.0, 0.0, 0.0, 8.081816041594853e-11, 2.4572777583924733e-09, 0.0, 0.0, 0.0, 0.0, 0.0, 0.0, 0.0, 3.155567859771068e-09, 0.0, 0.0, 0.0, 0.0, 0.0, 4.8782925448420116e-09, 0.0, 1.4134714289096974e-09, 0.0, 0.0, 0.0, 0.0, 2.2894470742601123e-09, 0.0], [0.0, 3.4389050289577694e-09, 0.0, 0.5029849872498153, 0.0, 0.41200548298987494, 0.025688777903354214, 0.00014452526819332812, 2.62103370276466e-09, 1.0, 0.025338595420876863, 0.5498529699448846, 0.26093853751493074, 0.0, 0.1068570552363987, 0.0, 0.0, 0.37071740939062603, 0.004475651252909593, 0.6630963996425696, 0.023310413310409887, 0.14511379399606752, 0.03664371279659974, 0.0, 0.07686563619182868, 2.850142468218581e-11, 0.01373172663754758, 1.8472166986596617e-07, 0.0, 0.21761971933632893, 0.127880732015535, 0.008364050862223528, 0.0012119016528637286, 1.401928550582918e-16, 0.0, 0.0, 0.00038520045759338163, 0.0, 0.12499999999999999, 0.5903150110865956, 1.2374568079811098e-08, 0.11922492211832214, 0.06425494683926235, 2.911203195319909e-11, 0.7341494258062325, 0.08500657909913409, 0.19400032441243253, 0.3553957629278114, 3.737855493286987e-07, 0.0, 0.1875000004939407, 0.12500045213566172, 1.1382752098986007e-16, 0.6329500445672462, 1.2526850453293282e-09, 0.4589281668056763, 0.0, 0.0001353815881992405, 0.0, 0.004327200671202501, 2.303870457242633e-10, 0.4348295320763224, 0.0, 0.00985136188877195, 0.7419304017613666, 5.545670016832049e-07, 0.5000000000005195, 1.013490324081353e-16, 0.0, 0.489446531041587, 4.193885222826054e-07, 0.0, 9.249968291637719e-17, 0.07010145595652013, 0.0, 0.4548608400617189, 1.1404978430127911e-05, 3.943303805147257e-06, 2.0452147243684616e-16, 0.5113990188146889, 1.2374564874354041e-08, 0.17845588157708323, 0.46503288986321445, 0.0], [0.0, 4.866981584763414e-10, 0.0, 0.00015220211067714154, 0.0, 0.0, 0.0, 0.0001518728744175116, 5.319490102479843e-10, 0.025338595420876863, 1.0, 0.00015589462820036058, 0.013365608168254712, 0.0, 0.015625009899029787, 0.0, 0.0, 0.023052732139278803, 6.363221508854291e-05, 0.060170046458508535, 1.868822866273787e-09, 1.443691996124487e-10, 0.0, 0.0, 0.024114236033754954, 1.86377188708693e-11, 0.00014131068979070965, 2.3511049305996296e-09, 0.0, 0.02080001468142803, 0.0, 0.0, 5.953834534362863e-05, 0.0, 0.0, 0.0, 0.0, 0.0, 0.0, 0.00021209053696023516, 1.862645149230957e-09, 0.015625000117723806, 0.0, 1.1641532182693481e-10, 0.059440664761775154, 1.219002900685648e-10, 0.01576630868576204, 2.457767322236565e-12, 0.0, 0.0, 1.4551915228366852e-10, 1.2478164363893222e-12, 0.0, 0.016839142302325534, 0.0, 0.029340592298680017, 0.0, 0.0, 0.0, 0.00014130868208115548, 5.0363235080408206e-11, 0.006675175776255052, 0.0, 0.0, 6.1035156249999986e-05, 0.0, 3.3577187364588263e-13, 0.0, 0.0, 0.012368759348332242, 1.7735453528983041e-12, 0.0, 0.0, 0.015625000000418134, 0.0, 0.004910542289901663, 0.0, 2.5570689775412247e-10, 0.0, 0.0, 1.8626451492309574e-09, 0.0002741473563531758, 0.0249323489917401, 0.0], [0.0, 1.7558138818075438e-09, 0.0, 0.6385350125009331, 0.0, 0.41066565546921474, 0.01983849624142605, 0.00018000147484046773, 3.6517429110936064e-09, 0.5498529699448846, 0.00015589462820036058, 1.0, 0.15338385625674394, 0.0, 0.15150501580298426, 0.0, 0.0, 0.19099551451518854, 0.008834090639610407, 0.5384519037886467, 0.017068738412007484, 0.21401463244953503, 0.03186187405158584, 0.0, 0.035741859008517424, 4.513495343204775e-11, 0.013439536757831078, 2.720062063686657e-07, 0.0, 0.27321300401478893, 0.431669965691489, 0.005760802353106614, 0.0004082926888605762, 3.3088427815616665e-16, 0.0, 0.0, 0.0009762781342722471, 0.0, 0.1816535793610983, 0.5611456227896521, 5.557975080585033e-09, 0.11046822919761663, 0.05082152733889611, 2.774802125194103e-08, 0.6204514776610375, 0.09500924027020187, 0.24109045920311117, 0.17096300560894084, 2.7547707070101044e-07, 0.0, 0.2724803692767016, 0.1816539161640849, 2.2103460549723522e-16, 0.6535047851135317, 7.510849325443037e-08, 0.27132397446105094, 0.0, 9.964881122119656e-05, 0.0, 0.005281903035293002, 1.3964215547567756e-10, 0.22809640660211866, 0.0, 0.2495833561906508, 0.5870227103428832, 3.9039363408786097e-07, 0.46635041719084813, 3.7775207685990923e-16, 0.0, 0.20395978992216157, 3.0433055950540777e-07, 0.0, 2.4466502674363715e-16, 0.03215549621120719, 0.0, 0.46981447230740553, 8.67072325547891e-06, 4.414203955950587e-06, 4.236716964242638e-16, 0.528850417190188, 5.557974198008373e-09, 0.15349332650890357, 0.6821629618535665, 0.0], [0.0, 0.0, 0.0, 0.16657178801035305, 0.0, 0.14374480270956208, 0.019259772644910186, 0.0, 0.0, 0.26093853751493074, 0.013365608168254712, 0.15338385625674394, 1.0, 0.0, 0.06873960724557218, 0.0, 0.0, 0.16851001630737228, 0.016410368459818657, 0.243933670866715, 0.09695297183054576, 0.0009547053854754158, 0.03175476549347227, 0.0, 0.06356185395387996, 0.0, 0.013699207738470935, 5.2112893000326445e-16, 0.0, 0.18686476664989038, 0.07202074496225398, 0.0045182303216679594, 0.0, 0.0, 0.0, 0.0, 0.0, 0.0, 0.0, 0.15999693576803228, 0.0, 0.14001239073119887, 0.04528674322489391, 0.0, 0.20315107072763844, 0.08106276574508418, 0.2338161912486969, 0.07202074496225398, 0.0, 0.0, 0.0, 0.0, 2.220446049250313e-16, 0.17624554669167208, 0.0, 0.11145262385621775, 0.0, 1.246428292551308e-16, 0.0, 0.01615719606735055, 1.1102230246251563e-16, 0.23109163298014865, 0.0, 0.05818830826267835, 0.37255034133295567, 0.0, 0.0, 1.1102230246251564e-16, 0.0, 0.17009035129120492, 0.0, 0.0, 2.220446049250313e-16, 0.07593949113065344, 0.0, 0.4091340873763978, 0.0, 1.1102230246251564e-16, 2.498930534220861e-16, 0.07202074496225398, 0.0, 0.1139854151358181, 0.1520239019813261, 0.0], [0.0, 0.0, 0.0, 0.0, 0.0, 0.0, 0.0, 0.0, 0.0, 0.0, 0.0, 0.0, 0.0, 1.0, 0.0, 0.0, 0.0, 0.0, 0.0, 0.0, 0.0, 0.0, 0.0, 0.0, 0.0, 0.0, 0.0, 0.0, 0.0, 0.0, 0.0, 0.0, 0.0, 0.0, 0.0, 0.0, 0.0, 0.0, 0.0, 0.0, 0.0, 0.0, 0.0, 0.0, 0.0, 0.0, 0.0, 0.0, 0.0, 0.0, 0.0, 0.0, 0.0, 0.0, 0.0, 0.0, 0.0, 0.0, 0.0, 0.0, 0.0, 0.0, 0.0, 0.0, 0.0, 0.0, 0.0, 0.0, 0.0, 0.0, 0.0, 0.0, 0.0, 0.0, 0.0, 0.0, 0.0, 0.0, 0.0, 0.0, 0.0, 0.0, 0.0, 0.0], [0.0, 1.2718458943121182e-09, 0.0, 0.2702214466962323, 0.0, 0.23648439445932154, 0.0040122526878443475, 0.0, 3.810044209623598e-09, 0.1068570552363987, 0.015625009899029787, 0.15150501580298426, 0.06873960724557218, 0.0, 1.0, 0.0, 0.0, 0.36779754705831297, 0.007063499718169018, 0.16579931746248971, 6.173054571259816e-09, 0.175501609084887, 0.003356446841519714, 0.0, 0.008315330568596475, 6.229113271490711e-13, 0.0070956930213894685, 3.4812561770427557e-08, 0.0, 0.013082237517114249, 0.14823176532039278, 0.007812500000021316, 0.0, 0.0, 0.0, 0.0, 0.0, 0.0, 0.14823176532039276, 0.23562696998920163, 1.0893590966455111e-08, 0.033873633149985545, 0.006554591066003391, 2.1316282072803002e-14, 0.06405779900990811, 9.334101751666077e-10, 0.29894391921517827, 0.36317267910681045, 2.2600722471238063e-07, 0.0, 0.2223476479805892, 0.14823204502756712, 0.0, 0.09392659527094888, 2.9802322387695312e-08, 0.18397052395619662, 0.0, 7.105427357601e-15, 0.0, 0.0039062499999999996, 0.0, 0.4674961770911816, 0.0, 0.0, 0.05331683844013093, 2.3841857910156255e-07, 0.04941058844056189, 0.0, 0.0, 0.5497794775920775, 2.594505250847381e-07, 0.0, 0.0, 0.023437500000318093, 0.0, 0.452375228235845, 2.384185791015625e-07, 4.946721798151468e-09, 0.0, 0.04941058844013092, 1.0893588301919852e-08, 0.2124038235672634, 0.39809430795857365, 0.0], [0.0, 0.0, 0.0, 0.0, 0.0, 0.0, 0.0, 0.0, 0.0, 0.0, 0.0, 0.0, 0.0, 0.0, 0.0, 1.0, 0.0, 0.0, 0.0, 0.0, 0.0, 0.0, 0.0, 0.0, 0.0, 0.0, 0.0, 0.0, 0.0, 0.0, 0.0, 0.0, 0.0, 0.0, 0.0, 0.0, 0.0, 0.0, 0.0, 0.0, 0.0, 0.0, 0.0, 0.0, 0.0, 0.0, 0.0, 0.0, 0.0, 0.0, 0.0, 0.0, 0.0, 0.0, 0.0, 0.0, 0.0, 0.0, 0.0, 0.0, 0.0, 0.0, 0.0, 0.0, 0.0, 0.0, 0.0, 0.0, 0.0, 0.0, 0.0, 0.0, 0.0, 0.0, 0.0, 0.0, 0.0, 0.0, 0.0, 0.0, 0.0, 0.0, 0.0, 0.0], [0.0, 0.0, 0.0, 0.0, 0.0, 0.0, 0.0, 0.0, 0.0, 0.0, 0.0, 0.0, 0.0, 0.0, 0.0, 0.0, 1.0, 0.0, 0.0, 0.0, 0.0, 0.0, 0.0, 0.0, 0.0, 0.0, 0.0, 0.0, 0.0, 0.0, 0.0, 0.0, 0.0, 0.0, 0.0, 0.0, 0.0, 0.0, 0.0, 0.0, 0.0, 0.0, 0.0, 0.0, 0.0, 0.0, 0.0, 0.0, 0.0, 0.0, 0.0, 0.0, 0.0, 0.0, 0.0, 0.0, 0.0, 0.0, 0.0, 0.0, 0.0, 0.0, 0.0, 0.0, 0.0, 0.0, 0.0, 0.0, 0.0, 0.0, 0.0, 0.0, 0.0, 0.0, 0.0, 0.0, 0.0, 0.0, 0.0, 0.0, 0.0, 0.0, 0.0, 0.0], [0.0, 1.3003761733848104e-09, 0.0, 0.23746183417860212, 0.0, 0.2385670175487159, 0.09706099486986315, 0.00014398666147424552, 2.7544249767582233e-09, 0.37071740939062603, 0.023052732139278803, 0.19099551451518854, 0.16851001630737228, 0.0, 0.36779754705831297, 0.0, 0.0, 1.0, 0.017035155587717107, 0.1756609776412601, 0.14329072102174725, 0.21748701517386163, 0.09139413621217066, 0.0, 0.12027266409912453, 1.4835100567118452e-11, 0.010004419518995016, 2.0016246208592953e-07, 0.0, 0.5261541322103198, 0.3789085181357245, 0.0014864602838667276, 0.00034785796290592126, 4.2592046995191453e-16, 0.0, 0.0, 0.002064171078602463, 0.0, 0.22649125823527513, 0.3045914431285244, 1.3704558273944898e-08, 0.23506067852401036, 0.09983271531906565, 4.161003024081e-08, 0.3198352785425816, 0.08328757183928091, 0.6565955126078216, 0.46709340504901636, 6.854283080746153e-07, 0.0, 0.12740133296859935, 0.22649192428397827, 2.450790948229494e-16, 0.42034188249029225, 2.6364676264804086e-08, 0.4458400438508287, 0.0, 7.118528593808403e-05, 0.0, 0.00978928887963376, 1.3246088359722037e-10, 0.6688988620787457, 0.0, 0.1485269560292686, 0.30791285153031145, 8.067834094595087e-07, 0.1352656125577358, 3.0861710920433226e-16, 0.0, 0.5413733665502684, 6.668310090994363e-07, 0.0, 2.9742856303821277e-16, 0.11075778840095196, 0.0, 0.45820589784196175, 8.540841194373465e-06, 4.125732289076866e-06, 3.3738524571638985e-16, 0.28280636872584164, 1.3704554592813754e-08, 0.2581459422545272, 0.530604731559075, 0.0], [0.0, 2.249036047344589e-09, 0.0, 0.01591457109437292, 0.0, 0.0, 0.005453151410125647, 4.692097990427858e-05, 2.155439826751699e-09, 0.004475651252909593, 6.363221508854291e-05, 0.008834090639610407, 0.016410368459818657, 0.0, 0.007063499718169018, 0.0, 0.0, 0.017035155587717107, 1.0, 0.004646767781601749, 7.10111348374165e-09, 0.0046894144496074245, 0.004087651906824878, 0.0, 0.003105141909267607, 0.0, 0.006816159573083682, 1.3358498756288875e-07, 0.0, 0.01392667646671517, 1.1444091796875e-05, 0.003927112655060678, 0.0003060428269531409, 6.9388939039072276e-18, 0.0, 0.0, 0.0001838890392900304, 0.0, 0.0, 0.0159314893669646, 1.808832786361759e-08, 0.01694851193590992, 0.007289174359858019, 1.7967847087788744e-09, 0.016795593560190683, 0.00042787743467354175, 0.0045620815538436775, 1.0844575028515443e-11, 0.0, 0.0, 0.0, 1.4537948515072642e-11, 7.348710049679496e-17, 0.02172270397140571, 2.9802322387695312e-08, 0.006711429851995986, 0.0, 0.00018372090508174039, 0.0, 0.017029957099199355, 1.1102230246251568e-16, 0.01052532299592973, 0.0, 1.6887138688450922e-16, 0.004088525855867402, 4.6397175870761086e-07, 0.0, 1.1102230246251565e-16, 0.0, 0.00895179062651346, 3.130010947160176e-13, 0.0, 9.521898887024541e-17, 0.0, 0.0, 0.010296227292646478, 9.765618895221847e-06, 4.325211413167704e-06, 1.8095703868495894e-16, 0.0, 1.8088327867087036e-08, 0.01930332526063067, 0.019496607151338496, 0.0], [0.0, 1.3732863267803785e-09, 0.0, 0.4856874214298635, 0.0, 0.3078693441134771, 0.0974208994523084, 0.00010997121831553313, 3.049722543977615e-09, 0.6630963996425696, 0.060170046458508535, 0.5384519037886467, 0.243933670866715, 0.0, 0.16579931746248971, 0.0, 0.0, 0.1756609776412601, 0.004646767781601749, 1.0, 0.20519611630319418, 0.05623857668204837, 0.06647921019750924, 0.0, 0.10435938807603118, 9.481880362995767e-12, 0.013620220098514307, 9.664343700290192e-08, 0.0, 0.344972033484778, 0.18269069263735363, 0.00515890600793527, 0.0011279583001042124, 9.799567671872514e-17, 0.0, 0.0, 0.0005720750985731473, 0.0, 0.07972410051791008, 0.4935364212386245, 9.318246605241175e-09, 0.25658725556211986, 0.09732755424403636, 1.9261565313999773e-08, 0.7665856413114323, 0.03953710883274332, 0.38934116724513657, 0.44406843339539237, 5.430451371561368e-07, 0.0, 0.07972410054268045, 0.07972475317418833, 5.807222726659506e-17, 0.6876299460289799, 3.682787712887919e-08, 0.2324266565924627, 0.0, 0.0001052088395438809, 0.0, 0.004117197702167483, 1.551803550650216e-10, 0.39318451791861897, 0.0, 0.09617623774733644, 0.6343580061396259, 8.155136798864821e-07, 0.4119078526760813, 7.838987799159153e-17, 0.0, 0.37070859781967164, 6.053853504961302e-07, 0.0, 5.554243150447978e-17, 0.10027956501596304, 0.0, 0.33752783328187286, 3.316783394110424e-06, 1.2570572669727123e-05, 2.418483214275855e-16, 0.5826888737807976, 9.31824107687799e-09, 0.4838584646324442, 0.40796442252130827, 0.0], [0.0, 7.504577270147223e-13, 0.0, 0.06526710144338951, 0.0, 0.12632278815997786, 0.0, 0.0, 0.0, 0.023310413310409887, 1.868822866273787e-09, 0.017068738412007484, 0.09695297183054576, 0.0, 6.173054571259816e-09, 0.0, 0.0, 0.14329072102174725, 7.10111348374165e-09, 0.20519611630319418, 1.0, 9.365098601044228e-12, 0.0, 0.0, 0.0, 3.971174813889089e-14, 1.862645149230957e-09, 1.8647499350172707e-09, 0.0, 0.02952235490157521, 0.012892765578234908, 3.552713678800501e-15, 0.0, 0.0, 0.0, 0.0, 0.0, 0.0, 0.0, 0.15768891221294973, 5.587935447692871e-09, 0.24496254599187928, 0.007812499999999999, 1.0658141036401503e-14, 0.21927370926121098, 2.450501387002988e-12, 0.24341117647168586, 0.07735659347669664, 0.0, 0.0, 0.0, 4.5027463620883346e-12, 0.0, 0.2677109757084054, 0.0, 0.10007784660099243, 0.0, 7.230070186856132e-15, 0.0, 9.094947017729284e-13, 1.1102230246251565e-16, 0.1552308200262324, 0.0, 0.017673994789895914, 0.07735659346940951, 0.0, 0.0, 4.440892098500626e-16, 0.0, 0.026207635723093495, 0.0, 0.0, 0.0, 0.0, 0.0, 0.12490900891540242, 0.0, 3.7419629574555256e-09, 2.929780626327906e-16, 0.24496254598646341, 5.587935447692871e-09, 0.07735659510909776, 0.10240277135332981, 0.0], [0.0, 5.540475680455512e-11, 0.0, 0.22281393227852553, 0.0, 0.47054154279220917, 0.01545952534796892, 0.0, 1.2617425733753395e-10, 0.14511379399606752, 1.443691996124487e-10, 0.21401463244953503, 0.0009547053854754158, 0.0, 0.175501609084887, 0.0, 0.0, 0.21748701517386163, 0.0046894144496074245, 0.05623857668204837, 9.365098601044228e-12, 1.0, 0.0015266599543490036, 0.0, 1.3759980171480658e-10, 2.2050378176069138e-11, 0.0046894145450691585, 7.090954119082834e-11, 0.0, 0.40857270522371003, 0.49614290973997194, 0.0, 0.0, 0.0, 0.0, 0.0, 0.0, 0.0, 0.49614290973997194, 0.4227641390717516, 0.0, 0.005964051679144011, 0.0029253255967047905, 1.1641532182693481e-10, 0.14475766085395222, 1.0230731100654473e-11, 0.23162126613036277, 0.09452112057864522, 0.0, 0.0, 0.46413368978585173, 0.4961429097466902, 4.857225732735059e-17, 0.1654709493364589, 0.0, 0.497389732736435, 0.0, 0.0, 0.0, 0.004689414438852106, 2.009528089218049e-10, 0.01763081171843931, 0.0, 4.2627252283592905e-18, 0.15944956593340526, 0.0, 0.14404148992479207, 0.0, 0.0, 0.14873090447469284, 1.7735453528983045e-12, 0.0, 0.0, 1.3344269669037245e-13, 0.0, 0.23335742724775654, 0.0, 2.4104359609603754e-10, 0.0, 0.14404148992450796, 4.26272522835929e-18, 0.4543096616796478, 0.0429407378209579, 0.0], [0.0, 0.0, 0.0, 0.13028283498882748, 0.0, 0.0, 0.12167745059973131, 0.0, 0.0, 0.03664371279659974, 0.0, 0.03186187405158584, 0.03175476549347227, 0.0, 0.003356446841519714, 0.0, 0.0, 0.09139413621217066, 0.004087651906824878, 0.06647921019750924, 0.0, 0.0015266599543490036, 1.0, 0.0, 0.031249999999999997, 0.0, 0.004086109198371825, 2.6244138032258264e-17, 0.0, 0.08345870362438741, 0.0, 0.0, 0.0, 6.938893903907228e-18, 0.0, 0.0, 0.0, 0.0, 0.0, 0.13494259101142508, 0.0, 0.1265921986006275, 0.1399720093002695, 0.0, 0.03663312893224126, 0.06869370921868861, 0.031250000000000035, 0.0, 0.0, 0.0, 0.0, 0.0, 6.9388939039072276e-18, 0.048462928817173276, 0.0, 0.0853278687156296, 0.0, 0.0, 0.0, 0.004086109198371832, 0.0, 0.06601420975718952, 0.0, 5.551115123125783e-17, 0.05371769457420664, 0.0, 0.0, 0.0, 0.0, 0.058506270777404584, 3.216901232045773e-17, 0.0, 4.412538728198559e-17, 0.031249999999999997, 0.0, 0.024284642238877944, 7.134338635339385e-06, 4.768371582031249e-07, 0.0, 0.0, 0.0, 0.11190062707465771, 0.02981340712579457, 0.0], [0.0, 0.0, 0.0, 0.0, 0.0, 0.0, 0.0, 0.0, 0.0, 0.0, 0.0, 0.0, 0.0, 0.0, 0.0, 0.0, 0.0, 0.0, 0.0, 0.0, 0.0, 0.0, 0.0, 1.0, 0.0, 0.0, 0.0, 0.0, 0.0, 0.0, 0.0, 0.0, 0.0, 0.0, 0.0, 0.0, 0.0, 0.0, 0.0, 0.0, 0.0, 0.0, 0.0, 0.0, 0.0, 0.0, 0.0, 0.0, 0.0, 0.0, 0.0, 0.0, 0.0, 0.0, 0.0, 0.0, 0.0, 0.0, 0.0, 0.0, 0.0, 0.0, 0.0, 0.0, 0.0, 0.0, 0.0, 0.0, 0.0, 0.0, 0.0, 0.0, 0.0, 0.0, 0.0, 0.0, 0.0, 0.0, 0.0, 0.0, 0.0, 0.0, 0.0, 0.0], [0.0, 1.0637053693810713e-11, 0.0, 0.04418355756896204, 0.0, 0.0, 0.04665685658465789, 0.00011339049276953954, 1.2774357410500293e-10, 0.07686563619182868, 0.024114236033754954, 0.035741859008517424, 0.06356185395387996, 0.0, 0.008315330568596475, 0.0, 0.0, 0.12027266409912453, 0.003105141909267607, 0.10435938807603118, 0.0, 1.3759980171480658e-10, 0.031249999999999997, 0.0, 1.0, 5.470966358966146e-11, 0.0032033005917207575, 4.6017647370568997e-11, 0.0, 0.10104140092801252, 0.0, 0.002044349817092403, 0.0007298397496981798, 0.0, 0.0, 0.0, 0.0020751953124999996, 0.0, 0.0, 0.03481690456986533, 0.0, 0.05138263851929829, 0.031249999999999997, 1.0737345835843325e-10, 0.05469192827870733, 0.0692093675951416, 0.09295853583536509, 0.0, 0.0, 0.0, 3.067813095955236e-11, 0.0, 0.0, 0.1070143418189504, 0.0, 0.13964133526353925, 0.0, 0.00048828125, 0.0, 0.002577296236456842, 6.45075077072942e-11, 0.11979773707440158, 0.0, 0.0, 0.05030254239346238, 0.0, 0.0, 0.0, 0.0, 0.12995874909283647, 0.0, 0.0, 0.0, 0.18413123959890826, 0.0, 0.08685416503600098, 0.0, 6.906599188144785e-11, 0.0, 0.0, 0.0, 0.04754712950063538, 0.06107992549304281, 0.0], [0.0, 8.911191772433732e-12, 0.0, 2.518385608123624e-11, 0.0, 0.0, 0.0, 0.0, 5.792274652081926e-11, 2.850142468218581e-11, 1.86377188708693e-11, 4.513495343204775e-11, 0.0, 0.0, 6.229113271490711e-13, 0.0, 0.0, 1.4835100567118452e-11, 0.0, 9.481880362995767e-12, 3.971174813889089e-14, 2.2050378176069138e-11, 0.0, 0.0, 5.470966358966146e-11, 1.0, 0.0, 6.000190722719553e-13, 0.0, 5.5964651625223655e-11, 0.0, 1.4210854715202004e-14, 0.0, 0.0, 0.0, 0.0, 0.0, 0.0, 0.0, 1.8917845564130232e-11, 0.0, 2.2723605956068286e-13, 0.0, 2.8743446176801106e-14, 2.736765051299512e-11, 0.0, 4.4558427541499163e-13, 2.4774727558010304e-13, 0.0, 0.0, 0.0, 0.0, 0.0, 1.8701535544386216e-11, 0.0, 2.2001594899092523e-11, 0.0, 1.1516393233720046e-14, 0.0, 0.0, 2.6678511252005894e-11, 3.860431166083266e-11, 0.0, 0.0, 0.0, 0.0, 6.735979732300228e-13, 0.0, 0.0, 3.719411069408263e-11, 0.0, 0.0, 0.0, 5.286359716025138e-13, 0.0, 5.019439246143419e-11, 0.0, 3.2822417816540177e-13, 0.0, 0.0, 0.0, 8.245939072071069e-13, 4.50156633744434e-11, 0.0], [0.0, 4.96407092201264e-10, 0.0, 0.016325561016126068, 0.0, 0.0, 0.006461550832671581, 0.00028991699218749995, 7.917423017071394e-10, 0.01373172663754758, 0.00014131068979070965, 0.013439536757831078, 0.013699207738470935, 0.0, 0.0070956930213894685, 0.0, 0.0, 0.010004419518995016, 0.006816159573083682, 0.013620220098514307, 1.862645149230957e-09, 0.0046894145450691585, 0.004086109198371825, 0.0, 0.0032033005917207575, 0.0, 1.0, 8.944250469302551e-09, 0.0, 0.010669814943096028, 0.0, 0.006368003420470402, 6.1035156249999986e-05, 0.0, 0.0, 0.0, 0.0006103515624999999, 0.0, 0.0, 0.017571520362890655, 1.8626451492309566e-09, 0.01219302909651316, 0.009682997471953515, 2.910383045673371e-11, 0.007845072581212458, 0.00012207097187378908, 0.005593113511991319, 0.0, 0.0, 0.0, 1.455191522836685e-10, 0.0, 0.0, 0.014619502849728653, 0.0, 0.007177421982656228, 0.0, 0.00012207031249999997, 0.0, 0.0063099237427423896, 2.3114610784584742e-10, 0.02221256771913256, 0.0, 0.0, 0.0040283203125, 0.0, 0.0, 0.0, 0.0, 0.02728487323212067, 0.0, 0.0, 0.0, 0.0, 0.0, 0.02428290315220749, 0.0, 2.060212152036798e-09, 0.0, 0.0, 1.8626451492309568e-09, 0.009323649399967143, 0.009979972792163425, 0.0], [0.0, 3.419810978048235e-09, 0.0, 8.015312280638625e-08, 0.0, 0.0, 0.0, 0.0, 2.9792283082364526e-09, 1.8472166986596617e-07, 2.3511049305996296e-09, 2.720062063686657e-07, 5.2112893000326445e-16, 0.0, 3.4812561770427557e-08, 0.0, 0.0, 2.0016246208592953e-07, 1.3358498756288875e-07, 9.664343700290192e-08, 1.8647499350172707e-09, 7.090954119082834e-11, 2.6244138032258264e-17, 0.0, 4.6017647370568997e-11, 6.000190722719553e-13, 8.944250469302551e-09, 1.0, 0.0, 1.990626544969935e-07, 0.0, 0.0, 0.0, 3.4211102367053564e-16, 0.0, 0.0, 0.0, 0.0, 0.0, 1.5766607887131529e-07, 1.8626451492309566e-09, 1.577986357291389e-10, 0.0, 1.9793735627024355e-08, 4.023433979206344e-07, 1.571808364469584e-08, 3.923764896429528e-12, 9.873947749774735e-12, 0.0, 0.0, 1.7256695594734616e-10, 1.433539546000209e-11, 1.6007714527346036e-16, 2.0479910878121883e-07, 2.9802322387695312e-08, 1.2383271112636393e-07, 0.0, 1.2432216283947872e-16, 0.0, 4.54996855279126e-13, 1.5120486867285675e-10, 1.7505853025866117e-07, 0.0, 4.674372798277621e-16, 0.0, 0.0, 9.001917387883369e-13, 1.35904104004131e-16, 0.0, 1.8201377733819783e-07, 1.773568958136274e-12, 0.0, 1.371605255158001e-16, 9.007831503653837e-13, 0.0, 7.240539385964111e-08, 0.0, 6.33813928711335e-08, 2.2776307537410704e-16, 0.0, 1.8626451575065996e-09, 9.241334028237337e-08, 2.421348175191498e-07, 0.0], [0.0, 0.0, 0.0, 0.0, 0.0, 0.0, 0.0, 0.0, 0.0, 0.0, 0.0, 0.0, 0.0, 0.0, 0.0, 0.0, 0.0, 0.0, 0.0, 0.0, 0.0, 0.0, 0.0, 0.0, 0.0, 0.0, 0.0, 0.0, 1.0, 0.0, 0.0, 0.0, 0.0, 0.0, 0.0, 0.0, 0.0, 0.0, 0.0, 0.0, 0.0, 0.0, 0.0, 0.0, 0.0, 0.0, 0.0, 0.0, 0.0, 0.0, 0.0, 0.0, 0.0, 0.0, 0.0, 0.0, 0.0, 0.0, 0.0, 0.0, 0.0, 0.0, 0.0, 0.0, 0.0, 0.0, 0.0, 0.0, 0.0, 0.0, 0.0, 0.0, 0.0, 0.0, 0.0, 0.0, 0.0, 0.0, 0.0, 0.0, 0.0, 0.0, 0.0, 0.0], [0.0, 1.7732464686825987e-09, 0.0, 0.25026414276793585, 0.0, 0.528199078530357, 0.07976632701294216, 0.00015149871981749176, 1.9351492135743763e-09, 0.21761971933632893, 0.02080001468142803, 0.27321300401478893, 0.18686476664989038, 0.0, 0.013082237517114249, 0.0, 0.0, 0.5261541322103198, 0.01392667646671517, 0.344972033484778, 0.02952235490157521, 0.40857270522371003, 0.08345870362438741, 0.0, 0.10104140092801252, 5.5964651625223655e-11, 0.010669814943096028, 1.990626544969935e-07, 0.0, 1.0, 0.6321012578752924, 0.004691423574567696, 0.0005536205579248563, 9.242996653964028e-17, 0.0, 0.0, 0.0006715998911409122, 0.0, 0.39528470752104744, 0.511361810058458, 6.9635934139793315e-09, 0.15939106946299247, 0.09216988517573288, 3.6263013842978796e-09, 0.12192921437829443, 0.007305032312330933, 0.5604043834712553, 0.36494065548459437, 2.2600722471238063e-07, 0.0, 0.3952847080129829, 0.39528498722859534, 1.7307675867041297e-16, 0.13550062232169333, 3.3237142736004154e-08, 0.6155966005224656, 0.0, 0.00018310546875766555, 0.0, 0.006926238779329248, 1.3753530848622088e-10, 0.3256146607973759, 0.0, 0.23500047393048376, 0.15415197044280815, 4.932987612842794e-07, 1.1204947503545082e-12, 1.7393198578227008e-16, 0.0, 0.140950773414794, 2.5945061212115806e-07, 0.0, 1.683586670567656e-16, 0.10349861352221787, 0.0, 0.2373271614385855, 1.1565474143610847e-05, 4.955895070267365e-06, 1.3008840575834422e-16, 0.02631058409543653, 6.96359006427319e-09, 0.5848983391741949, 0.44809889729596275, 0.0], [0.0, 0.0, 0.0, 0.30914770758822346, 0.0, 0.5495028071663333, 4.57763671875e-05, 7.629394531249999e-06, 0.0, 0.127880732015535, 0.0, 0.431669965691489, 0.07202074496225398, 0.0, 0.14823176532039278, 0.0, 0.0, 0.3789085181357245, 1.1444091796875e-05, 0.18269069263735363, 0.012892765578234908, 0.49614290973997194, 0.0, 0.0, 0.0, 0.0, 0.0, 0.0, 0.0, 0.6321012578752924, 1.0, 0.0, 3.0517578125e-05, 0.0, 0.0, 0.0, 0.0, 0.0, 0.5, 0.4940215171188882, 0.0, 0.0625114024111007, 0.0, 0.0, 0.2097218328546681, 0.0, 0.29677283459518494, 0.1463169097487319, 0.0, 0.0, 0.4375, 0.5, 0.0, 0.20363145890983012, 0.0, 0.5494799972959239, 0.0, 0.0, 0.0, 0.0, 0.0, 0.08001558060363925, 0.0, 0.24958335619065025, 0.18753433227539062, 0.0, 0.12499999999999997, 0.0, 0.0, 0.20320657122845764, 0.0, 0.0, 0.0, 0.0, 0.0, 0.2649924746249317, 6.593696133018859e-06, 1.5258789062499997e-05, 0.0, 0.1875, 0.0, 0.5274355063352296, 0.21823080066951, 0.0], [0.0, 0.0, 0.0, 0.0022561745389579895, 0.0, 0.0, 0.0015440808887540913, 0.0, 0.0, 0.008364050862223528, 0.0, 0.005760802353106614, 0.0045182303216679594, 0.0, 0.007812500000021316, 0.0, 0.0, 0.0014864602838667276, 0.003927112655060678, 0.00515890600793527, 3.552713678800501e-15, 0.0, 0.0, 0.0, 0.002044349817092403, 1.4210854715202004e-14, 0.006368003420470402, 0.0, 0.0, 0.004691423574567696, 0.0, 1.0, 0.0009065111128061482, 0.0, 0.0, 0.0, 0.0001220703125, 0.0, 0.0, 0.005999596616137284, 1.776356839400251e-15, 0.003977957685401004, 0.0025917531355353005, 1.4210854715202004e-14, 0.0035683156355387044, 0.0004659193552885389, 0.0030517578125000004, 6.0170239844655556e-15, 0.0, 0.0, 0.0, 0.0, 0.0, 0.008172847595501716, 0.0, 0.006480482527587723, 0.0, 0.00012207031249999999, 0.0, 0.0010986328125, 0.0, 0.0063740734313901416, 0.0, 0.0, 0.0001220703125, 0.0, 0.0, 0.0, 0.0, 0.006550121481898331, 0.0, 0.0, 0.0, 0.0, 0.0, 0.006889478045430221, 0.0, 1.7763568394002505e-15, 0.0, 0.0, 0.0, 0.0020751953125055685, 0.006738129616496847, 0.0], [0.0, 0.0, 0.0, 0.0011576265651966305, 0.0, 0.0, 3.051757812500001e-05, 9.356970563886974e-05, 0.0, 0.0012119016528637286, 5.953834534362863e-05, 0.0004082926888605762, 0.0, 0.0, 0.0, 0.0, 0.0, 0.00034785796290592126, 0.0003060428269531409, 0.0011279583001042124, 0.0, 0.0, 0.0, 0.0, 0.0007298397496981798, 0.0, 6.1035156249999986e-05, 0.0, 0.0, 0.0005536205579248563, 3.0517578125e-05, 0.0009065111128061482, 1.0, 0.0, 0.0, 0.0, 0.0, 0.0, 0.0, 9.382933796179557e-05, 0.0, 0.0009879649111006836, 0.0, 0.0, 0.00012957264732839225, 0.00024414062499999997, 6.1035156249999986e-05, 0.0, 0.0, 0.0, 0.0, 0.0, 0.0, 0.0010223530242762864, 0.0, 0.001178863024392803, 0.0, 0.0, 0.0, 6.1035156249999986e-05, 0.0, 0.0011282966183646611, 0.0, 0.0, 4.577636718750001e-05, 0.0, 0.0, 0.0, 0.0, 0.0010757227662016964, 0.0, 0.0, 0.0, 0.0, 0.0, 0.0009344681137060313, 0.0, 0.0, 0.0, 0.0, 0.0, 9.1552734375e-05, 0.0010004617714446935, 0.0], [0.0, 0.0, 0.0, 2.9599977853602308e-16, 0.0, 0.0, 0.0, 0.0, 0.0, 1.401928550582918e-16, 0.0, 3.3088427815616665e-16, 0.0, 0.0, 0.0, 0.0, 0.0, 4.2592046995191453e-16, 6.9388939039072276e-18, 9.799567671872514e-17, 0.0, 0.0, 6.938893903907228e-18, 0.0, 0.0, 0.0, 0.0, 3.4211102367053564e-16, 0.0, 9.242996653964028e-17, 0.0, 0.0, 0.0, 1.0, 0.0, 0.0, 0.0, 0.0, 0.0, 2.2474432894652886e-16, 0.0, 6.9388939039072276e-18, 0.0, 0.0, 5.74799311109056e-16, 6.8512549871381425e-18, 2.7273112858858792e-17, 0.0, 0.0, 0.0, 0.0, 0.0, 6.938893903907228e-18, 4.117683200879069e-16, 0.0, 0.0, 0.0, 0.0, 0.0, 8.691462947684126e-16, 2.345734690937547e-16, 2.1129493134496752e-16, 0.0, 8.942385378672404e-16, 0.0, 0.0, 0.0, 0.0, 0.0, 4.45243585067653e-16, 0.0, 0.0, 0.0, 0.0, 0.0, 2.2683500516721974e-16, 0.0, 3.094600980084711e-16, 0.0, 0.0, 0.0, 0.0, 1.6818961153309908e-17, 0.0], [0.0, 0.0, 0.0, 0.0, 0.0, 0.0, 0.0, 0.0, 0.0, 0.0, 0.0, 0.0, 0.0, 0.0, 0.0, 0.0, 0.0, 0.0, 0.0, 0.0, 0.0, 0.0, 0.0, 0.0, 0.0, 0.0, 0.0, 0.0, 0.0, 0.0, 0.0, 0.0, 0.0, 0.0, 1.0, 0.0, 0.0, 0.0, 0.0, 0.0, 0.0, 0.0, 0.0, 0.0, 0.0, 0.0, 0.0, 0.0, 0.0, 0.0, 0.0, 0.0, 0.0, 0.0, 0.0, 0.0, 0.0, 0.0, 0.0, 0.0, 0.0, 0.0, 0.0, 0.0, 0.0, 0.0, 0.0, 0.0, 0.0, 0.0, 0.0, 0.0, 0.0, 0.0, 0.0, 0.0, 0.0, 0.0, 0.0, 0.0, 0.0, 0.0, 0.0, 0.0], [0.0, 0.0, 0.0, 0.0, 0.0, 0.0, 0.0, 0.0, 0.0, 0.0, 0.0, 0.0, 0.0, 0.0, 0.0, 0.0, 0.0, 0.0, 0.0, 0.0, 0.0, 0.0, 0.0, 0.0, 0.0, 0.0, 0.0, 0.0, 0.0, 0.0, 0.0, 0.0, 0.0, 0.0, 0.0, 1.0, 0.0, 0.0, 0.0, 0.0, 0.0, 0.0, 0.0, 0.0, 0.0, 0.0, 0.0, 0.0, 0.0, 0.0, 0.0, 0.0, 0.0, 0.0, 0.0, 0.0, 0.0, 0.0, 0.0, 0.0, 0.0, 0.0, 0.0, 0.0, 0.0, 0.0, 0.0, 0.0, 0.0, 0.0, 0.0, 0.0, 0.0, 0.0, 0.0, 0.0, 0.0, 0.0, 0.0, 0.0, 0.0, 0.0, 0.0, 0.0], [0.0, 0.0, 0.0, 0.0014903911362696923, 0.0, 0.0, 1.840657041031046e-07, 0.0, 0.0, 0.00038520045759338163, 0.0, 0.0009762781342722471, 0.0, 0.0, 0.0, 0.0, 0.0, 0.002064171078602463, 0.0001838890392900304, 0.0005720750985731473, 0.0, 0.0, 0.0, 0.0, 0.0020751953124999996, 0.0, 0.0006103515624999999, 0.0, 0.0, 0.0006715998911409122, 0.0, 0.0001220703125, 0.0, 0.0, 0.0, 0.0, 1.0, 0.0, 0.0, 0.0007779114901093852, 0.0, 0.00012216234535205155, 0.0, 0.0, 1.5338808675258712e-07, 0.00048828124999999995, 0.00012207031249999999, 0.0, 0.0, 0.0, 0.0, 0.0, 0.0, 0.002256881750743454, 0.0, 0.0013821088186667706, 0.0, 0.00012207031249999997, 0.0, 0.00012207031249999999, 0.0, 0.0007724673565749518, 0.0, 0.0, 0.00012207031249999999, 1.840657041031046e-07, 0.0, 0.0, 0.0, 0.0012196625717156972, 0.0, 0.0, 0.0, 0.0, 0.0, 0.00034294214782963227, 2.9934453929884294e-07, 0.0, 0.0, 0.0, 0.0, 0.00012216828634020437, 0.0014633490838406862, 0.0], [0.0, 0.0, 0.0, 0.0, 0.0, 0.0, 0.0, 0.0, 0.0, 0.0, 0.0, 0.0, 0.0, 0.0, 0.0, 0.0, 0.0, 0.0, 0.0, 0.0, 0.0, 0.0, 0.0, 0.0, 0.0, 0.0, 0.0, 0.0, 0.0, 0.0, 0.0, 0.0, 0.0, 0.0, 0.0, 0.0, 0.0, 1.0, 0.0, 0.0, 0.0, 0.0, 0.0, 0.0, 0.0, 0.0, 0.0, 0.0, 0.0, 0.0, 0.0, 0.0, 0.0, 0.0, 0.0, 0.0, 0.0, 0.0, 0.0, 0.0, 0.0, 0.0, 0.0, 0.0, 0.0, 0.0, 0.0, 0.0, 0.0, 0.0, 0.0, 0.0, 0.0, 0.0, 0.0, 0.0, 0.0, 0.0, 0.0, 0.0, 0.0, 0.0, 0.0, 0.0], [0.0, 0.0, 0.0, 0.17902236084304715, 0.0, 0.4474407345503676, 0.0, 0.0, 0.0, 0.12499999999999999, 0.0, 0.1816535793610983, 0.0, 0.0, 0.14823176532039276, 0.0, 0.0, 0.22649125823527513, 0.0, 0.07972410051791008, 0.0, 0.49614290973997194, 0.0, 0.0, 0.0, 0.0, 0.0, 0.0, 0.0, 0.39528470752104744, 0.5, 0.0, 0.0, 0.0, 0.0, 0.0, 0.0, 0.0, 1.0, 0.3916403177496772, 0.0, 0.0, 0.0, 0.0, 0.12499999999999996, 0.0, 0.2549625388687819, 0.08381690974873192, 0.0, 0.0, 0.43750000000000006, 0.5000000000000001, 0.0, 0.1366708703220933, 0.0, 0.49988806053545887, 0.0, 0.0, 0.0, 0.0, 0.0, 0.04497749987321488, 0.0, 0.0, 0.125, 0.0, 0.125, 0.0, 0.0, 0.12499999999999999, 0.0, 0.0, 0.0, 0.0, 0.0, 0.20199830511508166, 0.0, 0.0, 0.0, 0.12500000000000003, 0.0, 0.46488972996804206, 0.0050025325350664404, 0.0], [0.0, 1.7543135106084532e-09, 0.0, 0.6377661179350366, 0.0, 0.720882492356648, 0.12487051652635232, 0.0003863790053414643, 3.6867926546781037e-09, 0.5903150110865956, 0.00021209053696023516, 0.5611456227896521, 0.15999693576803228, 0.0, 0.23562696998920163, 0.0, 0.0, 0.3045914431285244, 0.0159314893669646, 0.4935364212386245, 0.15768891221294973, 0.4227641390717516, 0.13494259101142508, 0.0, 0.03481690456986533, 1.8917845564130232e-11, 0.017571520362890655, 1.5766607887131529e-07, 0.0, 0.511361810058458, 0.4940215171188882, 0.005999596616137284, 9.382933796179557e-05, 2.2474432894652886e-16, 0.0, 0.0, 0.0007779114901093852, 0.0, 0.3916403177496772, 1.0, 1.2296058911841964e-08, 0.23460907368080663, 0.14913792248226118, 4.9985346210910885e-08, 0.5531328121746509, 0.06893697992997586, 0.1808224366139456, 0.2691912312993301, 9.511137373312688e-07, 0.0, 0.4523283839851909, 0.39164126176887754, 7.232408500913428e-17, 0.5311702908392613, 3.780947560246035e-08, 0.5721779226306116, 0.0, 0.0004138324718767555, 0.0, 0.013034198404974731, 6.463805198233492e-11, 0.39316884546158015, 0.0, 0.09624922926733613, 0.5190763365034671, 1.0684366517749541e-06, 0.3