"{\"names\": [\"172.217.10.1\", \"104.88.86.240\", \"38.93.140.48\", \"192.168.10.15\", \"104.88.108.223\", \"195.142.105.15\", \"172.217.12.163\", \"206.217.206.48\", \"172.217.6.228\", \"178.255.83.1\", \"74.119.118.82\", \"192.168.10.9\", \"172.217.7.6\", \"35.186.227.40\", \"31.13.71.36\", \"206.126.112.142\", \"151.101.2.49\", \"192.168.10.25\", \"172.217.3.98\", \"192.168.10.16\", \"72.30.202.150\", \"172.217.12.132\", \"50.31.164.173\", \"162.208.20.178\", \"23.15.4.16\", \"216.58.217.99\", \"172.217.6.198\", \"172.217.12.174\", \"169.46.44.40\", \"192.168.10.17\", \"52.84.143.130\", \"104.19.195.102\", \"216.200.232.61\", \"104.97.73.166\", \"152.163.13.79\", \"192.229.163.25\", \"74.119.118.86\", \"54.225.188.92\", \"188.165.145.88\", \"192.168.10.14\", \"8.43.72.98\", \"199.96.57.6\", \"68.67.178.110\", \"104.88.70.158\", \"192.168.10.19\", \"69.172.216.56\", \"157.240.18.35\", \"172.217.11.34\", \"185.54.150.20\", \"69.169.85.7\", \"198.232.124.194\", \"74.119.118.72\", \"172.217.12.134\", \"192.168.10.5\", \"23.111.9.30\", \"192.168.10.8\", \"151.101.66.2\", \"68.67.178.199\", \"213.239.195.215\", \"138.108.7.20\", \"52.84.145.87\", \"192.168.10.50\", \"52.84.145.198\", \"52.40.24.51\", \"212.77.100.137\", \"185.54.150.115\", \"172.217.10.138\", \"152.163.66.165\", \"52.84.137.78\", \"192.168.10.51\", \"68.67.178.109\", \"129.146.14.96\", \"54.152.24.232\", \"172.217.10.33\", \"52.8.229.108\", \"192.168.10.12\", \"64.147.131.201\", \"172.217.12.206\", \"68.67.180.12\", \"172.217.10.134\", \"38.69.238.16\", \"172.217.10.142\", \"192.168.10.3\", \"172.217.6.202\"], \"funcEdges\": [[1.0, 0.0, 0.0, 0.0, 0.0, 0.0, 0.0, 0.0, 0.0, 0.0, 0.0, 0.0, 0.0, 0.0, 0.0, 0.0, 0.0, 0.0, 0.0, 0.0, 0.0, 0.0, 0.0, 0.0, 0.0, 0.0, 0.0, 0.0, 0.0, 0.0, 0.0, 0.0, 0.0, 0.0, 0.0, 0.0, 0.0, 0.0, 0.0, 0.0, 0.0, 0.0, 0.0, 0.0, 0.0, 0.0, 0.0, 0.0, 0.0, 0.0, 0.0, 0.0, 0.0, 0.0, 0.0, 0.0, 0.0, 0.0, 0.0, 0.0, 0.0, 0.0, 0.0, 0.0, 0.0, 0.0, 0.0, 0.0, 0.0, 0.0, 0.0, 0.0, 0.0, 0.0, 0.0, 0.0, 0.0, 0.0, 0.0, 0.0, 0.0, 0.0, 0.0, 0.0], [0.0, 1.0, 0.0, 3.7577499325191093e-13, 0.0, 0.0, 0.0, 0.0, 2.4266202532945457e-13, 4.1978821154269647e-13, 5.941139629838152e-14, 2.1433274924408493e-13, 0.0, 0.0, 1.5525462577052224e-13, 0.0, 0.0, 1.5873732585263798e-13, 2.7454053312311875e-13, 1.6763749106205792e-13, 9.160860925472684e-17, 6.763275977118545e-15, 0.0, 0.0, 1.2984684684827531e-15, 1.0877919644084146e-15, 6.059656887222461e-14, 4.1745739478127867e-13, 0.0, 2.1646075057160629e-13, 0.0, 0.0, 0.0, 0.0, 0.0, 0.0, 0.0, 0.0, 0.0, 2.1414959846294595e-13, 0.0, 1.5790571182148437e-14, 0.0, 0.0, 3.479554209438639e-13, 2.2479588119804598e-13, 5.496516555283613e-16, 1.6791474049291644e-15, 0.0, 0.0, 1.4210854715202004e-14, 4.440892098500626e-16, 0.0, 4.1281838356104693e-13, 0.0, 2.754163451117628e-13, 0.0, 0.0, 0.0, 0.0, 2.9007785717557717e-15, 2.9881164232292564e-13, 0.0, 0.0, 0.0, 0.0, 0.0, 0.0, 0.0, 2.714691881607392e-13, 0.0, 0.0, 0.0, 0.0, 0.0, 1.5494012151789604e-13, 0.0, 2.4507847340993826e-13, 0.0, 0.0, 0.0, 5.226916582116147e-15, 4.898644767307739e-13, 0.0], [0.0, 0.0, 1.0, 0.017018838297554906, 0.0, 0.004733317030867943, 0.032138821661162, 0.0, 0.0, 0.018130850845261184, 0.0, 0.017250885921870067, 0.0, 0.015625, 0.0, 0.0, 0.0, 0.04392039955167498, 0.0, 0.0338684177436899, 0.0, 0.0, 0.0, 0.0, 0.0, 0.0, 0.0, 0.0, 0.0, 0.022280078948951863, 0.0, 0.03654249169176159, 0.012501914437490474, 0.0, 0.0, 0.0, 0.0, 0.0, 0.0039062499999999983, 0.02653956640669855, 0.014130456224716238, 0.0007957039489518658, 0.0, 0.0, 0.018693691790979277, 0.0, 0.031154917944010214, 0.007039237968881687, 0.0, 0.0, 0.0, 0.007812499999999998, 0.0, 0.013041688239050518, 0.0, 0.014151567078718995, 0.0, 0.006104521548702064, 0.0, 0.0007957039489518657, 0.0, 0.03252825020047172, 0.0, 0.0, 0.007812499999999998, 0.0, 0.0, 0.0, 0.0, 0.01766752274984841, 0.00457136403466837, 0.0, 0.0, 0.0, 0.0, 0.01746290027325215, 0.0, 0.017644257840252822, 0.0, 0.0007957039489518658, 0.010753957887529239, 0.0010940929298088155, 0.037437071182886, 0.0], [0.0, 3.7577499325191093e-13, 0.017018838297554906, 1.0, 0.0, 0.012263806006479264, 0.21251311065130246, 2.661877198451239e-08, 5.810840557919187e-13, 0.6271149941876406, 0.0005829125583386508, 0.37409765588767474, 2.033347021610755e-05, 0.004371138886724935, 3.298601644241117e-05, 0.0, 0.0005032098420618709, 0.15484631476322105, 1.9426966667935695e-06, 0.3015754587748182, 0.21591301050781125, 2.7198966342593448e-05, 1.5903666380472104e-05, 0.0, 0.05328853106066621, 3.074201181791533e-15, 1.9928663349763267e-06, 0.2857484066328369, 0.007366623715941941, 0.6710331388951793, 3.773775727395306e-05, 0.018520159289458583, 0.03509510814956481, 0.00042724609375, 0.0, 0.0, 1.8193251175167143e-07, 0.0008708812197253092, 0.006020816013230883, 0.6629904128416596, 0.03311921683514489, 0.24219027792730463, 1.8108445066440408e-05, 1.9641016634945605e-12, 0.7718930133351697, 5.299653882234464e-06, 0.3226672149894711, 0.15009076404155083, 1.161027511390709e-10, 0.0, 0.18480437873681074, 0.02741075737433224, 2.6213461128704577e-20, 0.6735890644801471, 5.917387038133247e-12, 0.6605063915975519, 0.0, 0.04207165221149505, 0.0, 0.002532205119357582, 3.6854953871559744e-14, 0.6303889398096448, 0.0, 1.703862042157077e-05, 0.02108944979936317, 1.3096723705530164e-10, 4.715715457045417e-05, 8.017087294278776e-21, 0.00021835717607389648, 0.6203946732664516, 0.023702134480129464, 0.0, 3.779771192104197e-20, 5.0620178429527885e-06, 0.0, 0.7608421597750576, 1.6593573157806113e-09, 0.4109630558889361, 7.88179092291151e-21, 0.000673148964202535, 0.012229468072946455, 0.004210283564853435, 0.49518250686590914, 0.0], [0.0, 0.0, 0.0, 0.0, 1.0, 0.0, 0.0, 0.0, 0.0, 0.0, 0.0, 0.0, 0.0, 0.0, 0.0, 0.0, 0.0, 0.0, 0.0, 0.0, 0.0, 0.0, 0.0, 0.0, 0.0, 0.0, 0.0, 0.0, 0.0, 0.0, 0.0, 0.0, 0.0, 0.0, 0.0, 0.0, 0.0, 0.0, 0.0, 0.0, 0.0, 0.0, 0.0, 0.0, 0.0, 0.0, 0.0, 0.0, 0.0, 0.0, 0.0, 0.0, 0.0, 0.0, 0.0, 0.0, 0.0, 0.0, 0.0, 0.0, 0.0, 0.0, 0.0, 0.0, 0.0, 0.0, 0.0, 0.0, 0.0, 0.0, 0.0, 0.0, 0.0, 0.0, 0.0, 0.0, 0.0, 0.0, 0.0, 0.0, 0.0, 0.0, 0.0, 0.0], [0.0, 0.0, 0.004733317030867943, 0.012263806006479264, 0.0, 1.0, 0.0024438057200474378, 0.0, 0.0, 0.015064994598665489, 0.0003095521121609955, 0.00428598816557644, 1.754697298700709e-05, 0.0039062499999999987, 2.886772393302265e-05, 0.0, 0.00022496382801891174, 0.011260559264554375, 0.0, 0.008277778254082402, 1.5420262226559797e-05, 5.7439153172877096e-05, 0.0, 0.0, 0.0008573277804681558, 0.0, 0.0, 0.0, 0.0025214735326871203, 0.013520299587705328, 6.707797939042154e-05, 0.003941152204090324, 0.0046894144374904755, 0.00032593955222899693, 0.0, 0.0, 0.0, 0.0007615019117558847, 0.005446169097442671, 0.008069445509706046, 0.014099428029709695, 0.0016403758864761329, 0.0, 0.0, 0.007334910663174075, 0.0, 0.002500132323768869, 0.010137810276804778, 0.0, 0.0, 0.007903099704793599, 0.006834292913423147, 0.0, 0.018372620086474407, 0.0, 0.014874784728505872, 0.0, 0.0, 0.0, 0.002499139617212411, 0.0, 0.010669657716120256, 0.0, 1.150977777112384e-05, 0.0019003866070870243, 0.0, 2.70027655375156e-05, 0.0, 0.00031972012088259957, 0.00968565409337944, 0.007092837567355489, 0.0, 0.0, 0.0, 0.0, 0.009947561539267492, 0.0, 0.003963726090395893, 0.0, 0.0007511353688688719, 0.008179631437755413, 0.0007351649066448176, 0.008069480384286187, 0.0], [0.0, 0.0, 0.032138821661162, 0.21251311065130246, 0.0, 0.0024438057200474378, 1.0, 9.313225746154785e-10, 0.0, 0.1799829330745482, 0.0002239751917971495, 0.16935362277000776, 2.351046465443138e-06, 0.0, 4.897769394341244e-07, 0.0, 0.00012861357306602513, 0.12013379769413, 6.656678967438534e-07, 0.2523967145578272, 0.12632278815997786, 1.8871490903282372e-06, 1.4853204418912514e-05, 0.0, 0.0070373180822305625, 0.0, 7.887635293788551e-07, 0.09867078591980591, 0.0, 0.12092850927427659, 5.587935447692871e-09, 0.030999673440507903, 0.06754151729127543, 0.0003805973523591866, 0.0, 0.0, 2.246895802039851e-11, 0.000634393417029915, 0.0013355350027933234, 0.17489513898737188, 0.012539810637735467, 0.01172104133826658, 1.4475006265072614e-05, 0.0, 0.13228307772606326, 4.636246448785744e-06, 0.06452824088398482, 0.09893003461226338, 1.1592020400804191e-10, 0.0, 0.10390751371832493, 0.007488741808469811, 0.0, 0.09334281742523542, 0.0, 0.18100488305925294, 0.0, 0.0011439294423128794, 0.0, 0.0021483694322975808, 0.0, 0.2539804169032231, 0.0, 0.0, 0.021556250535264325, 1.7433541872320532e-10, 0.0, 0.0, 0.00014860733695652175, 0.11083906690884726, 0.05822197773479782, 0.0, 0.0, 5.233721470413477e-06, 0.0, 0.0675232824564018, 1.5691397634117945e-09, 0.2186516492002676, 0.0, 0.0022940775533800773, 0.0021142436834344336, 0.0016231140716242752, 0.09988766253393508, 0.0], [0.0, 0.0, 0.0, 2.661877198451239e-08, 0.0, 0.0, 9.313225746154785e-10, 1.0, 0.0, 1.7642244652505874e-08, 1.8539169240418896e-08, 2.1972836284236783e-08, 0.0, 0.0, 0.0, 0.0, 0.0, 1.757649676199286e-08, 5.7276586797215064e-09, 1.3424220985782852e-08, 0.0, 0.0, 0.0, 0.0, 1.3841612886906682e-08, 0.0, 3.539025783538818e-08, 0.0, 0.0, 1.8493496071471163e-08, 9.313225746154784e-10, 0.0, 1.142208320786984e-08, 0.0, 0.0, 0.0, 0.0, 0.0, 0.0, 4.716540592547172e-08, 0.0, 6.379522812272188e-10, 0.0, 0.0, 1.7594482531688735e-08, 0.0, 3.539025783538818e-08, 0.0, 0.0, 0.0, 0.0, 0.0, 0.0, 2.0254661244474967e-08, 0.0, 9.298519824641054e-09, 0.0, 0.0, 0.0, 3.539025783538818e-08, 0.0, 2.7323104596352566e-08, 0.0, 0.0, 6.752155083199553e-09, 0.0, 0.0, 0.0, 0.0, 1.697576591377254e-08, 0.0, 0.0, 0.0, 0.0, 0.0, 3.609356710658903e-08, 0.0, 0.0, 0.0, 0.0, 0.0, 1.3969838619232174e-08, 1.1864668870182112e-08, 0.0], [0.0, 2.4266202532945457e-13, 0.0, 5.810840557919187e-13, 0.0, 0.0, 0.0, 0.0, 1.0, 3.1995040316951417e-13, 6.493518191503715e-14, 4.4576939832685625e-13, 0.0, 0.0, 4.650932873075681e-13, 0.0, 0.0, 3.3623351767068155e-13, 2.6311521322652575e-13, 3.7228058398164244e-13, 0.0, 1.5402131022648188e-14, 0.0, 0.0, 1.5593698010864615e-14, 7.070647768654695e-15, 9.664823018885979e-14, 3.636753305952701e-13, 0.0, 2.3622426923515336e-13, 0.0, 0.0, 0.0, 0.0, 0.0, 0.0, 0.0, 0.0, 0.0, 4.500479314792607e-13, 0.0, 1.4210854715202004e-14, 0.0, 6.1330709859863506e-15, 3.8581153856509443e-13, 9.080412574499122e-14, 0.0, 0.0, 0.0, 0.0, 1.70729545086623e-14, 0.0, 0.0, 1.1133834208191648e-13, 0.0, 4.887167576789639e-13, 0.0, 0.0, 0.0, 0.0, 9.865498097649967e-15, 2.999606638662687e-13, 0.0, 0.0, 0.0, 0.0, 0.0, 0.0, 0.0, 3.8520115475721044e-13, 0.0, 0.0, 0.0, 0.0, 0.0, 5.954946954152846e-13, 0.0, 1.725428990368283e-13, 0.0, 0.0, 0.0, 0.0, 2.794735198071426e-13, 0.0], [0.0, 4.1978821154269647e-13, 0.018130850845261184, 0.6271149941876406, 0.0, 0.015064994598665489, 0.1799829330745482, 1.7642244652505874e-08, 3.1995040316951417e-13, 1.0, 0.0001708770730467602, 0.5176966338853308, 3.185284881774057e-05, 0.00632637757952278, 1.304407412553695e-05, 0.0, 0.0005146936295846972, 0.39223810517376606, 5.463441470836906e-07, 0.2289329797441062, 0.20219100261033313, 1.7714086181160587e-05, 4.473109472241179e-06, 0.0, 0.11375422548682562, 3.479177817649635e-15, 1.6762361618100074e-06, 0.5879661750913471, 0.0001251643234593753, 0.5462108513515329, 1.561044091986511e-05, 0.020472542171162837, 0.031015258094870702, 0.0010065877310076704, 0.0, 0.0, 4.702154023356709e-08, 0.0004459434505137841, 0.008572013163436382, 0.500393635242953, 0.024714723195187232, 0.05696646634082154, 7.843621440339642e-06, 3.553714838036998e-15, 0.32883600245762096, 1.0376779675187267e-05, 0.6513178385482657, 0.23412650905966945, 4.562811881453842e-11, 0.0, 0.46433988855594355, 0.04545037246191105, 1.3894961058332528e-20, 0.40048422314197035, 1.5291565494742776e-13, 0.2935414001876478, 0.0, 0.09019744837862831, 0.0, 0.004998503624320629, 2.812341866751261e-14, 0.2649520947899615, 0.0, 1.2025588243129821e-06, 0.03392215416993766, 6.769616719765685e-11, 6.103515625006341e-05, 1.2371708057633703e-20, 0.00046514779149053756, 0.6389997801800279, 0.011830810699376294, 0.0, 1.1291465199753075e-20, 8.5573066353174e-06, 0.0, 0.4136337970592361, 1.3922092810214735e-09, 0.27673181867450214, 2.4966000053325947e-20, 0.0012128425828298074, 0.014616725168689348, 0.00889630716070611, 0.6256900665401743, 0.0], [0.0, 5.941139629838152e-14, 0.0, 0.0005829125583386508, 0.0, 0.0003095521121609955, 0.0002239751917971495, 1.8539169240418896e-08, 6.493518191503715e-14, 0.0001708770730467602, 1.0, 1.903010598148933e-08, 1.6315439658514052e-06, 0.0, 1.9073498411901595e-06, 0.0, 0.0001215463615183193, 0.00035650020039903536, 7.767604380925649e-09, 0.00027831935373438663, 2.281277912931869e-13, 1.7623193312066493e-14, 0.0, 0.0, 0.00024702753408098043, 2.2751121668541627e-15, 1.7249840062342486e-08, 2.870001135985876e-13, 0.0, 0.00013507178729520666, 0.0, 0.00012207031249999997, 7.267864421829667e-09, 0.0, 0.0, 0.0, 0.0, 0.00025410961907545564, 0.0, 0.0001420892357189136, 2.2737367544323206e-13, 1.907348647183082e-06, 0.0, 1.4210854715202004e-14, 0.00016711991316138537, 1.4880406502510352e-14, 0.0002031625541410443, 0.00028962124218986376, 0.0, 0.0, 1.7763568394002505e-14, 1.5232134233268093e-16, 0.0, 0.00027472036600861583, 0.0, 0.00048045010391006214, 0.0, 0.0, 0.0, 1.72495949806098e-08, 6.147855844776392e-15, 0.00024008075806291525, 0.0, 0.0, 0.00012207776308059687, 0.0, 4.098777754466341e-17, 0.0, 0.00012207031249999997, 0.0002559400822926002, 2.1649723546121877e-16, 0.0, 0.0, 1.9073486328635418e-06, 0.0, 0.00021819167485044323, 0.0, 3.121422091725128e-14, 0.0, 0.0, 2.273736754432321e-13, 0.00012210377775346106, 0.00029532385447829254, 0.0], [0.0, 2.1433274924408493e-13, 0.017250885921870067, 0.37409765588767474, 0.0, 0.00428598816557644, 0.16935362277000776, 2.1972836284236783e-08, 4.4576939832685625e-13, 0.5176966338853308, 1.903010598148933e-08, 1.0, 1.8723615265715814e-05, 0.0039062499999999987, 1.8494264624387726e-05, 0.0, 0.0, 0.5542049750940679, 1.0783802050305673e-06, 0.3841783101913251, 0.33401646507979454, 2.612483306268738e-05, 3.889388922312724e-06, 0.0, 0.055016532778010385, 5.509637870123016e-15, 1.6405684518836765e-06, 0.585541345533001, 0.0, 0.34388840574817847, 5.2694087608824343e-05, 0.018610377459006795, 0.05268653483959166, 4.0391147235860186e-20, 0.0, 0.0, 1.1917457693753016e-07, 0.0, 0.004732457035978291, 0.3726577837880244, 0.019351417932337914, 0.2866410273840181, 6.203799723986342e-06, 3.387209625481083e-12, 0.5113512481364919, 1.1597807650171127e-05, 0.594502825678828, 0.2131385313987043, 3.362757210705694e-11, 0.0, 0.05576962876442699, 0.037913161710261004, 2.6981763366361722e-20, 0.3549883353476859, 9.168517242972457e-12, 0.35780367941324376, 0.0, 0.04099200110274492, 0.0, 0.003541750532403228, 1.7046161557089546e-14, 0.272812314575604, 0.0, 3.0466718284991554e-05, 0.05018745123041766, 4.765547291111584e-11, 5.6927541160992204e-05, 4.611231406981314e-20, 0.0, 0.39929571503653916, 0.043776943095101974, 0.0, 2.9866336272416645e-20, 3.925231471094628e-06, 0.0, 0.24155793783245694, 1.058437897397328e-09, 0.22630738480167037, 5.1717736379915014e-20, 0.0005934870896782093, 0.014635060570170338, 0.0019620354923072735, 0.3470916755145277, 0.0], [0.0, 0.0, 0.0, 2.033347021610755e-05, 0.0, 1.754697298700709e-05, 2.351046465443138e-06, 0.0, 0.0, 3.185284881774057e-05, 1.6315439658514052e-06, 1.8723615265715814e-05, 1.0, 0.0, 8.39106533759426e-06, 0.0, 0.0, 2.057007035002103e-05, 2.003218806130207e-06, 2.9777059431972045e-05, 1.1835079569158417e-05, 1.1654118475041697e-07, 3.876314147152376e-06, 0.0, 7.759015375229488e-06, 0.0, 1.6722665696375653e-06, 6.361437133828912e-20, 0.0, 2.2810640460191697e-05, 8.791594844025144e-06, 5.515417873129833e-07, 0.0, 0.0, 0.0, 0.0, 0.0, 0.0, 0.0, 1.953087594824613e-05, 0.0, 1.709135629042955e-05, 5.528166897570058e-06, 0.0, 2.4798714688432427e-05, 9.895357146616722e-06, 2.8542015533288196e-05, 8.791594844025144e-06, 0.0, 0.0, 0.0, 0.0, 2.710505431213761e-20, 2.1514348961385752e-05, 0.0, 1.3605056623073456e-05, 0.0, 1.521518911805796e-20, 0.0, 1.972313973065253e-06, 1.3552527156068802e-20, 2.8209427854022052e-05, 0.0, 7.1030649734714786e-06, 4.5477336588495565e-05, 0.0, 0.0, 1.3552527156068804e-20, 0.0, 2.0762982335352163e-05, 0.0, 0.0, 2.710505431213761e-20, 9.269957413409844e-06, 0.0, 4.994312590043918e-05, 0.0, 1.3552527156068804e-20, 3.0504523122813244e-20, 8.791594844025144e-06, 0.0, 1.3914235246071545e-05, 1.8557605222329845e-05, 0.0], [0.0, 0.0, 0.015625, 0.004371138886724935, 0.0, 0.0039062499999999987, 0.0, 0.0, 0.0, 0.00632637757952278, 0.0, 0.0039062499999999987, 0.0, 1.0, 0.0, 0.0, 0.0, 0.012050466988745293, 0.0, 0.013555119019307954, 0.0, 0.0, 0.0, 0.0, 0.0, 0.0, 0.0, 0.0, 0.0, 0.013671875000000002, 0.0, 0.005292491691761587, 0.004689414437490476, 0.0, 0.0, 0.0, 0.0, 0.0, 0.0039062499999999996, 0.015420061707358558, 0.005683850291160562, 0.0, 0.0, 0.0, 0.015587801761562126, 0.0, 0.0, 0.005109429463128426, 0.0, 0.0, 0.0, 0.0, 0.0, 0.004022122096143507, 0.0, 0.0038226569706172023, 0.0, 0.0, 0.0, 0.0, 0.0, 0.0005012867277945287, 0.0, 0.0, 0.0, 0.0, 0.0, 0.0, 0.0, 0.0039062499999999987, 0.00457136403466837, 0.0, 0.0, 0.0, 0.0, 0.012257258446136501, 0.0, 0.0039062499999999987, 0.0, 0.0, 0.00956831930774679, 0.0, 0.006000192009216491, 0.0], [0.0, 1.5525462577052224e-13, 0.0, 3.298601644241117e-05, 0.0, 2.886772393302265e-05, 4.897769394341244e-07, 0.0, 4.650932873075681e-13, 1.304407412553695e-05, 1.9073498411901595e-06, 1.8494264624387726e-05, 8.39106533759426e-06, 0.0, 1.0, 0.0, 0.0, 4.489716150614172e-05, 8.62243617940554e-07, 2.0239174494932827e-05, 7.535467005932392e-13, 2.1423536265244994e-05, 4.0972251483394947e-07, 0.0, 1.0150550010493744e-06, 7.603898036487685e-17, 8.661734645250816e-07, 4.249580294241645e-12, 0.0, 1.5969528219133605e-06, 1.809469791508701e-05, 9.53674316408852e-07, 0.0, 0.0, 0.0, 0.0, 0.0, 0.0, 1.8094697915087006e-05, 2.8763057860009964e-05, 1.3297840535223525e-12, 4.134964984129095e-06, 8.001209797367421e-07, 2.6020852139652103e-18, 7.819555543201674e-06, 1.1394167177326754e-13, 3.6492177638571566e-05, 4.433260243003057e-05, 2.7588772547898027e-11, 0.0, 2.7142046872630518e-05, 1.809473205902919e-05, 0.0, 1.1465648836785751e-05, 3.637978807091713e-12, 2.2457339350121658e-05, 0.0, 8.673617379884034e-19, 0.0, 4.7683715820312495e-07, 0.0, 5.7067404430075876e-05, 0.0, 0.0, 6.508403129898795e-06, 2.910383045673371e-11, 6.031565971748278e-06, 0.0, 0.0, 6.711175263575164e-05, 3.167120667538307e-11, 0.0, 0.0, 2.8610229492575797e-06, 0.0, 5.522158547800842e-05, 2.9103830456733704e-11, 6.038478757509117e-13, 0.0, 6.031565971695669e-06, 1.3297837282617007e-12, 2.5928201119050707e-05, 4.859549657697432e-05, 0.0], [0.0, 0.0, 0.0, 0.0, 0.0, 0.0, 0.0, 0.0, 0.0, 0.0, 0.0, 0.0, 0.0, 0.0, 0.0, 1.0, 0.0, 0.0, 0.0, 0.0, 0.0, 0.0, 0.0, 0.0, 0.0, 0.0, 0.0, 0.0, 0.0, 0.0, 0.0, 0.0, 0.0, 0.0, 0.0, 0.0, 0.0, 0.0, 0.0, 0.0, 0.0, 0.0, 0.0, 0.0, 0.0, 0.0, 0.0, 0.0, 0.0, 0.0, 0.0, 0.0, 0.0, 0.0, 0.0, 0.0, 0.0, 0.0, 0.0, 0.0, 0.0, 0.0, 0.0, 0.0, 0.0, 0.0, 0.0, 0.0, 0.0, 0.0, 0.0, 0.0, 0.0, 0.0, 0.0, 0.0, 0.0, 0.0, 0.0, 0.0, 0.0, 0.0, 0.0, 0.0], [0.0, 0.0, 0.0, 0.0005032098420618709, 0.0, 0.00022496382801891174, 0.00012861357306602513, 0.0, 0.0, 0.0005146936295846972, 0.0001215463615183193, 0.0, 0.0, 0.0, 0.0, 0.0, 1.0, 0.0005247202253875388, 0.0, 7.59214904755439e-05, 0.0, 0.0, 0.0, 0.0, 0.0007193950448839781, 0.0, 0.0, 0.0, 0.0, 0.00039824807852456215, 0.0, 0.0, 0.0, 0.0005980199567341743, 0.0, 0.0, 0.0, 0.0006478549531286889, 0.0003986799711561163, 0.00040336047107152506, 0.0, 0.0, 0.0, 0.0, 0.0005469844078234414, 0.0, 0.00014425614065870823, 0.0005064627462454082, 0.0, 0.0, 0.0003986799711561162, 0.0, 0.0, 0.00018220783450959778, 0.0, 0.00016889703028219618, 0.0, 0.0, 0.0, 0.0005980199567341744, 0.0, 0.000534015461605367, 0.0, 0.0, 0.0005980199567341744, 0.0, 0.0, 0.0, 0.0, 0.0004444990314939253, 0.0, 0.0, 0.0, 0.0, 0.0, 0.0006782400446490482, 0.0, 0.0, 0.0, 0.0003076787294006857, 0.0005980199567341744, 0.00039867997115611623, 0.0008123374386022301, 0.0], [0.0, 1.5873732585263798e-13, 0.04392039955167498, 0.15484631476322105, 0.0, 0.011260559264554375, 0.12013379769413, 1.757649676199286e-08, 3.3623351767068155e-13, 0.39223810517376606, 0.00035650020039903536, 0.5542049750940679, 2.057007035002103e-05, 0.012050466988745293, 4.489716150614172e-05, 0.0, 0.0005247202253875388, 1.0, 2.0794867660787485e-06, 0.3686631873102305, 0.15281502392522345, 2.654870790696553e-05, 1.1156510768087238e-05, 0.0, 0.13053457535022334, 1.8109253621970767e-15, 1.2212426170648213e-06, 0.44290946185151714, 0.0009691735224723342, 0.45443241115392774, 4.625348121773981e-05, 0.03409713801993989, 0.032885598823929045, 6.111932422299561e-05, 0.0, 0.0, 2.5197400861846474e-07, 0.0010262652045989452, 0.003795663387326934, 0.4642332495078293, 0.03291799158568601, 0.11597017198168647, 1.2186610756721881e-05, 5.079349394630127e-12, 0.24707845552741842, 1.0166939921787221e-05, 0.34957088487354754, 0.17209173013861345, 8.367044776301456e-11, 0.0, 0.43585835290329433, 0.021218653755427558, 2.9916881692254564e-20, 0.30450456737839304, 3.2183442706059676e-12, 0.49709214896656084, 0.0, 0.04692117505365769, 0.0, 0.0015859960424276839, 1.6169541454738815e-14, 0.3152227006566293, 0.0, 1.8130731937166578e-05, 0.055004622798416974, 9.848430291253768e-11, 1.6511915595426735e-05, 3.7672986963419466e-20, 7.007117583436164e-05, 0.21815561638431064, 0.024447856963522446, 0.0, 3.630719763650058e-20, 1.3520237841913081e-05, 0.0, 0.2663876291726177, 1.0425831536100421e-09, 0.454257710913688, 4.1184722377488995e-20, 0.0016389825995912627, 0.013208413550986016, 0.002439984767501501, 0.11800278087050826, 0.0], [0.0, 2.7454053312311875e-13, 0.0, 1.9426966667935695e-06, 0.0, 0.0, 6.656678967438534e-07, 5.7276586797215064e-09, 2.6311521322652575e-13, 5.463441470836906e-07, 7.767604380925649e-09, 1.0783802050305673e-06, 2.003218806130207e-06, 0.0, 8.62243617940554e-07, 0.0, 0.0, 2.0794867660787485e-06, 1.0, 5.672323952150573e-07, 8.668351420583069e-13, 5.724382873055938e-07, 4.989809456573337e-07, 0.0, 3.7904564322114343e-07, 0.0, 8.320507291361916e-07, 1.6306761177110443e-11, 0.0, 1.7000337483783167e-06, 1.3969838619232178e-09, 4.793838690259617e-07, 3.7358743524553334e-08, 8.470329472543002e-22, 0.0, 0.0, 2.2447392491458788e-08, 0.0, 0.0, 1.944761885615796e-06, 2.2080478349142565e-12, 2.0689101484265037e-06, 8.897917919748558e-07, 2.193340708958587e-13, 2.0502433545154642e-06, 5.2231132162297576e-08, 5.568947209281833e-07, 1.3238006626605766e-15, 0.0, 0.0, 0.0, 1.7746519183438283e-15, 8.970593322362666e-21, 2.651697262134486e-06, 3.637978807091713e-12, 8.192663393549787e-07, 0.0, 2.2426868296110887e-08, 0.0, 2.078852184960859e-06, 1.3552527156068808e-20, 1.2848294672765783e-06, 0.0, 2.0614182969300442e-20, 4.990876288900637e-07, 5.6637177576612654e-11, 0.0, 1.3552527156068805e-20, 0.0, 1.0927478792130689e-06, 3.820814144482637e-17, 0.0, 1.1623411727324879e-20, 0.0, 0.0, 1.2568636831843845e-06, 1.1920921502956356e-09, 5.279799088339483e-10, 2.2089482261347527e-20, 0.0, 2.208047835337773e-12, 2.3563629468543298e-06, 2.379956927653625e-06, 0.0], [0.0, 1.6763749106205792e-13, 0.0338684177436899, 0.3015754587748182, 0.0, 0.008277778254082402, 0.2523967145578272, 1.3424220985782852e-08, 3.7228058398164244e-13, 0.2289329797441062, 0.00027831935373438663, 0.3841783101913251, 2.9777059431972045e-05, 0.013555119019307954, 2.0239174494932827e-05, 0.0, 7.59214904755439e-05, 0.3686631873102305, 5.672323952150573e-07, 1.0, 0.06862684749841164, 6.865060630132857e-06, 8.11513796356314e-06, 0.0, 0.13863165789157372, 1.1574560989985068e-15, 1.6626245237444222e-06, 0.5084919300170474, 0.0029347777887325467, 0.26647687641000495, 2.2301109941083207e-05, 0.02609114204500767, 0.05526501261342416, 0.00039856683207456576, 0.0, 0.0, 6.983338605629239e-08, 0.0010102278047341188, 0.002947726806369985, 0.24569943965488186, 0.03288703831998889, 0.5816276032010946, 1.188080496143022e-05, 2.351265297119113e-12, 0.583540559744294, 4.826307230559487e-06, 0.4947311243836735, 0.18723634884698753, 6.628968959425498e-11, 0.0, 0.06492649647092441, 0.027318057213787075, 7.08889493000428e-21, 0.32940993706545374, 4.495590469833885e-12, 0.3809402753138629, 0.0, 0.10253689401673119, 0.0, 0.004029433285062663, 1.8942914436648144e-14, 0.7118247043745211, 0.0, 1.1740263396891655e-05, 0.05160968213173325, 9.955000975176783e-11, 5.028172029737321e-05, 9.56907690327045e-21, 0.0001297878943184695, 0.13145795048994868, 0.03596617652892278, 0.0, 6.780081970761692e-21, 1.2241157838862675e-05, 0.0, 0.5484506304484991, 4.0488078541387014e-10, 0.41716499771827387, 2.9522500174265807e-20, 0.0018795302839371194, 0.005906639963517481, 0.004711636415153871, 0.3987001964339546, 0.0], [0.0, 9.160860925472684e-17, 0.0, 0.21591301050781125, 0.0, 1.5420262226559797e-05, 0.12632278815997786, 0.0, 0.0, 0.20219100261033313, 2.281277912931869e-13, 0.33401646507979454, 1.1835079569158417e-05, 0.0, 7.535467005932392e-13, 0.0, 0.0, 0.15281502392522345, 8.668351420583069e-13, 0.06862684749841164, 1.0, 1.1432005128227818e-15, 0.0, 0.0, 0.04416792245634, 4.847625505235705e-18, 2.2737367544323206e-13, 0.09632784294374715, 0.0, 0.0614606624991867, 1.5738239231243785e-06, 4.336808689942018e-19, 0.0, 0.0, 0.0, 0.0, 0.0, 0.0, 0.0, 0.16590838677890396, 6.821210263296962e-13, 0.037545218154463836, 9.536743164062499e-07, 1.3010426069826053e-18, 0.22049532356100077, 2.991334700931382e-16, 0.13792808108647708, 0.18834299850476574, 0.0, 0.0, 0.012892765578234919, 5.496516555283612e-16, 0.0, 0.19831282214530974, 0.0, 0.16302804952038968, 0.0, 0.03483665071458088, 0.0, 1.1102230246251568e-16, 1.3552527156068805e-20, 0.07273713247311327, 0.0, 2.157470067125966e-06, 9.442943538746278e-06, 0.0, 0.0, 5.421010862427522e-20, 0.0, 0.1316921747398444, 0.0, 0.0, 0.0, 0.0, 0.0, 0.11416007354271221, 0.0, 0.11506056522314605, 3.5763923661229323e-20, 2.990265453936321e-05, 6.821210263296962e-13, 9.442943738903535e-06, 0.12604628952270588, 0.0], [0.0, 6.763275977118545e-15, 0.0, 2.7198966342593448e-05, 0.0, 5.7439153172877096e-05, 1.8871490903282372e-06, 0.0, 1.5402131022648188e-14, 1.7714086181160587e-05, 1.7623193312066493e-14, 2.612483306268738e-05, 1.1654118475041697e-07, 0.0, 2.1423536265244994e-05, 0.0, 0.0, 2.654870790696553e-05, 5.724382873055938e-07, 6.865060630132857e-06, 1.1432005128227818e-15, 1.0, 1.863598577086186e-07, 0.0, 1.6796850795264475e-14, 2.6916965546959396e-15, 5.724382989586375e-07, 8.655949852396037e-15, 0.0, 4.9874597805628666e-05, 6.056432003661767e-05, 0.0, 0.0, 0.0, 0.0, 0.0, 0.0, 0.0, 6.056432003661767e-05, 5.1606950570282176e-05, 0.0, 7.280336522392591e-07, 3.5709540975400275e-07, 1.4210854715202004e-14, 1.7670612897210965e-05, 1.2488685425603605e-15, 2.827408033817905e-05, 1.1538222726885402e-05, 0.0, 0.0, 5.665694455393698e-05, 6.0564320037437766e-05, 5.9292306307801016e-21, 2.0199090495173205e-05, 0.0, 6.07165201094281e-05, 0.0, 0.0, 0.0, 5.724382859926887e-07, 2.4530372182837514e-14, 2.1521986960985487e-06, 0.0, 5.203522007274525e-22, 1.9464058341480134e-05, 0.0, 1.758318968808497e-05, 0.0, 0.0, 1.8155627987633403e-05, 2.1649723546121882e-16, 0.0, 0.0, 1.628939168583648e-17, 0.0, 2.8486014068329656e-05, 0.0, 2.942426710156708e-14, 0.0, 1.758318968805029e-05, 5.203522007274524e-22, 5.5457722373003884e-05, 5.2417892847849e-06, 0.0], [0.0, 0.0, 0.0, 1.5903666380472104e-05, 0.0, 0.0, 1.4853204418912514e-05, 0.0, 0.0, 4.473109472241179e-06, 0.0, 3.889388922312724e-06, 3.876314147152376e-06, 0.0, 4.0972251483394947e-07, 0.0, 0.0, 1.1156510768087238e-05, 4.989809456573337e-07, 8.11513796356314e-06, 0.0, 1.863598577086186e-07, 1.0, 0.0, 3.8146972656249996e-06, 0.0, 4.987926267543732e-07, 3.2036301308909013e-21, 0.0, 1.0187830032273854e-05, 0.0, 0.0, 0.0, 8.470329472543003e-22, 0.0, 0.0, 0.0, 0.0, 0.0, 1.647248425432435e-05, 0.0, 1.5453149243240663e-05, 1.7086426916536806e-05, 0.0, 4.471817496611482e-06, 8.38546255110945e-06, 3.814697265625004e-06, 0.0, 0.0, 0.0, 0.0, 0.0, 8.470329472543002e-22, 5.915884865377597e-06, 0.0, 1.0415999599075879e-05, 0.0, 0.0, 0.0, 4.98792626754374e-07, 0.0, 8.058375214500674e-06, 0.0, 6.776263578034403e-21, 6.557335763452959e-06, 0.0, 0.0, 0.0, 0.0, 7.1418787570073955e-06, 3.926881386774625e-21, 0.0, 5.386399814695506e-21, 3.8146972656249996e-06, 0.0, 2.9644338670505303e-06, 8.708909466967023e-10, 5.8207660913467394e-11, 0.0, 0.0, 0.0, 1.3659744515949428e-05, 3.63933192453547e-06, 0.0], [0.0, 0.0, 0.0, 0.0, 0.0, 0.0, 0.0, 0.0, 0.0, 0.0, 0.0, 0.0, 0.0, 0.0, 0.0, 0.0, 0.0, 0.0, 0.0, 0.0, 0.0, 0.0, 0.0, 1.0, 0.0, 0.0, 0.0, 0.0, 0.0, 0.0, 0.0, 0.0, 0.0, 0.0, 0.0, 0.0, 0.0, 0.0, 0.0, 0.0, 0.0, 0.0, 0.0, 0.0, 0.0, 0.0, 0.0, 0.0, 0.0, 0.0, 0.0, 0.0, 0.0, 0.0, 0.0, 0.0, 0.0, 0.0, 0.0, 0.0, 0.0, 0.0, 0.0, 0.0, 0.0, 0.0, 0.0, 0.0, 0.0, 0.0, 0.0, 0.0, 0.0, 0.0, 0.0, 0.0, 0.0, 0.0, 0.0, 0.0, 0.0, 0.0, 0.0, 0.0], [0.0, 1.2984684684827531e-15, 0.0, 0.05328853106066621, 0.0, 0.0008573277804681558, 0.0070373180822305625, 1.3841612886906682e-08, 1.5593698010864615e-14, 0.11375422548682562, 0.00024702753408098043, 0.055016532778010385, 7.759015375229488e-06, 0.0, 1.0150550010493744e-06, 0.0, 0.0007193950448839781, 0.13053457535022334, 3.7904564322114343e-07, 0.13863165789157372, 0.04416792245634, 1.6796850795264475e-14, 3.8146972656249996e-06, 0.0, 1.0, 6.678425731159846e-15, 3.910279042627878e-07, 0.01705358434012629, 0.0, 0.10564379401529739, 0.0, 0.00018335502317103178, 0.01117312710770745, 0.00048828125, 0.0, 0.0, 2.533197402954101e-07, 0.0006508381347004556, 0.00024414062499999997, 0.10195892307795079, 0.0, 0.08793744776465609, 3.8146972656249996e-06, 1.3107111616019684e-14, 0.06159643012614896, 8.448409130266308e-06, 0.11295534543886826, 0.09688643918327314, 0.0, 0.0, 0.00045776367187874483, 0.01705358434012067, 0.0, 0.059210532533955085, 0.0, 0.08593254211770911, 0.0, 0.11700915174992971, 0.0, 0.0002444552363569893, 7.874451624425562e-15, 0.0879615034496542, 0.0, 0.0, 0.06270614242087266, 0.0, 0.0, 0.0, 0.0003659901222734762, 0.1277739645344154, 0.01117303801594113, 0.0, 0.0, 2.2476957958851106e-05, 0.0, 0.008447544644877823, 0.0, 0.07261830008792472, 0.0, 8.373954352661561e-05, 0.0009765624999999999, 0.0004330501867066205, 0.08861010945536447, 0.0], [0.0, 1.0877919644084146e-15, 0.0, 3.074201181791533e-15, 0.0, 0.0, 0.0, 0.0, 7.070647768654695e-15, 3.479177817649635e-15, 2.2751121668541627e-15, 5.509637870123016e-15, 0.0, 0.0, 7.603898036487685e-17, 0.0, 0.0, 1.8109253621970767e-15, 0.0, 1.1574560989985068e-15, 4.847625505235705e-18, 2.6916965546959396e-15, 0.0, 0.0, 6.678425731159846e-15, 1.0, 0.0, 7.324451565819767e-17, 0.0, 6.8316225128446844e-15, 0.0, 1.734723475976807e-18, 0.0, 0.0, 0.0, 0.0, 0.0, 0.0, 0.0, 2.309307319840116e-15, 0.0, 2.773877680184117e-17, 0.0, 3.508721457129041e-18, 3.3407776505120996e-15, 0.0, 5.4392611744994095e-17, 3.0242587351086797e-17, 0.0, 0.0, 0.0, 0.0, 0.0, 2.282902288133083e-15, 0.0, 2.6857415648306302e-15, 0.0, 1.4058097209130915e-18, 0.0, 0.0, 3.2566542055671257e-15, 4.712440388285237e-15, 0.0, 0.0, 0.0, 0.0, 8.222631509155552e-17, 0.0, 0.0, 4.540296715586258e-15, 0.0, 0.0, 0.0, 6.453075825225999e-17, 0.0, 6.127245173514916e-15, 0.0, 4.006642799870627e-17, 0.0, 0.0, 0.0, 1.0065843593836754e-16, 5.495076095513111e-15, 0.0], [0.0, 6.059656887222461e-14, 0.0, 1.9928663349763267e-06, 0.0, 0.0, 7.887635293788551e-07, 3.539025783538818e-08, 9.664823018885979e-14, 1.6762361618100074e-06, 1.7249840062342486e-08, 1.6405684518836765e-06, 1.6722665696375653e-06, 0.0, 8.661734645250816e-07, 0.0, 0.0, 1.2212426170648213e-06, 8.320507291361916e-07, 1.6626245237444222e-06, 2.2737367544323206e-13, 5.724382989586375e-07, 4.987926267543732e-07, 0.0, 3.910279042627878e-07, 0.0, 1.0, 1.091827449866034e-12, 0.0, 1.3024676444209019e-06, 0.0, 7.773441675378909e-07, 7.4505805969238265e-09, 0.0, 0.0, 0.0, 7.450580596923827e-08, 0.0, 0.0, 2.1449609817981757e-06, 2.27373675443232e-13, 1.488406872132954e-06, 1.1820065273380756e-06, 3.552713678800502e-15, 9.576504615737864e-07, 1.4901241683812143e-08, 6.827531142567529e-07, 0.0, 0.0, 0.0, 1.77635683940025e-14, 0.0, 0.0, 1.7846072814610172e-06, 0.0, 8.761501443672153e-07, 0.0, 1.4901161193847653e-08, 0.0, 7.702543631277331e-07, 2.8216077617901297e-14, 2.711495082901924e-06, 0.0, 0.0, 4.917383193969727e-07, 0.0, 0.0, 0.0, 0.0, 3.3306730019678554e-06, 0.0, 0.0, 0.0, 0.0, 0.0, 2.9642215761972035e-06, 0.0, 2.5149074121542944e-13, 0.0, 0.0, 2.2737367544323203e-13, 1.1381407958944266e-06, 1.2182583974808869e-06, 0.0], [0.0, 4.1745739478127867e-13, 0.0, 0.2857484066328369, 0.0, 0.0, 0.09867078591980591, 0.0, 3.636753305952701e-13, 0.5879661750913471, 2.870001135985876e-13, 0.585541345533001, 6.361437133828912e-20, 0.0, 4.249580294241645e-12, 0.0, 0.0, 0.44290946185151714, 1.6306761177110443e-11, 0.5084919300170474, 0.09632784294374715, 8.655949852396037e-15, 3.2036301308909013e-21, 0.0, 0.01705358434012629, 7.324451565819767e-17, 1.091827449866034e-12, 1.0, 0.0, 0.24567804175158214, 0.0, 0.0, 0.015624999999999998, 4.176159956915718e-20, 0.0, 0.0, 0.0, 0.0, 0.0, 0.28838993393838797, 2.27373675443232e-13, 0.17033818693883823, 0.0, 2.4162274935332464e-12, 0.36064773047774434, 1.91871138240916e-12, 0.7291280346780746, 0.12287209107652461, 0.0, 0.0, 0.1809698819501776, 0.015625000000001745, 1.9540667147639204e-20, 0.3304703855914066, 3.637978807091713e-12, 0.2209525266819038, 0.0, 1.5176045268491055e-20, 0.0, 5.554160831044019e-17, 1.8457625570417084e-14, 0.3116111612095003, 0.0, 5.706021482272487e-20, 0.015624999999999997, 0.0, 1.0988668686381065e-16, 1.6589856445816772e-20, 0.0, 0.3043896294714117, 0.015625000000000215, 0.0, 1.6743228212377942e-20, 1.0995888065983688e-16, 0.0, 0.29750066495034455, 0.0, 0.294122400175562, 2.78031097868783e-20, 0.0, 2.2737367645344234e-13, 1.1280925327438156e-11, 0.39245159704244115, 0.0], [0.0, 0.0, 0.0, 0.007366623715941941, 0.0, 0.0025214735326871203, 0.0, 0.0, 0.0, 0.0001251643234593753, 0.0, 0.0, 0.0, 0.0, 0.0, 0.0, 0.0, 0.0009691735224723342, 0.0, 0.0029347777887325467, 0.0, 0.0, 0.0, 0.0, 0.0, 0.0, 0.0, 0.0, 1.0, 0.0031894397692489303, 0.0, 0.0, 0.001953125, 0.0, 0.0, 0.0, 0.0, 0.0, 0.0, 0.00271515860631464, 0.0014778906119986678, 0.0, 0.0, 0.0, 0.0, 0.0, 0.0, 0.002218600915027597, 0.0, 0.0, 0.0029296875000000004, 0.0010002881244757498, 0.0, 0.0, 0.0, 0.0012582032560889992, 0.0, 0.0, 0.0, 0.0, 0.0, 0.0017278354236902008, 0.0, 0.0, 0.0, 0.0, 0.0, 0.0, 0.0, 0.0019531250000000004, 0.0019531249999999998, 0.0, 0.0, 0.0, 0.0, 0.002248744918702901, 0.0, 0.0, 0.0, 0.0, 0.0, 0.001953125, 0.0010867582050032572, 0.0], [0.0, 2.1646075057160629e-13, 0.022280078948951863, 0.6710331388951793, 0.0, 0.013520299587705328, 0.12092850927427659, 1.8493496071471163e-08, 2.3622426923515336e-13, 0.5462108513515329, 0.00013507178729520666, 0.34388840574817847, 2.2810640460191697e-05, 0.013671875000000002, 1.5969528219133605e-06, 0.0, 0.00039824807852456215, 0.45443241115392774, 1.7000337483783167e-06, 0.26647687641000495, 0.0614606624991867, 4.9874597805628666e-05, 1.0187830032273854e-05, 0.0, 0.10564379401529739, 6.8316225128446844e-15, 1.3024676444209019e-06, 0.24567804175158214, 0.0031894397692489303, 1.0, 7.716079808048003e-05, 0.00997559816830492, 0.0413935580202113, 0.00026927991105072025, 0.0, 0.0, 8.198240858653713e-08, 0.0006518831677004148, 0.007153469938824285, 0.5712582987562819, 0.025144498575433827, 0.2116896652944729, 1.125120668649083e-05, 4.4266374320042476e-13, 0.5378891234347333, 8.917275771888346e-07, 0.30741832688461407, 0.16601508982678478, 2.7588772547898027e-11, 0.0, 0.41351698315195295, 0.03170783407451127, 2.1127534017384396e-20, 0.6071171940006772, 4.057268400391132e-12, 0.5070272472946332, 0.0, 0.08252347018270371, 0.0, 0.0031998128991829627, 1.6788978086696884e-14, 0.5754291498487005, 0.0, 2.8686581290342256e-05, 0.09313435884604632, 6.021713394583488e-11, 1.367791443303843e-16, 2.1231931858187266e-20, 0.00010433427130026567, 0.4630961244180357, 0.010046485852922702, 0.0, 2.055159509970283e-20, 1.2634108095973861e-05, 0.0, 0.6553069728401237, 1.411801042921246e-09, 0.2920750048510089, 1.5879932343547878e-20, 0.0014578112221946926, 0.016071359506780448, 0.005731553035119494, 0.5220919344286994, 0.0], [0.0, 0.0, 0.0, 3.773775727395306e-05, 0.0, 6.707797939042154e-05, 5.587935447692871e-09, 9.313225746154784e-10, 0.0, 1.561044091986511e-05, 0.0, 5.2694087608824343e-05, 8.791594844025144e-06, 0.0, 1.809469791508701e-05, 0.0, 0.0, 4.625348121773981e-05, 1.3969838619232178e-09, 2.2301109941083207e-05, 1.5738239231243785e-06, 6.056432003661767e-05, 0.0, 0.0, 0.0, 0.0, 0.0, 0.0, 0.0, 7.716079808048003e-05, 1.0, 0.0, 3.725290298461914e-09, 0.0, 0.0, 0.0, 0.0, 0.0, 6.103515625e-05, 6.030536097642678e-05, 0.0, 7.630786427136316e-06, 0.0, 0.0, 2.5600809674642103e-05, 0.0, 3.622715266054504e-05, 1.7860950897062e-05, 0.0, 0.0, 5.340576171875e-05, 6.103515625e-05, 0.0, 2.485735582395387e-05, 0.0, 6.707519498241258e-05, 0.0, 0.0, 0.0, 0.0, 0.0, 9.767526929155182e-06, 0.0, 3.0466718284991486e-05, 2.289237454533577e-05, 0.0, 1.5258789062499997e-05, 0.0, 0.0, 2.4805489651911334e-05, 0.0, 0.0, 0.0, 0.0, 0.0, 3.234771418761373e-05, 8.048945474876536e-10, 1.8626451492309566e-09, 0.0, 2.288818359375e-05, 0.0, 6.438421708193721e-05, 2.6639502034852296e-05, 0.0], [0.0, 0.0, 0.03654249169176159, 0.018520159289458583, 0.0, 0.003941152204090324, 0.030999673440507903, 0.0, 0.0, 0.020472542171162837, 0.00012207031249999997, 0.018610377459006795, 5.515417873129833e-07, 0.005292491691761587, 9.53674316408852e-07, 0.0, 0.0, 0.03409713801993989, 4.793838690259617e-07, 0.02609114204500767, 4.336808689942018e-19, 0.0, 0.0, 0.0, 0.00018335502317103178, 1.734723475976807e-18, 7.773441675378909e-07, 0.0, 0.0, 0.00997559816830492, 0.0, 1.0, 0.01971297407674374, 6.103515624999999e-05, 0.0, 0.0, 1.4901161193847656e-08, 0.0003322971941755959, 0.007938737537642382, 0.015225581632058009, 0.011486796591648508, 4.855905377686772e-07, 3.16376115177649e-07, 1.734723475976807e-18, 0.006782922502669618, 5.687492129987047e-08, 0.030219378946264728, 0.006459009792900713, 0.0, 0.0, 6.103515625e-05, 0.007812499999999998, 0.0, 0.011920434947017498, 0.0, 0.020674107734320525, 0.0, 0.006104536449863258, 0.0, 1.341104507446289e-07, 0.0, 0.034713372295040484, 0.0, 0.0, 0.008300796151161192, 0.0, 0.0, 0.0, 0.0005526117492809168, 0.019400574675338275, 0.01183144047541009, 0.0, 0.0, 0.0, 0.0, 0.009248799273145827, 0.0, 0.019134744545477873, 0.0, 0.0, 0.0009602891935359405, 0.00018335878849029606, 0.037013757131219224, 0.0], [0.0, 0.0, 0.012501914437490474, 0.03509510814956481, 0.0, 0.0046894144374904755, 0.06754151729127543, 1.142208320786984e-08, 0.0, 0.031015258094870702, 7.267864421829667e-09, 0.05268653483959166, 0.0, 0.004689414437490476, 0.0, 0.0, 0.0, 0.032885598823929045, 3.7358743524553334e-08, 0.05526501261342416, 0.0, 0.0, 0.0, 0.0, 0.01117312710770745, 0.0, 7.4505805969238265e-09, 0.015624999999999998, 0.001953125, 0.0413935580202113, 3.725290298461914e-09, 0.01971297407674374, 1.0, 0.0, 0.0, 0.0, 0.0, 0.0, 0.0046894144374904755, 0.04055980887150469, 0.023161661838050476, 0.015625120601185438, 0.0, 0.0, 0.0489552072694214, 2.980232238769531e-08, 0.01026645364197911, 0.04005810957396386, 0.0, 0.0, 0.006835937499999999, 0.02618829234230831, 0.0, 0.03813644073681491, 0.0, 0.0342779722232591, 0.0, 0.008365455455628754, 0.0, 7.4505805969238265e-09, 0.0, 0.012546729531547642, 0.0, 0.0, 0.04687500558793545, 0.0, 0.0, 0.0, 0.0, 0.03953999171179258, 0.079590017191797, 0.0, 0.0, 0.0, 0.0, 0.058709620124189926, 0.0, 0.039584335471611304, 0.0, 0.0, 0.004922859670410972, 0.007812511175870894, 0.046648698532515534, 0.0], [0.0, 0.0, 0.0, 0.00042724609375, 0.0, 0.00032593955222899693, 0.0003805973523591866, 0.0, 0.0, 0.0010065877310076704, 0.0, 4.0391147235860186e-20, 0.0, 0.0, 0.0, 0.0, 0.0005980199567341743, 6.111932422299561e-05, 8.470329472543002e-22, 0.00039856683207456576, 0.0, 0.0, 8.470329472543003e-22, 0.0, 0.00048828125, 0.0, 0.0, 4.176159956915718e-20, 0.0, 0.00026927991105072025, 0.0, 6.103515624999999e-05, 0.0, 1.0, 0.0, 0.0, 0.0, 0.00039672851562500005, 0.00024414062499999997, 0.00014819088498221905, 0.0, 8.470329472543002e