"{\"names\": [\"172.217.10.1\", \"104.88.86.240\", \"38.93.140.48\", \"192.168.10.15\", \"104.88.108.223\", \"195.142.105.15\", \"172.217.12.163\", \"206.217.206.48\", \"172.217.6.228\", \"178.255.83.1\", \"74.119.118.82\", \"192.168.10.9\", \"172.217.7.6\", \"35.186.227.40\", \"31.13.71.36\", \"206.126.112.142\", \"151.101.2.49\", \"192.168.10.25\", \"172.217.3.98\", \"192.168.10.16\", \"72.30.202.150\", \"172.217.12.132\", \"50.31.164.173\", \"162.208.20.178\", \"23.15.4.16\", \"216.58.217.99\", \"172.217.6.198\", \"172.217.12.174\", \"169.46.44.40\", \"192.168.10.17\", \"52.84.143.130\", \"104.19.195.102\", \"216.200.232.61\", \"104.97.73.166\", \"152.163.13.79\", \"192.229.163.25\", \"74.119.118.86\", \"54.225.188.92\", \"188.165.145.88\", \"192.168.10.14\", \"8.43.72.98\", \"199.96.57.6\", \"68.67.178.110\", \"104.88.70.158\", \"192.168.10.19\", \"69.172.216.56\", \"157.240.18.35\", \"172.217.11.34\", \"185.54.150.20\", \"69.169.85.7\", \"198.232.124.194\", \"74.119.118.72\", \"172.217.12.134\", \"192.168.10.5\", \"23.111.9.30\", \"192.168.10.8\", \"151.101.66.2\", \"68.67.178.199\", \"213.239.195.215\", \"138.108.7.20\", \"52.84.145.87\", \"192.168.10.50\", \"52.84.145.198\", \"52.40.24.51\", \"212.77.100.137\", \"185.54.150.115\", \"172.217.10.138\", \"152.163.66.165\", \"52.84.137.78\", \"192.168.10.51\", \"68.67.178.109\", \"129.146.14.96\", \"54.152.24.232\", \"172.217.10.33\", \"52.8.229.108\", \"192.168.10.12\", \"64.147.131.201\", \"172.217.12.206\", \"68.67.180.12\", \"172.217.10.134\", \"38.69.238.16\", \"172.217.10.142\", \"192.168.10.3\", \"172.217.6.202\"], \"funcEdges\": [[1.0, 0.0, 0.0, 0.0, 0.0, 0.0, 0.0, 0.0, 0.0, 0.0, 0.0, 0.0, 0.0, 0.0, 0.0, 0.0, 0.0, 0.0, 0.0, 0.0, 0.0, 0.0, 0.0, 0.0, 0.0, 0.0, 0.0, 0.0, 0.0, 0.0, 0.0, 0.0, 0.0, 0.0, 0.0, 0.0, 0.0, 0.0, 0.0, 0.0, 0.0, 0.0, 0.0, 0.0, 0.0, 0.0, 0.0, 0.0, 0.0, 0.0, 0.0, 0.0, 0.0, 0.0, 0.0, 0.0, 0.0, 0.0, 0.0, 0.0, 0.0, 0.0, 0.0, 0.0, 0.0, 0.0, 0.0, 0.0, 0.0, 0.0, 0.0, 0.0, 0.0, 0.0, 0.0, 0.0, 0.0, 0.0, 0.0, 0.0, 0.0, 0.0, 0.0, 0.0], [0.0, 1.0, 0.0, 7.880572786482315e-07, 0.0, 0.0, 0.0, 0.0, 5.088991517437163e-07, 8.80359687413189e-07, 1.245947285699434e-07, 4.494883537427312e-07, 0.0, 0.0, 3.2559254894390225e-07, 0.0, 0.0, 3.3289630038651145e-07, 5.757532281202147e-07, 3.515612996557769e-07, 1.921171781157689e-10, 1.418361774196611e-08, 0.0, 0.0, 2.7230857456155426e-09, 2.2812650937430355e-09, 1.2708021560352358e-07, 8.754716103803481e-07, 0.0, 4.5395109598274527e-07, 0.0, 0.0, 0.0, 0.0, 0.0, 0.0, 0.0, 0.0, 0.0, 4.49104258715764e-07, 0.0, 3.311522793578496e-08, 0.0, 0.0, 7.297154069432661e-07, 4.714311318462445e-07, 1.1527030686946139e-09, 3.521427338542007e-09, 0.0, 0.0, 2.9802322387695312e-08, 9.313225746154785e-10, 0.0, 8.657428987218167e-07, 0.0, 5.775899389838236e-07, 0.0, 0.0, 0.0, 0.0, 6.08337358331476e-09, 6.266534333208081e-07, 0.0, 0.0, 0.0, 0.0, 0.0, 0.0, 0.0, 5.693121508896705e-07, 0.0, 0.0, 0.0, 0.0, 0.0, 3.249329857214987e-07, 0.0, 5.139668106685989e-07, 0.0, 0.0, 0.0, 1.0961638564018042e-08, 1.027320267104896e-06, 0.0], [0.0, 0.0, 1.0, 0.0, 0.0, 0.0, 0.0, 0.0, 0.0, 0.0, 0.0, 0.0, 0.0, 0.0, 0.0, 0.0, 0.0, 0.0, 0.0, 0.0, 0.0, 0.0, 0.0, 0.0, 0.0, 0.0, 0.0, 0.0, 0.0, 0.0, 0.0, 0.0, 0.0, 0.0, 0.0, 0.0, 0.0, 0.0, 0.0, 0.0, 0.0, 0.0, 0.0, 0.0, 0.0, 0.0, 0.0, 0.0, 0.0, 0.0, 0.0, 0.0, 0.0, 0.0, 0.0, 0.0, 0.0, 0.0, 0.0, 0.0, 0.0, 0.0, 0.0, 0.0, 0.0, 0.0, 0.0, 0.0, 0.0, 0.0, 0.0, 0.0, 0.0, 0.0, 0.0, 0.0, 0.0, 0.0, 0.0, 0.0, 0.0, 0.0, 0.0, 0.0], [0.0, 7.880572786482315e-07, 0.0, 1.0, 0.0, 0.0, 0.00629935289400293, 0.05582361090486413, 1.218621589772134e-06, 0.3975857863561547, 0.038963740333348235, 0.15855584247706084, 5.570007203770296e-14, 0.0, 7.931711094672221e-05, 0.0, 0.0, 0.4214459201031251, 0.18470412992799456, 0.5872738042359699, 1.830752870741536e-06, 4.0784845202284945e-08, 0.0013911686100952449, 0.0, 0.5285032278350216, 6.447067156796477e-09, 0.4365426058023393, 2.051919943843488e-05, 0.0, 0.13554104744681914, 0.005432775307010312, 0.2672909426202508, 0.2963524006903374, 7.577594330522191e-14, 0.0, 0.0, 0.38154013088504124, 0.0, 0.0, 0.3411261883147092, 1.2116822455285672e-06, 0.2963944319019001, 0.0, 4.119019731800945e-06, 0.03157787041941438, 0.16227519909659044, 0.17649867359246801, 2.9311882329854254e-09, 0.00024348511675680482, 0.0, 1.8625857970979323e-08, 0.00024166966278208724, 5.497361243298506e-14, 0.6139826518052156, 1.2409660061795216e-05, 0.3670084868215355, 0.0, 0.027251963357553713, 0.0, 0.17649867247125475, 7.729044022164926e-08, 0.5386912167922397, 0.0, 1.019584278201609e-13, 0.04269313131619697, 0.00027465820312499995, 2.3062390588497027e-10, 1.6813050653371324e-14, 0.0, 0.8012849960340762, 0.0002435377356555629, 0.0, 7.926754715063701e-14, 2.3153160929453468e-10, 0.0, 0.6984125707573048, 0.0034799245135039404, 0.0012321579468947794, 1.6529313597565718e-14, 0.0, 1.2116801779651608e-06, 0.15435304012056325, 0.7227579754708586, 0.0], [0.0, 0.0, 0.0, 0.0, 1.0, 0.0, 0.0, 0.0, 0.0, 0.0, 0.0, 0.0, 0.0, 0.0, 0.0, 0.0, 0.0, 0.0, 0.0, 0.0, 0.0, 0.0, 0.0, 0.0, 0.0, 0.0, 0.0, 0.0, 0.0, 0.0, 0.0, 0.0, 0.0, 0.0, 0.0, 0.0, 0.0, 0.0, 0.0, 0.0, 0.0, 0.0, 0.0, 0.0, 0.0, 0.0, 0.0, 0.0, 0.0, 0.0, 0.0, 0.0, 0.0, 0.0, 0.0, 0.0, 0.0, 0.0, 0.0, 0.0, 0.0, 0.0, 0.0, 0.0, 0.0, 0.0, 0.0, 0.0, 0.0, 0.0, 0.0, 0.0, 0.0, 0.0, 0.0, 0.0, 0.0, 0.0, 0.0, 0.0, 0.0, 0.0, 0.0, 0.0], [0.0, 0.0, 0.0, 0.0, 0.0, 1.0, 0.0, 0.0, 0.0, 0.0, 0.0, 0.0, 0.0, 0.0, 0.0, 0.0, 0.0, 0.0, 0.0, 0.0, 0.0, 0.0, 0.0, 0.0, 0.0, 0.0, 0.0, 0.0, 0.0, 0.0, 0.0, 0.0, 0.0, 0.0, 0.0, 0.0, 0.0, 0.0, 0.0, 0.0, 0.0, 0.0, 0.0, 0.0, 0.0, 0.0, 0.0, 0.0, 0.0, 0.0, 0.0, 0.0, 0.0, 0.0, 0.0, 0.0, 0.0, 0.0, 0.0, 0.0, 0.0, 0.0, 0.0, 0.0, 0.0, 0.0, 0.0, 0.0, 0.0, 0.0, 0.0, 0.0, 0.0, 0.0, 0.0, 0.0, 0.0, 0.0, 0.0, 0.0, 0.0, 0.0, 0.0, 0.0], [0.0, 0.0, 0.0, 0.00629935289400293, 0.0, 0.0, 1.0, 0.001953125, 0.0, 0.009648594031759803, 0.0, 0.006387259565808135, 0.0, 0.0, 4.427955628112864e-05, 0.0, 0.0, 0.004329274399349093, 0.005096544083841307, 0.00661190716213435, 0.0, 0.0, 0.0015067076258502574, 0.0, 0.0, 0.0, 0.0, 0.0, 0.0, 0.006389731895988619, 0.01171875, 0.0, 0.007812500000000002, 0.0, 0.0, 0.0, 4.7120820250394777e-05, 0.0, 0.0, 0.01026748789774828, 0.0, 0.003163447863625748, 0.0, 0.0, 0.011414754115355755, 0.0, 0.0, 0.0, 0.00024310228767587312, 0.0, 0.0, 0.00024025835977296685, 0.0, 0.008033712935273277, 0.0, 0.001976807740334649, 0.0, 0.0, 0.0, 0.0, 0.0, 0.006287780011885676, 0.0, 0.0, 0.0087890625, 0.0003656078720462075, 0.0, 0.0, 0.0, 0.008148410893021974, 0.0002425344366776316, 0.0, 0.0, 0.0, 0.0, 0.00386349480321566, 0.0032907245931185717, 0.00439453125, 0.0, 0.0, 0.0, 0.013340645689448122, 0.0044198606971424075, 0.0], [0.0, 0.0, 0.0, 0.05582361090486413, 0.0, 0.0, 0.001953125, 1.0, 0.0, 0.036998468657492, 0.03887945585088297, 0.04608037755915974, 0.0, 0.0, 0.0, 0.0, 0.0, 0.036860585337406854, 0.012011770855495317, 0.02815263188877648, 0.0, 0.0, 0.0, 0.0, 0.029027966149002122, 0.0, 0.07421874999999999, 0.0, 0.0, 0.03878367227327789, 0.0019531249999999998, 0.0, 0.023953844643550652, 0.0, 0.0, 0.0, 0.0, 0.0, 0.0, 0.09891302536741486, 0.0, 0.0013378829024802243, 0.0, 0.0, 0.036898304230296095, 0.0, 0.07421874999999999, 0.0, 0.0, 0.0, 0.0, 0.0, 0.0, 0.042477103338173165, 0.0, 0.019500409447285635, 0.0, 0.0, 0.0, 0.07421874999999999, 0.0, 0.05730070345044998, 0.0, 0.0, 0.014160295537042109, 0.0, 0.0, 0.0, 0.0, 0.03560076143759991, 0.0, 0.0, 0.0, 0.0, 0.0, 0.07569369644471739, 0.0, 0.0, 0.0, 0.0, 0.0, 0.029296874999999993, 0.024882014050440156, 0.0], [0.0, 5.088991517437163e-07, 0.0, 1.218621589772134e-06, 0.0, 0.0, 0.0, 0.0, 1.0, 6.70984627907753e-07, 1.36178946623484e-07, 9.348461852399632e-07, 0.0, 0.0, 9.75371317663641e-07, 0.0, 0.0, 7.051327940501052e-07, 5.517925956484349e-07, 7.807289712582694e-07, 0.0, 3.230060987840869e-08, 0.0, 0.0, 3.270235497088075e-08, 1.4828223109329731e-08, 2.0268602923702768e-07, 7.626824469085319e-07, 0.0, 4.953981986750403e-07, 0.0, 0.0, 0.0, 0.0, 0.0, 0.0, 0.0, 0.0, 0.0, 9.438189195975945e-07, 0.0, 2.9802322387695312e-08, 0.0, 1.2861982084403247e-08, 8.091054397248649e-07, 1.9043005391435984e-07, 0.0, 0.0, 0.0, 0.0, 3.580458069375016e-08, 0.0, 0.0, 2.334934267737753e-07, 0.0, 1.0249133257999545e-06, 0.0, 0.0, 0.0, 0.0, 2.0689449066482824e-08, 6.290631061484732e-07, 0.0, 0.0, 0.0, 0.0, 0.0, 0.0, 0.0, 8.078253721013934e-07, 0.0, 0.0, 0.0, 0.0, 0.0, 1.248842891479555e-06, 0.0, 3.6184868580088254e-07, 0.0, 0.0, 0.0, 0.0, 5.860984510105887e-07, 0.0], [0.0, 8.80359687413189e-07, 0.0, 0.3975857863561547, 0.0, 0.0, 0.009648594031759803, 0.036998468657492, 6.70984627907753e-07, 1.0, 0.020889554780580077, 0.2342544736822314, 5.948718558990125e-14, 0.0, 0.0001377592684385187, 0.0, 0.0, 0.10855703139856214, 0.09715488352149831, 0.2920801064427164, 2.3932336599517343e-06, 3.839768124699023e-08, 0.001601156163042561, 0.0, 0.27896277026202326, 7.296364718639567e-09, 0.08980330023002918, 4.728874748568734e-05, 0.0, 0.23917716627385383, 0.007930191836873851, 0.2161601218731629, 0.3102468231331145, 3.5889370894922704e-14, 0.0, 0.0, 0.0986113171439057, 0.0, 0.0, 0.03841253710189217, 3.167889428431641e-06, 0.24517670333643304, 0.0, 7.452680180018967e-09, 0.03784537216731304, 0.18094722460557308, 0.08980239172556037, 5.93094422974134e-09, 9.568910062814687e-05, 0.0, 1.264488178318942e-07, 0.00011574672940015674, 2.913984537340418e-14, 0.3002749812470924, 3.20687371604308e-07, 0.41550178130179627, 0.0, 0.034657686579005566, 0.0, 0.08980239118365145, 5.8979083705411406e-08, 0.34513165679735647, 0.0, 1.0122444368355266e-13, 0.07677740359329274, 0.00014196915243090046, 1.3299483732908987e-10, 2.5945352296482636e-14, 0.0, 0.32754684414325025, 0.00010736346170434698, 0.0, 2.367991882659256e-14, 7.401891920731883e-11, 0.0, 0.39623158953889887, 0.0029196744781127453, 0.0010094857741176977, 5.235749694383262e-14, 0.0, 3.1678886078346346e-06, 0.11627787529699592, 0.2688753422855905, 0.0], [0.0, 1.245947285699434e-07, 0.0, 0.038963740333348235, 0.0, 0.0, 0.0, 0.03887945585088297, 1.36178946623484e-07, 0.020889554780580077, 1.0, 0.03990902481929231, 0.0, 0.0, 2.534151624917147e-06, 0.0, 0.0, 0.09673477022153312, 0.016289847062666986, 0.06225297962143654, 4.784186537660895e-07, 3.695851510078687e-08, 0.0, 0.0, 0.02359550635480786, 4.771256030942541e-09, 0.03617553658642167, 6.018828622335052e-07, 0.0, 0.028126071390420632, 0.0, 0.0, 0.01524181640796893, 0.0, 0.0, 0.0, 0.0, 0.0, 0.0, 0.0542951774618202, 4.76837158203125e-07, 3.013729425497946e-08, 0.0, 2.9802322387695312e-08, 0.047355358535169624, 3.120647425755259e-08, 0.036175023555082605, 6.291884344925606e-10, 0.0, 0.0, 3.725290298461914e-08, 3.194410077156665e-10, 0.0, 0.03548640587644602, 0.0, 0.04784126960575848, 0.0, 0.0, 0.0, 0.0361750226127758, 1.28929881805845e-08, 0.0620279846628672, 0.0, 0.0, 0.015624999999999997, 0.0, 8.595759965334595e-11, 0.0, 0.0, 0.028544230962109014, 4.5402761034196586e-10, 0.0, 0.0, 1.0704247714496894e-10, 0.0, 0.051053447903771094, 0.0, 6.546096582505535e-08, 0.0, 0.0, 4.768371582031251e-07, 0.070181723226413, 0.050943105752429246, 0.0], [0.0, 4.494883537427312e-07, 0.0, 0.15855584247706084, 0.0, 0.0, 0.006387259565808135, 0.04608037755915974, 9.348461852399632e-07, 0.2342544736822314, 0.03990902481929231, 1.0, 8.243364243674478e-14, 0.0, 0.00011282687128313457, 0.0, 0.0, 0.4281816509867757, 0.13085232228594185, 0.26079950222840087, 4.077796080496107e-06, 6.18764836596015e-08, 0.0010149528632909857, 0.0, 0.2960617114880906, 1.1554548078604224e-08, 0.1667863965262733, 6.963358883037842e-05, 0.0, 0.858022577895398, 0.004194900580039571, 0.12264619907427696, 0.10452292834830751, 8.470637520797866e-14, 0.0, 0.0, 0.24992720237369526, 0.0, 0.0, 0.19345466729636973, 1.4228416206297685e-06, 0.10488819721143687, 0.0, 7.103493440496904e-06, 0.016117658462770044, 0.18731806857743188, 0.04178422148793651, 3.747893371129667e-09, 7.052213009945867e-05, 0.0, 6.017385928646121e-08, 8.622156458243922e-05, 5.658485900729222e-14, 0.2261954418046421, 1.9227774273134174e-05, 0.39878096785420347, 0.0, 0.02551009567262632, 0.0, 0.04178422064430352, 3.5748391801773455e-08, 0.15983373177942656, 0.0, 1.4957031758597123e-13, 0.05385972505202749, 9.994077032649241e-05, 1.6900118103662982e-10, 9.670453167613676e-14, 0.0, 0.14982048608492649, 7.790862323338439e-05, 0.0, 6.263424684637111e-14, 1.1519241044885979e-10, 0.0, 0.5169737039153489, 0.002219705153402601, 0.0011300362127233503, 1.0845995428461153e-13, 0.0, 1.4228413946901436e-06, 0.08146248430324313, 0.37345147535399614, 0.0], [0.0, 0.0, 0.0, 5.570007203770296e-14, 0.0, 0.0, 0.0, 0.0, 0.0, 5.948718558990125e-14, 0.0, 8.243364243674478e-14, 1.0, 0.0, 0.0, 0.0, 0.0, 8.043580425466391e-14, 4.263256414560601e-14, 5.769495020181135e-14, 2.8421709430404014e-14, 0.0, 0.0, 0.0, 0.0, 0.0, 0.0, 1.334090060808357e-13, 0.0, 3.7836645308339725e-14, 0.0, 0.0, 0.0, 0.0, 0.0, 0.0, 0.0, 0.0, 0.0, 3.8461525291856066e-14, 0.0, 0.0, 0.0, 0.0, 8.340810795752488e-14, 0.0, 5.684341886080802e-14, 0.0, 0.0, 0.0, 0.0, 0.0, 5.684341886080802e-14, 8.699147903837712e-14, 0.0, 4.62018037995667e-14, 0.0, 3.190856428931349e-14, 0.0, 1.4210854715202e-14, 2.8421709430404e-14, 9.99995790943943e-14, 0.0, 2.842170943040401e-14, 0.0, 0.0, 0.0, 2.8421709430404004e-14, 0.0, 5.316147107716312e-14, 0.0, 0.0, 5.684341886080802e-14, 0.0, 0.0, 4.8446331068791216e-14, 0.0, 2.8421709430404004e-14, 6.397262167605404e-14, 0.0, 0.0, 0.0, 1.0724328078667567e-13, 0.0], [0.0, 0.0, 0.0, 0.0, 0.0, 0.0, 0.0, 0.0, 0.0, 0.0, 0.0, 0.0, 0.0, 1.0, 0.0, 0.0, 0.0, 0.0, 0.0, 0.0, 0.0, 0.0, 0.0, 0.0, 0.0, 0.0, 0.0, 0.0, 0.0, 0.0, 0.0, 0.0, 0.0, 0.0, 0.0, 0.0, 0.0, 0.0, 0.0, 0.0, 0.0, 0.0, 0.0, 0.0, 0.0, 0.0, 0.0, 0.0, 0.0, 0.0, 0.0, 0.0, 0.0, 0.0, 0.0, 0.0, 0.0, 0.0, 0.0, 0.0, 0.0, 0.0, 0.0, 0.0, 0.0, 0.0, 0.0, 0.0, 0.0, 0.0, 0.0, 0.0, 0.0, 0.0, 0.0, 0.0, 0.0, 0.0, 0.0, 0.0, 0.0, 0.0, 0.0, 0.0], [0.0, 3.2559254894390225e-07, 0.0, 7.931711094672221e-05, 0.0, 0.0, 4.427955628112864e-05, 0.0, 9.75371317663641e-07, 0.0001377592684385187, 2.534151624917147e-06, 0.00011282687128313457, 0.0, 0.0, 1.0, 0.0, 0.0, 0.00011100183479860584, 3.2068730781440785e-05, 9.896451586265432e-05, 1.5803019702425128e-06, 7.204394179341337e-11, 0.0, 0.0, 0.0, 1.5946529975016221e-10, 8.325479781459569e-07, 8.912015813229454e-06, 0.0, 0.00026032003045721875, 0.0, 5.4569682106375694e-12, 0.0, 0.0, 0.0, 0.0, 0.0, 0.0, 0.0, 0.00010350697124055914, 2.7887592874125085e-06, 7.691968598815024e-05, 0.0, 5.456968210637569e-12, 1.624158657532404e-05, 2.3895300484265156e-07, 1.519634704728521e-11, 3.542710197678264e-11, 5.785784952636944e-05, 0.0, 0.0, 7.160503663152014e-05, 0.0, 0.00011471662747989636, 7.62939453125e-06, 0.00020150527768170157, 0.0, 1.818989403545856e-12, 0.0, 0.0, 0.0, 0.00010235968977633758, 0.0, 0.0, 0.0, 6.103515625000001e-05, 1.1032558763488853e-10, 0.0, 0.0, 4.152433407131881e-05, 6.641933442169295e-05, 0.0, 0.0, 8.143135734072822e-11, 0.0, 3.57243982663275e-05, 6.103515625e-05, 1.2663607803267759e-06, 0.0, 0.0, 2.788758605291482e-06, 2.853669711792303e-06, 0.00013584918484541562, 0.0], [0.0, 0.0, 0.0, 0.0, 0.0, 0.0, 0.0, 0.0, 0.0, 0.0, 0.0, 0.0, 0.0, 0.0, 0.0, 1.0, 0.0, 0.0, 0.0, 0.0, 0.0, 0.0, 0.0, 0.0, 0.0, 0.0, 0.0, 0.0, 0.0, 0.0, 0.0, 0.0, 0.0, 0.0, 0.0, 0.0, 0.0, 0.0, 0.0, 0.0, 0.0, 0.0, 0.0, 0.0, 0.0, 0.0, 0.0, 0.0, 0.0, 0.0, 0.0, 0.0, 0.0, 0.0, 0.0, 0.0, 0.0, 0.0, 0.0, 0.0, 0.0, 0.0, 0.0, 0.0, 0.0, 0.0, 0.0, 0.0, 0.0, 0.0, 0.0, 0.0, 0.0, 0.0, 0.0, 0.0, 0.0, 0.0, 0.0, 0.0, 0.0, 0.0, 0.0, 0.0], [0.0, 0.0, 0.0, 0.0, 0.0, 0.0, 0.0, 0.0, 0.0, 0.0, 0.0, 0.0, 0.0, 0.0, 0.0, 0.0, 1.0, 0.0, 0.0, 0.0, 0.0, 0.0, 0.0, 0.0, 0.0, 0.0, 0.0, 0.0, 0.0, 0.0, 0.0, 0.0, 0.0, 0.0, 0.0, 0.0, 0.0, 0.0, 0.0, 0.0, 0.0, 0.0, 0.0, 0.0, 0.0, 0.0, 0.0, 0.0, 0.0, 0.0, 0.0, 0.0, 0.0, 0.0, 0.0, 0.0, 0.0, 0.0, 0.0, 0.0, 0.0, 0.0, 0.0, 0.0, 0.0, 0.0, 0.0, 0.0, 0.0, 0.0, 0.0, 0.0, 0.0, 0.0, 0.0, 0.0, 0.0, 0.0, 0.0, 0.0, 0.0, 0.0, 0.0, 0.0], [0.0, 3.3289630038651145e-07, 0.0, 0.4214459201031251, 0.0, 0.0, 0.004329274399349093, 0.036860585337406854, 7.051327940501052e-07, 0.10855703139856214, 0.09673477022153312, 0.4281816509867757, 8.043580425466391e-14, 0.0, 0.00011100183479860584, 0.0, 0.0, 1.0, 0.3024445196667656, 0.2196648040884229, 5.923009833261494e-07, 4.737152576774117e-08, 0.0006185733668128051, 0.0, 0.7038699044590934, 3.797785745182324e-09, 0.08180479963100748, 5.124159029399796e-05, 0.0, 0.4520238184446669, 0.003205826353324041, 0.14497358370169822, 0.08905163850391584, 1.0903564030769012e-13, 0.0, 0.0, 0.5284277961222306, 0.0, 0.0, 0.1793873184285172, 3.508366918129894e-06, 0.12003370932600883, 0.0, 1.065216774164736e-05, 0.03795239995953474, 0.11945058926276289, 0.048126398108721324, 3.798929493274135e-09, 0.0001754696468671015, 0.0, 5.40818188286769e-08, 0.0001705084680003183, 6.274024827467504e-14, 0.7415869031648684, 6.749357123789846e-06, 0.262070485908501, 0.0, 0.018223433200149512, 0.0, 0.04812639676190794, 3.3909986200888415e-08, 0.35958189938318663, 0.0, 1.783771548871198e-13, 0.12970698956661955, 0.00020653655282163423, 1.4273798148769675e-10, 7.900597995630906e-14, 0.0, 0.40377142855151893, 0.0001707087383294557, 0.0, 7.614171213778247e-14, 1.1598155325861825e-10, 0.0, 0.16256236174801988, 0.002186455345759607, 0.0010561874660036778, 8.63706229033958e-14, 0.0, 3.508365975760321e-06, 0.090206925651613, 0.5406975863466134, 0.0], [0.0, 5.757532281202147e-07, 0.0, 0.18470412992799456, 0.0, 0.0, 0.005096544083841307, 0.012011770855495317, 5.517925956484349e-07, 0.09715488352149831, 0.016289847062666986, 0.13085232228594185, 4.263256414560601e-14, 0.0, 3.2068730781440785e-05, 0.0, 0.0, 0.3024445196667656, 1.0, 0.10845778035426173, 1.8178850518378624e-06, 3.1019389738064506e-09, 0.00039493336398166955, 0.0, 0.23129220361423503, 0.0, 0.12957134425265374, 3.419775681609952e-05, 0.0, 0.11839619427802321, 0.0029296875, 0.0977562277195681, 0.07834696370000407, 1.7763568394002503e-15, 0.0, 0.0, 0.04707559405824778, 0.0, 0.0, 0.07639176925632601, 4.630611933086103e-06, 0.07484825434134279, 0.0, 4.5997688544739184e-07, 0.012197817299386765, 0.10953662327642669, 0.1295704331034393, 2.7762112072999535e-09, 0.0, 0.0, 0.0, 3.7217148198585963e-09, 1.881269772717951e-14, 0.23837520585301958, 7.62939453125e-06, 0.05984257886173162, 0.0, 0.04703255170092554, 0.0, 0.1295704318349793, 2.8421709430404014e-14, 0.12953932317197592, 0.0, 4.323107504243436e-14, 0.046662619102054735, 0.00011877677022914838, 0.0, 2.842170943040401e-14, 0.0, 0.1380144889258006, 8.012828024730051e-11, 0.0, 2.4376061150782825e-14, 0.0, 0.0, 0.12404812287500167, 0.002499998437176793, 0.0011072541217709323, 4.632500190334949e-14, 0.0, 4.630611933974281e-06, 0.13342740760096372, 0.18057297519367, 0.0], [0.0, 3.515612996557769e-07, 0.0, 0.5872738042359699, 0.0, 0.0, 0.00661190716213435, 0.02815263188877648, 7.807289712582694e-07, 0.2920801064427164, 0.06225297962143654, 0.26079950222840087, 5.769495020181135e-14, 0.0, 9.896451586265432e-05, 0.0, 0.0, 0.2196648040884229, 0.10845778035426173, 1.0, 1.9780352618991334e-06, 8.449842436818722e-08, 0.0014672920468449526, 0.0, 0.30735968458988466, 2.4273613729269164e-09, 0.5540037558310218, 2.474071987274289e-05, 0.0, 0.26389366718178775, 0.004903465899195404, 0.35513055896538503, 0.2887573248266784, 2.5086893239993637e-14, 0.0, 0.0, 0.1464512252347257, 0.0, 0.0, 0.5437081155140318, 2.385471130941741e-06, 0.3768000261716046, 0.0, 4.930960720383942e-06, 0.07014239245147236, 0.07510542789920509, 0.054002614502058295, 6.653276781931481e-09, 0.00013901955511197103, 0.0, 6.341208091239901e-09, 0.00016708000723305016, 1.4866490180248335e-14, 0.5380442856301499, 9.427936544993072e-06, 0.4573312958208527, 0.0, 0.02693346292323351, 0.0, 0.05400261175487564, 3.972617089664553e-08, 0.782694378304124, 0.0, 9.088123482462221e-14, 0.04455264329370526, 0.0002087715020509394, 5.442469283419945e-11, 2.006780876584743e-14, 0.0, 0.6170804996072827, 0.00015497864972700934, 0.0, 1.4218862465146823e-14, 6.818383268430851e-11, 0.0, 0.4202308333893988, 0.0008490965488922686, 0.0032180666034501435, 6.191317028546189e-14, 0.0, 2.3854697156807653e-06, 0.07657189962844504, 0.49726313149916, 0.0], [0.0, 1.921171781157689e-10, 0.0, 1.830752870741536e-06, 0.0, 0.0, 0.0, 0.0, 0.0, 2.3932336599517343e-06, 4.784186537660895e-07, 4.077796080496107e-06, 2.8421709430404014e-14, 0.0, 1.5803019702425128e-06, 0.0, 0.0, 5.923009833261494e-07, 1.8178850518378624e-06, 1.9780352618991334e-06, 1.0, 2.3974652418673225e-09, 0.0, 0.0, 0.0, 1.0166207523556069e-11, 4.76837158203125e-07, 4.773759833644213e-07, 0.0, 4.749200809843759e-06, 0.0, 9.094947017729282e-13, 0.0, 0.0, 0.0, 0.0, 0.0, 0.0, 0.0, 3.206905415357467e-06, 1.430511474609375e-06, 1.3864432070502566e-09, 0.0, 2.7284841053187847e-12, 3.7277448834136436e-06, 6.27328355072765e-10, 4.458459133797503e-09, 1.865507103167104e-09, 0.0, 0.0, 0.0, 1.1527030686946136e-09, 0.0, 2.154653136183842e-06, 0.0, 2.644437586965399e-06, 0.0, 1.8508979678351697e-12, 0.0, 2.328306436538697e-10, 2.842170943040401e-14, 1.3595293739083177e-06, 0.0, 2.8421709430404014e-14, 0.0, 0.0, 0.0, 1.1368683772161603e-13, 0.0, 9.125455530355437e-07, 0.0, 0.0, 0.0, 0.0, 0.0, 3.2318305163585057e-06, 0.0, 9.579425171086145e-07, 7.50023840339944e-14, 0.0, 1.430511474609375e-06, 4.1976019594556365e-07, 1.832077936243874e-06, 0.0], [0.0, 1.418361774196611e-08, 0.0, 4.0784845202284945e-08, 0.0, 0.0, 0.0, 0.0, 3.230060987840869e-08, 3.839768124699023e-08, 3.695851510078687e-08, 6.18764836596015e-08, 0.0, 0.0, 7.204394179341337e-11, 0.0, 0.0, 4.737152576774117e-08, 3.1019389738064506e-09, 8.449842436818722e-08, 2.3974652418673225e-09, 1.0, 0.0, 0.0, 3.5225549238990484e-08, 5.644896813073699e-09, 2.7540142770422175e-08, 1.8152842544852054e-08, 0.0, 5.608473515684707e-08, 0.0, 0.0, 0.0, 0.0, 0.0, 0.0, 0.0, 0.0, 0.0, 2.098252758696796e-08, 0.0, 5.769524815733945e-09, 0.0, 2.9802322387695312e-08, 5.853208456910193e-08, 2.619067161767545e-09, 2.8631344909969923e-09, 3.843199915549655e-09, 0.0, 0.0, 7.45058059692383e-09, 1.7198766794618925e-09, 1.2434497875801752e-14, 3.726483126612344e-08, 0.0, 7.047923423132644e-08, 0.0, 0.0, 0.0, 3.4857748680104575e-10, 5.144391908398206e-08, 3.326815253792377e-08, 0.0, 1.0912576584599784e-15, 0.0, 0.0, 7.272850453145567e-11, 0.0, 0.0, 2.8849755758122518e-08, 4.5402761034196596e-10, 0.0, 0.0, 3.4161330352735346e-11, 0.0, 3.185258978427154e-08, 0.0, 6.170716060058561e-08, 0.0, 0.0, 1.0912576584599782e-15, 9.754447924506814e-09, 5.8596946510220256e-08, 0.0], [0.0, 0.0, 0.0, 0.0013911686100952449, 0.0, 0.0, 0.0015067076258502574, 0.0, 0.0, 0.001601156163042561, 0.0, 0.0010149528632909857, 0.0, 0.0, 0.0, 0.0, 0.0, 0.0006185733668128051, 0.00039493336398166955, 0.0014672920468449526, 0.0, 0.0, 1.0, 0.0, 0.0, 0.0, 0.0, 6.7184993362581155e-15, 0.0, 0.002524029457848833, 0.0, 0.0, 0.0, 1.7763568394002505e-15, 0.0, 0.0, 0.0, 0.0, 0.0, 0.001167176813206029, 0.0, 8.881784197001252e-15, 0.0, 0.0, 0.000960118552790358, 2.780151810951036e-15, 9.276633220316002e-15, 0.0, 0.0, 0.0, 0.0, 0.0, 1.7763568394002503e-15, 0.001094267339403254, 0.0, 0.0014949416591595196, 0.0, 0.0, 0.0, 1.7763568394002505e-15, 0.0, 0.0016806530629683123, 0.0, 1.4210854715202004e-14, 0.0, 0.0, 0.0, 0.0, 0.0, 0.0011855263160391784, 8.235267154037179e-15, 0.0, 1.129609914418831e-14, 0.0, 0.0, 0.001666306020792677, 0.0018263906906468826, 0.00012207031249999997, 0.0, 0.0, 0.0, 0.0015144560932726595, 0.0015644198914654122, 0.0], [0.0, 0.0, 0.0, 0.0, 0.0, 0.0, 0.0, 0.0, 0.0, 0.0, 0.0, 0.0, 0.0, 0.0, 0.0, 0.0, 0.0, 0.0, 0.0, 0.0, 0.0, 0.0, 0.0, 1.0, 0.0, 0.0, 0.0, 0.0, 0.0, 0.0, 0.0, 0.0, 0.0, 0.0, 0.0, 0.0, 0.0, 0.0, 0.0, 0.0, 0.0, 0.0, 0.0, 0.0, 0.0, 0.0, 0.0, 0.0, 0.0, 0.0, 0.0, 0.0, 0.0, 0.0, 0.0, 0.0, 0.0, 0.0, 0.0, 0.0, 0.0, 0.0, 0.0, 0.0, 0.0, 0.0, 0.0, 0.0, 0.0, 0.0, 0.0, 0.0, 0.0, 0.0, 0.0, 0.0, 0.0, 0.0, 0.0, 0.0, 0.0, 0.0, 0.0, 0.0], [0.0, 2.7230857456155426e-09, 0.0, 0.5285032278350216, 0.0, 0.0, 0.0, 0.029027966149002122, 3.270235497088075e-08, 0.27896277026202326, 0.02359550635480786, 0.2960617114880906, 0.0, 0.0, 0.0, 0.0, 0.0, 0.7038699044590934, 0.23129220361423503, 0.30735968458988466, 0.0, 3.5225549238990484e-08, 0.0, 0.0, 1.0, 1.4005673878953334e-08, 0.17241541261755933, 1.1780517726865663e-08, 0.0, 0.34098646755132245, 0.0, 0.11510526271179214, 0.18683897592273402, 0.0, 0.0, 0.0, 0.5312499999999999, 0.0, 0.0, 0.26979859519518584, 0.0, 0.15090077144172112, 0.0, 2.7487605339758912e-08, 0.02639802223243494, 0.13200854437197568, 0.04741540083715704, 0.0, 0.0, 0.0, 7.853601525645404e-09, 0.0, 0.0, 0.6525020388067205, 0.0, 0.5447911889341461, 0.0, 0.125, 0.0, 0.04741540083715704, 1.6513921973067317e-08, 0.35860505631050055, 0.0, 0.0, 0.04185000820781199, 0.0, 0.0, 0.0, 0.0, 0.5418418004089165, 0.0, 0.0, 0.0, 0.0, 0.0, 0.25930571656636325, 0.0, 1.768089392165065e-08, 0.0, 0.0, 0.0, 0.045230887210514194, 0.5097396825915343, 0.0], [0.0, 2.2812650937430355e-09, 0.0, 6.447067156796477e-09, 0.0, 0.0, 0.0, 0.0, 1.4828223109329731e-08, 7.296364718639567e-09, 4.771256030942541e-09, 1.1554548078604224e-08, 0.0, 0.0, 1.5946529975016221e-10, 0.0, 0.0, 3.797785745182324e-09, 0.0, 2.4273613729269164e-09, 1.0166207523556069e-11, 5.644896813073699e-09, 0.0, 0.0, 1.4005673878953334e-08, 1.0, 0.0, 1.5360488250162055e-10, 0.0, 1.4326950816057256e-08, 0.0, 3.637978807091713e-12, 0.0, 0.0, 0.0, 0.0, 0.0, 0.0, 0.0, 4.842968464417339e-09, 0.0, 5.817243124753481e-11, 0.0, 7.358322221261083e-12, 7.006118531326751e-09, 0.0, 1.1406957450623786e-10, 6.342330254850638e-11, 0.0, 0.0, 0.0, 0.0, 0.0, 4.787593099362871e-09, 0.0, 5.632408294167686e-09, 0.0, 2.9481966678323318e-12, 0.0, 0.0, 6.829698880513509e-09, 9.882703785173161e-09, 0.0, 0.0, 0.0, 0.0, 1.7244108114688585e-10, 0.0, 0.0, 9.521692337685153e-09, 0.0, 0.0, 0.0, 1.3533080873024354e-10, 0.0, 1.2849764470127153e-08, 0.0, 8.402538961034285e-11, 0.0, 0.0, 0.0, 2.1109604024501936e-10, 1.1524009823857511e-08, 0.0], [0.0, 1.2708021560352358e-07, 0.0, 0.4365426058023393, 0.0, 0.0, 0.0, 0.07421874999999999, 2.0268602923702768e-07, 0.08980330023002918, 0.03617553658642167, 0.1667863965262733, 0.0, 0.0, 8.325479781459569e-07, 0.0, 0.0, 0.08180479963100748, 0.12957134425265374, 0.5540037558310218, 4.76837158203125e-07, 2.7540142770422175e-08, 0.0, 0.0, 0.17241541261755933, 0.0, 1.0, 2.289728120141453e-06, 0.0, 0.2162064425945765, 0.0, 0.03125, 0.015624999999999997, 0.0, 0.0, 0.0, 0.15624999999999997, 0.0, 0.0, 0.6158522314294261, 4.768371582031249e-07, 0.031250029802322395, 0.0, 7.45058059692383e-09, 0.05394586759445119, 0.031250168799690003, 0.21875, 0.0, 0.0, 0.0, 3.7252902984619134e-08, 0.0, 0.0, 0.2883803086379766, 0.0, 0.1297708104402268, 0.0, 0.031249999999999993, 0.0, 0.21875, 5.917340360853694e-08, 0.5837527816276452, 0.0, 0.0, 0.031249999999999997, 0.0, 0.0, 0.0, 0.0, 0.321105304186485, 0.0, 0.0, 0.0, 0.0, 0.0, 0.2896740775412632, 0.0, 5.274143109214203e-07, 0.0, 0.0, 4.7683715820312495e-07, 0.162109375, 0.311506546608453, 0.0], [0.0, 8.754716103803481e-07, 0.0, 2.051919943843488e-05, 0.0, 0.0, 0.0, 0.0, 7.626824469085319e-07, 4.728874748568734e-05, 6.018828622335052e-07, 6.963358883037842e-05, 1.334090060808357e-13, 0.0, 8.912015813229454e-06, 0.0, 0.0, 5.124159029399796e-05, 3.419775681609952e-05, 2.474071987274289e-05, 4.773759833644213e-07, 1.8152842544852054e-08, 6.7184993362581155e-15, 0.0, 1.1780517726865663e-08, 1.5360488250162055e-10, 2.289728120141453e-06, 1.0, 0.0, 5.096003955123033e-05, 0.0, 0.0, 0.0, 8.758042205965712e-14, 0.0, 0.0, 0.0, 0.0, 0.0, 4.036251619105671e-05, 4.768371582031249e-07, 4.039645074665956e-08, 0.0, 5.067196320518235e-06, 0.00010299990986768241, 4.023829413042135e-06, 1.0044838134859592e-09, 2.5277306239423322e-09, 0.0, 0.0, 4.417714072252062e-08, 3.669861237760535e-09, 4.097974919000585e-14, 5.242857184799202e-05, 7.62939453125e-06, 3.1701174048349165e-05, 0.0, 3.182647368690655e-14, 0.0, 1.1647919495145626e-10, 3.870844638025133e-08, 4.481498374621726e-05, 0.0, 1.196639436359071e-13, 0.0, 0.0, 2.3044908512981423e-10, 3.4791450625057536e-14, 0.0, 4.659552699857864e-05, 4.5403365328288614e-10, 0.0, 3.5113094532044826e-14, 2.3060048649353824e-10, 0.0, 1.8535780828068125e-05, 0.0, 1.6225636575010177e-05, 5.83073472957714e-14, 0.0, 4.768371603216895e-07, 2.3657815112287583e-05, 6.198651328490235e-05, 0.0], [0.0, 0.0, 0.0, 0.0, 0.0, 0.0, 0.0, 0.0, 0.0, 0.0, 0.0, 0.0, 0.0, 0.0, 0.0, 0.0, 0.0, 0.0, 0.0, 0.0, 0.0, 0.0, 0.0, 0.0, 0.0, 0.0, 0.0, 0.0, 1.0, 0.0, 0.0, 0.0, 0.0, 0.0, 0.0, 0.0, 0.0, 0.0, 0.0, 0.0, 0.0, 0.0, 0.0, 0.0, 0.0, 0.0, 0.0, 0.0, 0.0, 0.0, 0.0, 0.0, 0.0, 0.0, 0.0, 0.0, 0.0, 0.0, 0.0, 0.0, 0.0, 0.0, 0.0, 0.0, 0.0, 0.0, 0.0, 0.0, 0.0, 0.0, 0.0, 0.0, 0.0, 0.0, 0.0, 0.0, 0.0, 0.0, 0.0, 0.0, 0.0, 0.0, 0.0, 0.0], [0.0, 4.5395109598274527e-07, 0.0, 0.13554104744681914, 0.0, 0.0, 0.006389731895988619, 0.03878367227327789, 4.953981986750403e-07, 0.23917716627385383, 0.028126071390420632, 0.858022577895398, 3.7836645308339725e-14, 0.0, 0.00026032003045721875, 0.0, 0.0, 0.4520238184446669, 0.11839619427802321, 0.26389366718178775, 4.749200809843759e-06, 5.608473515684707e-08, 0.002524029457848833, 0.0, 0.34098646755132245, 1.4326950816057256e-08, 0.2162064425945765, 5.096003955123033e-05, 0.0, 1.0, 0.005451134800964436, 0.11927535495449748, 0.1417268628287632, 2.366207143414791e-14, 0.0, 0.0, 0.17192957213207352, 0.0, 0.0, 0.1378724583039047, 1.7826799139787089e-06, 0.09942745148969315, 0.0, 9.283331543802572e-07, 0.05451209369161406, 0.10937601760438545, 0.09120496066929024, 2.825270093817458e-09, 5.785784952636944e-05, 0.0, 1.2593546215771447e-07, 7.160513227413185e-05, 4.430765021962572e-14, 0.19287788918210386, 8.508708540417063e-06, 0.3761132041158959, 0.0, 0.04687500000196238, 0.0, 0.0912049585130773, 3.5209038972472545e-08, 0.25339849474312703, 0.0, 1.5930898210802934e-13, 0.11953222978044714, 0.00012628448288877551, 2.868466560907541e-10, 4.452658836026114e-14, 0.0, 0.14192620126481964, 6.641935670301646e-05, 0.0, 4.309981876653199e-14, 2.248307880409882e-10, 0.0, 0.46065964386655056, 0.0029607613807643767, 0.0012687091379884453, 3.330263187413612e-14, 0.0, 1.7826790564539365e-06, 0.09833184454196914, 0.44268952096311837, 0.0], [0.0, 0.0, 0.0, 0.005432775307010312, 0.0, 0.0, 0.01171875, 0.0019531249999999998, 0.0, 0.007930191836873851, 0.0, 0.004194900580039571, 0.0, 0.0, 0.0, 0.0, 0.0, 0.003205826353324041, 0.0029296875, 0.004903465899195404, 0.0, 0.0, 0.0, 0.0, 0.0, 0.0, 0.0, 0.0, 0.0, 0.005451134800964436, 1.0, 0.0, 0.0078125, 0.0, 0.0, 0.0, 0.0, 0.0, 0.0, 0.007819427885555551, 0.0, 0.0029190172417750348, 0.0, 0.0, 0.010743241339585166, 0.0, 0.0, 0.0, 0.0, 0.0, 0.0, 0.0, 0.0, 0.006413796174498427, 0.0, 0.0004401964866811265, 0.0, 0.0, 0.0, 0.0, 0.0, 0.004471678247302548, 0.0, 0.0, 0.008789062499999998, 0.0, 0.0, 0.0, 0.0, 0.006217684060775605, 0.0, 0.0, 0.0, 0.0, 0.0, 0.0019531249999999996, 0.0016879862100528278, 0.003906249999999999, 0.0, 0.0, 0.0, 0.01171875, 0.0024991323227506117, 0.0], [0.0, 0.0, 0.0, 0.2672909426202508, 0.0, 0.0, 0.0, 0.0, 0.0, 0.2161601218731629, 0.0, 0.12264619907427696, 0.0, 0.0, 5.4569682106375694e-12, 0.0, 0.0, 0.14497358370169822, 0.0977562277195681, 0.35513055896538503, 9.094947017729282e-13, 0.0, 0.0, 0.0, 0.11510526271179214, 3.637978807091713e-12, 0.03125, 0.0, 0.0, 0.11927535495449748, 0.0, 1.0, 0.23206684487837395, 0.0, 0.0, 0.0, 0.03125, 0.0, 0.0, 0.022906186553711037, 4.547473508864642e-13, 0.35706684488201196, 0.0, 3.637978807091713e-12, 8.716196883847374e-13, 0.11927535495386596, 0.03125, 1.5403581400231822e-12, 0.0, 0.0, 0.0, 0.0, 0.0, 0.22744595284515193, 0.0, 0.276452744082322, 0.0, 0.031249999999999997, 0.0, 0.03125, 0.0, 0.23317796042204766, 0.0, 0.0, 0.03125, 0.0, 0.0, 0.0, 0.0, 0.2619031338852063, 0.0, 0.0, 0.0, 0.0, 0.0, 0.18543477630378208, 0.0, 4.547473508864641e-13, 0.0, 0.0, 0.0, 0.03125000000142553, 0.16410865357384571, 0.0], [0.0, 0.0, 0.0, 0.2963524006903374, 0.0, 0.0, 0.007812500000000002, 0.023953844643550652, 0.0, 0.3102468231331145, 0.01524181640796893, 0.10452292834830751, 0.0, 0.0, 0.0, 0.0, 0.0, 0.08905163850391584, 0.07834696370000407, 0.2887573248266784, 0.0, 0.0, 0.0, 0.0, 0.18683897592273402, 0.0, 0.015624999999999997, 0.0, 0.0, 0.1417268628287632, 0.0078125, 0.23206684487837395, 1.0, 0.0, 0.0, 0.0, 0.0, 0.0, 0.0, 0.024020310518219665, 0.0, 0.252919017241775, 0.0, 0.0, 0.033170597716068416, 0.06249999999999999, 0.015624999999999997, 0.0, 0.0, 0.0, 0.0, 0.0, 0.0, 0.2617223742147293, 0.0, 0.30178893424455755, 0.0, 0.0, 0.0, 0.015624999999999997, 0.0, 0.28884393430135324, 0.0, 0.0, 0.011718750000000002, 0.0, 0.0, 0.0, 0.0, 0.27538502814763427, 0.0, 0.0, 0.0, 0.0, 0.0, 0.239223837108744, 0.0, 0.0, 0.0, 0.0, 0.0, 0.0234375, 0.25611821348984154, 0.0], [0.0, 0.0, 0.0, 7.577594330522191e-14, 0.0, 0.0, 0.0, 0.0, 0.0, 3.5889370894922704e-14, 0.0, 8.470637520797866e-14, 0.0, 0.0, 0.0, 0.0, 0.0, 1.0903564030769012e-13, 1.7763568394002503e-15, 2.5086893239993637e-14, 0.0, 0.0, 1.7763568394002505e-15, 0.0, 0.0, 0.0, 0.0, 8.758042205965712e-14, 0.0, 2.366207143414791e-14, 0.0, 0.0, 0.0, 1.0, 0.0, 0.0, 0.0, 0.0, 0.0, 5.753454821031139e-14, 0.0, 1.7763568394002503e-15, 0.0, 0.0, 1.4714862364391834e-13, 1.7539212767073645e-15, 6.981916891867851e-15, 0.0, 0.0, 0.0, 0.0, 0.0, 1.7763568394002505e-15, 1.0541268994250417e-13, 0.0, 0.0, 0.0, 0.0, 0.0, 2.2250145146071363e-13, 6.005080808800121e-14, 5.4091502424311684e-14, 0.0, 2.2892506569401353e-13, 0.0, 0.0, 0.0, 0.0, 0.0, 1.1398235777731916e-13, 0.0, 0.0, 0.0, 0.0, 0.0, 5.806976132280825e-14, 0.0, 7.92217850901686e-14, 0.0, 0.0, 0.0, 0.0, 4.3056540552473364e-15, 0.0], [0.0, 0.0, 0.0, 0.0, 0.0, 0.0, 0.0, 0.0, 0.0, 0.0, 0.0, 0.0, 0.0, 0.0, 0.0, 0.0, 0.0, 0.0, 0.0, 0.0, 0.0, 0.0, 0.0, 0.0, 0.0, 0.0, 0.0, 0.0, 0.0, 0.0, 0.0, 0.0, 0.0, 0.0, 1.0, 0.0, 0.0, 0.0, 0.0, 0.0, 0.0, 0.0, 0.0, 0.0, 0.0, 0.0, 0.0, 0.0, 0.0, 0.0, 0.0, 0.0, 0.0, 0.0, 0.0, 0.0, 0.0, 0.0, 0.0, 0.0, 0.0, 0.0, 0.0, 0.0, 0.0, 0.0, 0.0, 0.0, 0.0, 0.0, 0.0, 0.0, 0.0, 0.0, 0.0, 0.0, 0.0, 0.0, 0.0, 0.0, 0.0, 0.0, 0.0, 0.0], [0.0, 0.0, 0.0, 0.0, 0.0, 0.0, 0.0, 0.0, 0.0, 0.0, 0.0, 0.0, 0.0, 0.0, 0.0, 0.0, 0.0, 0.0, 0.0, 0.0, 0.0, 0.0, 0.0, 0.0, 0.0, 0.0, 0.0, 0.0, 0.0, 0.0, 0.0, 0.0, 0.0, 0.0, 0.0, 1.0, 0.0, 0.0, 0.0, 0.0, 0.0, 0.0, 0.0, 0.0, 0.0, 0.0, 0.0, 0.0, 0.0, 0.0, 0.0, 0.0, 0.0, 0.0, 0.0, 0.0, 0.0, 0.0, 0.0, 0.0, 0.0, 0.0, 0.0, 0.0, 0.0, 0.0, 0.0, 0.0, 0.0, 0.0, 0.0, 0.0, 0.0, 0.0, 0.0, 0.0, 0.0, 0.0, 0.0, 0.0, 0.0, 0.0, 0.0, 0.0], [0.0, 0.0, 0.0, 0.38154013088504124, 0.0, 0.0, 4.7120820250394777e-05, 0.0, 0.0, 0.0986113171439057, 0.0, 0.24992720237369526, 0.0, 0.0, 0.0, 0.0, 0.0, 0.5284277961222306, 0.04707559405824778, 0.1464512252347257, 0.0, 0.0, 0.0, 0.0, 0.5312499999999999, 0.0, 0.15624999999999997, 0.0, 0.0, 0.17192957213207352, 0.0, 0.03125, 0.0, 0.0, 0.0, 0.0, 1.0, 0.0, 0.0, 0.1991453414680026, 0.0, 0.0312735604101252, 0.0, 0.0, 3.9267350208662304e-05, 0.12499999999999999, 0.031249999999999997, 0.0, 0.0, 0.0, 0.0, 0.0, 0.0, 0.5777617281903242, 0.0, 0.3538198575786933, 0.0, 0.031249999999999993, 0.0, 0.031249999999999997, 0.0, 0.19775164328318767, 0.0, 0.0, 0.031249999999999997, 4.7120820250394777e-05, 0.0, 0.0, 0.0, 0.3122336183592185, 0.0, 0.0, 0.0, 0.0, 0.0, 0.08779318984438586, 7.66322020605038e-05, 0.0, 0.0, 0.0, 0.0, 0.03127508130309232, 0.37461736546321567, 0.0], [0.0, 0.0, 0.0, 0.0, 0.0, 0.0, 0.0, 0.0, 0.0, 0.0, 0.0, 0.0, 0.0, 0.0, 0.0, 0.0, 0.0, 0.0, 0.0, 0.0, 0.0, 0.0, 0.0, 0.0, 0.0, 0.0, 0.0, 0.0, 0.0, 0.0, 0.0, 0.0, 0.0, 0.0, 0.0, 0.0, 0.0, 1.0, 0.0, 0.0, 0.0, 0.0, 0.0, 0.0, 0.0, 0.0, 0.0, 0.0, 0.0, 0.0, 0.0, 0.0, 0.0, 0.0, 0.0, 0.0, 0.0, 0.0, 0.0, 0.0, 0.0, 0.0, 0.0, 0.0, 0.0, 0.0, 0.0, 0.0, 0.0, 0.0, 0.0, 0.0, 0.0, 0.0, 0.0, 0.0, 0.0, 0.0, 0.0, 0.0, 0.0, 0.0, 0.0, 0.0], [0.0, 0.0, 0.0, 0.0, 0.0, 0.0, 0.0, 0.0, 0.0, 0.0, 0.0, 0.0, 0.0, 0.0, 0.0, 0.0, 0.0, 0.0, 0.0, 0.0, 0.0, 0.0, 0.0, 0.0, 0.0, 0.0, 0.0, 0.0, 0.0, 0.0, 0.0, 0.0, 0.0, 0.0, 0.0, 0.0, 0.0, 0.0, 1.0, 0.0, 0.0, 0.0, 0.0, 0.0, 0.0, 0.0, 0.0, 0.0, 0.0, 0.0, 0.0, 0.0, 0.0, 0.0, 0.0, 0.0, 0.0, 0.0, 0.0, 0.0, 0.0, 0.0, 0.0, 0.0, 0.0, 0.0, 0.0, 0.0, 0.0, 0.0, 0.0, 0.0, 0.0, 0.0, 0.0, 0.0, 0.0, 0.0, 0.0, 0.0, 0.0, 0.0, 0.0, 0.0], [0.0, 4.49104258715764e-07, 0.0, 0.3411261883147092, 0.0, 0.0, 0.01026748789774828, 0.09891302536741486, 9.438189195975945e-07, 0.03841253710189217, 0.0542951774618202, 0.19345466729636973, 3.8461525291856066e-14, 0.0, 0.00010350697124055914, 0.0, 0.0, 0.1793873184285172, 0.07639176925632601, 0.5437081155140318, 3.206905415357467e-06, 2.098252758696796e-08, 0.001167176813206029, 0.0, 0.26979859519518584, 4.842968464417339e-09, 0.6158522314294261, 4.036251619105671e-05, 0.0, 0.1378724583039047, 0.007819427885555551, 0.022906186553711037, 0.024020310518219665, 5.753454821031139e-14, 0.0, 0.0, 0.1991453414680026, 0.0, 0.0, 1.0, 3.147791081431543e-06, 0.026689119503081355, 0.0, 1.2796248629993186e-05, 0.045360788208842484, 0.06227730208953778, 0.1172870444020652, 7.439822601436133e-09, 0.00024348511675680482, 0.0, 1.199406705040762e-07, 0.00024166891527742685, 1.8514965762338377e-14, 0.4091644269855717, 9.67922575422985e-06, 0.1824654909264657, 0.0, 0.1059411128004494, 0.0, 0.11728704242431695, 1.654734130747774e-08, 0.5831320664016847, 0.0, 1.0392657865311699e-13, 0.054956492244757245, 0.00027351978285438826, 1.524949776650546e-10, 2.5921929182408258e-14, 0.0, 0.42086998621450683, 0.00024353770643749322, 0.0, 9.216271855292903e-15, 1.302011618928741e-10, 0.0, 0.2266064562112135, 0.0012427260406676628, 0.00012559654587772413, 4.482996968767678e-14, 0.0, 3.1477901787831475e-06, 0.07091764313646304, 0.3047965271595289, 0.0], [0.0, 0.0, 0.0, 1.2116822455285672e-06, 0.0, 0.0, 0.0, 0.0, 0.0, 3.167889428431641e-06, 4.76837158203125e-07, 1.4228416206297685e-06, 0.0, 0.0, 2.7887592874125085e-06, 0.0, 0.0, 3.508366918129894e-06, 4.630611933086103e-06, 2.385471130941741e-06, 1.430511474609375e-06, 0.0, 0.0, 0.0, 0.0, 0.0, 4.768371582031249e-07, 4.768371582031249e-07, 0.0, 1.7826799139787089e-06, 0.0, 4.547473508864642e-13, 0.0, 0.0, 0.0, 0.0, 0.0, 0.0, 0.0, 3.147791081431543e-06, 1.0, 0.0, 0.0, 0.0, 2.1043623648939505e-06, 0.0, 0.0, 9.25567848310646e-13, 0.0, 0.0, 0.0, 0.0, 0.0, 3.0385035929326e-06, 0.0, 6.383961545098678e-07, 0.0, 0.0, 0.0, 0.0, 0.0, 5.657749860991779e-07, 0.0, 0.0, 0.0, 0.0, 0.0, 0.0, 0.0, 1.97274727830914e-06, 0.0, 0.0, 0.0, 0.0, 0.0, 1.4223691363931448e-06, 0.0, 3.814697947746026e-06, 0.0, 0.0, 5.7220458984375e-06, 1.1188294243889135e-06, 3.6580547136761094e-06, 0.0], [0.0, 3.311522793578496e-08, 0.0, 0.2963944319019001, 0.0, 0.0, 0.003163447863625748, 0.0013378829024802243, 2.9802322387695312e-08, 0.24517670333643304, 3.013729425497946e-08, 0.10488819721143687, 0.0, 0.0, 7.691968598815024e-05, 0.0, 0.0, 0.12003370932600883, 0.07484825434134279, 0.3768000261716046, 1.3864432070502566e-09, 5.769524815733945e-09, 8.881784197001252e-15, 0.0, 0.15090077144172112, 5.817243124753481e-11, 0.031250029802322395, 4.039645074665956e-08, 0.0, 0.09942745148969315, 0.0029190172417750348, 0.35706684488201196, 0.252919017241775, 1.7763568394002503e-15, 0.0, 0.0, 0.0312735604101252, 0.0, 0.0, 0.026689119503081355, 0.0, 1.0, 0.0, 3.637978807091713e-12, 0.003643406248765401, 0.09375003108894632, 0.0312500013855466, 5.815079731687226e-09, 0.000206256274067666, 0.0, 1.1920928955078125e-07, 0.00019677792221105546, 1.598721155460225e-14, 0.2135091945350493, 0.0, 0.30083275429600387, 0.0, 0.03124999999999999, 0.0, 0.03125000023283243, 0.0, 0.25259404947870756, 0.0, 3.108624468950439e-14, 0.03416901724177503, 0.0002356367310587905, 0.0, 0.0, 0.0, 0.28546157394888877, 0.00020151228757593615, 0.0, 1.129609914418831e-14, 0.0, 0.0, 0.23975479248526133, 0.00026380629705148335, 4.3854898647969887e-08, 0.0, 0.0, 8.88178419700125e-16, 0.03446232464149614, 0.21529085470339535, 0.0], [0.0, 0.0, 0.0, 0.0, 0.0, 0.0, 0.0, 0.0, 0.0, 0.0, 0.0, 0.0, 0.0, 0.0, 0.0, 0.0, 0.0, 0.0, 0.0, 0.0, 0.0, 0.0, 0.0, 0.0, 0.0, 0.0, 0.0, 0.0, 0.0, 0.0, 0.0, 0.0, 0.0, 0.0, 0.0, 0.0, 0.0, 0.0, 0.0, 0.0, 0.0, 0.0, 1.0, 0.0, 0.0, 0.0, 0.0, 0.0, 0.0, 0.0, 0.0, 0.0, 0.0, 0.0, 0.0, 0.0, 0.0, 0.0, 0.0, 0.0, 0.0, 0.0, 0.0, 0.0, 0.0, 0.0, 0