"{\"names\": [\"172.217.10.1\", \"104.88.86.240\", \"38.93.140.48\", \"192.168.10.15\", \"104.88.108.223\", \"195.142.105.15\", \"172.217.12.163\", \"206.217.206.48\", \"172.217.6.228\", \"178.255.83.1\", \"74.119.118.82\", \"192.168.10.9\", \"172.217.7.6\", \"35.186.227.40\", \"31.13.71.36\", \"206.126.112.142\", \"151.101.2.49\", \"192.168.10.25\", \"172.217.3.98\", \"192.168.10.16\", \"72.30.202.150\", \"172.217.12.132\", \"50.31.164.173\", \"162.208.20.178\", \"23.15.4.16\", \"216.58.217.99\", \"172.217.6.198\", \"172.217.12.174\", \"169.46.44.40\", \"192.168.10.17\", \"52.84.143.130\", \"104.19.195.102\", \"216.200.232.61\", \"104.97.73.166\", \"152.163.13.79\", \"192.229.163.25\", \"74.119.118.86\", \"54.225.188.92\", \"188.165.145.88\", \"192.168.10.14\", \"8.43.72.98\", \"199.96.57.6\", \"68.67.178.110\", \"104.88.70.158\", \"192.168.10.19\", \"69.172.216.56\", \"157.240.18.35\", \"172.217.11.34\", \"185.54.150.20\", \"69.169.85.7\", \"198.232.124.194\", \"74.119.118.72\", \"172.217.12.134\", \"192.168.10.5\", \"23.111.9.30\", \"192.168.10.8\", \"151.101.66.2\", \"68.67.178.199\", \"213.239.195.215\", \"138.108.7.20\", \"52.84.145.87\", \"192.168.10.50\", \"52.84.145.198\", \"52.40.24.51\", \"212.77.100.137\", \"185.54.150.115\", \"172.217.10.138\", \"152.163.66.165\", \"52.84.137.78\", \"192.168.10.51\", \"68.67.178.109\", \"129.146.14.96\", \"54.152.24.232\", \"172.217.10.33\", \"52.8.229.108\", \"192.168.10.12\", \"64.147.131.201\", \"172.217.12.206\", \"68.67.180.12\", \"172.217.10.134\", \"38.69.238.16\", \"172.217.10.142\", \"192.168.10.3\", \"172.217.6.202\"], \"funcEdges\": [[1.0, 0.0, 0.0, 0.0, 0.0, 0.0, 0.0, 0.0, 0.0, 0.0, 0.0, 0.0, 0.0, 0.0, 0.0, 0.0, 0.0, 0.0, 0.0, 0.0, 0.0, 0.0, 0.0, 0.0, 0.0, 0.0, 0.0, 0.0, 0.0, 0.0, 0.0, 0.0, 0.0, 0.0, 0.0, 0.0, 0.0, 0.0, 0.0, 0.0, 0.0, 0.0, 0.0, 0.0, 0.0, 0.0, 0.0, 0.0, 0.0, 0.0, 0.0, 0.0, 0.0, 0.0, 0.0, 0.0, 0.0, 0.0, 0.0, 0.0, 0.0, 0.0, 0.0, 0.0, 0.0, 0.0, 0.0, 0.0, 0.0, 0.0, 0.0, 0.0, 0.0, 0.0, 0.0, 0.0, 0.0, 0.0, 0.0, 0.0, 0.0, 0.0, 0.0, 0.0], [0.0, 1.0, 0.0, 0.012911530453372625, 0.0, 0.0, 0.0, 0.0, 0.008337803702169048, 0.014423813118577688, 0.002041360032889953, 0.007364417187720908, 0.0, 0.0, 0.0053345083218968945, 0.0, 0.0, 0.005454172985532604, 0.009433140889521598, 0.0057599803335602485, 3.1476478462487578e-06, 0.00023238439308437275, 0.0, 0.0, 4.461503685616505e-05, 3.737624729588589e-05, 0.0020820822524481304, 0.014343726864471624, 0.0, 0.0074375347565812985, 0.0, 0.0, 0.0, 0.0, 0.0, 0.0, 0.0, 0.0, 0.0, 0.007358124174799078, 0.0, 0.0005425598944999008, 0.0, 0.0, 0.011955657227358472, 0.00772392766416887, 1.8885887077492553e-05, 5.769506551467224e-05, 0.0, 0.0, 0.00048828125, 1.52587890625e-05, 0.0, 0.014184331652658245, 0.0, 0.009463233560310966, 0.0, 0.0, 0.0, 0.0, 9.966999278902903e-05, 0.01026708985152812, 0.0, 0.0, 0.0, 0.0, 0.0, 0.0, 0.0, 0.009327610280176361, 0.0, 0.0, 0.0, 0.0, 0.0, 0.005323702038061035, 0.0, 0.008420832225994324, 0.0, 0.0, 0.0, 0.0001795954862328716, 0.016831615256246615, 0.0], [0.0, 0.0, 1.0, 0.0, 0.0, 0.0, 0.0, 0.0, 0.0, 0.0, 0.0, 0.0, 0.0, 0.0, 0.0, 0.0, 0.0, 0.0, 0.0, 0.0, 0.0, 0.0, 0.0, 0.0, 0.0, 0.0, 0.0, 0.0, 0.0, 0.0, 0.0, 0.0, 0.0, 0.0, 0.0, 0.0, 0.0, 0.0, 0.0, 0.0, 0.0, 0.0, 0.0, 0.0, 0.0, 0.0, 0.0, 0.0, 0.0, 0.0, 0.0, 0.0, 0.0, 0.0, 0.0, 0.0, 0.0, 0.0, 0.0, 0.0, 0.0, 0.0, 0.0, 0.0, 0.0, 0.0, 0.0, 0.0, 0.0, 0.0, 0.0, 0.0, 0.0, 0.0, 0.0, 0.0, 0.0, 0.0, 0.0, 0.0, 0.0, 0.0, 0.0, 0.0], [0.0, 0.012911530453372625, 0.0, 1.0, 0.0, 0.0, 0.0, 0.0, 0.019965896126826643, 0.4504450098507147, 0.06099085911531243, 0.2019076395249899, 9.125899802657253e-10, 0.0, 0.29953154575109664, 0.0, 0.0, 0.3867551717681659, 0.27498207084775095, 0.33960003533726624, 0.029995055034229327, 0.0006682189037942365, 1.4893625102446768e-10, 0.0, 0.00012128683814792623, 0.00010562874829695348, 0.0370330128981175, 0.07205129170163002, 0.0, 0.6680094831864375, 0.0, 3.970709861461583e-08, 0.0, 1.2415130551127557e-09, 0.0, 0.0, 0.0, 0.0, 0.0, 0.20748899335482476, 0.019852201910740046, 0.00012839904764872843, 0.0, 0.06748601928582668, 0.3997738020490476, 0.2455198849973327, 3.4384424907754836e-05, 4.802458800923321e-05, 0.0, 0.0, 0.00030516605699652523, 4.364944517837282e-05, 9.006876661020273e-10, 0.40143280858688946, 0.2033198704524528, 0.5080276901096316, 0.0, 4.83422684515747e-08, 0.0, 1.6014466624549163e-05, 0.0012663265725915015, 0.27731025514456686, 0.0, 1.6704868814055162e-09, 0.0, 0.0, 3.778542074019353e-06, 2.754650219048358e-10, 0.0, 0.18238070142913296, 2.88537567885863e-06, 0.0, 1.2987194925160368e-09, 3.7934138866816563e-06, 0.0, 0.49559081425535273, 0.0, 0.02364259192072554, 2.708162739825167e-10, 0.0, 0.019852168035781194, 0.021392015021704028, 0.5603411860569015, 0.0], [0.0, 0.0, 0.0, 0.0, 1.0, 0.0, 0.0, 0.0, 0.0, 0.0, 0.0, 0.0, 0.0, 0.0, 0.0, 0.0, 0.0, 0.0, 0.0, 0.0, 0.0, 0.0, 0.0, 0.0, 0.0, 0.0, 0.0, 0.0, 0.0, 0.0, 0.0, 0.0, 0.0, 0.0, 0.0, 0.0, 0.0, 0.0, 0.0, 0.0, 0.0, 0.0, 0.0, 0.0, 0.0, 0.0, 0.0, 0.0, 0.0, 0.0, 0.0, 0.0, 0.0, 0.0, 0.0, 0.0, 0.0, 0.0, 0.0, 0.0, 0.0, 0.0, 0.0, 0.0, 0.0, 0.0, 0.0, 0.0, 0.0, 0.0, 0.0, 0.0, 0.0, 0.0, 0.0, 0.0, 0.0, 0.0, 0.0, 0.0, 0.0, 0.0, 0.0, 0.0], [0.0, 0.0, 0.0, 0.0, 0.0, 1.0, 0.0, 0.0, 0.0, 0.0, 0.0, 0.0, 0.0, 0.0, 0.0, 0.0, 0.0, 0.0, 0.0, 0.0, 0.0, 0.0, 0.0, 0.0, 0.0, 0.0, 0.0, 0.0, 0.0, 0.0, 0.0, 0.0, 0.0, 0.0, 0.0, 0.0, 0.0, 0.0, 0.0, 0.0, 0.0, 0.0, 0.0, 0.0, 0.0, 0.0, 0.0, 0.0, 0.0, 0.0, 0.0, 0.0, 0.0, 0.0, 0.0, 0.0, 0.0, 0.0, 0.0, 0.0, 0.0, 0.0, 0.0, 0.0, 0.0, 0.0, 0.0, 0.0, 0.0, 0.0, 0.0, 0.0, 0.0, 0.0, 0.0, 0.0, 0.0, 0.0, 0.0, 0.0, 0.0, 0.0, 0.0, 0.0], [0.0, 0.0, 0.0, 0.0, 0.0, 0.0, 1.0, 0.0, 0.0, 0.0, 0.0, 0.0, 0.0, 0.0, 0.0, 0.0, 0.0, 0.0, 0.0, 0.0, 0.0, 0.0, 0.0, 0.0, 0.0, 0.0, 0.0, 0.0, 0.0, 0.0, 0.0, 0.0, 0.0, 0.0, 0.0, 0.0, 0.0, 0.0, 0.0, 0.0, 0.0, 0.0, 0.0, 0.0, 0.0, 0.0, 0.0, 0.0, 0.0, 0.0, 0.0, 0.0, 0.0, 0.0, 0.0, 0.0, 0.0, 0.0, 0.0, 0.0, 0.0, 0.0, 0.0, 0.0, 0.0, 0.0, 0.0, 0.0, 0.0, 0.0, 0.0, 0.0, 0.0, 0.0, 0.0, 0.0, 0.0, 0.0, 0.0, 0.0, 0.0, 0.0, 0.0, 0.0], [0.0, 0.0, 0.0, 0.0, 0.0, 0.0, 0.0, 1.0, 0.0, 0.0, 0.0, 0.0, 0.0, 0.0, 0.0, 0.0, 0.0, 0.0, 0.0, 0.0, 0.0, 0.0, 0.0, 0.0, 0.0, 0.0, 0.0, 0.0, 0.0, 0.0, 0.0, 0.0, 0.0, 0.0, 0.0, 0.0, 0.0, 0.0, 0.0, 0.0, 0.0, 0.0, 0.0, 0.0, 0.0, 0.0, 0.0, 0.0, 0.0, 0.0, 0.0, 0.0, 0.0, 0.0, 0.0, 0.0, 0.0, 0.0, 0.0, 0.0, 0.0, 0.0, 0.0, 0.0, 0.0, 0.0, 0.0, 0.0, 0.0, 0.0, 0.0, 0.0, 0.0, 0.0, 0.0, 0.0, 0.0, 0.0, 0.0, 0.0, 0.0, 0.0, 0.0, 0.0], [0.0, 0.008337803702169048, 0.0, 0.019965896126826643, 0.0, 0.0, 0.0, 0.0, 1.0, 0.010993412143640625, 0.0022311558614791617, 0.015316519898971558, 0.0, 0.0, 0.015980483668601095, 0.0, 0.0, 0.011552895697716923, 0.009040569887103958, 0.012791463465095486, 0.0, 0.000529213192247848, 0.0, 0.0, 0.0005357953838429102, 0.0002429456074232583, 0.0033208079030194616, 0.012495789210149386, 0.0, 0.008116604087091861, 0.0, 0.0, 0.0, 0.0, 0.0, 0.0, 0.0, 0.0, 0.0, 0.015463529178686989, 0.0, 0.00048828125, 0.0, 0.0002107307144708628, 0.013256383524452187, 0.0031200060033328716, 0.0, 0.0, 0.0, 0.0, 0.0005866222500864026, 0.0, 0.0, 0.0038255563042615347, 0.0, 0.016792179929906455, 0.0, 0.0, 0.0, 0.0, 0.0003389759335052546, 0.010306569931136584, 0.0, 0.0, 0.0, 0.0, 0.0, 0.0, 0.0, 0.01323541089650923, 0.0, 0.0, 0.0, 0.0, 0.0, 0.02046104193400103, 0.0, 0.0059285288681616595, 0.0, 0.0, 0.0, 0.0, 0.009602637021357486, 0.0], [0.0, 0.014423813118577688, 0.0, 0.4504450098507147, 0.0, 0.0, 0.0, 0.0, 0.010993412143640625, 1.0, 0.07643047134034868, 0.14611424542102547, 9.74638048704942e-10, 0.0, 0.6406001358557161, 0.0, 0.0, 0.46113257051382717, 0.5290400472200322, 0.5981879075815062, 0.039210740284649215, 0.000629107609550688, 3.4345276259309426e-10, 0.0, 0.0003453362812766872, 0.00011954363955019067, 0.014901588900562281, 0.23212687497771436, 0.0, 0.38103940486057164, 0.0, 3.4222348895741066e-08, 0.0, 5.880114527424136e-10, 0.0, 0.0, 0.0, 0.0, 0.0, 0.6096774033182208, 0.05190270039542401, 0.0020730563857439973, 0.0, 0.00012210471206943076, 0.40658114954824526, 0.0024876087664464455, 1.665168378427412e-05, 9.717259026008211e-05, 0.0, 0.0, 0.0020717374313577548, 1.52587890625e-05, 4.774272265978541e-10, 0.3418439685863729, 0.005254141896364983, 0.298371285690804, 0.0, 1.200119199848995e-07, 0.0, 7.773047878805016e-06, 0.0009663133074294605, 0.5257926093786854, 0.0, 1.6584612853113267e-09, 0.0, 0.0, 2.1789874147998084e-06, 4.250886520255715e-10, 0.0, 0.19306643445236923, 1.312871500795256e-06, 0.0, 3.879717900548925e-10, 1.2127259722927118e-06, 0.0, 0.14600340890641947, 0.0, 0.03941492314436282, 8.578252299277536e-10, 0.0, 0.05190268695076265, 0.022321729970617262, 0.6087105764621633, 0.0], [0.0, 0.002041360032889953, 0.0, 0.06099085911531243, 0.0, 0.0, 0.0, 0.0, 0.0022311558614791617, 0.07643047134034868, 1.0, 0.08510963784076124, 0.0, 0.0, 0.04151954022264254, 0.0, 0.0, 0.06083106278536385, 0.023928467438939952, 0.06031445618690354, 0.00783841122330361, 0.0006055283114112921, 0.0, 0.0, 0.0005498928014966693, 7.81722588109626e-05, 0.008422851562499998, 0.009861248814833749, 0.0, 0.022176163821252974, 0.0, 0.0, 0.0, 0.0, 0.0, 0.0, 0.0, 0.0, 0.0, 0.04683502249905999, 0.0078125, 0.0004937694290735834, 0.0, 0.00048828125, 0.040070226705841774, 0.0005112868742357416, 1.7346103270103494e-05, 1.0308623310726113e-05, 0.0, 0.0, 0.0006103515625, 5.23372147041348e-06, 0.0, 0.022355536311875576, 0.0, 0.13669872744299277, 0.0, 0.0, 0.0, 1.9073486328124998e-06, 0.00021123871835069646, 0.08512078040856447, 0.0, 0.0, 0.0, 0.0, 1.4083293127204201e-06, 0.0, 0.0, 0.07132436958422365, 7.438788367842769e-06, 0.0, 0.0, 1.753783945543171e-06, 0.0, 0.059836133979472336, 0.0, 0.001072512464077707, 0.0, 0.0, 0.007812500000000002, 2.4676691628740782e-05, 0.05142569290113805, 0.0], [0.0, 0.007364417187720908, 0.0, 0.2019076395249899, 0.0, 0.0, 0.0, 0.0, 0.015316519898971558, 0.14611424542102547, 0.08510963784076124, 1.0, 1.3505927976836265e-09, 0.0, 0.1779557619661636, 0.0, 0.0, 0.24973303189915486, 0.24374573055487858, 0.43944322035890293, 0.06681061098284821, 0.001013784308278911, 3.678629818435168e-10, 0.0, 0.0002699087321121585, 0.0001893097157198516, 0.03566197968145904, 0.5285042837011258, 0.0, 0.4831304327991138, 0.0, 4.282358446088285e-08, 0.0, 1.3878292514075224e-09, 0.0, 0.0, 0.0, 0.0, 0.0, 0.20882558832009723, 0.023311837112398127, 0.000640509854647908, 0.0, 0.11638363652910128, 0.5301935533995767, 0.013349426313256547, 2.6151571223138236e-05, 6.140548499258846e-05, 0.0, 0.0, 0.0009858885105493804, 6.012199283409419e-05, 9.270863299754757e-10, 0.38626841299536907, 0.3150278536910303, 0.6855344309929734, 0.0, 1.1273838938420642e-07, 0.0, 1.2329488343645002e-05, 0.0005857016512802563, 0.5111550720710827, 0.0, 2.4505600833285527e-09, 0.0, 0.0, 2.768915350104143e-06, 1.5844070469818247e-09, 0.0, 0.5791781682341033, 7.436591378982183e-06, 0.0, 1.0261995003309443e-09, 1.8873124527941188e-06, 0.0, 0.7366994780863383, 0.0, 0.10905533502739842, 1.7770078909990753e-09, 0.0, 0.023311833410603312, 0.019677407631413384, 0.3373295980458276, 0.0], [0.0, 0.0, 0.0, 9.125899802657253e-10, 0.0, 0.0, 0.0, 0.0, 0.0, 9.74638048704942e-10, 0.0, 1.3505927976836265e-09, 1.0, 0.0, 0.0, 0.0, 0.0, 1.3178602169084135e-09, 6.984919309616089e-10, 9.452740641064772e-10, 4.656612873077394e-10, 0.0, 0.0, 0.0, 0.0, 0.0, 0.0, 2.185773155628412e-09, 0.0, 6.19915596731838e-10, 0.0, 0.0, 0.0, 0.0, 0.0, 0.0, 0.0, 0.0, 0.0, 6.301536303817698e-10, 0.0, 0.0, 0.0, 0.0, 1.3665584407760877e-09, 0.0, 9.313225746154785e-10, 0.0, 0.0, 0.0, 0.0, 0.0, 9.313225746154785e-10, 1.4252683925647707e-09, 0.0, 7.569703534521008e-10, 0.0, 5.227899173161122e-10, 0.0, 2.3283064365386958e-10, 4.6566128730773915e-10, 1.6383931038825562e-09, 0.0, 4.656612873077393e-10, 0.0, 0.0, 0.0, 4.656612873077392e-10, 0.0, 8.709975421282406e-10, 0.0, 0.0, 9.313225746154785e-10, 0.0, 0.0, 7.937446882310753e-10, 0.0, 4.656612873077392e-10, 1.0481274335404694e-09, 0.0, 0.0, 0.0, 1.7570739124088941e-09, 0.0], [0.0, 0.0, 0.0, 0.0, 0.0, 0.0, 0.0, 0.0, 0.0, 0.0, 0.0, 0.0, 0.0, 1.0, 0.0, 0.0, 0.0, 0.0, 0.0, 0.0, 0.0, 0.0, 0.0, 0.0, 0.0, 0.0, 0.0, 0.0, 0.0, 0.0, 0.0, 0.0, 0.0, 0.0, 0.0, 0.0, 0.0, 0.0, 0.0, 0.0, 0.0, 0.0, 0.0, 0.0, 0.0, 0.0, 0.0, 0.0, 0.0, 0.0, 0.0, 0.0, 0.0, 0.0, 0.0, 0.0, 0.0, 0.0, 0.0, 0.0, 0.0, 0.0, 0.0, 0.0, 0.0, 0.0, 0.0, 0.0, 0.0, 0.0, 0.0, 0.0, 0.0, 0.0, 0.0, 0.0, 0.0, 0.0, 0.0, 0.0, 0.0, 0.0, 0.0, 0.0], [0.0, 0.0053345083218968945, 0.0, 0.29953154575109664, 0.0, 0.0, 0.0, 0.0, 0.015980483668601095, 0.6406001358557161, 0.04151954022264254, 0.1779557619661636, 0.0, 0.0, 1.0, 0.0, 0.0, 0.4952627876381708, 0.5254140851231258, 0.6214346278937286, 0.02589166748045333, 1.1803679423432846e-06, 0.0, 0.0, 0.0, 2.6126794711066577e-06, 0.013640466073943357, 0.14601446708395138, 0.0, 0.2650833790110725, 0.0, 8.940696716308594e-08, 0.0, 0.0, 0.0, 0.0, 0.0, 0.0, 0.0, 0.6958582168053209, 0.04569103216496654, 5.960464477539063e-08, 0.0, 8.940696716308592e-08, 0.2661021544501091, 0.003915006031342003, 2.4897695002272086e-07, 5.804376387876067e-07, 0.0, 0.0, 0.0, 0.0, 0.0, 0.2954665341974684, 0.125, 0.27822151062756323, 0.0, 2.9802322387695306e-08, 0.0, 0.0, 0.0, 0.536529260271113, 0.0, 0.0, 0.0, 0.0, 1.8075744278100137e-06, 0.0, 0.0, 0.33733751913946974, 0.0, 0.0, 0.0, 1.334171358670491e-06, 0.0, 0.28379719661774616, 0.0, 0.020748055024873896, 0.0, 0.0, 0.045691020989095645, 0.018332068483800118, 0.6657886343403215, 0.0], [0.0, 0.0, 0.0, 0.0, 0.0, 0.0, 0.0, 0.0, 0.0, 0.0, 0.0, 0.0, 0.0, 0.0, 0.0, 1.0, 0.0, 0.0, 0.0, 0.0, 0.0, 0.0, 0.0, 0.0, 0.0, 0.0, 0.0, 0.0, 0.0, 0.0, 0.0, 0.0, 0.0, 0.0, 0.0, 0.0, 0.0, 0.0, 0.0, 0.0, 0.0, 0.0, 0.0, 0.0, 0.0, 0.0, 0.0, 0.0, 0.0, 0.0, 0.0, 0.0, 0.0, 0.0, 0.0, 0.0, 0.0, 0.0, 0.0, 0.0, 0.0, 0.0, 0.0, 0.0, 0.0, 0.0, 0.0, 0.0, 0.0, 0.0, 0.0, 0.0, 0.0, 0.0, 0.0, 0.0, 0.0, 0.0, 0.0, 0.0, 0.0, 0.0, 0.0, 0.0], [0.0, 0.0, 0.0, 0.0, 0.0, 0.0, 0.0, 0.0, 0.0, 0.0, 0.0, 0.0, 0.0, 0.0, 0.0, 0.0, 1.0, 0.0, 0.0, 0.0, 0.0, 0.0, 0.0, 0.0, 0.0, 0.0, 0.0, 0.0, 0.0, 0.0, 0.0, 0.0, 0.0, 0.0, 0.0, 0.0, 0.0, 0.0, 0.0, 0.0, 0.0, 0.0, 0.0, 0.0, 0.0, 0.0, 0.0, 0.0, 0.0, 0.0, 0.0, 0.0, 0.0, 0.0, 0.0, 0.0, 0.0, 0.0, 0.0, 0.0, 0.0, 0.0, 0.0, 0.0, 0.0, 0.0, 0.0, 0.0, 0.0, 0.0, 0.0, 0.0, 0.0, 0.0, 0.0, 0.0, 0.0, 0.0, 0.0, 0.0, 0.0, 0.0, 0.0, 0.0], [0.0, 0.005454172985532604, 0.0, 0.3867551717681659, 0.0, 0.0, 0.0, 0.0, 0.011552895697716923, 0.46113257051382717, 0.06083106278536385, 0.24973303189915486, 1.3178602169084135e-09, 0.0, 0.4952627876381708, 0.0, 0.0, 1.0, 0.5415410879012822, 0.5046739024271099, 0.009704259310815632, 0.0007761350781786713, 3.303743079023819e-10, 0.0, 0.0001933658983193785, 6.222292164906719e-05, 0.0394708597589065, 0.5849641285154787, 0.0, 0.4599974449508394, 0.0, 4.922630828610517e-08, 0.0, 1.786439930801195e-09, 0.0, 0.0, 0.0, 0.0, 0.0, 0.6688297571423321, 0.05748108358664018, 0.0008051185419163361, 0.0, 0.17452511627915035, 0.5664230764108913, 0.03867472584978204, 2.8144875076884378e-05, 6.224166081780343e-05, 0.0, 0.0, 0.0008860765196890423, 2.391136311289538e-06, 1.027936227732276e-09, 0.7429785751191749, 0.11058146711617284, 0.5009597154528719, 0.0, 2.9567362858541136e-08, 0.0, 6.078684563028545e-06, 0.0005555812139153558, 0.800957697377649, 0.0, 2.9225313056705707e-09, 0.0, 0.0, 2.3386190886944236e-06, 1.2944339756041676e-09, 0.0, 0.3165889608465061, 1.2974427785661132e-06, 0.0, 1.247505811665428e-09, 1.9002417685892013e-06, 0.0, 0.19725470060004469, 0.0, 0.2608991159049573, 1.4150962856492368e-09, 0.0, 0.0574810681468571, 0.003444350587711909, 0.44045384835462725, 0.0], [0.0, 0.009433140889521598, 0.0, 0.27498207084775095, 0.0, 0.0, 0.0, 0.0, 0.009040569887103958, 0.5290400472200322, 0.023928467438939952, 0.24374573055487858, 6.984919309616089e-10, 0.0, 0.5254140851231258, 0.0, 0.0, 0.5415410879012822, 1.0, 0.6101580243155236, 0.029784228689311538, 5.0822168146844886e-05, 1.8155581048738696e-10, 0.0, 0.0, 0.0, 0.014958250396524495, 0.20387982985484898, 0.0, 0.32835651381928294, 0.0, 0.0, 0.0, 2.91038304567337e-11, 0.0, 0.0, 0.0, 0.0, 0.0, 0.6312339588770239, 0.07586794591168271, 7.559847756927745e-05, 0.0, 0.007536261291170068, 0.365845530372857, 0.06670869353353487, 2.9981666994720313e-05, 4.548544442040244e-05, 0.0, 0.0, 0.0, 6.097657560856324e-05, 3.082272395621091e-10, 0.4989038378466538, 0.125, 0.34017873641391216, 0.0, 5.227899173161124e-10, 0.0, 9.199218520109417e-06, 4.656612873077394e-10, 0.48925092449021246, 0.0, 7.082979334952446e-10, 0.0, 0.0, 0.0, 4.656612873077393e-10, 0.0, 0.2803933057641966, 1.3128217435717715e-06, 0.0, 3.993773858944258e-10, 0.0, 0.0, 0.2655918671480739, 0.0, 0.14125153109495425, 7.58988831184478e-10, 0.0, 0.07586794592623462, 0.021152643691186482, 0.6442915196234367, 0.0], [0.0, 0.0057599803335602485, 0.0, 0.33960003533726624, 0.0, 0.0, 0.0, 0.0, 0.012791463465095486, 0.5981879075815062, 0.06031445618690354, 0.43944322035890293, 9.452740641064772e-10, 0.0, 0.6214346278937286, 0.0, 0.0, 0.5046739024271099, 0.6101580243155236, 1.0, 0.0324081297309554, 0.0013844221848483794, 1.5435422751416519e-10, 0.0, 0.0002342182885256447, 3.97698887340346e-05, 0.018759633467454344, 0.26549476052545207, 0.0, 0.415771448552688, 0.0, 3.0754366704570254e-08, 0.0, 4.1102365884405574e-10, 0.0, 0.0, 0.0, 0.0, 0.0, 0.6263762946476787, 0.03908355900934948, 9.283917824141898e-05, 0.0, 0.0807888604427705, 0.47342422466520984, 0.05060553169467803, 6.0099729938340865e-05, 0.00010900728679516538, 0.0, 0.0, 0.00010389435336687454, 2.6024774365639445e-05, 2.435725751131887e-10, 0.44812439365793705, 0.1544673123531665, 0.3158711109698308, 0.0, 3.0391668758968426e-08, 0.0, 1.5089889301185527e-05, 0.0006508735839706403, 0.6865576593614326, 0.0, 1.4889981513666103e-09, 0.0, 0.0, 8.916941673955238e-07, 3.287909788196443e-10, 0.0, 0.42400587703689946, 3.321742280444168e-06, 0.0, 2.3296184262896555e-10, 1.1171239146997106e-06, 0.0, 0.5865399791956587, 0.0, 0.10104334929818629, 1.0143853819570075e-09, 0.0, 0.03908353582171366, 0.04233391554705669, 0.6144685042044539, 0.0], [0.0, 3.1476478462487578e-06, 0.0, 0.029995055034229327, 0.0, 0.0, 0.0, 0.0, 0.0, 0.039210740284649215, 0.00783841122330361, 0.06681061098284821, 4.656612873077394e-10, 0.0, 0.02589166748045333, 0.0, 0.0, 0.009704259310815632, 0.029784228689311538, 0.0324081297309554, 1.0, 3.928007052275421e-05, 0.0, 0.0, 0.0, 1.6656314406594263e-07, 0.0078125, 0.007821328111442679, 0.0, 0.07781090606848015, 0.0, 1.4901161193847656e-08, 0.0, 0.0, 0.0, 0.0, 0.0, 0.0, 0.0, 0.05254193832521674, 0.0234375, 2.2715485504311404e-05, 0.0, 4.470348358154297e-08, 0.06107537216984914, 1.0278147769512181e-05, 7.304739444813829e-05, 3.0564468378289835e-05, 0.0, 0.0, 0.0, 1.888588707749255e-05, 0.0, 0.035301836983236065, 0.0, 0.043326465424841094, 0.0, 3.032511230501142e-08, 0.0, 3.814697265625001e-06, 4.656612873077393e-10, 0.022274529262113877, 0.0, 4.656612873077394e-10, 0.0, 0.0, 0.0, 1.862645149230957e-09, 0.0, 0.014951146340934349, 0.0, 0.0, 0.0, 0.0, 0.0, 0.05295031118001776, 0.0, 0.01569493020030754, 1.2288390600129642e-09, 0.0, 0.0234375, 0.006877351050372115, 0.03001676490741963, 0.0], [0.0, 0.00023238439308437275, 0.0, 0.0006682189037942365, 0.0, 0.0, 0.0, 0.0, 0.000529213192247848, 0.000629107609550688, 0.0006055283114112921, 0.001013784308278911, 0.0, 0.0, 1.1803679423432846e-06, 0.0, 0.0, 0.0007761350781786713, 5.0822168146844886e-05, 0.0013844221848483794, 3.928007052275421e-05, 1.0, 0.0, 0.0, 0.0005771353987316201, 9.248598938539949e-05, 0.0004512176991505969, 0.00029741617225485605, 0.0, 0.0009188923008097824, 0.0, 0.0, 0.0, 0.0, 0.0, 0.0, 0.0, 0.0, 0.0, 0.00034377773198488305, 0.0, 9.452789458098496e-05, 0.0, 0.00048828125, 0.000958989673580166, 4.291079637839946e-05, 4.690959550049472e-05, 6.296698741636554e-05, 0.0, 0.0, 0.00012207031250000003, 2.8178459516303647e-05, 2.037268131971359e-10, 0.0006105469954641664, 0.0, 0.0011547317736460524, 0.0, 0.0, 0.0, 5.7110935437483335e-06, 0.000842857170271962, 0.0005450654111813431, 0.0, 1.7879165476208286e-11, 0.0, 0.0, 1.1915838182433696e-06, 0.0, 0.0, 0.00047267439834107933, 7.43878836784277e-06, 0.0, 0.0, 5.596992364992159e-07, 0.0, 0.0005218728310255049, 0.0, 0.0010110101192799946, 0.0, 0.0, 1.7879165476208283e-11, 0.00015981687479511963, 0.0009600523716234487, 0.0], [0.0, 0.0, 0.0, 1.4893625102446768e-10, 0.0, 0.0, 0.0, 0.0, 0.0, 3.4345276259309426e-10, 0.0, 3.678629818435168e-10, 0.0, 0.0, 0.0, 0.0, 0.0, 3.303743079023819e-10, 1.8155581048738696e-10, 1.5435422751416519e-10, 0.0, 0.0, 1.0, 0.0, 0.0, 0.0, 0.0, 1.1007589312525296e-10, 0.0, 4.094693027300438e-11, 0.0, 0.0, 0.0, 2.9103830456733704e-11, 0.0, 0.0, 0.0, 0.0, 0.0, 6.50781433068853e-11, 0.0, 1.4551915228366852e-10, 0.0, 0.0, 1.370910331569948e-11, 4.555000727062177e-11, 1.5198835868165737e-10, 0.0, 0.0, 0.0, 0.0, 0.0, 2.91038304567337e-11, 4.656612873077391e-10, 0.0, 0.0, 0.0, 0.0, 0.0, 2.9103830456733704e-11, 0.0, 3.1857975844181255e-10, 0.0, 2.3283064365386963e-10, 0.0, 0.0, 0.0, 0.0, 0.0, 9.077337415400044e-11, 1.3492661705174513e-10, 0.0, 1.8507528837838128e-10, 0.0, 0.0, 5.725921851473879e-10, 0.0, 0.0, 0.0, 0.0, 0.0, 0.0, 3.38768264932744e-10, 0.0], [0.0, 0.0, 0.0, 0.0, 0.0, 0.0, 0.0, 0.0, 0.0, 0.0, 0.0, 0.0, 0.0, 0.0, 0.0, 0.0, 0.0, 0.0, 0.0, 0.0, 0.0, 0.0, 0.0, 1.0, 0.0, 0.0, 0.0, 0.0, 0.0, 0.0, 0.0, 0.0, 0.0, 0.0, 0.0, 0.0, 0.0, 0.0, 0.0, 0.0, 0.0, 0.0, 0.0, 0.0, 0.0, 0.0, 0.0, 0.0, 0.0, 0.0, 0.0, 0.0, 0.0, 0.0, 0.0, 0.0, 0.0, 0.0, 0.0, 0.0, 0.0, 0.0, 0.0, 0.0, 0.0, 0.0, 0.0, 0.0, 0.0, 0.0, 0.0, 0.0, 0.0, 0.0, 0.0, 0.0, 0.0, 0.0, 0.0, 0.0, 0.0, 0.0, 0.0, 0.0], [0.0, 4.461503685616505e-05, 0.0, 0.00012128683814792623, 0.0, 0.0, 0.0, 0.0, 0.0005357953838429102, 0.0003453362812766872, 0.0005498928014966693, 0.0002699087321121585, 0.0, 0.0, 0.0, 0.0, 0.0, 0.0001933658983193785, 0.0, 0.0002342182885256447, 0.0, 0.0005771353987316201, 0.0, 0.0, 1.0, 0.00022946896083277142, 0.00019301011109426142, 0.00019301200243696702, 0.0, 0.0006719298436973215, 0.0, 0.0, 0.0, 0.0, 0.0, 0.0, 0.0, 0.0, 0.0, 0.0001691758912265314, 0.0, 0.0, 0.0, 0.00045035692588661, 0.0005440586560930849, 0.0, 0.0, 0.0, 0.0, 0.0, 0.0001286734073961743, 0.0, 0.0, 0.00012777664227688214, 0.0, 0.0003984166148545606, 0.0, 0.0, 0.0, 0.0, 0.0002705640976067349, 0.0003789762870658298, 0.0, 0.0, 0.0, 0.0, 0.0, 0.0, 0.0, 0.0002273002737459307, 0.0, 0.0, 0.0, 0.0, 0.0, 0.00036677730701873757, 0.0, 0.00028968376601232426, 0.0, 0.0, 0.0, 0.0, 0.0003076872066110501, 0.0], [0.0, 3.737624729588589e-05, 0.0, 0.00010562874829695348, 0.0, 0.0, 0.0, 0.0, 0.0002429456074232583, 0.00011954363955019067, 7.81722588109626e-05, 0.0001893097157198516, 0.0, 0.0, 2.6126794711066577e-06, 0.0, 0.0, 6.222292164906719e-05, 0.0, 3.97698887340346e-05, 1.6656314406594263e-07, 9.248598938539949e-05, 0.0, 0.0, 0.00022946896083277142, 1.0, 0.0, 2.516662394906551e-06, 0.0, 0.00023473276217028208, 0.0, 5.960464477539063e-08, 0.0, 0.0, 0.0, 0.0, 0.0, 0.0, 0.0, 7.934719532101369e-05, 0.0, 9.530971135596104e-07, 0.0, 1.205587512731416e-07, 0.00011478824601725748, 0.0, 1.868915908710201e-06, 1.0391273889547285e-06, 0.0, 0.0, 0.0, 0.0, 0.0, 7.843992533996128e-05, 0.0, 9.228137749164336e-05, 0.0, 4.8303254205764924e-08, 0.0, 0.0, 0.00011189778645833333, 0.00016191821881627707, 0.0, 0.0, 0.0, 0.0, 2.8252746735105777e-06, 0.0, 0.0, 0.00015600340726063355, 0.0, 0.0, 0.0, 2.21725997023631e-06, 0.0, 0.00021053054107856328, 0.0, 1.3766719833758573e-06, 0.0, 0.0, 0.0, 3.4585975233743973e-06, 0.00018880937695408146, 0.0], [0.0, 0.0020820822524481304, 0.0, 0.0370330128981175, 0.0, 0.0, 0.0, 0.0, 0.0033208079030194616, 0.014901588900562281, 0.008422851562499998, 0.03566197968145904, 0.0, 0.0, 0.013640466073943357, 0.0, 0.0, 0.0394708597589065, 0.014958250396524495, 0.018759633467454344, 0.0078125, 0.0004512176991505969, 0.0, 0.0, 0.00019301011109426142, 0.0, 1.0, 0.037514905520397566, 0.0, 0.0243248551712641, 0.0, 0.0, 0.0, 0.0, 0.0, 0.0, 0.0, 0.0, 0.0, 0.012061170849875428, 0.007812499999999998, 0.00048828124999999995, 0.0, 0.00012207031250000003, 0.010123081190646598, 0.0027656141210616416, 0.0, 0.0, 0.0, 0.0, 0.0006103515624999999, 0.0, 0.0, 0.03912801497472199, 0.0, 0.027559633401846362, 0.0, 0.0, 0.0, 0.0, 0.0009694970447222692, 0.009574879858133016, 0.0, 0.0, 0.0, 0.0, 0.0, 0.0, 0.0, 0.03597035809443341, 0.0, 0.0, 0.0, 0.0, 0.0, 0.012813958314203944, 0.0, 0.00864115607013655, 0.0, 0.0, 0.007812499999999999, 0.0, 0.011362080436623118, 0.0], [0.0, 0.014343726864471624, 0.0, 0.07205129170163002, 0.0, 0.0, 0.0, 0.0, 0.012495789210149386, 0.23212687497771436, 0.009861248814833749, 0.5285042837011258, 2.185773155628412e-09, 0.0, 0.14601446708395138, 0.0, 0.0, 0.5849641285154787, 0.20387982985484898, 0.26549476052545207, 0.007821328111442679, 0.00029741617225485605, 1.1007589312525296e-10, 0.0, 0.00019301200243696702, 2.516662394906551e-06, 0.037514905520397566, 1.0, 0.0, 0.4396445804863103, 0.0, 0.0, 0.0, 1.4349176350254223e-09, 0.0, 0.0, 0.0, 0.0, 0.0, 0.2847479485117997, 0.007812499999999998, 0.0006618554490332702, 0.0, 0.08302094451537076, 0.6875505232721087, 0.06592642110328234, 1.6457462800153955e-05, 4.141433854267117e-05, 0.0, 0.0, 0.0007237982735977778, 6.012700651946861e-05, 6.714122107290559e-10, 0.6089897211575013, 0.125, 0.43663144674791593, 0.0, 5.21444944886277e-10, 0.0, 1.9083951300846594e-06, 0.0006341991854940378, 0.3903512668244722, 0.0, 1.960574052530702e-09, 0.0, 0.0, 3.7756778107668764e-06, 5.700231270409427e-10, 0.0, 0.48491561876299827, 7.438887375386807e-06, 0.0, 5.752929408130224e-10, 3.7781583707101305e-06, 0.0, 0.30369023308706816, 0.0, 0.26584082964496675, 9.553075780939187e-10, 0.0, 0.00781250003471056, 3.2065839377546485e-05, 0.14058703365984032, 0.0], [0.0, 0.0, 0.0, 0.0, 0.0, 0.0, 0.0, 0.0, 0.0, 0.0, 0.0, 0.0, 0.0, 0.0, 0.0, 0.0, 0.0, 0.0, 0.0, 0.0, 0.0, 0.0, 0.0, 0.0, 0.0, 0.0, 0.0, 0.0, 1.0, 0.0, 0.0, 0.0, 0.0, 0.0, 0.0, 0.0, 0.0, 0.0, 0.0, 0.0, 0.0, 0.0, 0.0, 0.0, 0.0, 0.0, 0.0, 0.0, 0.0, 0.0, 0.0, 0.0, 0.0, 0.0, 0.0, 0.0, 0.0, 0.0, 0.0, 0.0, 0.0, 0.0, 0.0, 0.0, 0.0, 0.0, 0.0, 0.0, 0.0, 0.0, 0.0, 0.0, 0.0, 0.0, 0.0, 0.0, 0.0, 0.0, 0.0, 0.0, 0.0, 0.0, 0.0, 0.0], [0.0, 0.0074375347565812985, 0.0, 0.6680094831864375, 0.0, 0.0, 0.0, 0.0, 0.008116604087091861, 0.38103940486057164, 0.022176163821252974, 0.4831304327991138, 6.19915596731838e-10, 0.0, 0.2650833790110725, 0.0, 0.0, 0.4599974449508394, 0.32835651381928294, 0.415771448552688, 0.07781090606848015, 0.0009188923008097824, 4.094693027300438e-11, 0.0, 0.0006719298436973215, 0.00023473276217028208, 0.0243248551712641, 0.4396445804863103, 0.0, 1.0, 0.0, 1.0346526183809688e-08, 0.0, 3.8767937837707937e-10, 0.0, 0.0, 0.0, 0.0, 0.0, 0.24540410578054947, 0.029207427710627166, 0.0019540632530583007, 0.0, 0.015209810401366134, 0.3737058072972525, 0.016672430251382698, 4.4991281112984314e-05, 4.628922521710523e-05, 0.0, 0.0, 0.002063326611991994, 1.5670085502493763e-06, 7.259365411983478e-10, 0.6434092482468696, 0.13940668072619317, 0.5940421568259581, 0.0, 3.215165541826621e-08, 0.0, 9.663888505767177e-06, 0.0005768648945249902, 0.31594528170576447, 0.0, 2.6101183628579527e-09, 0.0, 0.0, 4.699695613390915e-06, 7.295236236945185e-10, 0.0, 0.37971537308928593, 3.6505720443265774e-07, 0.0, 7.061474306708601e-10, 3.6836276312635506e-06, 0.0, 0.4495195622062337, 0.0, 0.27142473551579094, 5.456303206258462e-10, 0.0, 0.029207413660941296, 0.024156129217485882, 0.4306786835944087, 0.0], [0.0, 0.0, 0.0, 0.0, 0.0, 0.0, 0.0, 0.0, 0.0, 0.0, 0.0, 0.0, 0.0, 0.0, 0.0, 0.0, 0.0, 0.0, 0.0, 0.0, 0.0, 0.0, 0.0, 0.0, 0.0, 0.0, 0.0, 0.0, 0.0, 0.0, 1.0, 0.0, 0.0, 0.0, 0.0, 0.0, 0.0, 0.0, 0.0, 0.0, 0.0, 0.0, 0.0, 0.0, 0.0, 0.0, 0.0, 0.0, 0.0, 0.0, 0.0, 0.0, 0.0, 0.0, 0.0, 0.0, 0.0, 0.0, 0.0, 0.0, 0.0, 0.0, 0.0, 0.0, 0.0, 0.0, 0.0, 0.0, 0.0, 0.0, 0.0, 0.0, 0.0, 0.0, 0.0, 0.0, 0.0, 0.0, 0.0, 0.0, 0.0, 0.0, 0.0, 0.0], [0.0, 0.0, 0.0, 3.970709861461583e-08, 0.0, 0.0, 0.0, 0.0, 0.0, 3.4222348895741066e-08, 0.0, 4.282358446088285e-08, 0.0, 0.0, 8.940696716308594e-08, 0.0, 0.0, 4.922630828610517e-08, 0.0, 3.0754366704570254e-08, 1.4901161193847656e-08, 0.0, 0.0, 0.0, 0.0, 5.960464477539063e-08, 0.0, 0.0, 0.0, 1.0346526183809688e-08, 0.0, 1.0, 0.0, 0.0, 0.0, 0.0, 0.0, 0.0, 0.0, 4.602615992114594e-08, 7.45058059692383e-09, 5.960464477539063e-08, 0.0, 5.960464477539063e-08, 1.4280616974495538e-08, 0.0, 0.0, 2.5237227766139818e-08, 0.0, 0.0, 0.0, 0.0, 0.0, 4.172454154233733e-08, 0.0, 2.3203329490101964e-08, 0.0, 0.0, 0.0, 0.0, 0.0, 3.1840760309522253e-08, 0.0, 0.0, 0.0, 0.0, 0.0, 0.0, 0.0, 1.3023689308470488e-08, 0.0, 0.0, 0.0, 0.0, 0.0, 4.652317053121906e-08, 0.0, 7.450580596923828e-09, 0.0, 0.0, 0.0, 2.335589918483181e-08, 7.558774414083881e-08, 0.0], [0.0, 0.0, 0.0, 0.0, 0.0, 0.0, 0.0, 0.0, 0.0, 0.0, 0.0, 0.0, 0.0, 0.0, 0.0, 0.0, 0.0, 0.0, 0.0, 0.0, 0.0, 0.0, 0.0, 0.0, 0.0, 0.0, 0.0, 0.0, 0.0, 0.0, 0.0, 0.0, 1.0, 0.0, 0.0, 0.0, 0.0, 0.0, 0.0, 0.0, 0.0, 0.0, 0.0, 0.0, 0.0, 0.0, 0.0, 0.0, 0.0, 0.0, 0.0, 0.0, 0.0, 0.0, 0.0, 0.0, 0.0, 0.0, 0.0, 0.0, 0.0, 0.0, 0.0, 0.0, 0.0, 0.0, 0.0, 0.0, 0.0, 0.0, 0.0, 0.0, 0.0, 0.0, 0.0, 0.0, 0.0, 0.0, 0.0, 0.0, 0.0, 0.0, 0.0, 0.0], [0.0, 0.0, 0.0, 1.2415130551127557e-09, 0.0, 0.0, 0.0, 0.0, 0.0, 5.880114527424136e-10, 0.0, 1.3878292514075224e-09, 0.0, 0.0, 0.0, 0.0, 0.0, 1.786439930801195e-09, 2.91038304567337e-11, 4.1102365884405574e-10, 0.0, 0.0, 2.9103830456733704e-11, 0.0, 0.0, 0.0, 0.0, 1.4349176350254223e-09, 0.0, 3.8767937837707937e-10, 0.0, 0.0, 0.0, 1.0, 0.0, 0.0, 0.0, 0.0, 0.0, 9.426460378777418e-10, 0.0, 2.91038304567337e-11, 0.0, 0.0, 2.410883049781958e-09, 2.873624619757346e-11, 1.1439172635636287e-10, 0.0, 0.0, 0.0, 0.0, 0.0, 2.9103830456733704e-11, 1.7270815120179883e-09, 0.0, 0.0, 0.0, 0.0, 0.0, 3.645463780732332e-09, 9.838724397138118e-10, 8.862351757199226e-10, 0.0, 3.750708276330718e-09, 0.0, 0.0, 0.0, 0.0, 0.0, 1.867486949823597e-09, 0.0, 0.0, 0.0, 0.0, 0.0, 9.514149695128904e-10, 0.0, 1.2979697269173223e-09, 0.0, 0.0, 0.0, 0.0, 7.054383604117236e-11, 0.0], [0.0, 0.0, 0.0, 0.0, 0.0, 0.0, 0.0, 0.0, 0.0, 0.0, 0.0, 0.0, 0.0, 0.0, 0.0, 0.0, 0.0, 0.0, 0.0, 0.0, 0.0, 0.0, 0.0, 0.0, 0.0, 0.0, 0.0, 0.0, 0.0, 0.0, 0.0, 0.0, 0.0, 0.0, 1.0, 0.0, 0.0, 0.0, 0.0, 0.0, 0.0, 0.0, 0.0, 0.0, 0.0, 0.0, 0.0, 0.0, 0.0, 0.0, 0.0, 0.0, 0.0, 0.0, 0.0, 0.0, 0.0, 0.0, 0.0, 0.0, 0.0, 0.0, 0.0, 0.0, 0.0, 0.0, 0.0, 0.0, 0.0, 0.0, 0.0, 0.0, 0.0, 0.0, 0.0, 0.0, 0.0, 0.0, 0.0, 0.0, 0.0, 0.0, 0.0, 0.0], [0.0, 0.0, 0.0, 0.0, 0.0, 0.0, 0.0, 0.0, 0.0, 0.0, 0.0, 0.0, 0.0, 0.0, 0.0, 0.0, 0.0, 0.0, 0.0, 0.0, 0.0, 0.0, 0.0, 0.0, 0.0, 0.0, 0.0, 0.0, 0.0, 0.0, 0.0, 0.0, 0.0, 0.0, 0.0, 1.0, 0.0, 0.0, 0.0, 0.0, 0.0, 0.0, 0.0, 0.0, 0.0, 0.0, 0.0, 0.0, 0.0, 0.0, 0.0, 0.0, 0.0, 0.0, 0.0, 0.0, 0.0, 0.0, 0.0, 0.0, 0.0, 0.0, 0.0, 0.0, 0.0, 0.0, 0.0, 0.0, 0.0, 0.0, 0.0, 0.0, 0.0, 0.0, 0.0, 0.0, 0.0, 0.0, 0.0, 0.0, 0.0, 0.0, 0.0, 0.0], [0.0, 0.0, 0.0, 0.0, 0.0, 0.0, 0.0, 0.0, 0.0, 0.0, 0.0, 0.0, 0.0, 0.0, 0.0, 0.0, 0.0, 0.0, 0.0, 0.0, 0.0, 0.0, 0.0, 0.0, 0.0, 0.0, 0.0, 0.0, 0.0, 0.0, 0.0, 0.0, 0.0, 0.0, 0.0, 0.0, 1.0, 0.0, 0.0, 0.0, 0.0, 0.0, 0.0, 0.0, 0.0, 0.0, 0.0, 0.0, 0.0, 0.0, 0.0, 0.0, 0.0, 0.0, 0.0, 0.0, 0.0, 0.0, 0.0, 0.0, 0.0, 0.0, 0.0, 0.0, 0.0, 0.0, 0.0, 0.0, 0.0, 0.0, 0.0, 0.0, 0.0, 0.0, 0.0, 0.0, 0.0, 0.0, 0.0, 0.0, 0.0, 0.0, 0.0, 0.0], [0.0, 0.0, 0.0, 0.0, 0.0, 0.0, 0.0, 0.0, 0.0, 0.0, 0.0, 0.0, 0.0, 0.0, 0.0, 0.0, 0.0, 0.0, 0.0, 0.0, 0.0, 0.0, 0.0, 0.0, 0.0, 0.0, 0.0, 0.0, 0.0, 0.0, 0.0, 0.0, 0.0, 0.0, 0.0, 0.0, 0.0, 1.0, 0.0, 0.0, 0.0, 0.0, 0.0, 0.0, 0.0, 0.0, 0.0, 0.0, 0.0, 0.0, 0.0, 0.0, 0.0, 0.0, 0.0, 0.0, 0.0, 0.0, 0.0, 0.0, 0.0, 0.0, 0.0, 0.0, 0.0, 0.0, 0.0, 0.0, 0.0, 0.0, 0.0, 0.0, 0.0, 0.0, 0.0, 0.0, 0.0, 0.0, 0.0, 0.0, 0.0, 0.0, 0.0, 0.0], [0.0, 0.0, 0.0, 0.0, 0.0, 0.0, 0.0, 0.0, 0.0, 0.0, 0.0, 0.0, 0.0, 0.0, 0.0, 0.0, 0.0, 0.0, 0.0, 0.0, 0.0, 0.0, 0.0, 0.0, 0.0, 0.0, 0.0, 0.0, 0.0, 0.0, 0.0, 0.0, 0.0, 0.0, 0.0, 0.0, 0.0, 0.0, 1.0, 0.0, 0.0, 0.0, 0.0, 0.0, 0.0, 0.0, 0.0, 0.0, 0.0, 0.0, 0.0, 0.0, 0.0, 0.0, 0.0, 0.0, 0.0, 0.0, 0.0, 0.0, 0.0, 0.0, 0.0, 0.0, 0.0, 0.0, 0.0, 0.0, 0.0, 0.0, 0.0, 0.0, 0.0, 0.0, 0.0, 0.0, 0.0, 0.0, 0.0, 0.0, 0.0, 0.0, 0.0, 0.0], [0.0, 0.007358124174799078, 0.0, 0.20748899335482476, 0.0, 0.0, 0.0, 0.0, 0.015463529178686989, 0.6096774033182208, 0.04683502249905999, 0.20882558832009723, 6.301536303817698e-10, 0.0, 0.6958582168053209, 0.0, 0.0, 0.6688297571423321, 0.6312339588770239, 0.6263762946476787, 0.05254193832521674, 0.00034377773198488305, 6.50781433068853e-11, 0.0, 0.0001691758912265314, 7.934719532101369e-05, 0.012061170849875428, 0.2847479485117997, 0.0, 0.24540410578054947, 0.0, 4.602615992114594e-08, 0.0, 9.426460378777418e-10, 0.0, 0.0, 0.0, 0.0, 0.0, 1.0, 0.0515734090781744, 0.0018778654755472169, 0.0, 0.20965373755380837, 0.3961983207651678, 0.018143711616068793, 3.4312488150167064e-05, 0.00012189405350192961, 0.0, 0.0, 0.0019651079455387846, 3.140232882248086e-05, 3.0334919905015196e-10, 0.3380533866067863, 0.15858443475730186, 0.3332867530016732, 0.0, 4.142638720217427e-08, 0.0, 1.9090609019956584e-06, 0.0002711116399817153, 0.5743453352984561, 0.0, 1.7027330646526688e-09, 0.0, 0.0, 2.4984777140642544e-06, 4.247048877245769e-10, 0.0, 0.44377405655836244, 2.4066668248903076e-06, 0.0, 1.5099939807711892e-10, 2.1332158364528492e-06, 0.0, 0.3985922869892528, 0.0, 0.1672259956049807, 7.344942233628964e-10, 0.0, 0.05157339428918309, 0.020995054343230995, 0.6460385927861827, 0.0], [0.0, 0.0, 0.0, 0.019852201910740046, 0.0, 0.0, 0.0, 0.0, 0.0, 0.05190270039542401, 0.0078125, 0.023311837112398127, 0.0, 0.0, 0.04569103216496654, 0.0, 0.0, 0.05748108358664018, 0.07586794591168271, 0.03908355900934948, 0.0234375, 0.0, 0.0, 0.0, 0.0, 0.0, 0.007812499999999998, 0.007812499999999998, 0.0, 0.029207427710627166, 0.0, 7.45058059692383e-09, 0.0, 0.0, 0.0, 0.0, 0.0, 0.0, 0.0, 0.0515734090781744, 1.0, 0.0, 0.0, 0.0, 0.034477872986422485, 0.0, 0.0, 1.5164503626721624e-08, 0.0, 0.0, 0.0, 0.0, 0.0, 0.04978284286660772, 0.0, 0.010459482595489674, 0.0, 0.0, 0.0, 0.0, 0.0, 0.00926965737224893, 0.0, 0.0, 0.0, 0.0, 0.0, 0.0, 0.0, 0.03232149140781695, 0.0, 0.0, 0.0, 0.0, 0.0, 0.023304095930665285, 0.0, 0.0625000111758709, 0.0, 0.0, 0.09375, 0.01833090128918796, 0.05993356842886938, 0.0], [0.0, 0.0005425598944999008, 0.0, 0.00012839904764872843, 0.0, 0.0, 0.0, 0.0, 0.00048828125, 0.0020730563857439973, 0.0004937694290735834, 0.000640509854647908, 0.0, 0.0, 5.960464477539063e-08, 0.0, 0.0, 0.0008051185419163361, 7.559847756927745e-05, 9.283917824141898e-05, 2.2715485504311404e-05, 9.452789458098496e-05, 1.4551915228366852e-10, 0.0, 0.0, 9.530971135596104e-07, 0.00048828124999999995, 0.0006618554490332702, 0.0, 0.0019540632530583007, 0.0, 5.960464477539063e-08, 0.0, 2.91038304567337e-11, 0.0, 0.0, 0.0, 0.0, 0.0, 0.0018778654755472169, 0.0, 1.0, 0.0, 5.960464477539063e-08, 8.173986425593773e-05, 0.0005093612966174715, 2.2700795395382184e-05, 9.527426632396352e-05, 0.0, 0.0, 0.001953125, 6.103515625000001e-05, 2.619344741106033e-10, 0.0020391664754873472, 0.0, 0.0020579953103871187, 0.0, 0.0, 0.0, 3.814726369455456e-06, 0.0, 0.0004862779563525195, 0.0, 5.093170329928399e-10, 0.0, 0.0, 0.0, 0.0, 0.0, 0.00018071871912308117, 1.3492661705174516e-10, 0.0, 1.8507528837838128e-10, 0.0, 0.0, 0.0020453598345650413, 0.0, 0.0007185186594483386, 0.0, 0.0, 1.4551915228366849e-11, 4.614271790692928e-05, 0.0016851721113288341, 0.0], [0.0, 0.0, 0.0, 0.0, 0.0, 0.0, 0.0, 0.0, 0.0, 0.0, 0.0, 0.0, 0.0, 0.0, 0.0, 0.0, 0.0, 0.0, 0.0, 0.0, 0.0, 0.0, 0.0, 0.0, 0.0, 0.0, 0.0, 0.0, 0.0, 0.0, 0.0, 0.0, 0.0, 0.0, 0.0, 0.0, 0.0, 0.0, 0.0, 0.0, 0.0, 0.0, 1.0, 0.0, 0.0, 0.0, 0.0, 0.0, 0.0, 0.0, 0.0, 0.0, 0.0, 0.0, 0.0, 0.0, 0.0, 0.0, 0.0, 0.0, 0.0, 0.0, 0.0, 0.0, 0.0, 0.0, 0.0, 0.0, 0.0, 0.0, 0.0, 0.0, 0.0, 0.0, 0.0, 0.0, 0.0, 0.0, 0.0, 0.0, 0.0, 0.0, 0.0, 0.0], [0.0, 0.0, 0.0, 0.06748601928582668, 0.0, 0.0, 0.0, 0.0, 0.0002107307144708628, 0.00012210471206943076, 0.00048828125, 0.11638363652910128, 0.0, 0.0, 8.940696716308592e-08, 0.0, 0.0, 0.17452511627915035, 0.007536261291170068, 0.0807888604427705, 4.470348358154297e-08, 0.00048828125, 0.0, 0.0, 0.00045035692588661, 1.205587512731416e-07, 0.00012207031250000003, 0.08302094451537076, 0.0, 0.015209810401366134, 0.0, 5.960464477539063e-08, 0.0, 0.0, 0.0, 0.0, 0.0, 0.0, 0.0, 0.20965373755380837, 0.0, 5.960464477539063e-08, 0.0, 1.0, 0.12654565315595528, 0.07033843871758731, 0.0, 1.0165046686325746e-07, 0.0, 0.0, 0.00012207031249999997, 0.0, 0.0, 0.027861979074058622, 0.0, 0.19221665719494488, 0.0, 2.9802322387695306e-08, 0.0, 0.0, 0.00012247278462051267, 0.13604485331953206, 0.0, 0.0, 0.0, 0.0, 0.0, 0.0, 0.0, 0.08293557320635571, 0.0, 0.0, 0.0, 0.0, 0.0, 0.04705122753261746, 0.0, 0.09013474645581959, 0.0, 0.0, 0.0, 4.3534206573251514e-08, 0.10077948059292144, 0.0], [0.0, 0.011955657227358472, 0.0, 0.3997738020490476, 0.0, 0.0, 0.0, 0.0, 0.013256383524452187, 0.40658114954824526, 0.040070226705841774, 0.5301935533995767, 1.3665584407760877e-09, 0.0, 0.2661021544501091, 0.0, 0.0, 0.5664230764108913, 0.365845530372857, 0.47342422466520984, 0.06107537216984914, 0.000958989673580166, 1.370910331569948e-11, 0.0, 0.0005440586560930849, 0.00011478824601725748, 0.010123081190646598, 0.6875505232721087, 0.0, 0.3737058072972525, 0.0, 1.4280616974495538e-08, 0.0, 2.410883049781958e-09, 0.0, 0.0, 0.0, 0.0, 0.0, 0.3961983207651678, 0.034477872986422485, 8.173986425593773e-05, 0.0, 0.12654565315595528, 1.0, 0.0706819132072541, 9.023956907171771e-06, 8.454153895470263e-05, 0.0, 0.0, 0.0002729575167846423, 4.924752993529532e-05, 1.0037035546571909e-09, 0.5563544197381236, 0.202931227520879, 0.3881392825073863, 0.0, 3.7040529591945983e-08, 0.0, 8.620061842544016e-06, 0.0008101452679701573, 0.45416962250492554, 0.0, 3.114614936128014e-09, 0.0, 0.0, 2.1293408030636795e-06, 4.422836910665436e-10, 0.0, 0.5080676318031726, 1.4194958031368628e-06, 0.0, 1.0236709771410426e-09, 1.1446285413360312e-06, 0.0, 0.4747963683039372, 0.0, 0.26367045317169713, 7.208853105985336e-10, 0.0, 0.03447786309772175, 0.027625356845053024, 0.24924936945971102, 0.0], [0.0, 0.00772392766416887, 0.0, 0.2455198849973327, 0.0, 0.0, 0.0, 0.0, 0.0031200060033328716, 0.0024876087664464455, 0.0005112868742357416, 0.013349426313256547, 0.0, 0.0, 0.003915006031342003, 0.0, 0.0, 0.03867472584978204, 0.06670869353353487, 0.05060553169467803, 1.0278147769512181e-05, 4.291079637839946e-05, 4.555000727062177e-11, 0.0, 0.0, 0.0, 0.0027656141210616416, 0.06592642110328234, 0.0, 0.016672430251382698, 0.0, 0.0, 0.0, 2.873624619757346e-11, 0.0, 0.0, 0.0, 0.0, 0.0, 0.018143711616068793, 0.0, 0.0005093612966174715, 0.0, 0.07033843871758731, 0.0706819132072541, 1.0, 5.139308739973057e-06, 3.3998657000600925e-05, 0.0, 0.0, 0.00048828124999999995, 2.107987957892079e-05, 1.0375766818408917e-10, 0.030866634059033934, 0.0, 0.06410407495899571, 0.0, 0.0, 0.0, 1.1005370884177073e-11, 0.0, 0.022984532747489267, 0.0, 4.555000727062177e-11, 0.0, 0.0, 0.0, 0.0, 0.0, 0.0693341199244374, 0.0, 0.0, 0.0, 0.0, 0.0, 0.06722373762991185, 0.0, 0.04871244273633528, 0.0, 0.0, 0.0, 8.992451148377676e-05, 0.1986342518969954, 0.0], [0.0, 1.8885887077492553e-05, 0.0, 3.4384424907754836e-05, 0.0, 0.0, 0.0, 0.0, 0.0, 1.665168378427412e-05, 1.7346103270103494e-05, 2.6151571223138236e-05, 9.313225746154785e-10, 0.0, 2.4897695002272086e-07, 0.0, 0.0, 2.8144875076884378e-05, 2.9981666994720313e-05, 6.0099729938340865e-05, 7.304739444813829e-05, 4.690959550049472e-05, 1.5198835868165737e-10, 0.0, 0.0, 1.868915908710201e-06, 0.0, 1.6457462800153955e-05, 0.0, 4.4991281112984314e-05, 0.0, 0.0, 0.0, 1.1439172635636287e-10, 0.0, 0.0, 0.0, 0.0, 0.0, 3.4312488150167064e-05, 0.0, 2.2700795395382184e-05, 0.0, 0.0, 9.023956907171771e-06, 5.139308739973057e-06, 1.0, 3.058176621298261e-05, 0.0, 0.0, 0.0, 1.888588707749255e-05, 1.0538599384779656e-09, 2.0458402638988356e-05, 0.0, 3.5886965416384613e-05, 0.0, 0.0, 0.0, 5.722314302118009e-06, 0.0, 7.601015623721488e-06, 0.0, 1.519883586816574e-10, 0.0, 0.0, 5.901839711716423e-07, 0.0, 0.0, 5.2567257155030675e-05, 7.438914754800513e-06, 0.0, 1.293060638264133e-09, 0.0, 0.0, 3.228180133312684e-05, 0.0, 7.786971224007066e-05, 0.0, 0.0, 0.0, 2.090494857831994e-05, 4.647909712775699e-05, 0.0], [0.0, 5.76950