"{\"names\": [\"172.217.10.1\", \"104.88.86.240\", \"38.93.140.48\", \"192.168.10.15\", \"104.88.108.223\", \"195.142.105.15\", \"172.217.12.163\", \"206.217.206.48\", \"172.217.6.228\", \"178.255.83.1\", \"74.119.118.82\", \"192.168.10.9\", \"172.217.7.6\", \"35.186.227.40\", \"31.13.71.36\", \"206.126.112.142\", \"151.101.2.49\", \"192.168.10.25\", \"172.217.3.98\", \"192.168.10.16\", \"72.30.202.150\", \"172.217.12.132\", \"50.31.164.173\", \"162.208.20.178\", \"23.15.4.16\", \"216.58.217.99\", \"172.217.6.198\", \"172.217.12.174\", \"169.46.44.40\", \"192.168.10.17\", \"52.84.143.130\", \"104.19.195.102\", \"216.200.232.61\", \"104.97.73.166\", \"152.163.13.79\", \"192.229.163.25\", \"74.119.118.86\", \"54.225.188.92\", \"188.165.145.88\", \"192.168.10.14\", \"8.43.72.98\", \"199.96.57.6\", \"68.67.178.110\", \"104.88.70.158\", \"192.168.10.19\", \"69.172.216.56\", \"157.240.18.35\", \"172.217.11.34\", \"185.54.150.20\", \"69.169.85.7\", \"198.232.124.194\", \"74.119.118.72\", \"172.217.12.134\", \"192.168.10.5\", \"23.111.9.30\", \"192.168.10.8\", \"151.101.66.2\", \"68.67.178.199\", \"213.239.195.215\", \"138.108.7.20\", \"52.84.145.87\", \"192.168.10.50\", \"52.84.145.198\", \"52.40.24.51\", \"212.77.100.137\", \"185.54.150.115\", \"172.217.10.138\", \"152.163.66.165\", \"52.84.137.78\", \"192.168.10.51\", \"68.67.178.109\", \"129.146.14.96\", \"54.152.24.232\", \"172.217.10.33\", \"52.8.229.108\", \"192.168.10.12\", \"64.147.131.201\", \"172.217.12.206\", \"68.67.180.12\", \"172.217.10.134\", \"38.69.238.16\", \"172.217.10.142\", \"192.168.10.3\", \"172.217.6.202\"], \"funcEdges\": [[1.0, 0.0, 0.0, 0.0, 0.0, 0.0, 0.0, 0.0, 0.0, 0.0, 0.0, 0.0, 0.0, 0.0, 0.0, 0.0, 0.0, 0.0, 0.0, 0.0, 0.0, 0.0, 0.0, 0.0, 0.0, 0.0, 0.0, 0.0, 0.0, 0.0, 0.0, 0.0, 0.0, 0.0, 0.0, 0.0, 0.0, 0.0, 0.0, 0.0, 0.0, 0.0, 0.0, 0.0, 0.0, 0.0, 0.0, 0.0, 0.0, 0.0, 0.0, 0.0, 0.0, 0.0, 0.0, 0.0, 0.0, 0.0, 0.0, 0.0, 0.0, 0.0, 0.0, 0.0, 0.0, 0.0, 0.0, 0.0, 0.0, 0.0, 0.0, 0.0, 0.0, 0.0, 0.0, 0.0, 0.0, 0.0, 0.0, 0.0, 0.0, 0.0, 0.0, 0.0], [0.0, 1.0, 0.0, 5.59948374706374e-21, 0.0, 0.0, 0.0, 0.0, 3.6159459550597455e-21, 6.255331807474739e-21, 8.85298792993747e-22, 3.193806845606639e-21, 0.0, 0.0, 2.3134742046970463e-21, 0.0, 0.0, 2.3653704800104794e-21, 4.090972738312464e-21, 2.4979932764479208e-21, 1.3650746532488889e-24, 1.0078066553352095e-22, 0.0, 0.0, 1.934868795399e-23, 1.6209363407021978e-23, 9.029592405591102e-22, 6.220599931199531e-21, 0.0, 3.2255165364087565e-21, 0.0, 0.0, 0.0, 0.0, 0.0, 0.0, 0.0, 0.0, 0.0, 3.191077686294108e-21, 0.0, 2.352978465281194e-22, 0.0, 0.0, 5.184939815757631e-21, 3.3497196614451108e-21, 8.190447919493336e-24, 2.502124614908046e-23, 0.0, 0.0, 2.117582368135751e-22, 6.617444900424222e-24, 0.0, 6.15147327722679e-21, 0.0, 4.1040233539307536e-21, 0.0, 0.0, 0.0, 0.0, 4.3224969085391934e-23, 4.4526404488522654e-21, 0.0, 0.0, 0.0, 0.0, 0.0, 0.0, 0.0, 4.045206131946134e-21, 0.0, 0.0, 0.0, 0.0, 0.0, 2.3087877261325126e-21, 0.0, 3.651953837423597e-21, 0.0, 0.0, 0.0, 7.788712653690796e-23, 7.299549530905096e-21, 0.0], [0.0, 0.0, 1.0, 2.5360045280389347e-10, 0.0, 7.05319200585476e-11, 4.789057621532976e-10, 0.0, 0.0, 2.7017073102684594e-10, 0.0, 2.570582318584631e-10, 0.0, 2.3283064365386963e-10, 0.0, 0.0, 0.0, 6.544649534177032e-10, 0.0, 5.046787521792933e-10, 0.0, 0.0, 0.0, 0.0, 0.0, 0.0, 0.0, 0.0, 0.0, 3.319990478299836e-10, 0.0, 5.445255591237782e-10, 1.862930422647368e-10, 0.0, 0.0, 0.0, 0.0, 0.0, 5.820766091346738e-11, 3.954703570410393e-10, 2.1056020594710467e-10, 1.1856912805912879e-11, 0.0, 0.0, 2.785577146854889e-10, 0.0, 4.64244454264793e-10, 1.0489281965615879e-10, 0.0, 0.0, 0.0, 1.1641532182693479e-10, 0.0, 1.9433629868999896e-10, 0.0, 2.1087478218553953e-10, 0.0, 9.096445960852599e-11, 0.0, 1.1856912805912877e-11, 0.0, 4.847086995910364e-10, 0.0, 0.0, 1.1641532182693479e-10, 0.0, 0.0, 0.0, 0.0, 2.6326660439146177e-10, 6.811863235635117e-11, 0.0, 0.0, 0.0, 0.0, 2.6021749188381657e-10, 0.0, 2.629199302234176e-10, 0.0, 1.1856912805912879e-11, 1.6024645995392262e-10, 1.630325510813021e-11, 5.578558323217332e-10, 0.0], [0.0, 5.59948374706374e-21, 2.5360045280389347e-10, 1.0, 0.018286479832547026, 1.827449501526246e-10, 5.555169837341638e-07, 3.966506121234952e-16, 8.658827182530146e-21, 0.536509746244706, 0.05236100005375244, 0.2916067471399442, 3.0299231732051894e-13, 6.513504515178405e-11, 0.05883167784642836, 0.0, 7.498410970894558e-12, 0.5808322759208426, 2.894843618264153e-14, 0.31422724892478937, 0.023181167575044893, 4.05296181777022e-13, 0.054050038609244615, 0.0, 4.885725472792722e-05, 4.5809167352192596e-23, 0.4586589121607543, 1.144082206350018e-06, 1.0977124744567187e-10, 0.2769512713921539, 1.5840279644295927e-05, 8.746976650195233e-09, 5.229578636521818e-10, 0.24950151042605934, 0.0, 0.005797954194884973, 0.256477164401291, 1.2977141435821492e-11, 8.97171499316526e-11, 0.3073559525665471, 4.93514788674487e-10, 0.4462893065014665, 0.0008509267750546936, 0.00364061181438743, 0.45182248988091345, 0.13753260559673505, 0.3572211132070132, 3.2478049541323604e-06, 0.14083385067830126, 0.004185683840631239, 0.03510556485998378, 0.062460425910933655, 3.9061100972748663e-28, 0.06356685242832161, 8.817593810160826e-20, 0.6261412848851788, 0.0011518489915416197, 0.06891549211750259, 0.051774492394130955, 0.06920321755468406, 6.349380590227616e-05, 0.5362914091807902, 0.00033796957734136393, 2.5389522942261054e-13, 3.142572909498687e-10, 0.32718211208457737, 0.004193693408577658, 0.0005431423320082275, 3.1155589400177424e-06, 0.052347039703022964, 6.741411454356992e-07, 0.004299215097340157, 0.00023452992732835552, 7.542994384397251e-14, 0.0, 0.13293444928373954, 0.003823390032491587, 0.014113413481286634, 0.13355237632587189, 1.003070122305356e-11, 1.822332750699886e-10, 6.273811407168858e-11, 0.6328715939932571, 7.796110569695033e-05], [0.0, 0.0, 0.0, 0.018286479832547026, 1.0, 0.0, 0.0, 0.0, 0.0, 0.120505958462948, 0.0, 0.017957785881367032, 0.0, 0.0, 0.0, 0.0, 0.0, 0.04065765670620119, 0.0, 0.0794847604487921, 0.0, 0.0, 0.10800847831720593, 0.0, 0.0, 0.0, 0.0, 0.0, 0.0, 0.06002795456912952, 0.0, 0.0, 0.0, 0.0, 0.0, 0.0, 0.0, 0.0, 0.0, 0.11618935564715893, 0.0, 0.032867434524349315, 0.0, 0.0, 0.02922620682531596, 0.0, 0.026293947619479452, 0.0, 0.0, 0.0, 0.0507304666637096, 0.0, 0.0, 0.009107951725587652, 0.0, 0.04283906073824366, 0.0, 0.0, 0.047394533067175074, 0.0, 0.0, 0.015691509642085467, 0.0, 0.0, 0.0, 0.0, 0.0, 0.0, 0.0, 0.03308204358804361, 0.0, 0.0, 0.0, 0.0, 0.0, 0.041762111418758775, 0.0, 0.0, 0.0, 0.0, 0.0, 0.0, 0.03709436263424707, 0.0], [0.0, 0.0, 7.05319200585476e-11, 1.827449501526246e-10, 0.0, 1.0, 3.641554296087381e-11, 0.0, 0.0, 2.2448591289915873e-10, 4.612685921207003e-12, 6.386620053017795e-11, 2.6147027294348314e-13, 5.820766091346739e-11, 4.3016260762546433e-13, 0.0, 3.3522222640948258e-12, 1.6779540873399935e-10, 0.0, 1.233485080910087e-10, 2.297798130893677e-13, 8.559100802671477e-13, 0.0, 0.0, 1.2775179452719625e-11, 0.0, 0.0, 0.0, 3.757288355659128e-11, 2.014681635455091e-10, 9.995397834542623e-13, 5.87277442826379e-11, 6.987772043780201e-11, 4.8568778072148104e-12, 0.0, 0.0, 0.0, 1.1347262736497591e-11, 8.115424360994504e-11, 1.2024410828509996e-10, 2.1009784981175803e-10, 2.44435055028816e-11, 0.0, 0.0, 1.092986861344289e-10, 0.0, 3.7254874762428833e-11, 1.5106514508731332e-10, 0.0, 0.0, 1.1776536263217924e-10, 1.0183890034888903e-10, 0.0, 2.737733734618784e-10, 0.0, 2.2165156496324945e-10, 0.0, 0.0, 0.0, 3.7240082282012865e-11, 0.0, 1.5899028951108837e-10, 0.0, 1.7150905387288093e-13, 2.831796716283298e-11, 0.0, 4.0237256195419433e-13, 0.0, 4.764201058188074e-12, 1.443274929132974e-10, 1.0569151591294243e-10, 0.0, 0.0, 0.0, 0.0, 1.4823021798234422e-10, 0.0, 5.906412140124877e-11, 0.0, 1.1192789209915278e-11, 1.2188600656025727e-10, 1.095481077797439e-11, 1.202446279568402e-10, 0.0], [0.0, 0.0, 4.789057621532976e-10, 5.555169837341638e-07, 0.0, 3.641554296087381e-11, 1.0, 1.3877787807814457e-17, 0.0, 2.339307599639177e-07, 3.6503578990324967e-08, 6.870527723433019e-07, 3.503332235579398e-14, 0.0, 7.298245123537249e-15, 0.0, 1.916491583973544e-12, 6.496237623940218e-07, 9.919224630949696e-15, 4.4550205369170007e-07, 2.4030093533039066e-07, 2.8120712791804034e-14, 2.2132999329138568e-13, 0.0, 2.385234433126782e-07, 0.0, 1.1753492495102511e-14, 3.911052081379754e-07, 0.0, 3.6627028393981723e-07, 8.326672684688674e-17, 9.550680001993226e-08, 1.006447036434344e-09, 3.9240326869604156e-08, 0.0, 3.325431420050723e-08, 1.1528560115527646e-08, 9.453198567478582e-12, 1.9901022356649092e-11, 9.544669897925634e-07, 1.8685773965322177e-10, 2.672982922834191e-07, 2.1569440163780174e-13, 0.0, 4.050924725581966e-07, 6.908545566776013e-14, 3.277641569152354e-07, 8.468201128851092e-07, 1.7273456455475377e-18, 9.67290080905357e-07, 1.5483426111686965e-09, 1.1159094882711487e-10, 0.0, 4.4353502752267394e-07, 0.0, 8.047464059841689e-07, 0.0, 1.704587701429247e-11, 0.0, 3.201319921460123e-11, 0.0, 3.050720684802935e-07, 0.0, 0.0, 3.2121316396093853e-10, 2.5978001761914093e-18, 0.0, 3.301024772424778e-08, 2.2144218825775645e-12, 9.393044213043384e-07, 9.229498856121009e-08, 2.384185791015625e-07, 0.0, 7.79885272743326e-14, 0.0, 5.025484033079855e-07, 3.8933590935552673e-07, 6.983453768495732e-09, 2.3841857910156255e-07, 3.418441941410418e-11, 3.150468592993071e-11, 2.4186284417275715e-11, 8.63618478699859e-07, 0.0], [0.0, 0.0, 0.0, 3.966506121234952e-16, 0.0, 0.0, 1.3877787807814457e-17, 1.0, 0.0, 2.6288993138828685e-16, 2.762551492515042e-16, 3.274207753574369e-16, 0.0, 0.0, 0.0, 0.0, 0.0, 2.61910211473597e-16, 8.534876524987081e-17, 2.0003648081098277e-16, 0.0, 0.0, 0.0, 0.0, 2.0625610481063548e-16, 0.0, 5.273559366969493e-16, 0.0, 0.0, 2.7557456599878017e-16, 1.3877787807814455e-17, 0.0, 1.7020230305000902e-16, 0.0, 0.0, 0.0, 0.0, 0.0, 0.0, 7.028193164687115e-16, 0.0, 9.506229776549619e-18, 0.0, 0.0, 2.6217822032703065e-16, 0.0, 5.273559366969493e-16, 0.0, 0.0, 0.0, 0.0, 0.0, 0.0, 3.0181797213070045e-16, 0.0, 1.3855874277116439e-16, 0.0, 0.0, 0.0, 5.273559366969493e-16, 0.0, 4.071459859066094e-16, 0.0, 0.0, 1.0061495130061437e-16, 0.0, 0.0, 0.0, 0.0, 2.5295862427014917e-16, 0.0, 0.0, 0.0, 0.0, 0.0, 5.378360615162407e-16, 0.0, 0.0, 0.0, 0.0, 0.0, 2.081668171172168e-16, 1.7679734334621e-16, 0.0], [0.0, 3.6159459550597455e-21, 0.0, 8.658827182530146e-21, 0.0, 0.0, 0.0, 0.0, 1.0, 4.767632531665477e-21, 9.676096128677897e-22, 6.642481659752969e-21, 0.0, 0.0, 6.930430044346572e-21, 0.0, 0.0, 5.01026984558525e-21, 3.920722204842057e-21, 5.547412991250194e-21, 0.0, 2.295096370972423e-22, 0.0, 0.0, 2.323642076680752e-22, 1.0536086214564286e-22, 1.440170857144293e-21, 5.419184723425956e-21, 0.0, 3.520015913771888e-21, 0.0, 0.0, 0.0, 0.0, 0.0, 0.0, 0.0, 0.0, 0.0, 6.7062367719301686e-21, 0.0, 2.117582368135751e-22, 0.0, 9.138987937549279e-23, 5.7490399266048435e-21, 1.3530869147925261e-21, 0.0, 0.0, 0.0, 0.0, 2.5440684718880504e-22, 0.0, 0.0, 1.6590705824183893e-21, 0.0, 7.282447184308826e-21, 0.0, 0.0, 0.0, 0.0, 1.4700737741067956e-22, 4.469762204084824e-21, 0.0, 0.0, 0.0, 0.0, 0.0, 0.0, 0.0, 5.73994449909345e-21, 0.0, 0.0, 0.0, 0.0, 0.0, 8.873562446464369e-21, 0.0, 2.57108955140156e-21, 0.0, 0.0, 0.0, 0.0, 4.164479968058208e-21, 0.0], [0.0, 6.255331807474739e-21, 2.7017073102684594e-10, 0.536509746244706, 0.120505958462948, 2.2448591289915873e-10, 2.339307599639177e-07, 2.6288993138828685e-16, 4.767632531665477e-21, 1.0, 0.038945742447676915, 0.15330628719503187, 4.74644434716412e-13, 9.427037208561271e-11, 0.05346061041540262, 0.0, 7.66953273988809e-12, 0.4834759788799359, 8.141162203009286e-15, 0.2119109242437833, 0.03119407890734138, 2.6396045358718316e-13, 0.11652974662258068, 0.0, 0.00015821394527930195, 5.184378948285632e-23, 0.47824979490923514, 6.64146410188782e-07, 1.865093759587039e-12, 0.4637607359357805, 1.3016332882759086e-05, 1.0373991403494913e-07, 4.621633603404567e-10, 0.14148858680672358, 0.0, 0.0022968952885797198, 0.4566028386413875, 6.645075239446523e-12, 1.277329499041495e-10, 0.38945834135735447, 3.6827807419281053e-10, 0.38716674809879636, 1.1687906742602053e-13, 0.010617513836501745, 0.3231896718423171, 0.20123286248044686, 0.15426422317045158, 1.5605707981622344e-06, 0.24171305824397102, 0.008059925375352042, 0.07842480260425679, 0.055074108120170405, 2.0705105451244903e-28, 0.06940721887595153, 2.278620823434409e-21, 0.40808268445091067, 0.00034658074059898847, 0.049351911253943746, 0.0846859835806293, 0.05595214530708808, 8.977738437593426e-05, 0.4875109519727602, 0.0002112968180547486, 1.791952288617167e-14, 5.054794873287925e-10, 0.3747040069951442, 0.00810597518875563, 0.000706677642686864, 7.732864025382426e-06, 0.01377309256368348, 1.1270881949671326e-08, 0.002584694279439178, 0.00013019730432135468, 1.2751380555804669e-13, 0.0, 0.3394556196675288, 0.004652168348103412, 0.017720474405015074, 0.16556603563803454, 1.8072762829509488e-11, 2.1780617786481005e-10, 1.3256530703166292e-10, 0.5088451290684028, 1.5475093807745517e-05], [0.0, 8.85298792993747e-22, 0.0, 0.05236100005375244, 0.0, 4.612685921207003e-12, 3.6503578990324967e-08, 2.762551492515042e-16, 9.676096128677897e-22, 0.038945742447676915, 1.0, 0.03199305428739263, 2.4311899630001265e-14, 0.0, 0.0701700108386818, 0.0, 1.8111819255101576e-12, 0.02838637292439128, 1.1574632497021032e-16, 0.07272661858202521, 0.013988823555016365, 2.6260604429344077e-22, 0.0, 0.0, 3.680997104659385e-12, 3.3901813132377904e-23, 2.570426473370565e-16, 1.4901161193851934e-08, 0.0, 0.02448276418194261, 0.0, 1.818989403545856e-12, 1.0829961928471426e-16, 1.4901161193847653e-08, 0.0, 0.001953139901161194, 0.008129448555016364, 3.78652839475059e-12, 0.0, 0.05440266478541082, 3.3881317890172014e-21, 1.4901189615557302e-08, 0.0, 2.117582368135751e-22, 0.024212104781931407, 2.217353359238856e-22, 7.644298719801816e-06, 4.315692815033551e-12, 0.0, 0.0078125, 2.6469779601696886e-22, 2.2697648753625294e-24, 0.0, 0.062452710650734725, 0.0, 0.05575735370411598, 0.0, 0.0019531249999999998, 0.042590941451870624, 0.0019531250000002567, 9.161019093955148e-23, 0.06542987080719678, 0.0, 0.0, 1.819100425848318e-12, 0.0, 0.0078125, 2.063777834157926e-08, 1.818989403545856e-12, 0.0019586375378953078, 3.2260602036300118e-24, 0.0008446829659598215, 7.629394531249998e-06, 2.842170943116459e-14, 0.0, 0.0458017804097763, 1.7998285663439592e-05, 0.006176323555016365, 0.0, 0.0, 3.388131789017202e-21, 1.8194880746820727e-12, 0.05548630001400251, 0.0], [0.0, 3.193806845606639e-21, 2.570582318584631e-10, 0.2916067471399442, 0.017957785881367032, 6.386620053017795e-11, 6.870527723433019e-07, 3.274207753574369e-16, 6.642481659752969e-21, 0.15330628719503187, 0.03199305428739263, 1.0, 2.7900360920601805e-13, 5.820766091346739e-11, 0.04534616272226749, 0.0, 0.0, 0.18851174472883836, 1.606911726341497e-14, 0.09141140759879576, 0.024818419796779456, 3.8929034862946543e-13, 0.04694013923465593, 0.0, 0.00010353833344380293, 8.210000202243054e-23, 0.10206207261599023, 8.414819595028894e-07, 0.0, 0.25241360602086427, 1.3670159933440934e-05, 3.554753419920964e-08, 7.850905483900258e-10, 0.1020621128377489, 0.0, 0.002214405203502485, 0.1301732767275578, 0.0, 7.051910513607102e-11, 0.2269012462462575, 2.883585979392814e-10, 0.18416349523673475, 0.00027484058344487243, 0.01515775610039366, 0.08327469484413874, 0.15497377067204082, 0.12362808382511883, 2.9003573999666077e-06, 0.10228854270073033, 0.0037261036176026874, 0.023904925364596246, 0.15332189103603083, 4.020596052164096e-28, 0.06939203778184254, 1.3662155334610428e-19, 0.1924024028195982, 0.0008021481263302103, 0.10586677068422466, 0.06279467644913547, 0.1563524580893948, 0.00021058358560839018, 0.23056319027383154, 0.0002682050906115567, 4.5398948021220496e-13, 7.478513006928214e-10, 0.0003144216135681835, 0.0029034943389359188, 0.00013872089333708015, 5.491807582527676e-07, 0.04301897455746642, 1.6298137559148116e-05, 0.003769072258074023, 0.00011980512421516851, 5.849050687394481e-14, 0.0, 0.1924020630131533, 0.004126102139410669, 0.017591032262471093, 0.057338388846997185, 8.843646789762516e-12, 2.180793966378322e-10, 2.9236607138920926e-11, 0.2513578087088319, 7.766057442643769e-05], [0.0, 0.0, 0.0, 3.0299231732051894e-13, 0.0, 2.6147027294348314e-13, 3.503332235579398e-14, 0.0, 0.0, 4.74644434716412e-13, 2.4311899630001265e-14, 2.7900360920601805e-13, 1.0, 0.0, 1.2503661718359978e-13, 0.0, 0.0, 3.0651793405444965e-13, 2.9850286336693274e-14, 4.437127624745972e-13, 1.7635642840204265e-13, 1.7365989796879436e-15, 5.776158194470966e-14, 0.0, 1.1561833881183695e-13, 0.0, 2.4918713713252028e-14, 9.479280015571284e-28, 0.0, 3.3990503043221975e-13, 1.3100497192181862e-13, 8.218613077893605e-15, 0.0, 0.0, 0.0, 0.0, 0.0, 0.0, 0.0, 2.9103273076185775e-13, 0.0, 2.5468105510517283e-13, 8.237610604718414e-14, 0.0, 3.6952964497256915e-13, 1.4745231191242817e-13, 4.253091742588311e-13, 1.3100497192181862e-13, 0.0, 0.0, 0.0, 0.0, 4.0389678347315804e-28, 3.20588781854298e-13, 0.0, 2.0273114179184222e-13, 0.0, 2.267239856430584e-28, 0.0, 2.9389768437523436e-14, 2.0194839173657898e-28, 4.2035323163899856e-13, 0.0, 1.0584391614007173e-13, 6.776651231720383e-13, 0.0, 0.0, 2.01948391736579e-28, 0.0, 3.0939254664409404e-13, 0.0, 0.0, 4.0389678347315804e-28, 1.3813312967732317e-13, 0.0, 7.442105695670721e-13, 0.0, 2.01948391736579e-28, 4.545528161944932e-28, 1.3100497192181862e-13, 0.0, 2.073382622908286e-13, 2.765298667897261e-13, 0.0], [0.0, 0.0, 2.3283064365386963e-10, 6.513504515178405e-11, 0.0, 5.820766091346739e-11, 0.0, 0.0, 0.0, 9.427037208561271e-11, 0.0, 5.820766091346739e-11, 0.0, 1.0, 0.0, 0.0, 0.0, 1.7956595106043358e-10, 0.0, 2.0198701350849798e-10, 0.0, 0.0, 0.0, 0.0, 0.0, 0.0, 0.0, 0.0, 0.0, 2.0372681319713595e-10, 0.0, 7.886427181603889e-11, 6.987772043780202e-11, 0.0, 0.0, 0.0, 0.0, 0.0, 5.82076609134674e-11, 2.2977682512042757e-10, 8.469596939028146e-11, 0.0, 0.0, 0.0, 2.322763467067797e-10, 0.0, 0.0, 7.613643203867116e-11, 0.0, 0.0, 0.0, 0.0, 0.0, 5.993428969597081e-11, 0.0, 5.6962027707952295e-11, 0.0, 0.0, 0.0, 0.0, 0.0, 7.469754335202705e-12, 0.0, 0.0, 0.0, 0.0, 0.0, 0.0, 0.0, 5.820766091346739e-11, 6.811863235635117e-11, 0.0, 0.0, 0.0, 0.0, 1.8264738390053065e-10, 0.0, 5.820766091346739e-11, 0.0, 0.0, 1.4257906835893974e-10, 0.0, 8.940982832337157e-11, 0.0], [0.0, 2.3134742046970463e-21, 0.0, 0.05883167784642836, 0.0, 4.3016260762546433e-13, 7.298245123537249e-15, 0.0, 6.930430044346572e-21, 0.05346061041540262, 0.0701700108386818, 0.04534616272226749, 1.2503661718359978e-13, 0.0, 1.0, 0.0, 0.0, 0.026504138133324116, 1.2848431139298588e-14, 0.07804944994248728, 0.015482510838653374, 3.1923556723065665e-13, 6.1053412382893185e-15, 0.0, 1.512549819125793e-14, 1.1330691034328468e-24, 1.2906990416721725e-14, 6.332368097069331e-20, 0.0, 0.03591669404165451, 2.6963201038669064e-13, 1.4210854715240778e-14, 0.0, 0.0, 0.0, 0.0023968783870791793, 0.00047937567741583587, 0.0, 2.696320103866906e-13, 0.07500963544038979, 1.9815326534544713e-20, 0.001069225236202324, 1.1922731693636508e-14, 0.009002593120281746, 0.022069305250415283, 0.0008603368126671721, 5.437758213068778e-13, 6.606072549526479e-13, 4.111047468766276e-19, 0.008739236074794082, 4.04448015580036e-13, 2.6963251917107686e-13, 0.0, 0.06660817848035196, 5.421010862427522e-20, 0.06119362688732126, 0.0, 0.003466103623219887, 0.05040344145187061, 0.0023968783870862848, 0.0, 0.06506283598294436, 0.0, 0.0, 9.698276415316455e-14, 4.336808689942019e-19, 0.007670010838743252, 0.0, 0.0, 0.014867686148227673, 4.71937755873547e-19, 0.004511374945475797, 0.0, 4.263256414618462e-14, 0.0, 0.05929673102349228, 0.0010692252361407086, 0.0006873590803761695, 0.0, 8.987733679556354e-14, 1.9815321687783312e-20, 3.863603043414758e-13, 0.06710100648989378, 0.0], [0.0, 0.0, 0.0, 0.0, 0.0, 0.0, 0.0, 0.0, 0.0, 0.0, 0.0, 0.0, 0.0, 0.0, 0.0, 1.0, 0.0, 0.0, 0.0, 0.0, 0.0, 0.0, 0.0, 0.0, 0.0, 0.0, 0.0, 0.0, 0.0, 0.0, 0.0, 0.0, 0.0, 0.0, 0.0, 0.0, 0.0, 0.0, 0.0, 0.0, 0.0, 0.0, 0.0, 0.0, 0.0, 0.0, 0.0, 0.0, 0.0, 0.0, 0.0, 0.0, 0.0, 0.0, 0.0, 0.0, 0.0, 0.0, 0.0, 0.0, 0.0, 0.0, 0.0, 0.0, 0.0, 0.0, 0.0, 0.0, 0.0, 0.0, 0.0, 0.0, 0.0, 0.0, 0.0, 0.0, 0.0, 0.0, 0.0, 0.0, 0.0, 0.0, 0.0, 0.0], [0.0, 0.0, 0.0, 7.498410970894558e-12, 0.0, 3.3522222640948258e-12, 1.916491583973544e-12, 0.0, 0.0, 7.66953273988809e-12, 1.8111819255101576e-12, 0.0, 0.0, 0.0, 0.0, 0.0, 1.0, 7.81894066017179e-12, 0.0, 1.1313183676532491e-12, 0.0, 0.0, 0.0, 0.0, 1.0719821525871427e-11, 0.0, 0.0, 0.0, 0.0, 5.9343588132346e-12, 0.0, 0.0, 0.0, 8.911191772433732e-12, 0.0, 0.0, 0.0, 9.653791086803212e-12, 5.940794514955823e-12, 6.0105393986631194e-12, 0.0, 0.0, 0.0, 0.0, 8.150702831498405e-12, 0.0, 2.149584005157772e-12, 7.54688302048159e-12, 0.0, 0.0, 5.940794514955821e-12, 0.0, 0.0, 2.715108312809434e-12, 0.0, 2.516761873397174e-12, 0.0, 0.0, 0.0, 8.911191772433734e-12, 0.0, 7.957450473388538e-12, 0.0, 0.0, 8.911191772433734e-12, 0.0, 0.0, 0.0, 0.0, 6.623551718800147e-12, 0.0, 0.0, 0.0, 0.0, 0.0, 1.0106564233437899e-11, 0.0, 0.0, 0.0, 4.584770342717852e-12, 8.911191772433734e-12, 5.940794514955822e-12, 1.2104771116409154e-11, 0.0], [0.0, 2.3653704800104794e-21, 6.544649534177032e-10, 0.5808322759208426, 0.04065765670620119, 1.6779540873399935e-10, 6.496237623940218e-07, 2.61910211473597e-16, 5.01026984558525e-21, 0.4834759788799359, 0.02838637292439128, 0.18851174472883836, 3.0651793405444965e-13, 1.7956595106043358e-10, 0.026504138133324116, 0.0, 7.81894066017179e-12, 1.0, 3.0986767501812405e-14, 0.26726864273966267, 0.03223198936016604, 3.956065760100712e-13, 0.04744357691193737, 0.0, 0.0002278451976529212, 2.698489073212559e-23, 0.24405253117775016, 1.3275582768434094e-06, 1.4441810883169386e-11, 0.3467561866192127, 1.1340274724019722e-05, 3.726453820876187e-08, 4.900336090315736e-10, 0.1020621020505207, 0.0, 0.00590005710490353, 0.15581266158015797, 1.5292543241365927e-11, 5.655979197214445e-11, 0.2839491373872705, 4.90516298796028e-10, 0.33063075975377465, 0.0009764405035749015, 0.004646811887963872, 0.2030774484745116, 0.2131980075854123, 0.22804030914130474, 3.584013508139653e-06, 0.27846486286156424, 0.004828148105618987, 0.022760984796747416, 0.10241143716210263, 4.457962765135551e-28, 0.1109661972139773, 4.7957066753595584e-20, 0.6221707113800277, 0.0011518698045151472, 0.15733354229088634, 0.13925905493390212, 0.10781710977765332, 4.364891896279638e-05, 0.6524594540871955, 0.0005459903634060626, 2.7016895915816095e-13, 8.196327507259991e-10, 0.5006181207068267, 0.0038037970140360347, 0.0004773698560833513, 9.519967379004338e-06, 0.07488230369988036, 4.2309547281649284e-05, 0.004622851641660562, 0.0001598978425482452, 2.014672434615058e-13, 0.0, 0.15785373482515885, 0.006852715116467095, 0.006579813134558849, 0.08119838653418583, 2.4422743910420875e-11, 1.9682069943824434e-10, 3.635860633107276e-11, 0.5398193816605636, 1.976057685158378e-05], [0.0, 4.090972738312464e-21, 0.0, 2.894843618264153e-14, 0.0, 0.0, 9.919224630949696e-15, 8.534876524987081e-17, 3.920722204842057e-21, 8.141162203009286e-15, 1.1574632497021032e-16, 1.606911726341497e-14, 2.9850286336693274e-14, 0.0, 1.2848431139298588e-14, 0.0, 0.0, 3.0986767501812405e-14, 1.0, 8.452421355471868e-15, 1.2916850180302663e-20, 8.52999519267073e-15, 7.435395503898467e-15, 0.0, 5.6482202294639265e-15, 0.0, 1.2398522036316866e-14, 2.4298967684969966e-19, 0.0, 2.5332476919566344e-14, 2.0816681711721685e-17, 7.143376306086208e-15, 5.566886592589816e-16, 1.2621774483536187e-29, 0.0, 0.0, 3.3449221389679295e-16, 0.0, 0.0, 2.8979210341212094e-14, 3.2902476711783654e-20, 3.082916361729061e-14, 1.3258930921179888e-14, 3.268332345722e-21, 3.055100671224988e-14, 7.783045196875569e-16, 8.298378004553665e-15, 1.9726167062827596e-23, 0.0, 0.0, 0.0, 2.6444374298212355e-23, 1.3367225710097947e-28, 3.951336834035048e-14, 5.421010862427522e-20, 1.2208019783422034e-14, 0.0, 3.3418637955353986e-16, 0.0, 3.097731150628416e-14, 2.0194839173657907e-28, 1.9145450998493706e-14, 0.0, 3.07175263305015e-28, 7.436985207946058e-15, 8.439597126336791e-19, 0.0, 2.0194839173657902e-28, 0.0, 1.6283212292389108e-14, 5.69345674586689e-25, 0.0, 1.7320233177132724e-28, 0.0, 0.0, 1.8728728341823586e-14, 1.7763557289475733e-17, 7.867513728647654e-18, 3.2915893586497793e-28, 0.0, 3.290247671809454e-20, 3.5112544102286246e-14, 3.546412181338109e-14, 0.0], [0.0, 2.4979932764479208e-21, 5.046787521792933e-10, 0.31422724892478937, 0.0794847604487921, 1.233485080910087e-10, 4.4550205369170007e-07, 2.0003648081098277e-16, 5.547412991250194e-21, 0.2119109242437833, 0.07272661858202521, 0.09141140759879576, 4.437127624745972e-13, 2.0198701350849798e-10, 0.07804944994248728, 0.0, 1.1313183676532491e-12, 0.26726864273966267, 8.452421355471868e-15, 1.0, 0.03394207852209088, 1.0229737505514707e-13, 0.06781287146195276, 0.0, 0.00011892930089106165, 1.724743990597884e-23, 0.17045813922957737, 1.5946586929356286e-06, 4.373159689802746e-11, 0.16504645025012893, 9.002510510582876e-06, 2.816917252507296e-08, 8.235128613326574e-10, 2.4348932322685218e-08, 0.0, 0.009359902319981541, 0.051945335346122126, 1.505356736084996e-11, 4.3924552297144905e-11, 0.26475557019944046, 4.900550591943993e-10, 0.2426514453148488, 0.00037144549092794357, 0.010161856751988685, 0.2806132118268014, 0.18809088450027417, 0.5194471787604698, 2.1272710103654918e-06, 0.17169563278491168, 0.003260024787362059, 0.0800615171802772, 0.0001792340676373522, 1.0563276603824317e-28, 0.12958039255172843, 6.698951825252004e-20, 0.24857997764442918, 0.0008022601218437539, 0.008664801125451616, 0.11072035025491095, 0.008091761423392728, 2.2625745217339387e-05, 0.1839784688393441, 0.000255586779533276, 1.74943557335312e-13, 7.690441926081963e-10, 0.1718264199382251, 0.003302360190578145, 0.0002641977924954316, 1.4170314197904183e-05, 0.03196727833245273, 2.8647197218123504e-05, 0.005482525775185069, 0.00014293528579217935, 1.8240746615622454e-13, 0.0, 0.08306468185090898, 0.00365323152572144, 0.011058284014820874, 0.0001403108014790293, 2.800718372966527e-11, 8.801579421039642e-11, 7.020885370901035e-11, 0.1228472060872916, 6.034456138121332e-05], [0.0, 1.3650746532488889e-24, 0.0, 0.023181167575044893, 0.0, 2.297798130893677e-13, 2.4030093533039066e-07, 0.0, 0.0, 0.03119407890734138, 0.013988823555016365, 0.024818419796779456, 1.7635642840204265e-13, 0.0, 0.015482510838653374, 0.0, 0.0, 0.03223198936016604, 1.2916850180302663e-20, 0.03394207852209088, 1.0, 1.7035015118461576e-23, 0.0, 0.0, 3.7005420566585013e-07, 7.223524906092442e-26, 3.3881317890172014e-21, 5.738065418375747e-07, 0.0, 0.022913886663283253, 2.3451803969210065e-14, 6.462348535570529e-27, 0.0, 0.0, 0.0, 0.0021537755847412165, 0.005859375, 0.0, 0.0, 0.0168742082563086, 1.0164395367051604e-20, 5.59467347777841e-10, 1.4210854715202002e-14, 0.004001152497902998, 0.017700818596820267, 4.4574360563328594e-24, 2.404738676709902e-07, 6.440670453530132e-07, 0.0, 0.007813263868767259, 1.92117178115769e-10, 8.190447919493335e-24, 0.0, 0.014771105190251783, 0.0, 0.010595180224940283, 0.0, 0.001953226434976883, 0.007812499999999999, 0.00390625, 2.0194839173657902e-28, 0.02701853388156498, 0.0, 3.2148809241145344e-14, 1.407108238152605e-13, 0.0, 0.009466843197258044, 8.077935669463161e-28, 0.0, 0.003868634117466082, 0.0, 0.0008374156952181043, 0.0, 0.0, 0.0, 0.017498419880715217, 0.0004895627558509773, 0.00390625171453603, 2.822590225116451e-06, 4.455842754149915e-13, 1.0164395367051604e-20, 1.4071082679783605e-13, 0.026767476609020402, 0.0], [0.0, 1.0078066553352095e-22, 0.0, 4.05296181777022e-13, 0.0, 8.559100802671477e-13, 2.8120712791804034e-14, 0.0, 2.295096370972423e-22, 2.6396045358718316e-13, 2.6260604429344077e-22, 3.8929034862946543e-13, 1.7365989796879436e-15, 0.0, 3.1923556723065665e-13, 0.0, 0.0, 3.956065760100712e-13, 8.52999519267073e-15, 1.0229737505514707e-13, 1.7035015118461576e-23, 1.0, 2.7769782797786385e-15, 0.0, 2.5029258124924414e-22, 4.010940424644857e-23, 8.529995366314612e-15, 1.2898370403641517e-22, 0.0, 7.431894213799933e-13, 9.024786954614173e-13, 0.0, 0.0, 0.0, 0.0, 0.0, 0.0, 0.0, 9.024786954614173e-13, 7.690034891707029e-13, 0.0, 1.0848546806562828e-14, 5.3211362623274736e-15, 2.117582368135751e-22, 2.6331265117542393e-13, 1.8609591462617523e-23, 4.2131662872700466e-13, 1.7193291674383584e-13, 0.0, 0.0, 8.44254263549104e-13, 9.024786954736377e-13, 8.835242138475331e-29, 3.00989903437692e-13, 0.0, 9.047466532800809e-13, 0.0, 0.0, 0.0, 8.52999517310692e-15, 3.655310300415384e-22, 3.207025969175322e-14, 0.0, 7.753852020613141e-30, 2.9003707083285054e-13, 0.0, 2.62009943844154e-13, 0.0, 0.0, 2.705399392192573e-13, 3.2260602036300125e-24, 0.0, 0.0, 2.427308512603712e-25, 0.0, 4.2447468740239227e-13, 0.0, 4.384557470912797e-22, 0.0, 2.6200994384363724e-13, 7.75385202061314e-30, 8.263844605237824e-13, 7.810874707676321e-14, 0.0], [0.0, 0.0, 0.0, 0.054050038609244615, 0.10800847831720593, 0.0, 2.2132999329138568e-13, 0.0, 0.0, 0.11652974662258068, 0.0, 0.04694013923465593, 5.776158194470966e-14, 0.0, 6.1053412382893185e-15, 0.0, 0.0, 0.04744357691193737, 7.435395503898467e-15, 0.06781287146195276, 0.0, 2.7769782797786385e-15, 1.0, 0.0, 5.684341886080801e-14, 0.0, 7.432589333569604e-15, 4.7737808985872587e-29, 0.0, 0.05122671510013646, 0.0, 0.0, 0.0, 1.262177448353619e-29, 0.0, 0.0, 0.0, 0.0, 0.0, 0.11639108848083866, 0.0, 0.0014797303871377013, 2.546076017102123e-13, 0.0, 0.01654097551626512, 1.249531291590549e-13, 0.060668945863261575, 0.0, 0.0, 0.0, 0.08112234312312494, 0.0, 1.2621774483536187e-29, 0.024011619865150328, 0.0, 0.08323710702117179, 0.0, 0.0, 0.023207361120320555, 7.432589333569617e-15, 0.0, 0.0039700507719501125, 0.0, 1.0097419586828951e-28, 9.771191721339462e-14, 0.0, 0.0, 0.0, 0.0, 0.011979162358588315, 5.851509253344871e-29, 0.0, 8.026361189328888e-29, 5.684341886080801e-14, 0.0, 0.010220060969825496, 1.2977286378990148e-17, 8.673617379884034e-19, 0.0, 0.0, 0.0, 2.0354605489893895e-13, 0.08323941061520965, 0.0], [0.0, 0.0, 0.0, 0.0, 0.0, 0.0, 0.0, 0.0, 0.0, 0.0, 0.0, 0.0, 0.0, 0.0, 0.0, 0.0, 0.0, 0.0, 0.0, 0.0, 0.0, 0.0, 0.0, 1.0, 0.0, 0.0, 0.0, 0.0, 0.0, 0.0, 0.0, 0.0, 0.0, 0.0, 0.0, 0.0, 0.0, 0.0, 0.0, 0.0, 0.0, 0.0, 0.0, 0.0, 0.0, 0.0, 0.0, 0.0, 0.0, 0.0, 0.0, 0.0, 0.0, 0.0, 0.0, 0.0, 0.0, 0.0, 0.0, 0.0, 0.0, 0.0, 0.0, 0.0, 0.0, 0.0, 0.0, 0.0, 0.0, 0.0, 0.0, 0.0, 0.0, 0.0, 0.0, 0.0, 0.0, 0.0, 0.0, 0.0, 0.0, 0.0, 0.0, 0.0], [0.0, 1.934868795399e-23, 0.0, 4.885725472792722e-05, 0.0, 1.2775179452719625e-11, 2.385234433126782e-07, 2.0625610481063548e-16, 2.323642076680752e-22, 0.00015821394527930195, 3.680997104659385e-12, 0.00010353833344380293, 1.1561833881183695e-13, 0.0, 1.512549819125793e-14, 0.0, 1.0719821525871427e-11, 0.0002278451976529212, 5.6482202294639265e-15, 0.00011892930089106165, 3.7005420566585013e-07, 2.5029258124924414e-22, 5.684341886080801e-14, 0.0, 1.0, 9.951629834115276e-23, 5.82676983271223e-15, 9.539284346154352e-07, 0.0, 0.0001418671257150477, 0.0, 2.7322027559732166e-12, 1.6649256807129756e-10, 7.275957614183426e-12, 0.0, 0.0, 3.7747582837255314e-15, 9.698243956274623e-12, 3.6379788070917125e-12, 9.396564531454963e-05, 0.0, 0.0002442709007934157, 5.684341886080801e-14, 1.9531118297606235e-22, 0.00010951706976605307, 1.2589110628167254e-13, 1.0595467745795529e-06, 3.782510175126496e-06, 0.0, 2.14322915539017e-06, 6.821210263352764e-12, 2.5411820918501424e-10, 0.0, 0.00021512715556314308, 0.0, 2.400072239540973e-06, 6.730014700829847e-05, 6.730189058052985e-05, 0.0, 7.69089076698163e-05, 5.183327564829795e-05, 3.83229779179551e-05, 0.0002433159161069252, 0.0, 9.34394336057792e-10, 0.0002433159161069253, 0.0, 0.000206778021505098, 5.453677807353082e-12, 3.0651203653360444e-06, 1.6649124050052658e-10, 9.5367431640625e-07, 6.730014700829846e-05, 3.349327736921773e-13, 0.0, 0.00024712856938674207, 4.5889311621896284e-05, 0.00024382343232181447, 0.00020003735662592207, 1.2478164363893212e-12, 1.455191522836685e-11, 6.452950637141176e-12, 0.00019647769566684146, 0.0], [0.0, 1.6209363407021978e-23, 0.0, 4.5809167352192596e-23, 0.0, 0.0, 0.0, 0.0, 1.0536086214564286e-22, 5.184378948285632e-23, 3.3901813132377904e-23, 8.210000202243054e-23, 0.0, 0.0, 1.1330691034328468e-24, 0.0, 0.0, 2.698489073212559e-23, 0.0, 1.724743990597884e-23, 7.223524906092442e-26, 4.010940424644857e-23, 0.0, 0.0, 9.951629834115276e-23, 1.0, 0.0, 1.091428334388102e-24, 0.0, 1.0179910827941722e-22, 0.0, 2.5849394142282115e-26, 0.0, 0.0, 0.0, 0.0, 0.0, 0.0, 0.0, 3.4411360619069877e-23, 0.0, 4.1333998444439723e-25, 0.0, 5.228402401699187e-26, 4.9781466283084446e-23, 0.0, 8.105130753665283e-25, 4.506496690375626e-25, 0.0, 0.0, 0.0, 0.0, 0.0, 3.401789498527472e-23, 0.0, 4.0020667982557866e-23, 0.0, 2.0948197259203964e-26, 0.0, 0.0, 4.852792926977762e-23, 7.022083384223635e-23, 0.0, 0.0, 0.0, 0.0, 1.225267575555377e-24, 0.0, 0.0, 6.765569322684792e-23, 0.0, 0.0, 0.0, 9.61583230678141e-25, 0.0, 9.130306800477082e-23, 0.0, 5.970363020704131e-25, 0.0, 0.0, 0.0, 1.4999275794382027e-24, 8.188301467169986e-23, 0.0], [0.0, 9.029592405591102e-22, 0.0, 0.4586589121607543, 0.0, 0.0, 1.1753492495102511e-14, 5.273559366969493e-16, 1.440170857144293e-21, 0.47824979490923514, 2.570426473370565e-16, 0.10206207261599023, 2.4918713713252028e-14, 0.0, 1.2906990416721725e-14, 0.0, 0.0, 0.24405253117775016, 1.2398522036316866e-14, 0.17045813922957737, 3.3881317890172014e-21, 8.529995366314612e-15, 7.432589333569604e-15, 0.0, 5.82676983271223e-15, 0.0, 1.0, 1.6269496826321394e-20, 0.0, 0.5890056337127421, 0.0, 1.158333074357943e-14, 1.1102230246251563e-16, 0.06250000000000001, 0.0, 0.0, 0.27961771380588146, 0.0, 0.0, 0.5373080300473616, 3.3881317890172006e-21, 0.5594666049662039, 1.761326979604476e-14, 5.293955920339378e-23, 0.4918908591333984, 0.23248125024068228, 0.14199045856177636, 0.0, 0.2044904585617662, 0.0, 2.646977960169688e-22, 0.06249999999999999, 0.0, 2.6592720768764872e-14, 0.0, 0.2542274745182215, 0.0, 0.06250000000000022, 0.0, 0.06250000000001148, 4.204523208424642e-22, 0.2517665723008593, 0.0, 0.0, 7.327471962526033e-15, 0.14199045856176618, 0.0, 0.0, 0.0, 4.9630895286319485e-14, 0.0, 0.0, 0.0, 0.0, 0.0, 0.2500000000000442, 0.0, 3.7475040736113405e-21, 0.11025660704262452, 0.0, 3.388131789017201e-21, 1.6959619460916915e-14, 0.5269064135904313, 0.0], [0.0, 6.220599931199531e-21, 0.0, 1.144082206350018e-06, 0.0, 0.0, 3.911052081379754e-07, 0.0, 5.419184723425956e-21, 6.64146410188782e-07, 1.4901161193851934e-08, 8.414819595028894e-07, 9.479280015571284e-28, 0.0, 6.332368097069331e-20, 0.0, 0.0, 1.3275582768434094e-06, 2.4298967684969966e-19, 1.5946586929356286e-06, 5.738065418375747e-07, 1.2898370403641517e-22, 4.7737808985872587e-29, 0.0, 9.539284346154352e-07, 1.091428334388102e-24, 1.6269496826321394e-20, 1.0, 0.0, 1.4925787216342558e-06, 0.0, 3.210697251235285e-08, 2.328306436538696e-10, 1.4901161193847656e-08, 0.0, 2.2351741790771484e-08, 2.402512975983914e-08, 0.0, 0.0, 5.767562569509912e-07, 3.3881317890172006e-21, 2.0214061866255433e-07, 0.0, 3.60045953621454e-20, 1.4414073253058048e-06, 2.859102759374917e-20, 3.3155182355548174e-07, 4.546206543472768e-07, 0.0, 5.168733439375918e-07, 2.696661382171178e-09, 2.3283064365389563e-10, 2.911786310022951e-28, 1.4383346949210646e-06, 5.421010862427522e-20, 3.629329371437086e-07, 0.0, 1.9024162613859318e-07, 0.0, 8.276344583994178e-25, 2.7504005388046927e-22, 1.339318620927403e-06, 0.0, 8.502634588289987e-28, 2.3283064365386958e-10, 0.0, 1.6374392340155043e-24, 6.233504518599295e-08, 0.0, 7.285483275514994e-07, 3.738062065038102e-08, 1.1543070367440158e-06, 2.4949354249802146e-28, 1.638515005407287e-24, 0.0, 1.3367950575643726e-06, 6.364895728045227e-07, 4.382765295737416e-09, 2.3841857910156247e-07, 0.0, 3.3881318040705075e-21, 1.6809888671991461e-19, 1.0486295695535972e-06, 0.0], [0.0, 0.0, 0.0, 1.0977124744567187e-10, 0.0, 3.757288355659128e-11, 0.0, 0.0, 0.0, 1.865093759587039e-12, 0.0, 0.0, 0.0, 0.0, 0.0, 0.0, 0.0, 1.4441810883169386e-11, 0.0, 4.373159689802746e-11, 0.0, 0.0, 0.0, 0.0, 0.0, 0.0, 0.0, 0.0, 1.0, 4.752635611964658e-11, 0.0, 0.0, 2.9103830456733704e-11, 0.0, 0.0, 0.0, 0.0, 0.0, 0.0, 4.04590160595572e-11, 2.2022286236266312e-11, 0.0, 0.0, 0.0, 0.0, 0.0, 0.0, 3.305972985964413e-11, 0.0, 0.0, 4.365574568510056e-11, 1.4905454583104697e-11, 0.0, 0.0, 0.0, 1.874868953360616e-11, 0.0, 0.0, 0.0, 0.0, 0.0, 2.5746754164847744e-11, 0.0, 0.0, 0.0, 0.0, 0.0, 0.0, 0.0, 2.910383045673371e-11, 2.91038304567337e-11, 0.0, 0.0, 0.0, 0.0, 3.350891051743777e-11, 0.0, 0.0, 0.0, 0.0, 0.0, 2.9103830456733704e-11, 1.619395919149007e-11, 0.0], [0.0, 3.2255165364087565e-21, 3.319990478299836e-10, 0.2769512713921539, 0.06002795456912952, 2.014681635455091e-10, 3.6627028393981723e-07, 2.7557456599878017e-16, 3.520015913771888e-21, 0.4637607359357805, 0.02448276418194261, 0.25241360602086427, 3.3990503043221975e-13, 2.0372681319713595e-10, 0.03591669404165451, 0.0, 5.9343588132346e-12, 0.3467561866192127, 2.5332476919566344e-14, 0.16504645025012893, 0.022913886663283253, 7.431894213799933e-13, 0.05122671510013646, 0.0, 0.0001418671257150477, 1.0179910827941722e-22, 0.5890056337127421, 1.4925787216342558e-06, 4.752635611964658e-11, 1.0, 4.95510499007779e-06, 3.5100907349219976e-08, 6.168120804460541e-10, 0.06688944858839677, 0.0, 0.0014713554293709471, 0.4731488053100527, 9.713816161459904e-12, 1.065950086537642e-10, 0.6796679031220135, 3.746822264110122e-10, 0.4926338132167405, 0.0007168215571924405, 0.0007948950311592449, 0.44348644330160925, 0.42174500589118746, 0.1481800879555975, 2.541572414689792e-06, 0.37149566542263035, 0.005648137093373456, 0.07762901012237156, 0.06450126789317699, 3.1482479002154463e-28, 0.10615621209346186, 6.045801044093269e-20, 0.31956862971784866, 0.001355272972616956, 0.058309617372868314, 0.10538878811918057, 0.06669344084875573, 0.00012926096025733523, 0.7307163472699987, 0.0003272615844882547, 4.2746337190780425e-13, 1.3878100938505876e-09, 0.11901171926175978, 0.00487262081786502, 0.0002781591044835886, 6.884915067908515e-06, 0.04973521404158343, 3.577745786121377e-05, 0.007217433833220797, 0.0002442608117772402, 1.882628812786022e-13, 0.0, 0.30499731707076255, 0.005396393866790063, 0.017596070922880715, 0.11273318409474314, 2.1723080012123176e-11, 2.394819186148114e-10, 8.540679566740235e-11, 0.34039596740742295, 4.6130564832589216e-05], [0.0, 0.0, 0.0, 1.5840279644295927e-05, 0.0, 9.995397834542623e-13, 8.326672684688674e-17, 1.3877787807814455e-17, 0.0, 1.3016332882759086e-05, 0.0, 1.3670159933440934e-05, 1.3100497192181862e-13, 0.0, 2.6963201038669064e-13, 0.0, 0.0, 1.1340274724019722e-05, 2.0816681711721685e-17, 9.002510510582876e-06, 2.3451803969210065e-14, 9.024786954614173e-13, 0.0, 0.0, 0.0, 0.0, 0.0, 0.0, 0.0, 4.95510499007779e-06, 1.0, 0.0, 5.551115123125783e-17, 0.0, 0.0, 0.0, 1.729742718864388e-05, 0.0, 9.094947017729282e-13, 4.555586956870431e-06, 0.0, 1.1370757858658308e-13, 0.0, 0.0, 2.0652045709622087e-06, 0.0, 7.6180693269958785e-06, 2.6614890839251876e-13, 0.0, 0.0, 1.5258789858307864e-05, 9.094947017729282e-13, 0.0, 1.669403181546797e-05, 0.0, 6.788761696388773e-06, 0.0, 0.0, 0.0, 0.0, 0.0, 9.780401680990173e-06, 0.0, 4.5398948021220395e-13, 3.4112296320998325e-13, 0.0, 2.27373675443232e-13, 0.0, 3.9970520389692286e-06, 5.612795345001708e-06, 0.0, 5.808921719565435e-06, 3.8146972656249996e-06, 0.0, 0.0, 7.553761668837503e-06, 7.143779385127763e-06, 1.7970824780870865e-05, 0.0, 3.410605131648481e-13, 0.0, 9.593995970776261e-13, 9.99051895650848e-06, 2.0318758582273746e-05], [0.0, 0.0, 5.445255591237782e-10, 8.746976650195233e-09, 0.0, 5.87277442826379e-11, 9.550680001993226e-08, 0.0, 0.0, 1.0373991403494913e-07, 1.818989403545856e-12, 3.554753419920964e-08, 8.218613077893605e-15, 7.886427181603889e-11, 1.4210854715240778e-14, 0.0, 0.0, 3.726453820876187e-08, 7.143376306086208e-15, 2.816917252507296e-08, 6.462348535570529e-27, 0.0, 0.0, 0.0, 2.7322027559732166e-12, 2.5849394142282115e-26, 1.158333074357943e-14, 3.210697251235285e-08, 0.0, 3.5100907349219976e-08, 0.0, 1.0, 2.9374620432769866e-10, 3.726199793163687e-09, 0.0, 0.0