"{\"names\": [\"172.217.10.1\", \"104.88.86.240\", \"38.93.140.48\", \"192.168.10.15\", \"104.88.108.223\", \"195.142.105.15\", \"172.217.12.163\", \"206.217.206.48\", \"172.217.6.228\", \"178.255.83.1\", \"74.119.118.82\", \"192.168.10.9\", \"172.217.7.6\", \"35.186.227.40\", \"31.13.71.36\", \"206.126.112.142\", \"151.101.2.49\", \"192.168.10.25\", \"172.217.3.98\", \"192.168.10.16\", \"72.30.202.150\", \"172.217.12.132\", \"50.31.164.173\", \"162.208.20.178\", \"23.15.4.16\", \"216.58.217.99\", \"172.217.6.198\", \"172.217.12.174\", \"169.46.44.40\", \"192.168.10.17\", \"52.84.143.130\", \"104.19.195.102\", \"216.200.232.61\", \"104.97.73.166\", \"152.163.13.79\", \"192.229.163.25\", \"74.119.118.86\", \"54.225.188.92\", \"188.165.145.88\", \"192.168.10.14\", \"8.43.72.98\", \"199.96.57.6\", \"68.67.178.110\", \"104.88.70.158\", \"192.168.10.19\", \"69.172.216.56\", \"157.240.18.35\", \"172.217.11.34\", \"185.54.150.20\", \"69.169.85.7\", \"198.232.124.194\", \"74.119.118.72\", \"172.217.12.134\", \"192.168.10.5\", \"23.111.9.30\", \"192.168.10.8\", \"151.101.66.2\", \"68.67.178.199\", \"213.239.195.215\", \"138.108.7.20\", \"52.84.145.87\", \"192.168.10.50\", \"52.84.145.198\", \"52.40.24.51\", \"212.77.100.137\", \"185.54.150.115\", \"172.217.10.138\", \"152.163.66.165\", \"52.84.137.78\", \"192.168.10.51\", \"68.67.178.109\", \"129.146.14.96\", \"54.152.24.232\", \"172.217.10.33\", \"52.8.229.108\", \"192.168.10.12\", \"64.147.131.201\", \"172.217.12.206\", \"68.67.180.12\", \"172.217.10.134\", \"38.69.238.16\", \"172.217.10.142\", \"192.168.10.3\", \"172.217.6.202\"], \"funcEdges\": [[1.0, 0.0, 0.0, 0.0, 0.0, 0.0, 0.0, 0.0, 0.0, 0.0, 0.0, 0.0, 0.0, 0.0, 0.0, 0.0, 0.0, 0.0, 0.0, 0.0, 0.0, 0.0, 0.0, 0.0, 0.0, 0.0, 0.0, 0.0, 0.0, 0.0, 0.0, 0.0, 0.0, 0.0, 0.0, 0.0, 0.0, 0.0, 0.0, 0.0, 0.0, 0.0, 0.0, 0.0, 0.0, 0.0, 0.0, 0.0, 0.0, 0.0, 0.0, 0.0, 0.0, 0.0, 0.0, 0.0, 0.0, 0.0, 0.0, 0.0, 0.0, 0.0, 0.0, 0.0, 0.0, 0.0, 0.0, 0.0, 0.0, 0.0, 0.0, 0.0, 0.0, 0.0, 0.0, 0.0, 0.0, 0.0, 0.0, 0.0, 0.0, 0.0, 0.0, 0.0], [0.0, 1.0, 0.0, 0.00040348532666789453, 0.0, 0.0, 0.0, 0.0, 0.00026055636569278275, 0.00045074415995555276, 6.379250102781102e-05, 0.00023013803711627838, 0.0, 0.0, 0.00016670338505927795, 0.0, 0.0, 0.00017044290579789386, 0.00029478565279754995, 0.00017999938542375777, 9.836399519527368e-08, 7.2620122838866485e-06, 0.0, 0.0, 1.3942199017551578e-06, 1.1680077279964342e-06, 6.506507038900407e-05, 0.00044824146451473825, 0.0, 0.00023242296114316558, 0.0, 0.0, 0.0, 0.0, 0.0, 0.0, 0.0, 0.0, 0.0, 0.00022994138046247118, 0.0, 1.69549967031219e-05, 0.0, 0.0, 0.00037361428835495225, 0.0002413727395052772, 5.901839711716423e-07, 1.8029707973335076e-06, 0.0, 0.0, 1.52587890625e-05, 4.76837158203125e-07, 0.0, 0.00044326036414557015, 0.0, 0.0002957260487597177, 0.0, 0.0, 0.0, 0.0, 3.114687274657157e-06, 0.00032084655786025377, 0.0, 0.0, 0.0, 0.0, 0.0, 0.0, 0.0, 0.0002914878212555113, 0.0, 0.0, 0.0, 0.0, 0.0, 0.00016636568868940734, 0.0, 0.0002631510070623226, 0.0, 0.0, 0.0, 5.612358944777237e-06, 0.0005259879767577067, 0.0], [0.0, 0.0, 1.0, 0.0, 0.0, 0.0, 0.0, 0.0, 0.0, 0.0, 0.0, 0.0, 0.0, 0.0, 0.0, 0.0, 0.0, 0.0, 0.0, 0.0, 0.0, 0.0, 0.0, 0.0, 0.0, 0.0, 0.0, 0.0, 0.0, 0.0, 0.0, 0.0, 0.0, 0.0, 0.0, 0.0, 0.0, 0.0, 0.0, 0.0, 0.0, 0.0, 0.0, 0.0, 0.0, 0.0, 0.0, 0.0, 0.0, 0.0, 0.0, 0.0, 0.0, 0.0, 0.0, 0.0, 0.0, 0.0, 0.0, 0.0, 0.0, 0.0, 0.0, 0.0, 0.0, 0.0, 0.0, 0.0, 0.0, 0.0, 0.0, 0.0, 0.0, 0.0, 0.0, 0.0, 0.0, 0.0, 0.0, 0.0, 0.0, 0.0, 0.0, 0.0], [0.0, 0.00040348532666789453, 0.0, 1.0, 0.0, 0.0, 0.2755097101141605, 0.0, 0.0006239342539633326, 0.09697736704625942, 0.0019059643473535134, 0.5463223871378854, 2.8518436883303916e-11, 0.0, 0.04061036080472177, 0.0, 0.0, 0.18599704690393007, 0.032177184395086114, 0.3515789433553404, 0.0009373454698196665, 2.0881840743569892e-05, 0.04854053096961748, 0.0, 3.7902136921226947e-06, 3.3008983842797962e-06, 0.001157281653066172, 0.010505830112478659, 0.0, 0.27288916228101523, 0.0, 1.2408468317067448e-09, 0.0, 3.8797282972273616e-11, 0.0, 0.0, 0.0201048833068351, 0.0, 0.0, 0.6976825184611337, 0.0006203813097106264, 0.12065001877233977, 0.0, 0.0021089381026820836, 0.5772184442631082, 0.007672496406166647, 1.0745132783673386e-06, 1.5007683752885378e-06, 0.12466437977948407, 0.0, 9.536439281141413e-06, 0.12373486734442866, 2.8146489565688352e-11, 0.27916860804531296, 0.00635374595163915, 0.49531673252167263, 0.0, 1.5106958891117094e-09, 0.0, 5.004520820171614e-07, 3.957270539348442e-05, 0.560232276099727, 0.0, 5.220271504392238e-11, 0.0, 0.14062499999999997, 1.1807943981310478e-07, 8.608281934526118e-12, 0.0, 0.1677333825991383, 0.12469132065564821, 0.0, 4.058498414112615e-11, 1.1854418395880176e-07, 0.0, 0.320327166063369, 0.29350879677127567, 0.0007388309975226731, 8.463008561953647e-12, 0.0, 0.0006203802511181623, 0.30897473562824507, 0.6214523614379723, 0.0], [0.0, 0.0, 0.0, 0.0, 1.0, 0.0, 0.0, 0.0, 0.0, 0.0, 0.0, 0.0, 0.0, 0.0, 0.0, 0.0, 0.0, 0.0, 0.0, 0.0, 0.0, 0.0, 0.0, 0.0, 0.0, 0.0, 0.0, 0.0, 0.0, 0.0, 0.0, 0.0, 0.0, 0.0, 0.0, 0.0, 0.0, 0.0, 0.0, 0.0, 0.0, 0.0, 0.0, 0.0, 0.0, 0.0, 0.0, 0.0, 0.0, 0.0, 0.0, 0.0, 0.0, 0.0, 0.0, 0.0, 0.0, 0.0, 0.0, 0.0, 0.0, 0.0, 0.0, 0.0, 0.0, 0.0, 0.0, 0.0, 0.0, 0.0, 0.0, 0.0, 0.0, 0.0, 0.0, 0.0, 0.0, 0.0, 0.0, 0.0, 0.0, 0.0, 0.0, 0.0], [0.0, 0.0, 0.0, 0.0, 0.0, 1.0, 0.0, 0.0, 0.0, 0.0, 0.0, 0.0, 0.0, 0.0, 0.0, 0.0, 0.0, 0.0, 0.0, 0.0, 0.0, 0.0, 0.0, 0.0, 0.0, 0.0, 0.0, 0.0, 0.0, 0.0, 0.0, 0.0, 0.0, 0.0, 0.0, 0.0, 0.0, 0.0, 0.0, 0.0, 0.0, 0.0, 0.0, 0.0, 0.0, 0.0, 0.0, 0.0, 0.0, 0.0, 0.0, 0.0, 0.0, 0.0, 0.0, 0.0, 0.0, 0.0, 0.0, 0.0, 0.0, 0.0, 0.0, 0.0, 0.0, 0.0, 0.0, 0.0, 0.0, 0.0, 0.0, 0.0, 0.0, 0.0, 0.0, 0.0, 0.0, 0.0, 0.0, 0.0, 0.0, 0.0, 0.0, 0.0], [0.0, 0.0, 0.0, 0.2755097101141605, 0.0, 0.0, 1.0, 0.0, 0.0, 0.5170837987266016, 0.0, 0.2327312797108957, 0.0, 0.0, 0.022671132815937863, 0.0, 0.0, 0.4021939832028678, 0.12331370635732394, 0.47294049103620295, 0.0, 0.0, 0.47131178043594146, 0.0, 0.0, 0.0, 0.0, 0.0, 0.0, 0.2305617126523822, 0.0, 0.0, 0.0, 0.0, 0.0, 0.0, 0.024125859968202126, 0.0, 0.0, 0.33484807269898625, 0.0, 0.1251484783875652, 0.0, 0.0, 0.21073971338988115, 0.0, 0.0, 0.0, 0.12446837129004704, 0.0, 0.0, 0.12301228020375903, 0.0, 0.5793973815167227, 0.0, 0.4205760258536222, 0.0, 0.0, 0.0, 0.0, 0.0, 0.3989989517977555, 0.0, 0.0, 0.0, 0.18719123048765823, 0.0, 0.0, 0.0, 0.5820932004295916, 0.12417763157894737, 0.0, 0.0, 0.0, 0.0, 0.36656320595870073, 0.4123537616657981, 0.24999999999999992, 0.0, 0.0, 0.0, 0.42494521357147297, 0.6251469110882241, 0.0], [0.0, 0.0, 0.0, 0.0, 0.0, 0.0, 0.0, 1.0, 0.0, 0.0, 0.0, 0.0, 0.0, 0.0, 0.0, 0.0, 0.0, 0.0, 0.0, 0.0, 0.0, 0.0, 0.0, 0.0, 0.0, 0.0, 0.0, 0.0, 0.0, 0.0, 0.0, 0.0, 0.0, 0.0, 0.0, 0.0, 0.0, 0.0, 0.0, 0.0, 0.0, 0.0, 0.0, 0.0, 0.0, 0.0, 0.0, 0.0, 0.0, 0.0, 0.0, 0.0, 0.0, 0.0, 0.0, 0.0, 0.0, 0.0, 0.0, 0.0, 0.0, 0.0, 0.0, 0.0, 0.0, 0.0, 0.0, 0.0, 0.0, 0.0, 0.0, 0.0, 0.0, 0.0, 0.0, 0.0, 0.0, 0.0, 0.0, 0.0, 0.0, 0.0, 0.0, 0.0], [0.0, 0.00026055636569278275, 0.0, 0.0006239342539633326, 0.0, 0.0, 0.0, 0.0, 1.0, 0.0003435441294887695, 6.97236206712238e-05, 0.0004786412468428612, 0.0, 0.0, 0.0004993901146437842, 0.0, 0.0, 0.00036102799055365384, 0.0002825178089719987, 0.00039973323328423393, 0.0, 1.653791225774525e-05, 0.0, 0.0, 1.6743605745090943e-05, 7.592050231976822e-06, 0.00010377524696935817, 0.0003904934128171683, 0.0, 0.00025364387772162066, 0.0, 0.0, 0.0, 0.0, 0.0, 0.0, 0.0, 0.0, 0.0, 0.0004832352868339684, 0.0, 1.52587890625e-05, 0.0, 6.5853348272144625e-06, 0.00041426198513913083, 9.750018760415224e-05, 0.0, 0.0, 0.0, 0.0, 1.8331945315200082e-05, 0.0, 0.0, 0.00011954863450817296, 0.0, 0.0005247556228095767, 0.0, 0.0, 0.0, 0.0, 1.0592997922039206e-05, 0.00032208031034801826, 0.0, 0.0, 0.0, 0.0, 0.0, 0.0, 0.0, 0.0004136065905159134, 0.0, 0.0, 0.0, 0.0, 0.0, 0.0006394075604375321, 0.0, 0.00018526652713005186, 0.0, 0.0, 0.0, 0.0, 0.00030008240691742143, 0.0], [0.0, 0.00045074415995555276, 0.0, 0.09697736704625942, 0.0, 0.0, 0.5170837987266016, 0.0, 0.0003435441294887695, 1.0, 0.0023884522293858962, 0.23034104643330333, 3.045743902202944e-11, 0.0, 0.07053274544052157, 0.0, 0.0, 0.5450548225679768, 0.23055024009414474, 0.6371965656699897, 0.001225335633895288, 1.9659612798459e-05, 0.3843284289085317, 0.0, 1.0791758789896474e-05, 3.7357387359434584e-06, 0.0004656746531425713, 0.024211838712671917, 0.0, 0.1432374760216215, 0.0, 1.0694484029919083e-09, 0.0, 1.8375357898200424e-11, 0.0, 0.0, 0.05658814958360895, 0.0, 0.0, 0.111756091803006, 0.0016219593873570003, 0.09080685109299978, 0.0, 3.815772252169711e-06, 0.04812914204961755, 7.773777395145142e-05, 5.203651182585662e-07, 3.036643445627566e-06, 0.0489928195216112, 0.0, 6.474179472992984e-05, 0.05926232545288025, 1.491960083118294e-11, 0.7327700437980338, 0.0001641919342614057, 0.234966786120581, 0.0, 3.750372499528109e-09, 0.0, 2.4290774621265675e-07, 3.019729085717064e-05, 0.3124898342027144, 0.0, 5.182691516597896e-11, 0.0, 0.07268820604462103, 6.809335671249401e-08, 1.328402037579911e-11, 0.0, 0.5186521571114062, 0.05497009239262565, 0.0, 1.212411843921539e-11, 3.789768663414724e-08, 0.0, 0.5338006147517028, 0.48253717380690475, 0.016856716348261334, 2.68070384352423e-11, 0.0, 0.001621958967211333, 0.5169363545344811, 0.2762230969209454, 0.0], [0.0, 6.379250102781102e-05, 0.0, 0.0019059643473535134, 0.0, 0.0, 0.0, 0.0, 6.97236206712238e-05, 0.0023884522293858962, 1.0, 0.0026596761825237888, 0.0, 0.0, 0.0012974856319575793, 0.0, 0.0, 0.0019009707120426203, 0.0007477646074668735, 0.0018848267558407355, 0.0002449503507282378, 1.8922759731602877e-05, 0.0, 0.0, 1.7184150046770917e-05, 2.442883087842581e-06, 0.00026321411132812495, 0.00030816402546355464, 0.0, 0.0006930051194141554, 0.0, 0.0, 0.0, 0.0, 0.0, 0.0, 0.0, 0.0, 0.0, 0.0014635944530956247, 0.000244140625, 1.5430294658549482e-05, 0.0, 1.52587890625e-05, 0.0012521945845575554, 1.5977714819866926e-05, 5.420657271907342e-07, 3.2214447846019103e-07, 0.0, 0.0, 1.9073486328125e-05, 1.6355379595042124e-07, 0.0, 0.0006986105097461118, 0.0, 0.004271835232593524, 0.0, 0.0, 0.0, 5.960464477539062e-08, 6.601209948459264e-06, 0.0026600243877676396, 0.0, 0.0, 0.0, 0.0, 4.401029102251313e-08, 0.0, 0.0, 0.002228886549506989, 2.3246213649508652e-07, 0.0, 0.0, 5.4805748298224095e-08, 0.0, 0.0018698791868585105, 0.0, 3.351601450242834e-05, 0.0, 0.0, 0.00024414062500000005, 7.711466133981494e-07, 0.001607052903160564, 0.0], [0.0, 0.00023013803711627838, 0.0, 0.5463223871378854, 0.0, 0.0, 0.2327312797108957, 0.0, 0.0004786412468428612, 0.23034104643330333, 0.0026596761825237888, 1.0, 4.220602492761333e-11, 0.0, 0.0577673580969649, 0.0, 0.0, 0.32469978468536664, 0.07316498354402014, 0.47894330654719414, 0.0020878315932140066, 3.168075963371597e-05, 0.2626588395236905, 0.0, 8.434647878504954e-06, 5.915928616245363e-06, 0.001114436865045595, 0.03565239748115375, 0.0, 0.19934948955670834, 0.0, 1.338237014402589e-09, 0.0, 4.3369664106485075e-11, 0.0, 0.0, 0.0562936732591383, 0.0, 0.0, 0.5354264933166852, 0.0007284949097624415, 0.07972710925243323, 0.0, 0.003636988641534415, 0.5313754800039849, 0.0004171695722892671, 8.172366007230699e-07, 1.9189214060183894e-06, 0.03610733061092284, 0.0, 3.080901595466814e-05, 0.04414544106620888, 2.8971447811733615e-11, 0.27260202511121034, 0.009844620427844697, 0.7857154493611315, 0.0, 3.5230746682564507e-09, 0.0, 3.852965107389063e-07, 1.830317660250801e-05, 0.5623536675665847, 0.0, 7.658000260401727e-11, 0.0, 0.05116967440716411, 8.652860469075447e-08, 4.951272021818202e-11, 0.0, 0.21365633058298106, 0.03988921509549281, 0.0, 3.206873438534201e-11, 5.897851414981621e-08, 0.0, 0.31386184133631134, 0.5395861252813247, 0.05798493826921707, 5.5531496593721104e-11, 0.0, 0.0007284947940813535, 0.1684648263617898, 0.648745238205042, 0.0], [0.0, 0.0, 0.0, 2.8518436883303916e-11, 0.0, 0.0, 0.0, 0.0, 0.0, 3.045743902202944e-11, 0.0, 4.220602492761333e-11, 1.0, 0.0, 0.0, 0.0, 0.0, 4.118313177838792e-11, 2.1827872842550278e-11, 2.9539814503327413e-11, 1.4551915228366855e-11, 0.0, 0.0, 0.0, 0.0, 0.0, 0.0, 6.830541111338788e-11, 0.0, 1.937236239786994e-11, 0.0, 0.0, 0.0, 0.0, 0.0, 0.0, 0.0, 0.0, 0.0, 1.9692300949430306e-11, 0.0, 0.0, 0.0, 0.0, 4.270495127425274e-11, 0.0, 2.9103830456733704e-11, 0.0, 0.0, 0.0, 0.0, 0.0, 2.9103830456733704e-11, 4.4539637267649085e-11, 0.0, 2.365532354537815e-11, 0.0, 1.6337184916128505e-11, 0.0, 7.275957614183424e-12, 1.4551915228366849e-11, 5.119978449632988e-11, 0.0, 1.4551915228366852e-11, 0.0, 0.0, 0.0, 1.455191522836685e-11, 0.0, 2.7218673191507518e-11, 0.0, 0.0, 2.9103830456733704e-11, 0.0, 0.0, 2.4804521507221103e-11, 0.0, 1.455191522836685e-11, 3.275398229813967e-11, 0.0, 0.0, 0.0, 5.490855976277794e-11, 0.0], [0.0, 0.0, 0.0, 0.0, 0.0, 0.0, 0.0, 0.0, 0.0, 0.0, 0.0, 0.0, 0.0, 1.0, 0.0, 0.0, 0.0, 0.0, 0.0, 0.0, 0.0, 0.0, 0.0, 0.0, 0.0, 0.0, 0.0, 0.0, 0.0, 0.0, 0.0, 0.0, 0.0, 0.0, 0.0, 0.0, 0.0, 0.0, 0.0, 0.0, 0.0, 0.0, 0.0, 0.0, 0.0, 0.0, 0.0, 0.0, 0.0, 0.0, 0.0, 0.0, 0.0, 0.0, 0.0, 0.0, 0.0, 0.0, 0.0, 0.0, 0.0, 0.0, 0.0, 0.0, 0.0, 0.0, 0.0, 0.0, 0.0, 0.0, 0.0, 0.0, 0.0, 0.0, 0.0, 0.0, 0.0, 0.0, 0.0, 0.0, 0.0, 0.0, 0.0, 0.0], [0.0, 0.00016670338505927795, 0.0, 0.04061036080472177, 0.0, 0.0, 0.022671132815937863, 0.0, 0.0004993901146437842, 0.07053274544052157, 0.0012974856319575793, 0.0577673580969649, 0.0, 0.0, 1.0, 0.0, 0.0, 0.05683293941688619, 0.016419190160097682, 0.05066983212167901, 0.0008091146087641666, 3.6886498198227643e-08, 0.0, 0.0, 0.0, 8.164623347208305e-08, 0.0004262645648107299, 0.004562952096373481, 0.0, 0.133283855594096, 0.0, 2.7939677238464355e-09, 0.0, 0.0, 0.0, 0.0, 0.0, 0.0, 0.0, 0.05299556927516628, 0.0014278447551552044, 0.03938287922593292, 0.0, 2.793967723846435e-09, 0.00831569232656591, 0.0001223439384794376, 7.780529688210027e-09, 1.813867621211271e-08, 0.029623218957501155, 0.0, 0.0, 0.03666177875533831, 0.0, 0.05873491326970694, 0.00390625, 0.1031707021730312, 0.0, 9.313225746154783e-10, 0.0, 0.0, 0.0, 0.05240816116548484, 0.0, 0.0, 0.0, 0.03125000000000001, 5.648670086906293e-08, 0.0, 0.0, 0.02126045904451523, 0.03400669922390679, 0.0, 0.0, 4.169285495845285e-08, 0.0, 0.01829089191235968, 0.03125, 0.0006483767195273092, 0.0, 0.0, 0.0014278444059092389, 0.0014610788924376591, 0.0695547826408528, 0.0], [0.0, 0.0, 0.0, 0.0, 0.0, 0.0, 0.0, 0.0, 0.0, 0.0, 0.0, 0.0, 0.0, 0.0, 0.0, 1.0, 0.0, 0.0, 0.0, 0.0, 0.0, 0.0, 0.0, 0.0, 0.0, 0.0, 0.0, 0.0, 0.0, 0.0, 0.0, 0.0, 0.0, 0.0, 0.0, 0.0, 0.0, 0.0, 0.0, 0.0, 0.0, 0.0, 0.0, 0.0, 0.0, 0.0, 0.0, 0.0, 0.0, 0.0, 0.0, 0.0, 0.0, 0.0, 0.0, 0.0, 0.0, 0.0, 0.0, 0.0, 0.0, 0.0, 0.0, 0.0, 0.0, 0.0, 0.0, 0.0, 0.0, 0.0, 0.0, 0.0, 0.0, 0.0, 0.0, 0.0, 0.0, 0.0, 0.0, 0.0, 0.0, 0.0, 0.0, 0.0], [0.0, 0.0, 0.0, 0.0, 0.0, 0.0, 0.0, 0.0, 0.0, 0.0, 0.0, 0.0, 0.0, 0.0, 0.0, 0.0, 1.0, 0.0, 0.0, 0.0, 0.0, 0.0, 0.0, 0.0, 0.0, 0.0, 0.0, 0.0, 0.0, 0.0, 0.0, 0.0, 0.0, 0.0, 0.0, 0.0, 0.0, 0.0, 0.0, 0.0, 0.0, 0.0, 0.0, 0.0, 0.0, 0.0, 0.0, 0.0, 0.0, 0.0, 0.0, 0.0, 0.0, 0.0, 0.0, 0.0, 0.0, 0.0, 0.0, 0.0, 0.0, 0.0, 0.0, 0.0, 0.0, 0.0, 0.0, 0.0, 0.0, 0.0, 0.0, 0.0, 0.0, 0.0, 0.0, 0.0, 0.0, 0.0, 0.0, 0.0, 0.0, 0.0, 0.0, 0.0], [0.0, 0.00017044290579789386, 0.0, 0.18599704690393007, 0.0, 0.0, 0.4021939832028678, 0.0, 0.00036102799055365384, 0.5450548225679768, 0.0019009707120426203, 0.32469978468536664, 4.118313177838792e-11, 0.0, 0.05683293941688619, 0.0, 0.0, 1.0, 0.24111912142717962, 0.1348967520933102, 0.0003032581034629885, 2.4254221193083478e-05, 0.13868228509069216, 0.0, 6.042684322480578e-06, 1.9444663015333498e-06, 0.001233464367465828, 0.026235694230526956, 0.0, 0.2611581049475518, 0.0, 1.5383221339407866e-09, 0.0, 5.582624783753734e-11, 0.0, 0.0, 0.008012573244856238, 0.0, 0.0, 0.18104062057250145, 0.0017962838620825057, 0.11653647847592996, 0.0, 0.005453909883723448, 0.10969174632320125, 0.0012085851828056889, 8.795273461526368e-07, 1.9450519005563573e-06, 0.08984045919595597, 0.0, 2.7689891240282572e-05, 0.08730033561616297, 3.212300711663362e-11, 0.5498096154334411, 0.003455670847380401, 0.22877192998263196, 0.0, 9.239800893294105e-10, 0.0, 1.8995889259464203e-07, 1.7361912934854868e-05, 0.5941467408170543, 0.0, 9.132910330220533e-11, 0.0, 0.10574671504467673, 7.308184652170074e-08, 4.045106173763024e-11, 0.0, 0.46244732097270075, 0.08740287402468132, 0.0, 3.8984556614544625e-11, 5.938255526841254e-08, 0.0, 0.47391440871498397, 0.6935080607886872, 0.13329028417022246, 4.422175892653865e-11, 0.0, 0.0017962833795892843, 0.3808864170647868, 0.22715997890704942, 0.0], [0.0, 0.00029478565279754995, 0.0, 0.032177184395086114, 0.0, 0.0, 0.12331370635732394, 0.0, 0.0002825178089719987, 0.23055024009414474, 0.0007477646074668735, 0.07316498354402014, 2.1827872842550278e-11, 0.0, 0.016419190160097682, 0.0, 0.0, 0.24111912142717962, 1.0, 0.12566307152318512, 0.0009307571465409856, 1.5881927545889027e-06, 0.06250000000567361, 0.0, 0.0, 0.0, 0.00046744532489139046, 0.017509251489842954, 0.0, 0.059673740079578756, 0.0, 0.0, 0.0, 9.094947017729281e-13, 0.0, 0.0, 0.022037686965326188, 0.0, 0.0, 0.03865881446337606, 0.0023708733097400846, 0.001243458500532691, 0.0, 0.00023550816534906462, 0.042428216400769145, 0.0020846466729229646, 9.369270935850098e-07, 1.4214201381375762e-06, 0.0, 0.0, 0.0, 1.9055179877676013e-06, 9.632101236315909e-12, 0.2789563531009626, 0.00390625, 0.09415259857034775, 0.0, 1.6337184916128512e-11, 0.0, 2.8747557875341927e-07, 1.4551915228366855e-11, 0.30575418418564354, 0.0, 2.2134310421726392e-11, 0.0, 0.06081370635732397, 0.0, 1.4551915228366852e-11, 0.0, 0.13099276497095147, 4.102567948661786e-08, 0.0, 1.2480543309200806e-11, 0.0, 0.0, 0.27991697660204806, 0.10068724138116791, 0.06691411034671732, 2.3718400974514938e-11, 0.0, 0.002370873310194832, 0.14605275033388976, 0.215238472506195, 0.0], [0.0, 0.00017999938542375777, 0.0, 0.3515789433553404, 0.0, 0.0, 0.47294049103620295, 0.0, 0.00039973323328423393, 0.6371965656699897, 0.0018848267558407355, 0.47894330654719414, 2.9539814503327413e-11, 0.0, 0.05066983212167901, 0.0, 0.0, 0.1348967520933102, 0.12566307152318512, 1.0, 0.0010127540540923563, 4.3263193276511856e-05, 0.2689188938048935, 0.0, 7.3193215164263965e-06, 1.2428090229385812e-06, 0.0005862385458579482, 0.01266724857484436, 0.0, 0.306963612887867, 0.0, 9.610739595178204e-10, 0.0, 1.2844489338876742e-11, 0.0, 0.0, 0.026642184381522396, 0.0, 0.0, 0.3271283357966464, 0.0012213612190421714, 0.08794637184631388, 0.0, 0.0025246518888365783, 0.2259006499500919, 0.0015814228654586885, 1.878116560573152e-06, 3.4064777123489182e-06, 0.07117801221732917, 0.0, 3.2466985427148295e-06, 0.08554496370332168, 7.611642972287147e-12, 0.4748941964146556, 0.004827103511036453, 0.41341453430787084, 0.0, 9.497396487177633e-10, 0.0, 4.715590406620477e-07, 2.033979949908251e-05, 0.2891245961179906, 0.0, 4.653119223020657e-11, 0.0, 0.10689100905008098, 2.786544273111012e-08, 1.0274718088113885e-11, 0.0, 0.4923319856185522, 0.07934906866022878, 0.0, 7.280057582155173e-12, 3.491012233436596e-08, 0.0, 0.3149724825270822, 0.2868040552893179, 0.09690760466556832, 3.1699543186156485e-11, 0.0, 0.0012213604944285518, 0.6942882288005257, 0.36715718659090807, 0.0], [0.0, 9.836399519527368e-08, 0.0, 0.0009373454698196665, 0.0, 0.0, 0.0, 0.0, 0.0, 0.001225335633895288, 0.0002449503507282378, 0.0020878315932140066, 1.4551915228366855e-11, 0.0, 0.0008091146087641666, 0.0, 0.0, 0.0003032581034629885, 0.0009307571465409856, 0.0010127540540923563, 1.0, 1.2275022038360691e-06, 0.0, 0.0, 0.0, 5.205098252060707e-09, 0.000244140625, 0.0002444165034825837, 0.0, 0.0024315908146400047, 0.0, 4.656612873077393e-10, 0.0, 0.0, 0.0, 0.0, 0.0, 0.0, 0.0, 0.001641935572663023, 0.000732421875, 7.098589220097314e-07, 0.0, 1.3969838619232178e-09, 0.0019086053803077855, 3.2119211779725566e-07, 2.2827310765043216e-06, 9.551396368215573e-07, 0.0, 0.0, 0.0, 5.901839711716422e-07, 0.0, 0.001103182405726127, 0.0, 0.0013539520445262842, 0.0, 9.476597595316069e-10, 0.0, 1.1920928955078128e-07, 1.4551915228366852e-11, 0.0006960790394410587, 0.0, 1.4551915228366855e-11, 0.0, 0.0, 0.0, 5.820766091346741e-11, 0.0, 0.0004672233231541984, 0.0, 0.0, 0.0, 0.0, 0.0, 0.001654697224375555, 0.0, 0.0004904665687596106, 3.840122062540513e-11, 0.0, 0.000732421875, 0.00021491722032412859, 0.0009380239033568634, 0.0], [0.0, 7.2620122838866485e-06, 0.0, 2.0881840743569892e-05, 0.0, 0.0, 0.0, 0.0, 1.653791225774525e-05, 1.9659612798459e-05, 1.8922759731602877e-05, 3.168075963371597e-05, 0.0, 0.0, 3.6886498198227643e-08, 0.0, 0.0, 2.4254221193083478e-05, 1.5881927545889027e-06, 4.3263193276511856e-05, 1.2275022038360691e-06, 1.0, 0.0, 0.0, 1.8035481210363128e-05, 2.890187168293734e-06, 1.4100553098456154e-05, 9.294255382964252e-06, 0.0, 2.87153844003057e-05, 0.0, 0.0, 0.0, 0.0, 0.0, 0.0, 0.0, 0.0, 0.0, 1.0743054124527595e-05, 0.0, 2.95399670565578e-06, 0.0, 1.52587890625e-05, 2.9968427299380187e-05, 1.340962386824983e-06, 1.46592485939046e-06, 1.9677183567614232e-06, 0.0, 0.0, 3.814697265625001e-06, 8.80576859884489e-07, 6.366462912410497e-12, 1.90795936082552e-05, 0.0, 3.608536792643914e-05, 0.0, 0.0, 0.0, 1.7847167324213542e-07, 2.6339286570998813e-05, 1.703329409941697e-05, 0.0, 5.587239211315089e-13, 0.0, 0.0, 3.72369943201053e-08, 0.0, 0.0, 1.4771074948158729e-05, 2.3246213649508657e-07, 0.0, 0.0, 1.7490601140600497e-08, 0.0, 1.6308525969547027e-05, 0.0, 3.159406622749983e-05, 0.0, 0.0, 5.587239211315088e-13, 4.9942773373474885e-06, 3.000163661323277e-05, 0.0], [0.0, 0.0, 0.0, 0.04854053096961748, 0.0, 0.0, 0.47131178043594146, 0.0, 0.0, 0.3843284289085317, 0.0, 0.2626588395236905, 0.0, 0.0, 0.0, 0.0, 0.0, 0.13868228509069216, 0.06250000000567361, 0.2689188938048935, 0.0, 0.0, 1.0, 0.0, 0.0, 0.0, 0.0, 3.439871660164155e-12, 0.0, 0.3061862178491768, 0.0, 0.0, 0.0, 9.094947017729282e-13, 0.0, 0.0, 0.0, 0.0, 0.0, 0.12500000000203368, 0.0, 4.547473508864641e-12, 0.0, 0.0, 0.1250000000004284, 1.4234377272069303e-12, 4.749636208801793e-12, 0.0, 0.0, 0.0, 0.0, 0.0, 9.094947017729281e-13, 0.2601423537750756, 0.0, 0.4514228572394233, 0.0, 0.0, 0.0, 9.094947017729282e-13, 0.0, 0.3219573806018871, 0.0, 7.275957614183426e-12, 0.0, 0.0, 0.0, 0.0, 0.0, 0.11906355449879016, 4.2164567828670355e-12, 0.0, 5.783602761824415e-12, 0.0, 0.0, 0.17265278139719567, 0.375, 0.062499999999999986, 0.0, 0.0, 0.0, 0.18749999999999997, 0.19220447812406305, 0.0], [0.0, 0.0, 0.0, 0.0, 0.0, 0.0, 0.0, 0.0, 0.0, 0.0, 0.0, 0.0, 0.0, 0.0, 0.0, 0.0, 0.0, 0.0, 0.0, 0.0, 0.0, 0.0, 0.0, 1.0, 0.0, 0.0, 0.0, 0.0, 0.0, 0.0, 0.0, 0.0, 0.0, 0.0, 0.0, 0.0, 0.0, 0.0, 0.0, 0.0, 0.0, 0.0, 0.0, 0.0, 0.0, 0.0, 0.0, 0.0, 0.0, 0.0, 0.0, 0.0, 0.0, 0.0, 0.0, 0.0, 0.0, 0.0, 0.0, 0.0, 0.0, 0.0, 0.0, 0.0, 0.0, 0.0, 0.0, 0.0, 0.0, 0.0, 0.0, 0.0, 0.0, 0.0, 0.0, 0.0, 0.0, 0.0, 0.0, 0.0, 0.0, 0.0, 0.0, 0.0], [0.0, 1.3942199017551578e-06, 0.0, 3.7902136921226947e-06, 0.0, 0.0, 0.0, 0.0, 1.6743605745090943e-05, 1.0791758789896474e-05, 1.7184150046770917e-05, 8.434647878504954e-06, 0.0, 0.0, 0.0, 0.0, 0.0, 6.042684322480578e-06, 0.0, 7.3193215164263965e-06, 0.0, 1.8035481210363128e-05, 0.0, 0.0, 1.0, 7.170905026024107e-06, 6.031565971695669e-06, 6.0316250761552195e-06, 0.0, 2.0997807615541296e-05, 0.0, 0.0, 0.0, 0.0, 0.0, 0.0, 0.0, 0.0, 0.0, 5.2867466008291065e-06, 0.0, 0.0, 0.0, 1.4073653933956563e-05, 1.70018330029089e-05, 0.0, 0.0, 0.0, 0.0, 0.0, 4.021043981130447e-06, 0.0, 0.0, 3.993020071152567e-06, 0.0, 1.245051921420502e-05, 0.0, 0.0, 0.0, 0.0, 8.455128050210466e-06, 1.1843008970807182e-05, 0.0, 0.0, 0.0, 0.0, 0.0, 0.0, 0.0, 7.1031335545603345e-06, 0.0, 0.0, 0.0, 0.0, 0.0, 1.1461790844335549e-05, 0.0, 9.052617687885133e-06, 0.0, 0.0, 0.0, 0.0, 9.615225206595316e-06, 0.0], [0.0, 1.1680077279964342e-06, 0.0, 3.3008983842797962e-06, 0.0, 0.0, 0.0, 0.0, 7.592050231976822e-06, 3.7357387359434584e-06, 2.442883087842581e-06, 5.915928616245363e-06, 0.0, 0.0, 8.164623347208305e-08, 0.0, 0.0, 1.9444663015333498e-06, 0.0, 1.2428090229385812e-06, 5.205098252060707e-09, 2.890187168293734e-06, 0.0, 0.0, 7.170905026024107e-06, 1.0, 0.0, 7.864569984082972e-08, 0.0, 7.335398817821315e-06, 0.0, 1.862645149230957e-09, 0.0, 0.0, 0.0, 0.0, 0.0, 0.0, 0.0, 2.4795998537816777e-06, 0.0, 2.9784284798737824e-08, 0.0, 3.767460977285675e-09, 3.5871326880392963e-06, 0.0, 5.840362214719378e-08, 3.2472730904835265e-08, 0.0, 0.0, 0.0, 0.0, 0.0, 2.45124766687379e-06, 0.0, 2.883793046613855e-06, 0.0, 1.5094766939301539e-09, 0.0, 0.0, 3.4968058268229165e-06, 5.0599443380086585e-06, 0.0, 0.0, 0.0, 0.0, 8.828983354720555e-08, 0.0, 0.0, 4.875106476894798e-06, 0.0, 0.0, 0.0, 6.928937406988469e-08, 0.0, 6.5790794087051025e-06, 0.0, 4.302099948049554e-08, 0.0, 0.0, 0.0, 1.0808117260544991e-07, 5.900293029815046e-06, 0.0], [0.0, 6.506507038900407e-05, 0.0, 0.001157281653066172, 0.0, 0.0, 0.0, 0.0, 0.00010377524696935817, 0.0004656746531425713, 0.00026321411132812495, 0.001114436865045595, 0.0, 0.0, 0.0004262645648107299, 0.0, 0.0, 0.001233464367465828, 0.00046744532489139046, 0.0005862385458579482, 0.000244140625, 1.4100553098456154e-05, 0.0, 0.0, 6.031565971695669e-06, 0.0, 1.0, 0.001172340797512424, 0.0, 0.0007601517241020031, 0.0, 0.0, 0.0, 0.0, 0.0, 0.0, 0.0, 0.0, 0.0, 0.00037691158905860713, 0.00024414062499999995, 1.5258789062499998e-05, 0.0, 3.814697265625001e-06, 0.0003163462872077062, 8.64254412831763e-05, 0.0, 0.0, 0.0, 0.0, 1.9073486328124997e-05, 0.0, 0.0, 0.0012227504679600623, 0.0, 0.0008612385438076988, 0.0, 0.0, 0.0, 0.0, 3.0296782647570913e-05, 0.00029921499556665674, 0.0, 0.0, 0.0, 0.0, 0.0, 0.0, 0.0, 0.0011240736904510442, 0.0, 0.0, 0.0, 0.0, 0.0, 0.00040043619731887326, 0.0, 0.0002700361271917672, 0.0, 0.0, 0.00024414062499999997, 0.0, 0.00035506501364447244, 0.0], [0.0, 0.00044824146451473825, 0.0, 0.010505830112478659, 0.0, 0.0, 0.0, 0.0, 0.0003904934128171683, 0.024211838712671917, 0.00030816402546355464, 0.03565239748115375, 6.830541111338788e-11, 0.0, 0.004562952096373481, 0.0, 0.0, 0.026235694230526956, 0.017509251489842954, 0.01266724857484436, 0.0002444165034825837, 9.294255382964252e-06, 3.439871660164155e-12, 0.0, 6.0316250761552195e-06, 7.864569984082972e-08, 0.001172340797512424, 1.0, 0.0, 0.02609154025022993, 0.0, 0.0, 0.0, 4.484117609454445e-11, 0.0, 0.0, 0.0, 0.0, 0.0, 0.020665608289821037, 0.00024414062499999995, 2.0682982782289695e-05, 0.0, 0.0025944045161053362, 0.052735953852253395, 0.002060200659477573, 5.142957125048111e-07, 1.2941980794584741e-06, 0.0, 0.0, 2.2618696049930556e-05, 1.878968953733394e-06, 2.0981631585282996e-11, 0.026843428786171915, 0.00390625, 0.016231001112754773, 0.0, 1.6295154527696155e-11, 0.0, 5.96373478151456e-08, 1.981872454668868e-05, 0.022945271678063237, 0.0, 6.126793914158444e-11, 0.0, 0.0, 1.1798993158646489e-07, 1.7813222720029458e-11, 0.0, 0.023856909823272265, 2.324652304808377e-07, 0.0, 1.797790440040695e-11, 1.1806744908469158e-07, 0.0, 0.00949031978397088, 0.0, 0.00830752592640521, 2.985336181543496e-11, 0.0, 0.000244140626084705, 0.012112801337491243, 0.03173709480187, 0.0], [0.0, 0.0, 0.0, 0.0, 0.0, 0.0, 0.0, 0.0, 0.0, 0.0, 0.0, 0.0, 0.0, 0.0, 0.0, 0.0, 0.0, 0.0, 0.0, 0.0, 0.0, 0.0, 0.0, 0.0, 0.0, 0.0, 0.0, 0.0, 1.0, 0.0, 0.0, 0.0, 0.0, 0.0, 0.0, 0.0, 0.0, 0.0, 0.0, 0.0, 0.0, 0.0, 0.0, 0.0, 0.0, 0.0, 0.0, 0.0, 0.0, 0.0, 0.0, 0.0, 0.0, 0.0, 0.0, 0.0, 0.0, 0.0, 0.0, 0.0, 0.0, 0.0, 0.0, 0.0, 0.0, 0.0, 0.0, 0.0, 0.0, 0.0, 0.0, 0.0, 0.0, 0.0, 0.0, 0.0, 0.0, 0.0, 0.0, 0.0, 0.0, 0.0, 0.0, 0.0], [0.0, 0.00023242296114316558, 0.0, 0.27288916228101523, 0.0, 0.0, 0.2305617126523822, 0.0, 0.00025364387772162066, 0.1432374760216215, 0.0006930051194141554, 0.19934948955670834, 1.937236239786994e-11, 0.0, 0.133283855594096, 0.0, 0.0, 0.2611581049475518, 0.059673740079578756, 0.306963612887867, 0.0024315908146400047, 2.87153844003057e-05, 0.3061862178491768, 0.0, 2.0997807615541296e-05, 7.335398817821315e-06, 0.0007601517241020031, 0.02609154025022993, 0.0, 1.0, 0.0, 3.2332894324405274e-10, 0.0, 1.211498057428373e-11, 0.0, 0.0, 0.027940931621663417, 0.0, 0.0, 0.25937094915867775, 0.0009127321159570989, 0.047795855649709104, 0.0, 0.0004753065750426917, 0.2782665816785829, 0.0005210134453557093, 1.4059775347807598e-06, 1.4465382880345384e-06, 0.029623218957501155, 0.0, 6.447895662474981e-05, 0.03666182772435551, 2.268551691244837e-11, 0.08196077019378345, 0.0043564587726935364, 0.5222050453641154, 0.0, 1.004739231820819e-09, 0.0, 3.019965158052243e-07, 1.8027027953905943e-05, 0.27323584424122227, 0.0, 8.156619883931102e-11, 0.0, 0.06465765523905306, 1.468654879184661e-07, 2.2797613240453704e-11, 0.0, 0.2609539620698415, 0.03400671063194443, 0.0, 2.206710720846438e-11, 1.1511336347698596e-07, 0.0, 0.3363582961109983, 0.23567157549485182, 0.008482022984868467, 1.7050947519557693e-11, 0.0, 0.0009127316769044155, 0.3419380841532031, 0.3260592123541421, 0.0], [0.0, 0.0, 0.0, 0.0, 0.0, 0.0, 0.0, 0.0, 0.0, 0.0, 0.0, 0.0, 0.0, 0.0, 0.0, 0.0, 0.0, 0.0, 0.0, 0.0, 0.0, 0.0, 0.0, 0.0, 0.0, 0.0, 0.0, 0.0, 0.0, 0.0, 1.0, 0.0, 0.0, 0.0, 0.0, 0.0, 0.0, 0.0, 0.0, 0.0, 0.0, 0.0, 0.0, 0.0, 0.0, 0.0, 0.0, 0.0, 0.0, 0.0, 0.0, 0.0, 0.0, 0.0, 0.0, 0.0, 0.0, 0.0, 0.0, 0.0, 0.0, 0.0, 0.0, 0.0, 0.0, 0.0, 0.0, 0.0, 0.0, 0.0, 0.0, 0.0, 0.0, 0.0, 0.0, 0.0, 0.0, 0.0, 0.0, 0.0, 0.0, 0.0, 0.0, 0.0], [0.0, 0.0, 0.0, 1.2408468317067448e-09, 0.0, 0.0, 0.0, 0.0, 0.0, 1.0694484029919083e-09, 0.0, 1.338237014402589e-09, 0.0, 0.0, 2.7939677238464355e-09, 0.0, 0.0, 1.5383221339407866e-09, 0.0, 9.610739595178204e-10, 4.656612873077393e-10, 0.0, 0.0, 0.0, 0.0, 1.862645149230957e-09, 0.0, 0.0, 0.0, 3.2332894324405274e-10, 0.0, 1.0, 0.0, 0.0, 0.0, 0.0, 0.0, 0.0, 0.0, 1.4383174975358106e-09, 2.328306436538697e-10, 1.862645149230957e-09, 0.0, 1.862645149230957e-09, 4.4626928045298556e-10, 0.0, 0.0, 7.886633676918693e-10, 0.0, 0.0, 0.0, 0.0, 0.0, 1.3038919231980416e-09, 0.0, 7.251040465656864e-10, 0.0, 0.0, 0.0, 0.0, 0.0, 9.950237596725704e-10, 0.0, 0.0, 0.0, 0.0, 0.0, 0.0, 0.0, 4.0699029088970276e-10, 0.0, 0.0, 0.0, 0.0, 0.0, 1.4538490791005957e-09, 0.0, 2.3283064365386963e-10, 0.0, 0.0, 0.0, 7.29871849525994e-10, 2.362117004401213e-09, 0.0], [0.0, 0.0, 0.0, 0.0, 0.0, 0.0, 0.0, 0.0, 0.0, 0.0, 0.0, 0.0, 0.0, 0.0, 0.0, 0.0, 0.0, 0.0, 0.0, 0.0, 0.0, 0.0, 0.0, 0.0, 0.0, 0.0, 0.0, 0.0, 0.0, 0.0, 0.0, 0.0, 1.0, 0.0, 0.0, 0.0, 0.0, 0.0, 0.0, 0.0, 0.0, 0.0, 0.0, 0.0, 0.0, 0.0, 0.0, 0.0, 0.0, 0.0, 0.0, 0.0, 0.0, 0.0, 0.0, 0.0, 0.0, 0.0, 0.0, 0.0, 0.0, 0.0, 0.0, 0.0, 0.0, 0.0, 0.0, 0.0, 0.0, 0.0, 0.0, 0.0, 0.0, 0.0, 0.0, 0.0, 0.0, 0.0, 0.0, 0.0, 0.0, 0.0, 0.0, 0.0], [0.0, 0.0, 0.0, 3.8797282972273616e-11, 0.0, 0.0, 0.0, 0.0, 0.0, 1.8375357898200424e-11, 0.0, 4.3369664106485075e-11, 0.0, 0.0, 0.0, 0.0, 0.0, 5.582624783753734e-11, 9.094947017729281e-13, 1.2844489338876742e-11, 0.0, 0.0, 9.094947017729282e-13, 0.0, 0.0, 0.0, 0.0, 4.484117609454445e-11, 0.0, 1.211498057428373e-11, 0.0, 0.0, 0.0, 1.0, 0.0, 0.0, 0.0, 0.0, 0.0, 2.945768868367943e-11, 0.0, 9.094947017729281e-13, 0.0, 0.0, 7.534009530568619e-11, 8.980076936741706e-13, 3.5747414486363396e-12, 0.0, 0.0, 0.0, 0.0, 0.0, 9.094947017729282e-13, 5.3971297250562134e-11, 0.0, 0.0, 0.0, 0.0, 0.0, 1.1392074314788538e-10, 3.074601374105662e-11, 2.7694849241247582e-11, 0.0, 1.1720963363533493e-10, 0.0, 0.0, 0.0, 0.0, 0.0, 5.835896718198741e-11, 0.0, 0.0, 0.0, 0.0, 0.0, 2.9731717797277826e-11, 0.0, 4.056155396616632e-11, 0.0, 0.0, 0.0, 0.0, 2.2044948762866362e-12, 0.0], [0.0, 0.0, 0.0, 0.0, 0.0, 0.0, 0.0, 0.0, 0.0, 0.0, 0.0, 0.0, 0.0, 0.0, 0.0, 0.0, 0.0, 0.0, 0.0, 0.0, 0.0, 0.0, 0.0, 0.0, 0.0, 0.0, 0.0, 0.0, 0.0, 0.0, 0.0, 0.0, 0.0, 0.0, 1.0, 0.0, 0.0, 0.0, 0.0, 0.0, 0.0, 0.0, 0.0, 0.0, 0.0, 0.0, 0.0, 0.0, 0.0, 0.0, 0.0, 0.0, 0.0, 0.0, 0.0, 0.0, 0.0, 0.0, 0.0, 0.0, 0.0, 0.0, 0.0, 0.0, 0.0, 0.0, 0.0, 0.0, 0.0, 0.0, 0.0, 0.0, 0.0, 0.0, 0.0, 0.0, 0.0, 0.0, 0.0, 0.0, 0.0, 0.0, 0.0, 0.0], [0.0, 0.0, 0.0, 0.0, 0.0, 0.0, 0.0, 0.0, 0.0, 0.0, 0.0, 0.0, 0.0, 0.0, 0.0, 0.0, 0.0, 0.0, 0.0, 0.0, 0.0, 0.0, 0.0, 0.0, 0.0, 0.0, 0.0, 0.0, 0.0, 0.0, 0.0, 0.0, 0.0, 0.0, 0.0, 1.0, 0.0, 0.0, 0.0, 0.0, 0.0, 0.0, 0.0, 0.0, 0.0, 0.0, 0.0, 0.0, 0.0, 0.0, 0.0, 0.0, 0.0, 0.0, 0.0, 0.0, 0.0, 0.0, 0.0, 0.0, 0.0, 0.0, 0.0, 0.0, 0.0, 0.0, 0.0, 0.0, 0.0, 0.0, 0.0, 0.0, 0.0, 0.0, 0.0, 0.0, 0.0, 0.0, 0.0, 0.0, 0.0, 0.0, 0.0, 0.0], [0.0, 0.0, 0.0, 0.0201048833068351, 0.0, 0.0, 0.024125859968202126, 0.0, 0.0, 0.05658814958360895, 0.0, 0.0562936732591383, 0.0, 0.0, 0.0, 0.0, 0.0, 0.008012573244856238, 0.022037686965326188, 0.026642184381522396, 0.0, 0.0, 0.0, 0.0, 0.0, 0.0, 0.0, 0.0, 0.0, 0.027940931621663417, 0.0, 0.0, 0.0, 0.0, 0.0, 0.0, 1.0, 0.0, 0.0, 0.004258077044553296, 0.0, 0.012062929984101065, 0.0, 0.0, 0.0201048833068351, 0.0, 0.0, 0.0, 0.0, 0.0, 0.0, 0.0, 0.0, 0.0, 0.0, 0.013094750270961615, 0.0, 0.0, 0.0, 0.0, 0.0, 0.0365372660239496, 0.0, 0.0, 0.0, 0.024125859968202126, 0.0, 0.0, 0.0, 0.03793301496560143, 0.0, 0.0, 0.0, 0.0, 0.0, 0.034086464718174704, 0.03923568745497794, 0.0, 0.0, 0.0, 0.0, 0.012841627183270157, 0.05759004970711857, 0.0], [0.0, 0.0, 0.0, 0.0, 0.0, 0.0, 0.0, 0.0, 0.0, 0.0, 0.0, 0.0, 0.0, 0.0, 0.0, 0.0, 0.0, 0.0, 0.0, 0.0, 0.0, 0.0, 0.0, 0.0, 0.0, 0.0, 0.0, 0.0, 0.0, 0.0, 0.0, 0.0, 0.0, 0.0, 0.0, 0.0, 0.0, 1.0, 0.0, 0.0, 0.0, 0.0, 0.0, 0.0, 0.0, 0.0, 0.0, 0.0, 0.0, 0.0, 0.0, 0.0, 0.0, 0.0, 0.0, 0.0, 0.0, 0.0, 0.0, 0.0, 0.0, 0.0, 0.0, 0.0, 0.0, 0.0, 0.0, 0.0, 0.0, 0.0, 0.0, 0.0, 0.0, 0.0, 0.0, 0.0, 0.0, 0.0, 0.0, 0.0, 0.0, 0.0, 0.0, 0.0], [0.0, 0.0, 0.0, 0.0, 0.0, 0.0, 0.0, 0.0, 0.0, 0.0, 0.0, 0.0, 0.0, 0.0, 0.0, 0.0, 0.0, 0.0, 0.0, 0.0, 0.0, 0.0, 0.0, 0.0, 0.0, 0.0, 0.0, 0.0, 0.0, 0.0, 0.0, 0.0, 0.0, 0.0, 0.0, 0.0, 0.0, 0.0, 1.0, 0.0, 0.0, 0.0, 0.0, 0.0, 0.0, 0.0, 0.0, 0.0, 0.0, 0.0, 0.0, 0.0, 0.0, 0.0, 0.0, 0.0, 0.0, 0.0, 0.0, 0.0, 0.0, 0.0, 0.0, 0.0, 0.0, 0.0, 0.0, 0.0, 0.0, 0.0, 0.0, 0.0, 0.0, 0.0, 0.0, 0.0, 0.0, 0.0, 0.0, 0.0, 0.0, 0.0, 0.0, 0.0], [0.0, 0.00022994138046247118, 0.0, 0.6976825184611337, 0.0, 0.0, 0.33484807269898625, 0.0, 0.0004832352868339684, 0.111756091803006, 0.0014635944530956247, 0.5354264933166852, 1.9692300949430306e-11, 0.0, 0.05299556927516628, 0.0, 0.0, 0.18104062057250145, 0.03865881446337606, 0.3271283357966464, 0.001641935572663023, 1.0743054124527595e-05, 0.12500000000203368, 0.0, 5.2867466008291065e-06, 2.4795998537816777e-06, 0.00037691158905860713, 0.020665608289821037, 0.0, 0.25937094915867775, 0.0, 1.4383174975358106e-09, 0.0, 2.945768868367943e-11, 0.0, 0.0, 0.004258077044553296, 0.0, 0.0, 1.0, 0.00161166903369295, 0.14268501165182862, 0.0, 0.0065516792985565115, 0.5692748188870792, 0.0005669909880021498, 1.0722652546927207e-06, 3.8091891719353002e-06, 0.12466437977948407, 0.0, 6.140962329808702e-05, 0.12373448462204255, 9.479662470317249e-12, 0.30957042829453446, 0.004955763586165683, 0.4862585727834134, 0.0, 1.2945746000679459e-09, 0.0, 5.965815318736433e-08, 8.472238749428603e-06, 0.5743116718711019, 0.0, 5.32104082703959e-11, 0.0, 0.1400421288214468, 7.807742856450795e-08, 1.3272027741393028e-11, 0.0, 0.14518884385220027, 0.12469130569599653, 0.0, 4.718731189909966e-12, 6.666299488915154e-08, 0.0, 0.2878507465455781, 0.28155177161231304, 0.005225812362655647, 2.295294448009051e-11, 0.0, 0.0016116685715369715, 0.2794763864857472, 0.6249718635163112, 0.0], [0.0, 0.0, 0.0, 0.0006203813097106264, 0.0, 0.0, 0.0, 0.0, 0.0, 0.0016219593873570003, 0.000244140625, 0.0007284949097624415, 0.0, 0.0, 0.0014278447551552044, 0.0, 0.0, 0.0017962838620825057, 0.0023708733097400846, 0.0012213612190421714, 0.000732421875, 0.0, 0.0, 0.0, 0.0, 0.0, 0.00024414062499999995, 0.00024414062499999995, 0.0, 0.0009127321159570989, 0.0, 2.328306436538697e-10, 0.0, 0.0, 0.0, 0.0, 0.0, 0.0, 0.0, 0.00161166903369295, 1.0, 0.0, 0.0, 0.0, 0.0010774335308257027, 0.0, 0.0, 4.738907383350508e-10, 0.0, 0.0, 0.0, 0.0, 0.0, 0.0015557138395814912, 0.0, 0.0003268588311090523, 0.0, 0.0, 0.0, 0.0, 0.0, 0.00028967679288277907, 0.0, 0.0, 0.0, 0.0, 0.0, 0.0, 0.0, 0.0010100466064942796, 0.0, 0.0, 0.0, 0.0, 0.0, 0.0007282529978332901, 0.0, 0.0019531253492459655, 0.0, 0.0, 0.0029296875, 0.0005728406652871237, 0.001872924013402168, 0.0], [0.0, 1.69549967031219e-05, 0.0, 0.12065001877233977, 0.0, 0.0, 0.1251484783875652, 0.0, 1.52587890625e-05, 0.09080685109299978, 1.5430294658549482e-05, 0.07972710925243323, 0.0, 0.0, 0.03938287922593292, 0.0, 0.0, 0.11653647847592996, 0.001243458500532691, 0.08794637184631388, 7.098589220097314e-07, 2.95399670565578e-06, 4.547473508864641e-12, 0.0, 0.0, 2.9784284798737824e-08, 1.5258789062499998e-05, 2.0682982782289695e-05, 0.0, 0.047795855649709104, 0.0, 1.862645149230957e-09, 0.0, 9.094947017729281e-13, 0.0, 0.0, 0.012062929984101065, 0.0, 0.0, 0.14268501165182862, 0.0, 1.0, 0.0, 1.862645149230957e-09, 0.015627554370757992, 1.5917540519295985e-05, 7.093998561056932e-07, 2.97732082262386e-06, 0.105603212322645, 0.0, 6.103515625e-05, 0.1007502961720604, 8.185452315956353e-12, 0.06349844170227545, 0.0, 0.06403302670539456, 0.0, 0.0, 0.0, 1.19210199045483e-07, 0.0, 0.13569099380972238, 0.0, 1.5916157281026247e-11, 0.0, 0.12064600630210073, 0.0, 0.0, 0.0, 0.056651820403518564, 0.1031742912388793, 0.0, 5.783602761824415e-12, 0.0, 0.0, 0.13764348810407168, 0.13506882409035947, 2.2453708107760582e-05, 0.0, 0.0, 4.54747350886464e-13, 0.15017338865720264, 0.08212832418549666, 0.0], [0.0, 0.0, 0.0, 0.0, 0.0, 0.0, 0.0, 0.0, 0.0, 0.0, 0.0, 0.0, 0.0, 0.0, 0.0, 0.0, 0.0, 0.0, 0.0, 0.0, 0.0, 0.0, 0.0, 0.0, 0.0, 0.0, 0.0, 0.0, 0.0, 0.0, 0.0, 0.0, 0.0, 0.0, 0.0, 0.0, 0.0, 0.0, 0.0, 0.0, 0.0, 0.0, 1.0, 0.0, 0.0, 0.0, 0.0, 0.0, 0.0, 0.0, 0.0, 0.0, 0.0, 0.0, 0.0, 0.0, 0.0, 0.0, 0.0, 0.0, 0.0, 0.0, 0.0, 0.0, 0.0, 0.0, 0.0, 0.0, 0.0, 0.0, 0.0, 0.0, 0.0, 0.0, 0.0, 0.0, 0.0, 0.0, 0.0, 0.0, 0.0, 0.0, 0.0, 0.0], [0.0, 0.0, 0.0, 0.0021089381026820836, 0.0, 0.0, 0.0, 0.0, 6.5853348272144625e-06, 3.815772252169711e-06, 1.52587890625e-05, 0.003636988641534415, 0.0, 0.0, 2.793967723846435e-09, 0.0, 0.0, 0.005453909883723448, 0.00023550816534906462, 0.0025246518888365783, 1.3969838619232178e-09, 1.52587890625e-05, 0.0, 0.0, 1.4073653933956563e-05, 3.767460977285675e-09, 3.814697265625001e-06, 0.0025944045161053362, 0.0, 0.0004753065750426917, 0.0, 1.862645149230957e-09, 0.0, 0.0, 0.0, 0.0, 0.0, 0.0, 0.0, 0.0065516792985565115, 0.0, 1.862645149230957e-09, 0.0, 1.0, 0.003954551661123603, 0.0021980762099246035, 0.0, 3.1765770894767957e-09, 0.0, 0.0, 3.814697265624999e-06, 0.0, 0.0, 0.000870686846064332, 0.0, 0.0060067705373420275, 0.0, 9.313225746154783e-10, 0.0, 0.0, 3.827274519391021e-06, 0.004251401666235377, 0.0, 0.0, 0.0, 0.0, 0.0, 0.0, 0.0, 0.002591736662698616, 0.0, 0.0, 0.0, 0.0, 0.0, 0.0014703508603942956, 0.0, 0.0028167108267443623, 0.0, 0.0, 0.0, 1.3604439554141098e-09, 0.003149358768528795, 0.0], [0.0, 0.00037361428835495225, 0.0, 0.5772184442631082, 0.0, 0.0, 0.21073971338988115, 0.0, 0.00041426198513913083, 0.04812914204961755, 0.0012521945845575554, 0.5313754800039849, 4.270495127425274e-11, 0.0, 0.00831569232656591, 0.0, 0.0, 0.10969174632320125, 0.042428216400769145, 0.2259006499500919, 0.0019086053803077855, 2.9968427299380187e-05, 0.1250000000004284, 0.0, 1.70018330029089e-05, 3.5871326880392963e-06, 0.0003163462872077062, 0.052735953852253395, 0.0, 0.2782665816785829, 0.0, 4.4626928045298556e-10, 0.0, 7.534009530568619e-11, 0.0, 0.0, 0.0201048833068351, 0.0, 0.0, 0.5692748188870792, 0.0010774335308257027, 0.015627554370757992, 0.0, 0.003954551661123603, 1.0, 0.0022088097877266907, 2.8199865334911786e-07, 2.6419230923344573e-06, 0.0, 0.0, 8.529922399520072e-06, 1.5389853104779787e-06, 3.1365736083037215e-11, 0.22284092937734007, 0.006341600860027469, 0.5209437651444082, 0.0, 1.157516549748312e-09, 0.0, 2.693769325795005e-07, 2.5317039624067416e-05, 0.46067626098567527, 0.0, 9.733171675400043e-11, 0.0, 0.015624999999999998, 6.654190009573998e-08, 1.3821365345829488e-11, 0.0, 0.10316544961011315, 4.435924384802696e-08, 0.0, 3.198971803565758e-11, 3.5769641916750975e-08, 0.0, 0.16805780658220817, 0.1450318785255058, 0.008239701661615535, 2.2527665956204175e-11, 0.0, 0.0010774332218038047, 0.1632582232261296, 0.53222224952305, 0.0], [0.0, 0.0002413727395052772, 0.0, 0.007672496406166647, 0.0, 0.0, 0.0, 0.0, 9.750018760415224e-05, 7.773777395145142