"{\"names\": [\"172.217.10.1\", \"104.88.86.240\", \"38.93.140.48\", \"192.168.10.15\", \"104.88.108.223\", \"195.142.105.15\", \"172.217.12.163\", \"206.217.206.48\", \"172.217.6.228\", \"178.255.83.1\", \"74.119.118.82\", \"192.168.10.9\", \"172.217.7.6\", \"35.186.227.40\", \"31.13.71.36\", \"206.126.112.142\", \"151.101.2.49\", \"192.168.10.25\", \"172.217.3.98\", \"192.168.10.16\", \"72.30.202.150\", \"172.217.12.132\", \"50.31.164.173\", \"162.208.20.178\", \"23.15.4.16\", \"216.58.217.99\", \"172.217.6.198\", \"172.217.12.174\", \"169.46.44.40\", \"192.168.10.17\", \"52.84.143.130\", \"104.19.195.102\", \"216.200.232.61\", \"104.97.73.166\", \"152.163.13.79\", \"192.229.163.25\", \"74.119.118.86\", \"54.225.188.92\", \"188.165.145.88\", \"192.168.10.14\", \"8.43.72.98\", \"199.96.57.6\", \"68.67.178.110\", \"104.88.70.158\", \"192.168.10.19\", \"69.172.216.56\", \"157.240.18.35\", \"172.217.11.34\", \"185.54.150.20\", \"69.169.85.7\", \"198.232.124.194\", \"74.119.118.72\", \"172.217.12.134\", \"192.168.10.5\", \"23.111.9.30\", \"192.168.10.8\", \"151.101.66.2\", \"68.67.178.199\", \"213.239.195.215\", \"138.108.7.20\", \"52.84.145.87\", \"192.168.10.50\", \"52.84.145.198\", \"52.40.24.51\", \"212.77.100.137\", \"185.54.150.115\", \"172.217.10.138\", \"152.163.66.165\", \"52.84.137.78\", \"192.168.10.51\", \"68.67.178.109\", \"129.146.14.96\", \"54.152.24.232\", \"172.217.10.33\", \"52.8.229.108\", \"192.168.10.12\", \"64.147.131.201\", \"172.217.12.206\", \"68.67.180.12\", \"172.217.10.134\", \"38.69.238.16\", \"172.217.10.142\", \"192.168.10.3\", \"172.217.6.202\"], \"funcEdges\": [[1.0, 0.0, 0.0, 0.0, 0.0, 0.0, 0.0, 0.0, 0.0, 0.0, 0.0, 0.0, 0.0, 0.0, 0.0, 0.0, 0.0, 0.0, 0.0, 0.0, 0.0, 0.0, 0.0, 0.0, 0.0, 0.0, 0.0, 0.0, 0.0, 0.0, 0.0, 0.0, 0.0, 0.0, 0.0, 0.0, 0.0, 0.0, 0.0, 0.0, 0.0, 0.0, 0.0, 0.0, 0.0, 0.0, 0.0, 0.0, 0.0, 0.0, 0.0, 0.0, 0.0, 0.0, 0.0, 0.0, 0.0, 0.0, 0.0, 0.0, 0.0, 0.0, 0.0, 0.0, 0.0, 0.0, 0.0, 0.0, 0.0, 0.0, 0.0, 0.0, 0.0, 0.0, 0.0, 0.0, 0.0, 0.0, 0.0, 0.0, 0.0, 0.0, 0.0, 0.0], [0.0, 1.0, 0.0, 4.80991991362446e-11, 0.0, 0.0, 0.0, 0.0, 3.1060739242170185e-11, 5.373289107746515e-11, 7.604658726192835e-12, 2.743459190324287e-11, 0.0, 0.0, 1.9872592098626847e-11, 0.0, 0.0, 2.0318377709137662e-11, 3.51411882397592e-11, 2.1457598855943413e-11, 1.1725901984605036e-14, 8.656993250711737e-13, 0.0, 0.0, 1.662039639657924e-13, 1.3923737144427707e-13, 7.75636081564475e-12, 5.343454653200367e-11, 0.0, 2.7706976073165605e-11, 0.0, 0.0, 0.0, 0.0, 0.0, 0.0, 0.0, 0.0, 0.0, 2.741114860325708e-11, 0.0, 2.021193111315e-12, 0.0, 0.0, 4.453829388081458e-11, 2.8773872793349886e-11, 7.035541190763024e-14, 2.1493086783093304e-13, 0.0, 0.0, 1.8189894035458565e-12, 5.684341886080802e-14, 0.0, 5.284075309581401e-11, 0.0, 3.525329217430564e-11, 0.0, 0.0, 0.0, 0.0, 3.712996571847388e-13, 3.824789021733448e-11, 0.0, 0.0, 0.0, 0.0, 0.0, 0.0, 0.0, 3.4748056084574615e-11, 0.0, 0.0, 0.0, 0.0, 0.0, 1.9832335554290693e-11, 0.0, 3.13700445964721e-11, 0.0, 0.0, 0.0, 6.690453225108668e-13, 6.270265302153906e-11, 0.0], [0.0, 0.0, 1.0, 0.11890552458623632, 0.0, 0.10586457995109673, 0.16485683763804618, 0.0, 0.0, 0.09259751504511943, 0.0, 0.15405601822774587, 0.0, 0.0, 0.0, 0.0, 0.0, 0.23654987855918788, 0.0, 0.06358894445293319, 0.0, 0.0, 0.0, 0.0, 0.0, 0.0, 0.0, 0.0, 0.0, 0.10185010546583881, 0.0, 0.0, 0.0, 0.0, 0.0, 0.0, 0.0, 0.0, 0.0, 0.07734184637010569, 0.08116555949512673, 0.10185010546583882, 0.0, 0.0, 0.098548951382103, 0.0, 0.13937881022906484, 0.07592918400116852, 0.0, 0.0, 0.0, 0.0, 0.0, 0.15450446629209774, 0.0, 0.04248665373733292, 0.0, 0.0, 0.0, 0.10185010546583881, 0.0, 0.175579961560777, 0.0, 0.0, 0.0, 0.0, 0.0, 0.0, 0.0, 0.12264984974421413, 0.0, 0.0, 0.0, 0.0, 0.0, 0.10383736977433293, 0.0, 0.13719862417567275, 0.0, 0.10185010546583882, 0.1517617382121537, 0.14004389501552839, 0.09082799489002684, 0.0], [0.0, 4.80991991362446e-11, 0.11890552458623632, 1.0, 0.0, 0.4885551335983649, 0.5714017938600988, 3.407202814017586e-06, 7.43787591413656e-11, 0.5402909201586741, 0.0746128074673473, 0.23692939333158722, 0.0026026841876617664, 0.0, 0.00422221010462863, 0.0, 0.06441085978391947, 0.4297666446531852, 0.0002486651733495769, 0.35384756089598346, 0.0010197984600529611, 0.0034814676918519614, 0.0020356692967004293, 0.0, 0.151489381574392, 3.9349775126931623e-13, 0.0002550868908769698, 1.2523925438497852e-09, 0.0, 0.4385215864370152, 0.004830432931065992, 0.027563167356672618, 1.8087915081197352e-05, 0.0546875, 0.0, 0.0, 2.3287361504213943e-05, 0.11147279612483958, 0.3558584422360699, 0.4382870069099537, 0.25327804468869075, 0.25004512599024004, 0.002317880968504372, 2.5140501292730375e-10, 0.481781707257335, 0.0006783556969260114, 0.3672417452549349, 0.24839347645986165, 1.4861152145801075e-08, 0.0, 0.36971191611239107, 0.0027972391385182403, 3.355323024474186e-18, 0.4240375172240316, 7.574255408810556e-10, 0.6364601756519168, 0.0, 1.6633278416475655e-06, 0.0, 0.3241222552777705, 4.717434095559647e-12, 0.44625289291352116, 0.0, 0.0021809434139610584, 0.3814367495946685, 1.676380634307861e-08, 0.006036115785018134, 1.0261871736676834e-18, 0.02794971853745875, 0.3884453383063317, 1.4864363748508478e-08, 0.0, 4.838107125893372e-18, 0.0006479382838979569, 0.0, 0.46860174180317427, 2.1239773641991824e-07, 0.07664130443833367, 1.0088692381326732e-18, 0.08616306741792448, 0.39177969615667896, 0.13480436674099616, 0.6986444920285089, 0.0], [0.0, 0.0, 0.0, 0.0, 1.0, 0.0, 0.0, 0.0, 0.0, 0.0, 0.0, 0.0, 0.0, 0.0, 0.0, 0.0, 0.0, 0.0, 0.0, 0.0, 0.0, 0.0, 0.0, 0.0, 0.0, 0.0, 0.0, 0.0, 0.0, 0.0, 0.0, 0.0, 0.0, 0.0, 0.0, 0.0, 0.0, 0.0, 0.0, 0.0, 0.0, 0.0, 0.0, 0.0, 0.0, 0.0, 0.0, 0.0, 0.0, 0.0, 0.0, 0.0, 0.0, 0.0, 0.0, 0.0, 0.0, 0.0, 0.0, 0.0, 0.0, 0.0, 0.0, 0.0, 0.0, 0.0, 0.0, 0.0, 0.0, 0.0, 0.0, 0.0, 0.0, 0.0, 0.0, 0.0, 0.0, 0.0, 0.0, 0.0, 0.0, 0.0, 0.0, 0.0], [0.0, 0.0, 0.10586457995109673, 0.4885551335983649, 0.0, 1.0, 0.31280713216607203, 0.0, 0.0, 0.36642927451389956, 0.03962267035660742, 0.04860648519378432, 0.0022460125423369075, 0.0, 0.003695068663426899, 0.0, 0.028795369986420703, 0.5344062303098087, 0.0, 0.34467143517942056, 0.001973793564999654, 0.007352211606128268, 0.0, 0.0, 0.10973795589992394, 0.0, 0.0, 0.0, 0.0, 0.1900289321841872, 0.008585981361973957, 0.052841524426572584, 0.0, 0.04172026268531161, 0.0, 0.0, 0.0, 0.09747224470475324, 0.19710964447266172, 0.4812501805979332, 0.4050160403044586, 0.209968113468945, 0.0, 0.0, 0.45774719420317256, 0.0, 0.3200169374424152, 0.6069709653952347, 0.0, 0.0, 0.5274738439376535, 0.006991261477349494, 0.0, 0.35223300066957064, 0.0, 0.47670287262057986, 0.0, 0.0, 0.0, 0.3198898710031886, 0.0, 0.5497849374552393, 0.0, 0.0014732515547038515, 0.2432494857071391, 0.0, 0.003456353988801997, 0.0, 0.040924175472972744, 0.41701511176861694, 0.0, 0.0, 0.0, 0.0, 0.0, 0.3630691184812975, 0.0, 0.007356939570674387, 0.0, 0.0961453272152156, 0.23049624310496686, 0.09410110805053665, 0.6949998706208254, 0.0], [0.0, 0.0, 0.16485683763804618, 0.5714017938600988, 0.0, 0.31280713216607203, 1.0, 1.1920928955078125e-07, 0.0, 0.6142675708426186, 0.028668824550035134, 0.3863841488881982, 0.00030093394757672165, 0.0, 6.269144824756793e-05, 0.0, 0.016462537352451217, 0.4666817570806305, 8.520549078321323e-05, 0.5295858679597628, 0.0, 0.00024155508356201436, 0.0019012101656208018, 0.0, 0.06673183779780945, 0.0, 0.00010096173176049345, 0.0, 0.0, 0.7156336075268492, 7.152557373046875e-07, 0.019045865394321567, 4.768371582031251e-07, 0.04871646110197588, 0.0, 0.0, 2.8760266266110093e-09, 0.08120235737982912, 0.1709484803575454, 0.550503500917628, 0.41219516043503557, 0.12748034533083386, 0.0018528008019292946, 0.0, 0.4044455830667287, 0.0005934395454445752, 0.3199463506837079, 0.5429349466304816, 1.4837786113029365e-08, 0.0, 0.23621646110197586, 1.4664206529111746e-08, 0.0, 0.36608737291079835, 0.0, 0.6905496821535781, 0.0, 0.0, 0.0, 0.27499128733409034, 0.0, 0.419756496177515, 0.0, 0.0, 0.19348652135144132, 2.231493359657028e-08, 0.0, 0.0, 0.019021739130434784, 0.6054860871354004, 1.4803127238624975e-08, 0.0, 0.0, 0.0006699163482129251, 0.0, 0.3597784852061639, 2.008498897167097e-07, 0.1062596765038558, 0.0, 0.2936419268326499, 0.2706231914796075, 0.20775860116790723, 0.4041535312293644, 0.0], [0.0, 0.0, 0.0, 3.407202814017586e-06, 0.0, 0.0, 1.1920928955078125e-07, 1.0, 0.0, 2.258207315520752e-06, 2.3730136627736187e-06, 2.8125230443823082e-06, 0.0, 0.0, 0.0, 0.0, 0.0, 2.2497915855350863e-06, 7.331403110043528e-07, 1.718300286180205e-06, 0.0, 0.0, 0.0, 0.0, 1.7717264495240553e-06, 0.0, 4.529953002929687e-06, 0.0, 0.0, 2.367167497148309e-06, 1.1920928955078124e-07, 0.0, 1.4620266506073396e-06, 0.0, 0.0, 0.0, 0.0, 0.0, 0.0, 6.03717195846038e-06, 0.0, 8.1657891997084e-08, 0.0, 0.0, 2.252093764056158e-06, 0.0, 4.529953002929687e-06, 0.0, 0.0, 0.0, 0.0, 0.0, 0.0, 2.5925966392927957e-06, 0.0, 1.190210537554055e-06, 0.0, 0.0, 0.0, 4.529953002929687e-06, 0.0, 3.4973573883331285e-06, 0.0, 0.0, 8.642758506495428e-07, 0.0, 0.0, 0.0, 0.0, 2.172898036962885e-06, 0.0, 0.0, 0.0, 0.0, 0.0, 4.6199765896433955e-06, 0.0, 0.0, 0.0, 0.0, 0.0, 1.7881393432617183e-06, 1.5186776153833103e-06, 0.0], [0.0, 3.1060739242170185e-11, 0.0, 7.43787591413656e-11, 0.0, 0.0, 0.0, 0.0, 1.0, 4.0953651605697813e-11, 8.311703285124755e-12, 5.70584829858376e-11, 0.0, 0.0, 5.953194077536872e-11, 0.0, 0.0, 4.303789026184724e-11, 3.3678747292995297e-11, 4.765191474965023e-11, 0.0, 1.971472770898968e-12, 0.0, 0.0, 1.9959933453906707e-12, 9.05042914387801e-13, 1.2370973464174053e-11, 4.655044231619457e-11, 0.0, 3.023670646209963e-11, 0.0, 0.0, 0.0, 0.0, 0.0, 0.0, 0.0, 0.0, 0.0, 5.760613522934537e-11, 0.0, 1.8189894035458565e-12, 0.0, 7.850330862062529e-13, 4.9383876936332086e-11, 1.1622928095358877e-11, 0.0, 0.0, 0.0, 0.0, 2.1853381771087744e-12, 0.0, 0.0, 1.425130778648531e-11, 0.0, 6.255574498290738e-11, 0.0, 0.0, 0.0, 0.0, 1.2627837564991958e-12, 3.8394964974882395e-11, 0.0, 0.0, 0.0, 0.0, 0.0, 0.0, 0.0, 4.9305747808922936e-11, 0.0, 0.0, 0.0, 0.0, 0.0, 7.622332101315643e-11, 0.0, 2.2085491076714022e-11, 0.0, 0.0, 0.0, 0.0, 3.5772610535314254e-11, 0.0], [0.0, 5.373289107746515e-11, 0.09259751504511943, 0.5402909201586741, 0.0, 0.36642927451389956, 0.6142675708426186, 2.258207315520752e-06, 4.0953651605697813e-11, 1.0, 0.021872265349985306, 0.5207204704985058, 0.004077164648670793, 0.0, 0.0016696414880687297, 0.0, 0.06588078458684124, 0.3166468244588471, 6.99320508267124e-05, 0.5015373429001335, 0.0003642252079751545, 0.002267403031188555, 0.0005725580124468709, 0.0, 0.07560597406203293, 4.4533476065915327e-13, 0.00021455822871168094, 2.8862760916557214e-09, 0.0, 0.5327727565818462, 0.001998136437742734, 0.0592478016975537, 1.893596332599576e-05, 0.1288432295689818, 0.0, 0.0, 6.018757149896588e-06, 0.05708076166576437, 0.08499727219621182, 0.7195045745062016, 0.4057981054821143, 0.10068406628836064, 0.0010039835443634742, 4.548754992687358e-13, 0.602305567011779, 0.0013282277984239701, 0.6506474354012222, 0.3564737603940672, 5.8403992082609175e-09, 0.0, 0.25305995709985113, 0.0019531320646197143, 1.7785550154665636e-18, 0.37467121174990026, 1.9573203833270753e-11, 0.5915218124882792, 0.0, 2.1153373156131327e-06, 0.0, 0.6398084639130405, 3.599797589441614e-12, 0.3729026742312016, 0.0, 0.0001539275295120617, 0.22662857617255247, 8.665109401300077e-09, 0.007812500000008117, 1.583578631377114e-18, 0.05953891731078881, 0.5099701600723032, 6.552945660665709e-09, 0.0, 1.4453075455683935e-18, 0.001095335249320627, 0.0, 0.45482377934945317, 1.7820278797074861e-07, 0.09571055154770829, 3.1956480068257213e-18, 0.15524385060221535, 0.5485816117776641, 0.1934863458051799, 0.4066755064181855, 0.0], [0.0, 7.604658726192835e-12, 0.0, 0.0746128074673473, 0.0, 0.03962267035660742, 0.028668824550035134, 2.3730136627736187e-06, 8.311703285124755e-12, 0.021872265349985306, 1.0, 2.435853565630634e-06, 0.00020883762762897987, 0.0, 0.0002441407796723404, 0.0, 0.01555793427434487, 0.045632025651076526, 9.94253360758483e-07, 0.03562487727800149, 2.920035728552792e-11, 2.255768743944511e-12, 0.0, 0.0, 0.031619524362365495, 2.9121435735733283e-13, 2.2079795279798382e-06, 3.673601454061921e-11, 0.0, 0.017289188773786452, 0.0, 0.015624999999999997, 9.302866459941974e-07, 0.0, 0.0, 0.0, 0.0, 0.03252603124165832, 0.0, 0.01818742217202094, 2.9103830456733704e-11, 0.0002441406268394345, 0.0, 1.8189894035458565e-12, 0.021391348884657328, 1.904692032321325e-12, 0.02600480693005367, 0.03707151900030256, 0.0, 0.0, 2.2737367544323206e-12, 1.949713181858316e-14, 0.0, 0.035164206849102826, 0.0, 0.061497613300487954, 0.0, 0.0, 0.0, 2.2079481575180544e-06, 7.869255481313782e-13, 0.03073033703205315, 0.0, 0.0, 0.0156259536743164, 0.0, 5.246435525716916e-15, 0.0, 0.015624999999999997, 0.03276033053345283, 2.7711646139036002e-14, 0.0, 0.0, 0.00024414062500653335, 0.0, 0.027928534380856733, 0.0, 3.995420277408164e-12, 0.0, 0.0, 2.910383045673371e-11, 0.015629283552443016, 0.037801453373221446, 0.0], [0.0, 2.743459190324287e-11, 0.15405601822774587, 0.23692939333158722, 0.0, 0.04860648519378432, 0.3863841488881982, 2.8125230443823082e-06, 5.70584829858376e-11, 0.5207204704985058, 2.435853565630634e-06, 1.0, 0.002396622754011624, 0.0, 0.002367265871921629, 0.0, 0.0, 0.40712969146281663, 0.00013803266624391261, 0.5409022801858574, 0.00026669903768761693, 0.003343978632023985, 0.0004978417820560287, 0.0, 0.0005584665470080847, 7.052336473757461e-13, 0.0002099927618411106, 4.250096974510402e-09, 0.0, 0.324467169188841, 0.006744843213929516, 9.001253676729084e-05, 6.379573263446503e-06, 5.170066846190104e-18, 0.0, 0.0, 1.5254345848003861e-05, 0.0, 0.10575450060522114, 0.49190666203421074, 0.40937152455453457, 0.08370973282522085, 0.0007940863646702517, 4.335628320615786e-10, 0.49237846767218196, 0.0014845193792219042, 0.6490181838146589, 0.13359647025004026, 4.304329229703288e-09, 0.0, 0.23399964837118667, 0.0028383424400638267, 3.4536657108943004e-18, 0.3613950290818376, 1.1735702071004745e-09, 0.33993070882970294, 0.0, 1.5570126753311962e-06, 0.0, 0.4533440681476132, 2.181908679307462e-12, 0.2699103091704084, 0.0, 0.003899739940478919, 0.1120883932768115, 6.099900532622828e-09, 0.007286725268607002, 5.902376200936082e-18, 0.0, 0.26476832264118816, 4.755164992271996e-09, 0.0, 3.8228910428693305e-18, 0.0005024296283001123, 0.0, 0.19541327374517603, 1.3548005086685798e-07, 0.24887898426124636, 6.619870256629122e-18, 0.07596634747881079, 0.6485428815902143, 0.251140543015331, 0.2206465585124136, 0.0], [0.0, 0.0, 0.0, 0.0026026841876617664, 0.0, 0.0022460125423369075, 0.00030093394757672165, 0.0, 0.0, 0.004077164648670793, 0.00020883762762897987, 0.002396622754011624, 1.0, 0.0, 0.0010740563632120653, 0.0, 0.0, 0.002632969004802692, 0.0002564120071846665, 0.003811463607292422, 0.0015148901848522774, 1.4917271648053372e-05, 0.0004961682108355042, 0.0, 0.0009931539680293744, 0.0, 0.00021405012091360836, 8.142639531301007e-18, 0.0, 0.002919761978904537, 0.0011253241400352185, 7.059734877606187e-05, 0.0, 0.0, 0.0, 0.0, 0.0, 0.0, 0.0, 0.0024999521213755044, 0.0, 0.0021876936051749823, 0.0007076053628889674, 0.0, 0.0031742354801193506, 0.0012666057147669404, 0.003653377988260889, 0.0011253241400352185, 0.0, 0.0, 0.0, 0.0, 3.469446951953614e-18, 0.0027538366670573763, 0.0, 0.0017414472477534023, 0.0, 1.947544207111419e-18, 0.0, 0.00025245618855235236, 1.7347234759768067e-18, 0.0036108067653148226, 0.0, 0.0009091923166043493, 0.005821099083327432, 0.0, 0.0, 1.7347234759768069e-18, 0.0, 0.002657661738925077, 0.0, 0.0, 3.469446951953614e-18, 0.00118655454891646, 0.0, 0.006392720115256215, 0.0, 1.7347234759768069e-18, 3.904578959720095e-18, 0.0011253241400352185, 0.0, 0.0017810221114971578, 0.00237537346845822, 0.0], [0.0, 0.0, 0.0, 0.0, 0.0, 0.0, 0.0, 0.0, 0.0, 0.0, 0.0, 0.0, 0.0, 1.0, 0.0, 0.0, 0.0, 0.0, 0.0, 0.0, 0.0, 0.0, 0.0, 0.0, 0.0, 0.0, 0.0, 0.0, 0.0, 0.0, 0.0, 0.0, 0.0, 0.0, 0.0, 0.0, 0.0, 0.0, 0.0, 0.0, 0.0, 0.0, 0.0, 0.0, 0.0, 0.0, 0.0, 0.0, 0.0, 0.0, 0.0, 0.0, 0.0, 0.0, 0.0, 0.0, 0.0, 0.0, 0.0, 0.0, 0.0, 0.0, 0.0, 0.0, 0.0, 0.0, 0.0, 0.0, 0.0, 0.0, 0.0, 0.0, 0.0, 0.0, 0.0, 0.0, 0.0, 0.0, 0.0, 0.0, 0.0, 0.0, 0.0, 0.0], [0.0, 1.9872592098626847e-11, 0.0, 0.00422221010462863, 0.0, 0.003695068663426899, 6.269144824756793e-05, 0.0, 5.953194077536872e-11, 0.0016696414880687297, 0.0002441407796723404, 0.002367265871921629, 0.0010740563632120653, 0.0, 1.0, 0.0, 0.0, 0.00574683667278614, 0.00011036718309639091, 0.002590614335351402, 9.645397767593462e-11, 0.002742212641951359, 5.244448189874553e-05, 0.0, 0.00012992704013431992, 9.732989486704237e-15, 0.00011087020345921044, 5.439462776629306e-10, 0.0, 0.00020440996120491014, 0.0023161213331311372, 0.00012207031250033307, 0.0, 0.0, 0.0, 0.0, 0.0, 0.0, 0.002316121333131137, 0.0036816714060812755, 1.7021235885086112e-10, 0.0005292755179685241, 0.00010241548540630299, 3.330669073875469e-16, 0.0010009031095298143, 1.4584533986978245e-11, 0.00467099873773716, 0.005674573111043913, 3.5313628861309474e-09, 0.0, 0.0034741819996967063, 0.0023161257035557363, 0.0, 0.0014676030511085762, 4.656612873077393e-10, 0.002874539436815572, 0.0, 1.1102230246251563e-16, 0.0, 6.103515624999999e-05, 0.0, 0.007304627767049712, 0.0, 0.0, 0.0008330756006270458, 3.725290298461915e-09, 0.0007720404443837795, 0.0, 0.0, 0.00859030433737621, 4.0539144544490326e-09, 0.0, 0.0, 0.0003662109375049702, 0.0, 0.007068362941185078, 3.725290298461914e-09, 7.729252809611669e-11, 0.0, 0.0007720404443770457, 1.702123172174977e-10, 0.0033188097432384905, 0.006220223561852713, 0.0], [0.0, 0.0, 0.0, 0.0, 0.0, 0.0, 0.0, 0.0, 0.0, 0.0, 0.0, 0.0, 0.0, 0.0, 0.0, 1.0, 0.0, 0.0, 0.0, 0.0, 0.0, 0.0, 0.0, 0.0, 0.0, 0.0, 0.0, 0.0, 0.0, 0.0, 0.0, 0.0, 0.0, 0.0, 0.0, 0.0, 0.0, 0.0, 0.0, 0.0, 0.0, 0.0, 0.0, 0.0, 0.0, 0.0, 0.0, 0.0, 0.0, 0.0, 0.0, 0.0, 0.0, 0.0, 0.0, 0.0, 0.0, 0.0, 0.0, 0.0, 0.0, 0.0, 0.0, 0.0, 0.0, 0.0, 0.0, 0.0, 0.0, 0.0, 0.0, 0.0, 0.0, 0.0, 0.0, 0.0, 0.0, 0.0, 0.0, 0.0, 0.0, 0.0, 0.0, 0.0], [0.0, 0.0, 0.0, 0.06441085978391947, 0.0, 0.028795369986420703, 0.016462537352451217, 0.0, 0.0, 0.06588078458684124, 0.01555793427434487, 0.0, 0.0, 0.0, 0.0, 0.0, 1.0, 0.06716418884960497, 0.0, 0.009717950780869618, 0.0, 0.0, 0.0, 0.0, 0.0920825657451492, 0.0, 0.0, 0.0, 0.0, 0.050975754051143955, 0.0, 0.0, 0.0, 0.07654655446197431, 0.0, 0.0, 0.0, 0.08292543400047218, 0.051031036307982884, 0.05163014029715521, 0.0, 0.0, 0.0, 0.0, 0.0700140042014005, 0.0, 0.018464786004314653, 0.06482723151941225, 0.0, 0.0, 0.05103103630798287, 0.0, 0.0, 0.023322602817228515, 0.0, 0.02161881987612111, 0.0, 0.0, 0.0, 0.07654655446197432, 0.0, 0.06835397908548697, 0.0, 0.0, 0.07654655446197432, 0.0, 0.0, 0.0, 0.0, 0.05689587603122244, 0.0, 0.0, 0.0, 0.0, 0.0, 0.08681472571507817, 0.0, 0.0, 0.0, 0.03938287736328777, 0.07654655446197432, 0.05103103630798288, 0.10397919214108545, 0.0], [0.0, 2.0318377709137662e-11, 0.23654987855918788, 0.4297666446531852, 0.0, 0.5344062303098087, 0.4666817570806305, 2.2497915855350863e-06, 4.303789026184724e-11, 0.3166468244588471, 0.045632025651076526, 0.40712969146281663, 0.002632969004802692, 0.0, 0.00574683667278614, 0.0, 0.06716418884960497, 1.0, 0.0002661743060580798, 0.5543782035034359, 0.002238917515964801, 0.003398234612091588, 0.0014280333783151665, 0.0, 0.11469561803116582, 2.317984463612258e-13, 0.00015631905498429712, 3.127538470092649e-09, 0.0, 0.22754704834536366, 0.0059204455958706955, 0.013683832237610032, 5.43528067040502e-06, 0.007823273500543439, 0.0, 0.0, 3.2252673103163487e-05, 0.13136194618866498, 0.10022996993799807, 0.5392037552355646, 0.33684498615716807, 0.1182045544571428, 0.0015598861768604008, 6.501567225126563e-10, 0.3739785683571414, 0.0013013683099887643, 0.40447451590907213, 0.4124140171029862, 1.0709817313665863e-08, 0.0, 0.35231813718185956, 0.0035389363169371604, 3.829360856608584e-18, 0.7892912751641117, 4.1194806663756385e-10, 0.2817766995195726, 0.0, 1.112270092782563e-06, 0.0, 0.20300749343074354, 2.0697013062065683e-12, 0.6089935081007312, 0.0, 0.002320733687957322, 0.0758856303107688, 1.2605990772804824e-08, 0.002113525196214622, 4.8221423313176916e-18, 0.00896911050679829, 0.42138047518903377, 1.0419234517178693e-08, 0.0, 4.6473212974720746e-18, 0.0017305904437648744, 0.0, 0.29840671611114816, 1.334506436620854e-07, 0.09516468544604312, 5.271644464318591e-18, 0.20978977274768162, 0.35255048162076674, 0.1882638393637333, 0.30706044327705845, 0.0], [0.0, 3.51411882397592e-11, 0.0, 0.0002486651733495769, 0.0, 0.0, 8.520549078321323e-05, 7.331403110043528e-07, 3.3678747292995297e-11, 6.99320508267124e-05, 9.94253360758483e-07, 0.00013803266624391261, 0.0002564120071846665, 0.0, 0.00011036718309639091, 0.0, 0.0, 0.0002661743060580798, 1.0, 7.260574658752733e-05, 1.1095489818346328e-10, 7.327210077511601e-05, 6.386956104413871e-05, 0.0, 4.851784233230636e-05, 0.0, 0.00010650249332943253, 2.0872654306701367e-09, 0.0, 0.00021760431979242454, 1.7881393432617188e-07, 6.13611352353231e-05, 4.781919171142827e-06, 1.0842021724855043e-19, 0.0, 0.0, 2.873266238906725e-06, 0.0, 0.0, 0.0002489295213588219, 2.8263012286902483e-10, 0.0002648204989985925, 0.00011389334937278155, 2.8074761074669912e-11, 0.0002624311493779794, 6.68558491677409e-06, 7.128252427880746e-05, 1.694464848205538e-13, 0.0, 0.0, 0.0, 2.2715544554801003e-13, 1.1482359452624212e-18, 0.0003394172495532142, 4.656612873077393e-10, 0.00010486609143743727, 0.0, 2.8706391419021935e-06, 0.0, 0.00026609307967498993, 1.7347234759768075e-18, 0.00016445817181140202, 0.0, 2.6386154200704565e-18, 6.388321649792816e-05, 7.24955872980642e-09, 0.0, 1.734723475976807e-18, 0.0, 0.00013987172853927282, 4.890642104937775e-15, 0.0, 1.4877967010975845e-18, 0.0, 0.0, 0.00016087855144760122, 1.5258779523784136e-07, 6.758142833074538e-08, 2.8274537294524834e-18, 0.0, 2.8263012292323494e-10, 0.0003016144571973542, 0.000304634486739664, 0.0], [0.0, 2.1457598855943413e-11, 0.06358894445293319, 0.35384756089598346, 0.0, 0.34467143517942056, 0.5295858679597628, 1.718300286180205e-06, 4.765191474965023e-11, 0.5015373429001335, 0.03562487727800149, 0.5409022801858574, 0.003811463607292422, 0.0, 0.002590614335351402, 0.0, 0.009717950780869618, 0.5543782035034359, 7.260574658752733e-05, 1.0, 0.003206189317237409, 0.0008787277606570057, 0.001038737659336082, 0.0, 0.10608535547335338, 1.4815438067180886e-13, 0.00021281593903928604, 1.5100537031703425e-09, 0.0, 0.5875909423395466, 0.0028545420724586505, 0.004192280471122526, 1.762434843912832e-05, 0.05101655450554442, 0.0, 0.0, 8.938673415205426e-06, 0.1293091590059672, 0.07112281336746076, 0.6492510662679046, 0.6597449730560807, 0.01079546416579821, 0.001520743035063068, 3.0096195803124646e-10, 0.43908809601120535, 0.0006177673255116144, 0.5049760411550331, 0.3904716240866315, 8.485080268064638e-09, 0.0, 0.4585038407452816, 0.0012456992683466926, 9.073785510405478e-19, 0.5843544692365401, 5.754355801387373e-10, 0.5293072316863622, 0.0, 1.643888117873139e-06, 0.0, 0.5157674604880209, 2.4246930478909625e-12, 0.30861489462749625, 0.0, 0.0015027537148021319, 0.046282413166262706, 1.2742401248226282e-08, 0.006436060198063771, 1.2248418436186176e-18, 0.016612850472764097, 0.49250180421921996, 9.459146101502035e-09, 0.0, 8.678504922574965e-19, 0.0015668682033744225, 0.0, 0.5071180462566515, 5.182474053297538e-08, 0.09970111916686557, 3.778880022306023e-18, 0.24057987634395128, 0.42271658199690404, 0.2074564383863038, 0.4764731504159021, 0.0], [0.0, 1.1725901984605036e-14, 0.0, 0.0010197984600529611, 0.0, 0.001973793564999654, 0.0, 0.0, 0.0, 0.0003642252079751545, 2.920035728552792e-11, 0.00026669903768761693, 0.0015148901848522774, 0.0, 9.645397767593462e-11, 0.0, 0.0, 0.002238917515964801, 1.1095489818346328e-10, 0.003206189317237409, 1.0, 1.4632966564131607e-13, 0.0, 0.0, 0.0, 6.204960646701702e-16, 2.9103830456733704e-11, 2.9136717734644855e-11, 0.0, 0.00046128679533711267, 0.00020144946215992044, 5.551115123125783e-17, 0.0, 0.0, 0.0, 0.0, 0.0, 0.0, 0.0, 0.0024638892533273395, 8.731149137020111e-11, 0.0038275397811231137, 0.00012207031249999999, 1.6653345369377348e-16, 0.0034261517072064216, 3.828908417192169e-14, 0.0038032996323700916, 0.001208696773073385, 0.0, 0.0, 0.0, 7.035541190763023e-14, 0.0, 0.0041829839954438345, 0.0, 0.0015637163531405068, 0.0, 1.1296984666962706e-16, 0.0, 1.4210854715202007e-14, 1.734723475976807e-18, 0.002425481562909881, 0.0, 0.00027615616859212366, 0.0012086967729595236, 0.0, 0.0, 6.938893903907228e-18, 0.0, 0.00040949430817333586, 0.0, 0.0, 0.0, 0.0, 0.0, 0.0019517032643031629, 0.0, 5.846817121024259e-11, 4.577782228637353e-18, 0.003827539781038491, 8.731149137020111e-11, 0.0012086967985796525, 0.0016000433023957783, 0.0], [0.0, 8.656993250711737e-13, 0.0, 0.0034814676918519614, 0.0, 0.007352211606128268, 0.00024155508356201436, 0.0, 1.971472770898968e-12, 0.002267403031188555, 2.255768743944511e-12, 0.003343978632023985, 1.4917271648053372e-05, 0.0, 0.002742212641951359, 0.0, 0.0, 0.003398234612091588, 7.327210077511601e-05, 0.0008787277606570057, 1.4632966564131607e-13, 1.0, 2.385406178670318e-05, 0.0, 2.1499969017938528e-12, 3.4453715900108027e-13, 7.32721022667056e-05, 1.1079615811066927e-12, 0.0, 0.006383948519120469, 0.0077522329646870615, 0.0, 0.0, 0.0, 0.0, 0.0, 0.0, 0.0, 0.0077522329646870615, 0.0066056896729961186, 0.0, 9.318830748662517e-05, 4.570821244851235e-05, 1.8189894035458565e-12, 0.0022618384508430035, 1.5985517344772614e-13, 0.0036190822832869183, 0.0014768925090413315, 0.0, 0.0, 0.007252088902903933, 0.007752232964792034, 7.58941520739853e-19, 0.0025854835833821702, 0.0, 0.007771714574006797, 0.0, 0.0, 0.0, 7.327210060706416e-05, 3.1398876394032017e-12, 0.00027548143310061424, 0.0, 6.660508169311391e-20, 0.002491399467709457, 0.0, 0.002250648280074876, 0.0, 0.0, 0.0023239203824170756, 2.771164613903601e-14, 0.0, 0.0, 2.0850421357870695e-15, 0.0, 0.003646209800746196, 0.0, 3.7663061890005866e-12, 0.0, 0.002250648280070437, 6.66050816931139e-20, 0.007098588463744497, 0.0006709490284524672, 0.0], [0.0, 0.0, 0.0, 0.0020356692967004293, 0.0, 0.0, 0.0019012101656208018, 0.0, 0.0, 0.0005725580124468709, 0.0, 0.0004978417820560287, 0.0004961682108355042, 0.0, 5.244448189874553e-05, 0.0, 0.0, 0.0014280333783151665, 6.386956104413871e-05, 0.001038737659336082, 0.0, 2.385406178670318e-05, 1.0, 0.0, 0.00048828124999999995, 0.0, 6.384545622455977e-05, 4.1006465675403537e-19, 0.0, 0.0013040422441310533, 0.0, 0.0, 0.0, 1.0842021724855044e-19, 0.0, 0.0, 0.0, 0.0, 0.0, 0.002108477984553517, 0.0, 0.001978003103134805, 0.002187062645316711, 0.0, 0.0005723926395662696, 0.0010733392065420096, 0.0004882812500000005, 0.0, 0.0, 0.0, 0.0, 0.0, 1.0842021724855043e-19, 0.0007572332627683324, 0.0, 0.0013332479486817125, 0.0, 0.0, 0.0, 6.384545622455988e-05, 0.0, 0.0010314720274560863, 0.0, 8.673617379884035e-19, 0.0008393389777219787, 0.0, 0.0, 0.0, 0.0, 0.0009141604808969466, 5.02640817507152e-19, 0.0, 6.894591762810248e-19, 0.00048828124999999995, 0.0, 0.00037944753498246787, 1.1147404117717789e-07, 7.4505805969238265e-09, 0.0, 0.0, 0.0, 0.0017484472980415268, 0.00046583448634054015, 0.0], [0.0, 0.0, 0.0, 0.0, 0.0, 0.0, 0.0, 0.0, 0.0, 0.0, 0.0, 0.0, 0.0, 0.0, 0.0, 0.0, 0.0, 0.0, 0.0, 0.0, 0.0, 0.0, 0.0, 1.0, 0.0, 0.0, 0.0, 0.0, 0.0, 0.0, 0.0, 0.0, 0.0, 0.0, 0.0, 0.0, 0.0, 0.0, 0.0, 0.0, 0.0, 0.0, 0.0, 0.0, 0.0, 0.0, 0.0, 0.0, 0.0, 0.0, 0.0, 0.0, 0.0, 0.0, 0.0, 0.0, 0.0, 0.0, 0.0, 0.0, 0.0, 0.0, 0.0, 0.0, 0.0, 0.0, 0.0, 0.0, 0.0, 0.0, 0.0, 0.0, 0.0, 0.0, 0.0, 0.0, 0.0, 0.0, 0.0, 0.0, 0.0, 0.0, 0.0, 0.0], [0.0, 1.662039639657924e-13, 0.0, 0.151489381574392, 0.0, 0.10973795589992394, 0.06673183779780945, 1.7717264495240553e-06, 1.9959933453906707e-12, 0.07560597406203293, 0.031619524362365495, 0.0005584665470080847, 0.0009931539680293744, 0.0, 0.00012992704013431992, 0.0, 0.0920825657451492, 0.11469561803116582, 4.851784233230636e-05, 0.10608535547335338, 0.0, 2.1499969017938528e-12, 0.00048828124999999995, 0.0, 1.0, 8.548384935884603e-13, 5.0051571745636836e-05, 7.190257401651406e-13, 0.0, 0.0465074251588547, 0.0, 0.023469442965892068, 1.1403746089034059e-05, 0.0625, 0.0, 0.0, 3.242492675781249e-05, 0.08330728124165832, 0.031249999999999997, 0.08813639702790108, 0.0, 0.0008028537268640358, 0.00048828124999999995, 1.6777102868505195e-12, 0.0641917961627366, 0.0010813963686740874, 0.07823236483751445, 0.07966092409552367, 0.0, 0.0, 0.05859375000047934, 0.0, 0.0, 0.06861949479784377, 0.0, 0.1377830614503408, 0.0, 7.62939453125e-06, 0.0, 0.03129027025369463, 1.007929807926472e-12, 0.09800630842814123, 0.0, 0.0, 0.04766097722489785, 0.0, 0.0, 0.0, 0.04684673565100495, 0.08588121428416641, 0.0, 0.0, 0.0, 0.0028770506187329415, 0.0, 0.09621892979891919, 0.0, 1.0791561231476227e-12, 0.0, 0.010718661571406798, 0.12499999999999999, 0.05543042389844743, 0.07234615331992296, 0.0], [0.0, 1.3923737144427707e-13, 0.0, 3.9349775126931623e-13, 0.0, 0.0, 0.0, 0.0, 9.05042914387801e-13, 4.4533476065915327e-13, 2.9121435735733283e-13, 7.052336473757461e-13, 0.0, 0.0, 9.732989486704237e-15, 0.0, 0.0, 2.317984463612258e-13, 0.0, 1.4815438067180886e-13, 6.204960646701702e-16, 3.4453715900108027e-13, 0.0, 0.0, 8.548384935884603e-13, 1.0, 0.0, 9.375298004249301e-15, 0.0, 8.744476816441196e-13, 0.0, 2.220446049250313e-16, 0.0, 0.0, 0.0, 0.0, 0.0, 0.0, 0.0, 2.9559133693953487e-13, 0.0, 3.5505634306356697e-15, 0.0, 4.491163465125173e-16, 4.2761953926554874e-13, 0.0, 6.962254303359244e-15, 3.87105118093911e-15, 0.0, 0.0, 0.0, 0.0, 0.0, 2.9221149288103463e-13, 0.0, 3.4377492029832067e-13, 0.0, 1.7994364427687572e-16, 0.0, 0.0, 4.168517383125921e-13, 6.031923697005103e-13, 0.0, 0.0, 0.0, 0.0, 1.0524968331719107e-14, 0.0, 0.0, 5.811579795950411e-13, 0.0, 0.0, 0.0, 8.259937056289278e-15, 0.0, 7.842873822099093e-13, 0.0, 5.128502783834403e-15, 0.0, 0.0, 0.0, 1.2884279800111045e-14, 7.033697402256782e-13, 0.0], [0.0, 7.75636081564475e-12, 0.0, 0.0002550868908769698, 0.0, 0.0, 0.00010096173176049345, 4.529953002929687e-06, 1.2370973464174053e-11, 0.00021455822871168094, 2.2079795279798382e-06, 0.0002099927618411106, 0.00021405012091360836, 0.0, 0.00011087020345921044, 0.0, 0.0, 0.00015631905498429712, 0.00010650249332943253, 0.00021281593903928604, 2.9103830456733704e-11, 7.32721022667056e-05, 6.384545622455977e-05, 0.0, 5.0051571745636836e-05, 0.0, 1.0, 1.3975391358285236e-10, 0.0, 0.00016671585848587544, 0.0, 9.950005344485003e-05, 9.536743164062498e-07, 0.0, 0.0, 0.0, 9.536743164062498e-06, 0.0, 0.0, 0.0002745550056701665, 2.9103830456733697e-11, 0.00019051607963301812, 0.00015129683549927367, 4.547473508864642e-13, 0.00012257925908144466, 1.9073589355279543e-06, 8.739239862486437e-05, 0.0, 0.0, 0.0, 2.27373675443232e-12, 0.0, 0.0, 0.0002284297320270102, 0.0, 0.00011214721847900356, 0.0, 1.9073486328124996e-06, 0.0, 9.859255848034984e-05, 3.611657935091366e-12, 0.0003470713706114463, 0.0, 0.0, 6.29425048828125e-05, 0.0, 0.0, 0.0, 0.0, 0.0004263261442518855, 0.0, 0.0, 0.0, 0.0, 0.0, 0.00037942036175324205, 0.0, 3.219081487557497e-11, 0.0, 0.0, 2.91038304567337e-11, 0.0001456820218744866, 0.00015593707487755352, 0.0], [0.0, 5.343454653200367e-11, 0.0, 1.2523925438497852e-09, 0.0, 0.0, 0.0, 0.0, 4.655044231619457e-11, 2.8862760916557214e-09, 3.673601454061921e-11, 4.250096974510402e-09, 8.142639531301007e-18, 0.0, 5.439462776629306e-10, 0.0, 0.0, 3.127538470092649e-09, 2.0872654306701367e-09, 1.5100537031703425e-09, 2.9136717734644855e-11, 1.1079615811066927e-12, 4.1006465675403537e-19, 0.0, 7.190257401651406e-13, 9.375298004249301e-15, 1.3975391358285236e-10, 1.0, 0.0, 3.1103539765155232e-09, 0.0, 0.0, 0.0, 5.345484744852119e-18, 0.0, 0.0, 0.0, 0.0, 0.0, 2.4635324823643013e-09, 2.9103830456733697e-11, 2.4656036832677954e-12, 0.0, 3.0927711917225554e-10, 6.286615592509913e-09, 2.455950569483725e-10, 6.130882650671138e-14, 1.5428043359023024e-13, 0.0, 0.0, 2.6963586866772837e-12, 2.2399055406253266e-13, 2.501205394897818e-18, 3.1999860747065443e-09, 4.656612873077393e-10, 1.9348861113494364e-09, 0.0, 1.942533794366855e-18, 0.0, 7.109325863736344e-15, 2.3625760730133868e-12, 2.735289535291581e-09, 0.0, 7.303707497308783e-18, 0.0, 0.0, 1.4065495918567763e-14, 2.123501625064547e-18, 0.0, 2.843965270909341e-09, 2.771201497087928e-14, 0.0, 2.1431332111843766e-18, 1.4074736724459121e-14, 0.0, 1.1313342790568924e-09, 0.0, 9.90334263611461e-10, 3.5587980527204226e-18, 0.0, 2.910383058604062e-11, 1.443958441912084e-09, 3.7833565237367155e-09, 0.0], [0.0, 0.0, 0.0, 0.0, 0.0, 0.0, 0.0, 0.0, 0.0, 0.0, 0.0, 0.0, 0.0, 0.0, 0.0, 0.0, 0.0, 0.0, 0.0, 0.0, 0.0, 0.0, 0.0, 0.0, 0.0, 0.0, 0.0, 0.0, 1.0, 0.0, 0.0, 0.0, 0.0, 0.0, 0.0, 0.0, 0.0, 0.0, 0.0, 0.0, 0.0, 0.0, 0.0, 0.0, 0.0, 0.0, 0.0, 0.0, 0.0, 0.0, 0.0, 0.0, 0.0, 0.0, 0.0, 0.0, 0.0, 0.0, 0.0, 0.0, 0.0, 0.0, 0.0, 0.0, 0.0, 0.0, 0.0, 0.0, 0.0, 0.0, 0.0, 0.0, 0.0, 0.0, 0.0, 0.0, 0.0, 0.0, 0.0, 0.0, 0.0, 0.0, 0.0, 0.0], [0.0, 2.7706976073165605e-11, 0.10185010546583881, 0.4385215864370152, 0.0, 0.1900289321841872, 0.7156336075268492, 2.367167497148309e-06, 3.023670646209963e-11, 0.5327727565818462, 0.017289188773786452, 0.324467169188841, 0.002919761978904537, 0.0, 0.00020440996120491014, 0.0, 0.050975754051143955, 0.22754704834536366, 0.00021760431979242454, 0.5875909423395466, 0.00046128679533711267, 0.006383948519120469, 0.0013040422441310533, 0.0, 0.0465074251588547, 8.744476816441196e-13, 0.00016671585848587544, 3.1103539765155232e-09, 0.0, 1.0, 0.009876582154301443, 0.013428090219786625, 8.65032121757588e-06, 0.03446782861449219, 0.0, 0.0, 1.0493748299076753e-05, 0.08344104546565309, 0.16564415216950856, 0.5281726792142434, 0.5391317290315422, 0.06499048546035925, 0.0014401544558708262, 5.666095912965437e-11, 0.31485897656432815, 0.00011414112988017083, 0.31848093752647044, 0.5352077578994449, 3.5313628861309474e-09, 0.0, 0.2216407882876682, 0.006176327925446802, 2.7043243542252026e-18, 0.19540262375476625, 5.193303552500649e-10, 0.6445938500396233, 0.0, 2.8610229493385243e-06, 0.0, 0.4095760510954192, 2.1489891950972012e-12, 0.27840918079565025, 0.0, 0.0036718824051638088, 0.17523123987909503, 7.707793145066865e-09, 1.750773047428919e-14, 2.71768727784797e-18, 0.013354786726434005, 0.8111321677231458, 4.053915814393095e-09, 0.0, 2.6306041727619623e-18, 0.0016171658362846542, 0.0, 0.34661634879873204, 1.8071053349391948e-07, 0.052859556134357756, 2.0326313399741284e-18, 0.18659983644092065, 0.2200167097805133, 0.12126635279950056, 0.341281067159944, 0.0], [0.0, 0.0, 0.0, 0.004830432931065992, 0.0, 0.008585981361973957, 7.152557373046875e-07, 1.1920928955078124e-07, 0.0, 0.001998136437742734, 0.0, 0.006744843213929516, 0.0011253241400352185, 0.0, 0.0023161213331311372, 0.0, 0.0, 0.0059204455958706955, 1.7881393432617188e-07, 0.0028545420724586505, 0.00020144946215992044, 0.0077522329646870615, 0.0, 0.0, 0.0, 0.0, 0.0, 0.0, 0.0, 0.009876582154301443, 1.0, 0.0, 4.76837158203125e-07, 0.0, 0.0, 0.0, 0.0, 0.0, 0.0078125, 0.007719086204982628, 0.0, 0.0009767406626734485, 0.0, 0.0, 0.0032769036383541892, 0.0, 0.004637075540549765, 0.002286201714823936, 0.0, 0.0, 0.0068359375, 0.0078125, 0.0, 0.0031817415454660956, 0.0, 0.00858562495774881, 0.0, 0.0, 0.0, 0.0, 0.0, 0.0012502434469318633, 0.0, 0.00389973994047891, 0.0029302239418029785, 0.0, 0.0019531249999999996, 0.0, 0.0, 0.0031751026754446507, 0.0, 0.0, 0.0, 0.0, 0.0, 0.004140507416014558, 1.0302650207841967e-07, 2.3841857910156245e-07, 0.0, 0.0029296875, 0.0, 0.008241179786487963, 0.003409856260461094, 0.0], [0.0, 0.0, 0.0, 0.027563167356672618, 0.0, 0.052841524426572584, 0.019045865394321567, 0.0, 0.0, 0.0592478016975537, 0.015624999999999997, 9.001253676729084e-05, 7.059734877606187e-05, 0.0, 0.00012207031250033307, 0.0, 0.0, 0.013683832237610032, 6.13611352353231e-05, 0.004192280471122526, 5.551115123125783e-17, 0.0, 0.0, 0.0, 0.023469442965892068, 2.220446049250313e-16, 9.950005344485003e-05, 0.0, 0.0, 0.013428090219786625, 0.0, 1.0, 1.4164236137596066e-05, 0.007812499999999999, 0.0, 0.0, 1.9073486328125e-06, 0.04253404085447628, 0.0, 0.04402302249932922, 2.775557561562892e-17, 6.215558883439069e-05, 4.049614274273907e-05, 2.220446049250313e-16, 0.013210276108933246, 7.27998992638342e-06, 0.019629818517642585, 0.05197922712803178, 0.0, 0.0, 0.0078125, 0.0, 0.0, 0.051780951899896135, 0.0, 0.028511512076974752, 0.0, 1.9073486328124998e-06, 0.0, 1.71661376953125e-05, 0.0, 0.010707596546769999, 0.0, 0.0, 0.06250190734863281, 0.0, 0.0, 0.0, 0.07073430390795735, 0.01649957376243738, 0.0, 0.0, 0.0, 0.0, 0.0, 0.016125417630164004, 0.0, 2.7755575615628914e-17, 0.0, 0.0, 0.0, 0.023469924926757896, 0.017007497681521076, 0.0], [0.0, 0.0, 0.0, 1.8087915081197352e-05, 0.0, 0.0, 4.768371582031251e-07, 1.4620266506073396e-06, 0.0, 1.893596332599576e-05, 9.302866459941974e-07, 6.379573263446503e-06, 0.0, 0.0, 0.0, 0.0, 0.0, 5.43528067040502e-06, 4.781919171142827e-06, 1.762434843912832e-05, 0.0, 0.0, 0.0, 0.0, 1.1403746089034059e-05, 0.0, 9.536743164062498e-07, 0.0, 0.0, 8.65032121757588e-06, 4.76837158203125e-07, 1.4164236137596066e-05, 1.0, 0.0, 0.0, 0.0, 0.0, 0.0, 0.0, 1.4660834056530557e-06, 0.0, 1.5436951735948182e-05, 0.0, 0.0, 2.024572614506129e-06, 3.8146972656249996e-06, 9.536743164062498e-07, 0.0, 0.0, 0.0, 0.0, 0.0, 0.0, 1.5974266004316975e-05, 0.0, 1.8419734756137546e-05, 0.0, 0.0, 0.0, 9.536743164062498e-07, 0.0, 1.762963466194783e-05, 0.0, 0.0, 7.152557373046876e-07, 0.0, 0.0, 0.0, 0.0, 1.6808168221901506e-05, 0.0, 0.0, 0.0, 0.0, 0.0, 1.4601064276656739e-05, 0.0, 0.0, 0.0, 0.0, 0.0, 1.430511474609375e-06, 1.5632215178823336e-05, 0.0], [0.0, 0.0, 0.0, 0.0546875, 0.0, 0.04172026268531161, 0.04871646110197588, 0.0, 0.0, 0.1288432295689818, 0.0, 5.170066846190104e-18, 0.0, 0.0, 0.0, 0.0, 0.07654655446197431, 0.007823273500543439, 1.0842021724855043e-19, 0.05101655450554442, 0.0, 0.0, 1.0842021724855044e-19, 0.0, 0.0625, 0.0, 0.0, 5.345484744852119e-18, 0.0, 0.03446782861449219, 0.0, 0.007812499999999999, 0.0, 1.0, 0.0, 0.0, 0.0, 0.05078125000000001, 0.031249999999999997, 0.018968433277724038, 0.0, 1.0842021724855043e-19, 0.0, 0.0, 0.04287464628562721, 1.0705085917403348e-19, 0.06640625, 0.038759029394719056, 0.0, 0.0, 0.058593749999999986, 0.0, 1.0842021724855044e-19, 0.03189439769248931, 0.0, 0.10484518626644262, 0.0, 0.0, 0.0, 0.125, 3.6652104545899175e-18, 0.12633697947514033, 0.0, 1.397247715417563e-17, 0.125, 0.0, 0.0, 0.0, 0.031221735651004966, 0.05377585217249495, 0.0, 0.0, 0.0, 0.0, 0.0, 0.025125945381480302, 0.0, 4.835314031382361e-18, 0.0, 0.0375153154999238, 0.031249999999999997, 0.03906249999999999, 0.13161843131354584, 0.0], [0.0, 0.0, 0.0, 0.0, 0.0, 0.0, 0.0, 0.0, 0.0, 0.0, 0.0, 0.0, 0.0, 0.0, 0.0, 0.0, 0.0, 0.0, 0.0, 0.0, 0.0, 0.0, 0.0, 0.0, 0.0, 0.0, 0.0, 0.0, 0.0, 0.0, 0.0, 0.0, 0.0, 0.0, 1.0, 0.0, 0.0, 0.0, 0.0, 0.0, 0.0, 0.0, 0.0, 0.0, 0.0, 0.0, 0.0, 0.0, 0.0, 0.0, 0.0, 0.0, 0.0, 0.0, 0.0, 0.0, 0.0, 0.0, 0.0, 0.0, 0.0, 0.0, 0.0, 0.0, 0.0, 0.0, 0.0, 0.0, 0.0, 0.0, 0.0, 0.0, 0.0, 0.0, 0.0, 0.0, 0.0, 0.0, 0.0, 0.0, 0.0, 0.0, 0.0, 0.0], [0.0, 0.0, 0.0, 0.0, 0.0, 0.0, 0.0, 0.0, 0.0, 0.0, 0.0, 0.0, 0.0, 0.0, 0.0, 0.0, 0.0, 0.0, 0.0, 0.0, 0.0, 0.0, 0.0, 0.0, 0.0, 0.0, 0.0, 0.0, 0.0, 0.0, 0.0, 0.0, 0.0, 0.0, 0.0, 1.0, 0.0, 0.0, 0.0, 0.0, 0.0, 0.0, 0.0, 0.0, 0.0, 0.0, 0.0, 0.0, 0.0, 0.0, 0.0, 0.0, 0.0, 0.0, 0.0, 0.0, 0.0, 0.0, 0.0, 0.0, 0.0, 0.0, 0.0, 0.0, 0.0, 0.0, 0.0, 0.0, 0.0, 0.0, 0.0, 0.0, 0.0, 0.0, 0.0, 0.0, 0.0, 0.0, 0.0, 0.0, 0.0, 0.0, 0.0, 0.0], [0.0, 0.0, 0.0, 2.3287361504213943e-05, 0.0, 0.0, 2.8760266266110093e-09, 0.0, 0.0, 6.018757149896588e-06, 0.0, 1.5254345848003861e-05, 0.0, 0.0, 0.0, 0.0, 0.0, 3.2252673103163487e-05, 2.873266238906725e-06, 8.938673415205426e-06, 0.0, 0.0, 0.0, 0.0, 3.242492675781249e-05, 0.0, 9.536743164062498e-06, 0.0, 0.0, 1.0493748299076753e-05, 0.0, 1.9073486328125e-06, 0.0, 0.0, 0.0, 0.0, 1.0, 0.0, 0.0, 1.2154867032959144e-05, 0.0, 1.9087866461258055e-06, 0.0, 0.0, 2.396688855509174e-09, 7.629394531249999e-06, 1.9073486328124998e-06, 0.0, 0.0, 0.0, 0.0, 0.0, 0.0, 3.526377735536647e-05, 0.0, 2.159545029166829e-05, 0.0, 1.9073486328124996e-06, 0.0, 1.9073486328124998e-06, 0.0, 1.20698024464