"{\"names\": [\"172.217.10.1\", \"104.88.86.240\", \"38.93.140.48\", \"192.168.10.15\", \"104.88.108.223\", \"195.142.105.15\", \"172.217.12.163\", \"206.217.206.48\", \"172.217.6.228\", \"178.255.83.1\", \"74.119.118.82\", \"192.168.10.9\", \"172.217.7.6\", \"35.186.227.40\", \"31.13.71.36\", \"206.126.112.142\", \"151.101.2.49\", \"192.168.10.25\", \"172.217.3.98\", \"192.168.10.16\", \"72.30.202.150\", \"172.217.12.132\", \"50.31.164.173\", \"162.208.20.178\", \"23.15.4.16\", \"216.58.217.99\", \"172.217.6.198\", \"172.217.12.174\", \"169.46.44.40\", \"192.168.10.17\", \"52.84.143.130\", \"104.19.195.102\", \"216.200.232.61\", \"104.97.73.166\", \"152.163.13.79\", \"192.229.163.25\", \"74.119.118.86\", \"54.225.188.92\", \"188.165.145.88\", \"192.168.10.14\", \"8.43.72.98\", \"199.96.57.6\", \"68.67.178.110\", \"104.88.70.158\", \"192.168.10.19\", \"69.172.216.56\", \"157.240.18.35\", \"172.217.11.34\", \"185.54.150.20\", \"69.169.85.7\", \"198.232.124.194\", \"74.119.118.72\", \"172.217.12.134\", \"192.168.10.5\", \"23.111.9.30\", \"192.168.10.8\", \"151.101.66.2\", \"68.67.178.199\", \"213.239.195.215\", \"138.108.7.20\", \"52.84.145.87\", \"192.168.10.50\", \"52.84.145.198\", \"52.40.24.51\", \"212.77.100.137\", \"185.54.150.115\", \"172.217.10.138\", \"152.163.66.165\", \"52.84.137.78\", \"192.168.10.51\", \"68.67.178.109\", \"129.146.14.96\", \"54.152.24.232\", \"172.217.10.33\", \"52.8.229.108\", \"192.168.10.12\", \"64.147.131.201\", \"172.217.12.206\", \"68.67.180.12\", \"172.217.10.134\", \"38.69.238.16\", \"172.217.10.142\", \"192.168.10.3\", \"172.217.6.202\"], \"funcEdges\": [[1.0, 0.0, 0.0, 0.0, 0.0, 0.0, 0.0, 0.0, 0.0, 0.0, 0.0, 0.0, 0.0, 0.0, 0.0, 0.0, 0.0, 0.0, 0.0, 0.0, 0.0, 0.0, 0.0, 0.0, 0.0, 0.0, 0.0, 0.0, 0.0, 0.0, 0.0, 0.0, 0.0, 0.0, 0.0, 0.0, 0.0, 0.0, 0.0, 0.0, 0.0, 0.0, 0.0, 0.0, 0.0, 0.0, 0.0, 0.0, 0.0, 0.0, 0.0, 0.0, 0.0, 0.0, 0.0, 0.0, 0.0, 0.0, 0.0, 0.0, 0.0, 0.0, 0.0, 0.0, 0.0, 0.0, 0.0, 0.0, 0.0, 0.0, 0.0, 0.0, 0.0, 0.0, 0.0, 0.0, 0.0, 0.0, 0.0, 0.0, 0.0, 0.0, 0.0, 0.0], [0.0, 1.0, 0.0, 2.239793498825496e-20, 0.0, 0.0, 0.0, 0.0, 1.4463783820238982e-20, 2.5021327229898957e-20, 3.541195171974988e-21, 1.2775227382426556e-20, 0.0, 0.0, 9.253896818788185e-21, 0.0, 0.0, 9.461481920041918e-21, 1.6363890953249857e-20, 9.991973105791683e-21, 5.4602986129955555e-24, 4.031226621340838e-22, 0.0, 0.0, 7.739475181596e-23, 6.483745362808791e-23, 3.611836962236441e-21, 2.4882399724798124e-20, 0.0, 1.2902066145635026e-20, 0.0, 0.0, 0.0, 0.0, 0.0, 0.0, 0.0, 0.0, 0.0, 1.2764310745176431e-20, 0.0, 9.411913861124776e-22, 0.0, 0.0, 2.0739759263030525e-20, 1.3398878645780443e-20, 3.2761791677973345e-23, 1.0008498459632184e-22, 0.0, 0.0, 8.470329472543003e-22, 2.6469779601696886e-23, 0.0, 2.460589310890716e-20, 0.0, 1.6416093415723014e-20, 0.0, 0.0, 0.0, 0.0, 1.7289987634156774e-22, 1.7810561795409062e-20, 0.0, 0.0, 0.0, 0.0, 0.0, 0.0, 0.0, 1.6180824527784537e-20, 0.0, 0.0, 0.0, 0.0, 0.0, 9.23515090453005e-21, 0.0, 1.4607815349694387e-20, 0.0, 0.0, 0.0, 3.115485061476318e-22, 2.9198198123620385e-20, 0.0], [0.0, 0.0, 1.0, 1.0144018112155739e-09, 0.0, 2.821276802341904e-10, 1.9156230486131905e-09, 0.0, 0.0, 1.0806829241073838e-09, 0.0, 1.0282329274338524e-09, 0.0, 9.313225746154785e-10, 0.0, 0.0, 0.0, 2.617859813670813e-09, 0.0, 2.0187150087171733e-09, 0.0, 0.0, 0.0, 0.0, 0.0, 0.0, 0.0, 0.0, 0.0, 1.3279961913199343e-09, 0.0, 2.1781022364951127e-09, 7.451721690589472e-10, 0.0, 0.0, 0.0, 0.0, 0.0, 2.3283064365386953e-10, 1.5818814281641573e-09, 8.422408237884187e-10, 4.7427651223651516e-11, 0.0, 0.0, 1.1142308587419556e-09, 0.0, 1.856977817059172e-09, 4.1957127862463516e-10, 0.0, 0.0, 0.0, 4.6566128730773915e-10, 0.0, 7.773451947599958e-10, 0.0, 8.434991287421581e-10, 0.0, 3.6385783843410395e-10, 0.0, 4.742765122365151e-11, 0.0, 1.9388347983641456e-09, 0.0, 0.0, 4.6566128730773915e-10, 0.0, 0.0, 0.0, 0.0, 1.053066417565847e-09, 2.724745294254047e-10, 0.0, 0.0, 0.0, 0.0, 1.0408699675352663e-09, 0.0, 1.0516797208936705e-09, 0.0, 4.7427651223651516e-11, 6.409858398156905e-10, 6.521302043252084e-11, 2.231423329286933e-09, 0.0], [0.0, 2.239793498825496e-20, 1.0144018112155739e-09, 1.0, 0.0731459193301881, 7.309798006104984e-10, 2.222067934936655e-06, 1.5866024484939809e-15, 3.4635308730120584e-20, 0.34284012206135805, 0.20944400021500975, 0.7997361768472084, 1.2119692692820758e-12, 2.605401806071362e-10, 0.23532671138571343, 0.0, 2.9993643883578233e-11, 0.6483581561724432, 1.1579374473056612e-13, 0.4632760511780641, 0.09272467030017957, 1.621184727108088e-12, 0.21620015443697846, 0.0, 0.00019542901891170887, 1.8323666940877038e-22, 1.1878408998109857e-13, 4.576328825400072e-06, 4.390849897826875e-10, 0.6835492996961269, 6.336111857718371e-05, 3.4987906600780933e-08, 2.091831454608727e-09, 6.163448835700977e-08, 0.0, 0.02319181677953989, 0.029435043850073027, 5.190856574328597e-11, 3.588685997266104e-10, 0.5234665918367147, 1.974059154697948e-09, 0.13671687133918786, 0.0034037071002187744, 0.01456244725754972, 0.3604963061896714, 0.008324989453070622, 0.49903245548376435, 1.2991219816529441e-05, 0.00027916440525190233, 0.016742735362524956, 0.1404222594399351, 0.0003402086262973872, 1.5624440389099465e-27, 0.25426740971328643, 3.5270375240643305e-19, 0.3629251683688124, 0.004607395966166479, 0.026160473452573146, 0.20709796957652382, 0.027311375201298997, 0.00025397522360910463, 0.536655236075511, 0.0013518783093654557, 1.0155809176904421e-12, 1.2570291637994748e-09, 0.0004483125399504372, 0.01677477363431063, 0.00217256932803291, 1.246223576007097e-05, 0.20938815881209186, 2.696564581742797e-06, 0.01719686038936063, 0.0009381197093134221, 3.0171977537589005e-13, 0.0, 0.23233600311403357, 0.015293560129966348, 0.056453653925146535, 0.0013999636346428259, 4.012280489221424e-11, 7.289331002799544e-10, 2.5095245628675433e-10, 0.6472081940512524, 0.00031184442278780133], [0.0, 0.0, 0.0, 0.0731459193301881, 1.0, 0.0, 0.0, 0.0, 0.0, 0.482023833851792, 0.0, 0.07183114352546813, 0.0, 0.0, 0.0, 0.0, 0.0, 0.16263062682480475, 0.0, 0.3179390417951684, 0.0, 0.0, 0.43203391326882373, 0.0, 0.0, 0.0, 0.0, 0.0, 0.0, 0.2401118182765181, 0.0, 0.0, 0.0, 0.0, 0.0, 0.0, 0.0, 0.0, 0.0, 0.4647574225886357, 0.0, 0.13146973809739726, 0.0, 0.0, 0.11690482730126384, 0.0, 0.10517579047791781, 0.0, 0.0, 0.0, 0.2029218666548384, 0.0, 0.0, 0.03643180690235061, 0.0, 0.17135624295297464, 0.0, 0.0, 0.1895781322687003, 0.0, 0.0, 0.06276603856834187, 0.0, 0.0, 0.0, 0.0, 0.0, 0.0, 0.0, 0.13232817435217445, 0.0, 0.0, 0.0, 0.0, 0.0, 0.1670484456750351, 0.0, 0.0, 0.0, 0.0, 0.0, 0.0, 0.14837745053698828, 0.0], [0.0, 0.0, 2.821276802341904e-10, 7.309798006104984e-10, 0.0, 1.0, 1.4566217184349524e-10, 0.0, 0.0, 8.979436515966349e-10, 1.8450743684828013e-11, 2.554648021207118e-10, 1.0458810917739326e-12, 2.3283064365386955e-10, 1.7206504305018573e-12, 0.0, 1.3408889056379303e-11, 6.711816349359974e-10, 0.0, 4.933940323640348e-10, 9.191192523574708e-13, 3.4236403210685906e-12, 0.0, 0.0, 5.11007178108785e-11, 0.0, 0.0, 0.0, 1.502915342263651e-10, 8.058726541820364e-10, 3.998159133817049e-12, 2.349109771305516e-10, 2.7951088175120804e-10, 1.9427511228859242e-11, 0.0, 0.0, 0.0, 4.5389050945990366e-11, 3.2461697443978017e-10, 4.809764331403998e-10, 8.403913992470321e-10, 9.77740220115264e-11, 0.0, 0.0, 4.371947445377156e-10, 0.0, 1.4901949904971533e-10, 6.042605803492533e-10, 0.0, 0.0, 4.71061450528717e-10, 4.0735560139555613e-10, 0.0, 1.0950934938475136e-09, 0.0, 8.866062598529978e-10, 0.0, 0.0, 0.0, 1.4896032912805146e-10, 0.0, 6.359611580443535e-10, 0.0, 6.860362154915237e-13, 1.1327186865133192e-10, 0.0, 1.6094902478167773e-12, 0.0, 1.9056804232752297e-11, 5.773099716531896e-10, 4.227660636517697e-10, 0.0, 0.0, 0.0, 0.0, 5.929208719293769e-10, 0.0, 2.3625648560499507e-10, 0.0, 4.477115683966111e-11, 4.875440262410291e-10, 4.381924311189756e-11, 4.809785118273608e-10, 0.0], [0.0, 0.0, 1.9156230486131905e-09, 2.222067934936655e-06, 0.0, 1.4566217184349524e-10, 1.0, 5.551115123125783e-17, 0.0, 9.357230398556708e-07, 1.4601431596129987e-07, 2.7482110893732075e-06, 1.4013328942317592e-13, 0.0, 2.9192980494148996e-14, 0.0, 7.665966335894175e-12, 2.5984950495760874e-06, 3.9676898523798786e-14, 1.7820082147668003e-06, 9.612037413215626e-07, 1.1248285116721614e-13, 8.853199731655427e-13, 0.0, 9.540937732507127e-07, 0.0, 4.7013969980410045e-14, 1.5644208325519017e-06, 0.0, 1.465081135759269e-06, 3.3306690738754696e-16, 3.8202720007972904e-07, 4.025788145737376e-09, 1.5696130747841662e-07, 0.0, 1.3301725680202893e-07, 4.6114240462110586e-08, 3.781279426991433e-11, 7.960408942659637e-11, 3.8178679591702534e-06, 7.474309586128871e-10, 1.0691931691336764e-06, 8.62777606551207e-13, 0.0, 1.6203698902327865e-06, 2.7634182267104053e-13, 1.3110566276609416e-06, 3.3872804515404367e-06, 6.909382582190151e-18, 3.869160323621428e-06, 6.193370444674786e-09, 4.4636379530845947e-10, 0.0, 1.7741401100906957e-06, 0.0, 3.2189856239366758e-06, 0.0, 6.818350805716988e-11, 0.0, 1.2805279685840492e-10, 0.0, 1.220288273921174e-06, 0.0, 0.0, 1.2848526558437541e-09, 1.0391200704765637e-17, 0.0, 1.320409908969911e-07, 8.857687530310258e-12, 3.7572176852173536e-06, 3.6917995424484035e-07, 9.5367431640625e-07, 0.0, 3.119541090973304e-13, 0.0, 2.010193613231942e-06, 1.557343637422107e-06, 2.793381507398293e-08, 9.536743164062502e-07, 1.3673767765641673e-10, 1.2601874371972285e-10, 9.674513766910286e-11, 3.454473914799436e-06, 0.0], [0.0, 0.0, 0.0, 1.5866024484939809e-15, 0.0, 0.0, 5.551115123125783e-17, 1.0, 0.0, 1.0515597255531474e-15, 1.1050205970060167e-15, 1.3096831014297475e-15, 0.0, 0.0, 0.0, 0.0, 0.0, 1.047640845894388e-15, 3.4139506099948325e-16, 8.001459232439311e-16, 0.0, 0.0, 0.0, 0.0, 8.250244192425419e-16, 0.0, 2.109423746787797e-15, 0.0, 0.0, 1.1022982639951207e-15, 5.551115123125782e-17, 0.0, 6.808092122000361e-16, 0.0, 0.0, 0.0, 0.0, 0.0, 0.0, 2.811277265874846e-15, 0.0, 3.8024919106198477e-17, 0.0, 0.0, 1.0487128813081226e-15, 0.0, 2.109423746787797e-15, 0.0, 0.0, 0.0, 0.0, 0.0, 0.0, 1.2072718885228018e-15, 0.0, 5.542349710846575e-16, 0.0, 0.0, 0.0, 2.109423746787797e-15, 0.0, 1.6285839436264376e-15, 0.0, 0.0, 4.0245980520245747e-16, 0.0, 0.0, 0.0, 0.0, 1.0118344970805967e-15, 0.0, 0.0, 0.0, 0.0, 0.0, 2.1513442460649626e-15, 0.0, 0.0, 0.0, 0.0, 0.0, 8.326672684688672e-16, 7.0718937338484e-16, 0.0], [0.0, 1.4463783820238982e-20, 0.0, 3.4635308730120584e-20, 0.0, 0.0, 0.0, 0.0, 1.0, 1.9070530126661907e-20, 3.870438451471159e-21, 2.6569926639011875e-20, 0.0, 0.0, 2.772172017738629e-20, 0.0, 0.0, 2.0041079382341e-20, 1.568288881936823e-20, 2.2189651965000775e-20, 0.0, 9.180385483889692e-22, 0.0, 0.0, 9.294568306723008e-22, 4.2144344858257145e-22, 5.760683428577172e-21, 2.1676738893703824e-20, 0.0, 1.4080063655087552e-20, 0.0, 0.0, 0.0, 0.0, 0.0, 0.0, 0.0, 0.0, 0.0, 2.6824947087720674e-20, 0.0, 8.470329472543003e-22, 0.0, 3.6555951750197116e-22, 2.2996159706419374e-20, 5.4123476591701045e-21, 0.0, 0.0, 0.0, 0.0, 1.0176273887552202e-21, 0.0, 0.0, 6.636282329673557e-21, 0.0, 2.91297887372353e-20, 0.0, 0.0, 0.0, 0.0, 5.880295096427183e-22, 1.7879048816339297e-20, 0.0, 0.0, 0.0, 0.0, 0.0, 0.0, 0.0, 2.29597779963738e-20, 0.0, 0.0, 0.0, 0.0, 0.0, 3.5494249785857476e-20, 0.0, 1.028435820560624e-20, 0.0, 0.0, 0.0, 0.0, 1.665791987223283e-20, 0.0], [0.0, 2.5021327229898957e-20, 1.0806829241073838e-09, 0.34284012206135805, 0.482023833851792, 8.979436515966349e-10, 9.357230398556708e-07, 1.0515597255531474e-15, 1.9070530126661907e-20, 1.0, 0.15578296979070766, 0.2077091088670024, 1.898577738865648e-12, 3.7708148834245085e-10, 0.21384244166161048, 0.0, 3.067813095955236e-11, 0.3612865946052694, 3.2564648812037145e-14, 0.6690259846994906, 0.12477631562936552, 1.0558418143487326e-12, 0.46611898649032274, 0.0, 0.0006328557811172078, 2.0737515793142527e-22, 9.991146098434969e-14, 2.656585640755128e-06, 7.460375038348156e-12, 0.6043784487151298, 5.2065331531036345e-05, 4.149596561397965e-07, 1.8486534413618268e-09, 1.4217152897668134e-07, 0.0, 0.009187581154318879, 0.02242782302991174, 2.658030095778609e-11, 5.10931799616598e-10, 0.680334402631408, 1.4731122967712421e-09, 0.16485918943922817, 4.675162697040821e-13, 0.04247005534600698, 0.16734791419414116, 0.00748102658799144, 0.1613957042489228, 6.242283192648938e-06, 0.0009173940116379291, 0.03223970150140817, 0.31369921041702714, 0.0008448019490093043, 8.282042180497961e-28, 0.2776288755038061, 9.114483293737636e-21, 0.38072400078471325, 0.0013863229623959539, 0.012606271936472003, 0.3387439343225172, 0.004356950696679981, 0.00035910953750373703, 0.28769446548394123, 0.0008451872722189944, 7.167809154468668e-14, 2.02191794931517e-09, 0.00164355170110281, 0.03242390075502252, 0.002826710570747456, 3.0931456101529706e-05, 0.05509237025473392, 4.5083527798685306e-08, 0.010338777117756713, 0.0005207892172854187, 5.100552222321867e-13, 0.0, 0.4800159565434262, 0.01860867339241365, 0.0708818976200603, 0.0016666382634028445, 7.229105131803795e-11, 8.712247114592402e-10, 5.302612281266517e-10, 0.6613520873353911, 6.190037523098207e-05], [0.0, 3.541195171974988e-21, 0.0, 0.20944400021500975, 0.0, 1.8450743684828013e-11, 1.4601431596129987e-07, 1.1050205970060167e-15, 3.870438451471159e-21, 0.15578296979070766, 1.0, 0.12797221714957052, 9.724759852000506e-14, 0.0, 0.2806800433547272, 0.0, 7.2447277020406306e-12, 0.11354549169756512, 4.629852998808413e-16, 0.29090647432810085, 0.05595529422006546, 1.0504241771737631e-21, 0.0, 0.0, 1.472398841863754e-11, 1.3560725252951162e-22, 1.028170589348226e-15, 5.960464477540774e-08, 0.0, 0.09793105672777044, 0.0, 7.275957614183424e-12, 4.3319847713885706e-16, 5.960464477539061e-08, 0.0, 0.007812559604644775, 0.032517794220065455, 1.514611357900236e-11, 0.0, 0.2176106591416433, 1.3552527156068805e-20, 5.960475846222921e-08, 0.0, 8.470329472543003e-22, 0.09684841912772563, 8.869413436955424e-22, 3.057719487920726e-05, 1.7262771260134206e-11, 0.0, 0.03125, 1.0587911840678754e-21, 9.079059501450117e-24, 0.0, 0.2498108426029389, 0.0, 0.22302941481646393, 0.0, 0.007812499999999999, 0.1703637658074825, 0.007812500000001027, 3.664407637582059e-22, 0.26171948322878713, 0.0, 0.0, 7.276401703393273e-12, 0.0, 0.03125, 8.255111336631704e-08, 7.275957614183424e-12, 0.007834550151581231, 1.2904240814520047e-23, 0.003378731863839286, 3.0517578124999993e-05, 1.1368683772465836e-13, 0.0, 0.1832071216391052, 7.199314265375837e-05, 0.02470529422006546, 0.0, 0.0, 1.3552527156068808e-20, 7.27795229872829e-12, 0.22194520005601004, 0.0], [0.0, 1.2775227382426556e-20, 1.0282329274338524e-09, 0.7997361768472084, 0.07183114352546813, 2.554648021207118e-10, 2.7482110893732075e-06, 1.3096831014297475e-15, 2.6569926639011875e-20, 0.2077091088670024, 0.12797221714957052, 1.0, 1.1160144368240722e-12, 2.3283064365386955e-10, 0.18138465088906996, 0.0, 0.0, 0.5873803122486867, 6.427646905365987e-14, 0.36564563039518305, 0.09927367918711782, 1.5571613945178617e-12, 0.18776055693862373, 0.0, 0.00041415333377521174, 3.2840000808972217e-22, 9.778549980423906e-14, 3.3659278380115576e-06, 0.0, 0.5974347443196044, 5.468063973376374e-05, 1.4219013679683856e-07, 3.140362193560103e-09, 1.6088713256189758e-07, 0.0, 0.00885762081400994, 0.018639710179640154, 0.0, 2.8207642054428407e-10, 0.48723987307725397, 1.1534343917571255e-09, 0.1242815452511446, 0.0010993623337794897, 0.06063102440157464, 0.33309877937655497, 0.007522646992368789, 0.49451233530047534, 1.160142959986643e-05, 0.0009058803390582834, 0.01490441447041075, 0.09561970145838498, 0.0009151284483287736, 1.6082384208656384e-27, 0.27756815112737016, 5.464862133844171e-19, 0.27951158186858927, 0.0032085925053208413, 0.015218792273035622, 0.2511787057965419, 0.013037396661784627, 0.0008423343424335607, 0.5854160671180189, 0.0010728203624462268, 1.8159579208488198e-12, 2.9914052027712857e-09, 0.001257686454272734, 0.011613977355743675, 0.0005548835733483206, 2.1967230330110704e-06, 0.1720758982298657, 6.519255023659246e-05, 0.015076289032296093, 0.00047922049686067406, 2.3396202749577925e-13, 0.0, 0.36135996158875006, 0.016504408557642677, 0.07036412904988437, 0.001924142314317687, 3.5374587159050063e-11, 8.723175865513288e-10, 1.169464285556837e-10, 0.5062106585360098, 0.00031064229770575076], [0.0, 0.0, 0.0, 1.2119692692820758e-12, 0.0, 1.0458810917739326e-12, 1.4013328942317592e-13, 0.0, 0.0, 1.898577738865648e-12, 9.724759852000506e-14, 1.1160144368240722e-12, 1.0, 0.0, 5.001464687343991e-13, 0.0, 0.0, 1.2260717362177986e-12, 1.194011453467731e-13, 1.7748510498983887e-12, 7.054257136081706e-13, 6.9463959187517745e-15, 2.3104632777883866e-13, 0.0, 4.624733552473478e-13, 0.0, 9.967485485300811e-14, 3.7917120062285136e-27, 0.0, 1.359620121728879e-12, 5.240198876872745e-13, 3.287445231157442e-14, 0.0, 0.0, 0.0, 0.0, 0.0, 0.0, 0.0, 1.164130923047431e-12, 0.0, 1.0187242204206913e-12, 3.2950442418873654e-13, 0.0, 1.4781185798902766e-12, 5.898092476497127e-13, 1.7012366970353243e-12, 5.240198876872745e-13, 0.0, 0.0, 0.0, 0.0, 1.6155871338926322e-27, 1.282355127417192e-12, 0.0, 8.109245671673689e-13, 0.0, 9.068959425722337e-28, 0.0, 1.1755907375009375e-13, 8.077935669463159e-28, 1.6814129265559943e-12, 0.0, 4.233756645602869e-13, 2.710660492688153e-12, 0.0, 0.0, 8.07793566946316e-28, 0.0, 1.2375701865763762e-12, 0.0, 0.0, 1.6155871338926322e-27, 5.525325187092927e-13, 0.0, 2.9768422782682885e-12, 0.0, 8.07793566946316e-28, 1.818211264777973e-27, 5.240198876872745e-13, 0.0, 8.293530491633144e-13, 1.1061194671589044e-12, 0.0], [0.0, 0.0, 9.313225746154785e-10, 2.605401806071362e-10, 0.0, 2.3283064365386955e-10, 0.0, 0.0, 0.0, 3.7708148834245085e-10, 0.0, 2.3283064365386955e-10, 0.0, 1.0, 0.0, 0.0, 0.0, 7.182638042417343e-10, 0.0, 8.079480540339919e-10, 0.0, 0.0, 0.0, 0.0, 0.0, 0.0, 0.0, 0.0, 0.0, 8.149072527885438e-10, 0.0, 3.1545708726415557e-10, 2.795108817512081e-10, 0.0, 0.0, 0.0, 0.0, 0.0, 2.328306436538696e-10, 9.191073004817103e-10, 3.3878387756112585e-10, 0.0, 0.0, 0.0, 9.291053868271188e-10, 0.0, 0.0, 3.0454572815468465e-10, 0.0, 0.0, 0.0, 0.0, 0.0, 2.3973715878388326e-10, 0.0, 2.2784811083180918e-10, 0.0, 0.0, 0.0, 0.0, 0.0, 2.987901734081082e-11, 0.0, 0.0, 0.0, 0.0, 0.0, 0.0, 0.0, 2.3283064365386955e-10, 2.724745294254047e-10, 0.0, 0.0, 0.0, 0.0, 7.305895356021226e-10, 0.0, 2.3283064365386955e-10, 0.0, 0.0, 5.70316273435759e-10, 0.0, 3.576393132934863e-10, 0.0], [0.0, 9.253896818788185e-21, 0.0, 0.23532671138571343, 0.0, 1.7206504305018573e-12, 2.9192980494148996e-14, 0.0, 2.772172017738629e-20, 0.21384244166161048, 0.2806800433547272, 0.18138465088906996, 5.001464687343991e-13, 0.0, 1.0, 0.0, 0.0, 0.10601655253329646, 5.139372455719435e-14, 0.3121977997699491, 0.061930043354613495, 1.2769422689226266e-12, 2.4421364953157274e-14, 0.0, 6.050199276503172e-14, 4.532276413731387e-24, 5.16279616668869e-14, 2.5329472388277323e-19, 0.0, 0.14366677616661805, 1.0785280415467626e-12, 5.684341886096311e-14, 0.0, 0.0, 0.0, 0.009587513548316717, 0.0019175027096633435, 0.0, 1.0785280415467624e-12, 0.30003854176155914, 7.926130613817885e-20, 0.004276900944809296, 4.7690926774546034e-14, 0.036010372481126984, 0.08827722100166113, 0.0034413472506686885, 2.1751032852275113e-12, 2.6424290198105915e-12, 1.6444189875065104e-18, 0.034956944299176326, 1.617792062320144e-12, 1.0785300766843074e-12, 0.0, 0.2664327139214078, 2.168404344971009e-19, 0.24477450754928504, 0.0, 0.013864414492879548, 0.20161376580748244, 0.009587513548345139, 0.0, 0.26025134393177746, 0.0, 0.0, 3.879310566126582e-13, 1.7347234759768075e-18, 0.030680043354973006, 0.0, 0.0, 0.05947074459291069, 1.887751023494188e-18, 0.018045499781903188, 0.0, 1.7053025658473847e-13, 0.0, 0.23718692409396913, 0.004276900944562834, 0.002749436321504678, 0.0, 3.5950934718225415e-13, 7.926128675113325e-20, 1.545441217365903e-12, 0.26840402595957513, 0.0], [0.0, 0.0, 0.0, 0.0, 0.0, 0.0, 0.0, 0.0, 0.0, 0.0, 0.0, 0.0, 0.0, 0.0, 0.0, 1.0, 0.0, 0.0, 0.0, 0.0, 0.0, 0.0, 0.0, 0.0, 0.0, 0.0, 0.0, 0.0, 0.0, 0.0, 0.0, 0.0, 0.0, 0.0, 0.0, 0.0, 0.0, 0.0, 0.0, 0.0, 0.0, 0.0, 0.0, 0.0, 0.0, 0.0, 0.0, 0.0, 0.0, 0.0, 0.0, 0.0, 0.0, 0.0, 0.0, 0.0, 0.0, 0.0, 0.0, 0.0, 0.0, 0.0, 0.0, 0.0, 0.0, 0.0, 0.0, 0.0, 0.0, 0.0, 0.0, 0.0, 0.0, 0.0, 0.0, 0.0, 0.0, 0.0, 0.0, 0.0, 0.0, 0.0, 0.0, 0.0], [0.0, 0.0, 0.0, 2.9993643883578233e-11, 0.0, 1.3408889056379303e-11, 7.665966335894175e-12, 0.0, 0.0, 3.067813095955236e-11, 7.2447277020406306e-12, 0.0, 0.0, 0.0, 0.0, 0.0, 1.0, 3.127576264068716e-11, 0.0, 4.5252734706129965e-12, 0.0, 0.0, 0.0, 0.0, 4.287928610348571e-11, 0.0, 0.0, 0.0, 0.0, 2.37374352529384e-11, 0.0, 0.0, 0.0, 3.564476708973493e-11, 0.0, 0.0, 0.0, 3.861516434721285e-11, 2.376317805982329e-11, 2.4042157594652478e-11, 0.0, 0.0, 0.0, 0.0, 3.260281132599362e-11, 0.0, 8.598336020631089e-12, 3.018753208192636e-11, 0.0, 0.0, 2.3763178059823285e-11, 0.0, 0.0, 1.0860433251237737e-11, 0.0, 1.0067047493588697e-11, 0.0, 0.0, 0.0, 3.5644767089734936e-11, 0.0, 3.182980189355415e-11, 0.0, 0.0, 3.5644767089734936e-11, 0.0, 0.0, 0.0, 0.0, 2.6494206875200588e-11, 0.0, 0.0, 0.0, 0.0, 0.0, 4.0426256933751596e-11, 0.0, 0.0, 0.0, 1.8339081370871408e-11, 3.5644767089734936e-11, 2.3763178059823288e-11, 4.8419084465636614e-11, 0.0], [0.0, 9.461481920041918e-21, 2.617859813670813e-09, 0.6483581561724432, 0.16263062682480475, 6.711816349359974e-10, 2.5984950495760874e-06, 1.047640845894388e-15, 2.0041079382341e-20, 0.3612865946052694, 0.11354549169756512, 0.5873803122486867, 1.2260717362177986e-12, 7.182638042417343e-10, 0.10601655253329646, 0.0, 3.127576264068716e-11, 1.0, 1.2394707000724962e-13, 0.3830802303886155, 0.12892795744066415, 1.5824263040402848e-12, 0.18977430764774947, 0.0, 0.0009113807906116848, 1.0793956292850236e-22, 7.279173237471707e-14, 5.310233107373638e-06, 5.7767243532677544e-11, 0.5244430641103358, 4.536109889607889e-05, 1.490581528350475e-07, 1.9601344361262944e-09, 1.1773821977490647e-07, 0.0, 0.02360022841961412, 0.01566777559264818, 6.117017296546371e-11, 2.262391678885778e-10, 0.49017716259354804, 1.962065195184112e-09, 0.21015060331930413, 0.003905762014299606, 0.01858724755185549, 0.3752311558372775, 0.008502466077273313, 0.412161236565219, 1.4336054032558612e-05, 0.0014870157504624302, 0.019312592422475947, 0.09104393918698966, 0.00139745818454745, 1.7831851060542204e-27, 0.4438647888559092, 1.9182826701438234e-19, 0.3591073911245261, 0.004607479218060589, 0.016961733467750727, 0.5570362197356085, 0.02302014864675021, 0.00017459567585118553, 0.6585306225389854, 0.0021839614536242505, 1.0806758366326438e-12, 3.2785310029039964e-09, 0.0024724828273068157, 0.015215188056144139, 0.0019094794243334052, 3.807986951601735e-05, 0.29952921479952144, 0.00016923818912659714, 0.01849140656664225, 0.0006395913701929808, 8.058689738460232e-13, 0.0, 0.22316664883677229, 0.02741086046586838, 0.026319252538235395, 0.002601877615709407, 9.76909756416835e-11, 7.872827977529774e-10, 1.4543442532429104e-10, 0.41386086664830213, 7.904230740633512e-05], [0.0, 1.6363890953249857e-20, 0.0, 1.1579374473056612e-13, 0.0, 0.0, 3.9676898523798786e-14, 3.4139506099948325e-16, 1.568288881936823e-20, 3.2564648812037145e-14, 4.629852998808413e-16, 6.427646905365987e-14, 1.194011453467731e-13, 0.0, 5.139372455719435e-14, 0.0, 0.0, 1.2394707000724962e-13, 1.0, 3.380968542188747e-14, 5.166740072121065e-20, 3.411998077068292e-14, 2.974158201559387e-14, 0.0, 2.2592880917855706e-14, 0.0, 4.9594088145267463e-14, 9.719587073987987e-19, 0.0, 1.0132990767826538e-13, 8.326672684688674e-17, 2.857350522434483e-14, 2.2267546370359262e-15, 5.048709793414475e-29, 0.0, 0.0, 1.3379688555871718e-15, 0.0, 0.0, 1.1591684136484838e-13, 1.3160990684713462e-19, 1.2331665446916245e-13, 5.3035723684719553e-14, 1.3073329382888e-20, 1.2220402684899951e-13, 3.1132180787502275e-15, 3.319351201821466e-14, 7.890466825131038e-23, 0.0, 0.0, 0.0, 1.0577749719284942e-22, 5.346890284039179e-28, 1.580534733614019e-13, 2.168404344971009e-19, 4.8832079133688134e-14, 0.0, 1.3367455182141594e-15, 0.0, 1.2390924602513664e-13, 8.077935669463163e-28, 7.658180399397482e-14, 0.0, 1.22870105322006e-27, 2.974794083178423e-14, 3.3758388505347165e-18, 0.0, 8.077935669463161e-28, 0.0, 6.513284916955643e-14, 2.277382698346756e-24, 0.0, 6.92809327085309e-28, 0.0, 0.0, 7.491491336729434e-14, 7.105422915790293e-17, 3.1470054914590614e-17, 1.3166357434599117e-27, 0.0, 1.3160990687237817e-19, 1.4045017640914498e-13, 1.4185648725352437e-13, 0.0], [0.0, 9.991973105791683e-21, 2.0187150087171733e-09, 0.4632760511780641, 0.3179390417951684, 4.933940323640348e-10, 1.7820082147668003e-06, 8.001459232439311e-16, 2.2189651965000775e-20, 0.6690259846994906, 0.29090647432810085, 0.36564563039518305, 1.7748510498983887e-12, 8.079480540339919e-10, 0.3121977997699491, 0.0, 4.5252734706129965e-12, 0.3830802303886155, 3.380968542188747e-14, 1.0, 0.1357683140883635, 4.091895002205883e-13, 0.27125148584781106, 0.0, 0.0004757172035642466, 6.898975962391536e-23, 9.91001441326393e-14, 6.378634771742514e-06, 1.7492638759210984e-10, 0.6469740436465856, 3.6010042042331506e-05, 1.1267669010029184e-07, 3.2940514453306294e-09, 9.739572929074087e-08, 0.0, 0.037439609279926164, 0.0362827562419797, 6.021426944339983e-11, 1.7569820918857962e-10, 0.4050758393767994, 1.960220236777597e-09, 0.28461144068935984, 0.0014857819637117743, 0.04064742700795474, 0.30068703490212306, 0.004558922795843836, 0.19130427847428166, 8.509084041461967e-06, 0.0007881905696113155, 0.013040099149448236, 0.3202460687211088, 0.0007169362705494088, 4.225310641529727e-28, 0.5183215702069137, 2.6795807301008017e-19, 0.5190120017246618, 0.0032090404873750156, 0.03465920450180646, 0.4428814010196438, 0.03236704569357091, 9.050298086935755e-05, 0.7281144554566555, 0.001022347118133104, 6.99774229341248e-13, 3.0761767704327853e-09, 0.001311339182865097, 0.01320944076231258, 0.0010567911699817265, 5.668125679161673e-05, 0.1278691133298109, 0.00011458878887249402, 0.021930103100740277, 0.0005717411431687174, 7.296298646248982e-13, 0.0, 0.33225872740363593, 0.01461292610288576, 0.044233136059283494, 0.0005612432059161172, 1.1202873491866108e-10, 3.520631768415857e-10, 2.808354148360414e-10, 0.43984250868549574, 0.0002413782455248533], [0.0, 5.4602986129955555e-24, 0.0, 0.09272467030017957, 0.0, 9.191192523574708e-13, 9.612037413215626e-07, 0.0, 0.0, 0.12477631562936552, 0.05595529422006546, 0.09927367918711782, 7.054257136081706e-13, 0.0, 0.061930043354613495, 0.0, 0.0, 0.12892795744066415, 5.166740072121065e-20, 0.1357683140883635, 1.0, 6.81400604738463e-23, 0.0, 0.0, 1.4802168226634005e-06, 2.889409962436977e-25, 1.3552527156068805e-20, 2.2952261673502987e-06, 0.0, 0.09165554665313301, 9.380721587684026e-14, 2.5849394142282115e-26, 0.0, 0.0, 0.0, 0.008615102338964866, 0.0234375, 0.0, 0.0, 0.0674968330252344, 4.0657581468206416e-20, 2.237869391111364e-09, 5.684341886080801e-14, 0.016004609991611993, 0.07080327438728107, 1.7829744225331438e-23, 9.618954706839608e-07, 2.5762681814120526e-06, 0.0, 0.031253055475069035, 7.68468712463076e-10, 3.276179167797334e-23, 0.0, 0.05908442076100713, 0.0, 0.04238072089976113, 0.0, 0.007812905739907531, 0.031249999999999997, 0.015625, 8.077935669463161e-28, 0.10807413552625993, 0.0, 1.2859523696458138e-13, 5.62843295261042e-13, 0.0, 0.037867372789032176, 3.2311742677852644e-27, 0.0, 0.015474536469864329, 0.0, 0.0033496627808724173, 0.0, 0.0, 0.0, 0.06999367952286087, 0.0019582510234039093, 0.01562500685814412, 1.1290360900465803e-05, 1.782337101659966e-12, 4.0657581468206416e-20, 5.628433071913442e-13, 0.10706990643608161, 0.0], [0.0, 4.031226621340838e-22, 0.0, 1.621184727108088e-12, 0.0, 3.4236403210685906e-12, 1.1248285116721614e-13, 0.0, 9.180385483889692e-22, 1.0558418143487326e-12, 1.0504241771737631e-21, 1.5571613945178617e-12, 6.9463959187517745e-15, 0.0, 1.2769422689226266e-12, 0.0, 0.0, 1.5824263040402848e-12, 3.411998077068292e-14, 4.091895002205883e-13, 6.81400604738463e-23, 1.0, 1.1107913119114554e-14, 0.0, 1.0011703249969765e-21, 1.6043761698579428e-22, 3.411998146525845e-14, 5.159348161456607e-22, 0.0, 2.9727576855199734e-12, 3.609914781845669e-12, 0.0, 0.0, 0.0, 0.0, 0.0, 0.0, 0.0, 3.609914781845669e-12, 3.0760139566828118e-12, 0.0, 4.339418722625131e-14, 2.1284545049309894e-14, 8.470329472543003e-22, 1.0532506047016957e-12, 7.443836585047009e-23, 1.6852665149080186e-12, 6.877316669753434e-13, 0.0, 0.0, 3.377017054196416e-12, 3.6099147818945507e-12, 3.5340968553901324e-28, 1.203959613750768e-12, 0.0, 3.6189866131203234e-12, 0.0, 0.0, 0.0, 3.411998069242768e-14, 1.4621241201661535e-21, 1.2828103876701288e-13, 0.0, 3.1015408082452563e-29, 1.1601482833314022e-12, 0.0, 1.048039775376616e-12, 0.0, 0.0, 1.0821597568770291e-12, 1.290424081452005e-23, 0.0, 0.0, 9.709234050414848e-25, 0.0, 1.697898749609569e-12, 0.0, 1.7538229883651187e-21, 0.0, 1.048039775374549e-12, 3.101540808245256e-29, 3.3055378420951297e-12, 3.1243498830705283e-13, 0.0], [0.0, 0.0, 0.0, 0.21620015443697846, 0.43203391326882373, 0.0, 8.853199731655427e-13, 0.0, 0.0, 0.46611898649032274, 0.0, 0.18776055693862373, 2.3104632777883866e-13, 0.0, 2.4421364953157274e-14, 0.0, 0.0, 0.18977430764774947, 2.974158201559387e-14, 0.27125148584781106, 0.0, 1.1107913119114554e-14, 1.0, 0.0, 2.2737367544323203e-13, 0.0, 2.9730357334278416e-14, 1.9095123594349035e-28, 0.0, 0.20490686040054584, 0.0, 0.0, 0.0, 5.048709793414476e-29, 0.0, 0.0, 0.0, 0.0, 0.0, 0.46556435392335466, 0.0, 0.005918921548550805, 1.0184304068408493e-12, 0.0, 0.06616390206506048, 4.998125166362196e-13, 0.2426757834530463, 0.0, 0.0, 0.0, 0.32448937249249976, 0.0, 5.048709793414475e-29, 0.09604647946060131, 0.0, 0.33294842808468716, 0.0, 0.0, 0.09282944448128222, 2.9730357334278466e-14, 0.0, 0.01588020308780045, 0.0, 4.0389678347315804e-28, 3.908476688535785e-13, 0.0, 0.0, 0.0, 0.0, 0.04791664943435326, 2.3406037013379485e-28, 0.0, 3.2105444757315554e-28, 2.2737367544323203e-13, 0.0, 0.04088024387930198, 5.190914551596059e-17, 3.4694469519536134e-18, 0.0, 0.0, 0.0, 8.141842195957558e-13, 0.3329576424608386, 0.0], [0.0, 0.0, 0.0, 0.0, 0.0, 0.0, 0.0, 0.0, 0.0, 0.0, 0.0, 0.0, 0.0, 0.0, 0.0, 0.0, 0.0, 0.0, 0.0, 0.0, 0.0, 0.0, 0.0, 1.0, 0.0, 0.0, 0.0, 0.0, 0.0, 0.0, 0.0, 0.0, 0.0, 0.0, 0.0, 0.0, 0.0, 0.0, 0.0, 0.0, 0.0, 0.0, 0.0, 0.0, 0.0, 0.0, 0.0, 0.0, 0.0, 0.0, 0.0, 0.0, 0.0, 0.0, 0.0, 0.0, 0.0, 0.0, 0.0, 0.0, 0.0, 0.0, 0.0, 0.0, 0.0, 0.0, 0.0, 0.0, 0.0, 0.0, 0.0, 0.0, 0.0, 0.0, 0.0, 0.0, 0.0, 0.0, 0.0, 0.0, 0.0, 0.0, 0.0, 0.0], [0.0, 7.739475181596e-23, 0.0, 0.00019542901891170887, 0.0, 5.11007178108785e-11, 9.540937732507127e-07, 8.250244192425419e-16, 9.294568306723008e-22, 0.0006328557811172078, 1.472398841863754e-11, 0.00041415333377521174, 4.624733552473478e-13, 0.0, 6.050199276503172e-14, 0.0, 4.287928610348571e-11, 0.0009113807906116848, 2.2592880917855706e-14, 0.0004757172035642466, 1.4802168226634005e-06, 1.0011703249969765e-21, 2.2737367544323203e-13, 0.0, 1.0, 3.9806519336461105e-22, 2.330707933084892e-14, 3.815713738461741e-06, 0.0, 0.0005674685028601908, 0.0, 1.0928811023892866e-11, 6.659702722851902e-10, 2.9103830456733704e-11, 0.0, 0.0, 1.5099033134902126e-14, 3.879297582509849e-11, 1.455191522836685e-11, 0.0003758625812581985, 0.0, 0.0009770836031736628, 2.2737367544323203e-13, 7.812447319042494e-22, 0.0004380682790642123, 5.035644251266902e-13, 4.2381870983182116e-06, 1.5130040700505983e-05, 0.0, 8.57291662156068e-06, 2.7284841053411057e-11, 1.016472836740057e-09, 0.0, 0.0008605086222525723, 0.0, 9.600288958163893e-06, 0.0002692005880331939, 0.0002692075623221194, 0.0, 0.0003076356306792652, 0.0002073331025931918, 0.0001532919116718204, 0.0009732636644277008, 0.0, 3.737577344231168e-09, 0.0009732636644277012, 0.0, 0.000827112086020392, 2.1814711229412328e-11, 1.2260481461344178e-05, 6.659649620021063e-10, 3.814697265625e-06, 0.00026920058803319385, 1.3397310947687093e-12, 0.0, 0.0009885142775469683, 0.00018355724648758514, 0.0009752937292872579, 0.0008001494265036883, 4.991265745557285e-12, 5.82076609134674e-11, 2.5811802548564704e-11, 0.0007859107826673658, 0.0], [0.0, 6.483745362808791e-23, 0.0, 1.8323666940877038e-22, 0.0, 0.0, 0.0, 0.0, 4.2144344858257145e-22, 2.0737515793142527e-22, 1.3560725252951162e-22, 3.2840000808972217e-22, 0.0, 0.0, 4.532276413731387e-24, 0.0, 0.0, 1.0793956292850236e-22, 0.0, 6.898975962391536e-23, 2.889409962436977e-25, 1.6043761698579428e-22, 0.0, 0.0, 3.9806519336461105e-22, 1.0, 0.0, 4.365713337552408e-24, 0.0, 4.071964331176689e-22, 0.0, 1.0339757656912846e-25, 0.0, 0.0, 0.0, 0.0, 0.0, 0.0, 0.0, 1.376454424762795e-22, 0.0, 1.653359937777589e-24, 0.0, 2.091360960679675e-25, 1.9912586513233778e-22, 0.0, 3.242052301466113e-24, 1.8025986761502502e-24, 0.0, 0.0, 0.0, 0.0, 0.0, 1.3607157994109887e-22, 0.0, 1.6008267193023147e-22, 0.0, 8.379278903681585e-26, 0.0, 0.0, 1.9411171707911049e-22, 2.808833353689454e-22, 0.0, 0.0, 0.0, 0.0, 4.901070302221508e-24, 0.0, 0.0, 2.706227729073917e-22, 0.0, 0.0, 0.0, 3.846332922712564e-24, 0.0, 3.6521227201908327e-22, 0.0, 2.3881452082816524e-24, 0.0, 0.0, 0.0, 5.999710317752811e-24, 3.2753205868679945e-22, 0.0], [0.0, 3.611836962236441e-21, 0.0, 1.1878408998109857e-13, 0.0, 0.0, 4.7013969980410045e-14, 2.109423746787797e-15, 5.760683428577172e-21, 9.991146098434969e-14, 1.028170589348226e-15, 9.778549980423906e-14, 9.967485485300811e-14, 0.0, 5.16279616668869e-14, 0.0, 0.0, 7.279173237471707e-14, 4.9594088145267463e-14, 9.91001441326393e-14, 1.3552527156068805e-20, 3.411998146525845e-14, 2.9730357334278416e-14, 0.0, 2.330707933084892e-14, 0.0, 1.0, 6.507798730528558e-20, 0.0, 7.763312127714764e-14, 0.0, 4.633332297431772e-14, 4.440892098500625e-16, 0.0, 0.0, 0.0, 4.440892098500625e-15, 0.0, 0.0, 1.2784963737715338e-13, 1.3552527156068802e-20, 8.871596289473498e-14, 7.045307918417904e-14, 2.1175823681357513e-22, 5.708041558109441e-14, 8.881832172758665e-16, 4.069525684456544e-14, 0.0, 0.0, 0.0, 1.0587911840678752e-21, 0.0, 0.0, 1.0637088307505949e-13, 0.0, 5.222261812491508e-14, 0.0, 8.88178419700125e-16, 0.0, 4.591073770092327e-14, 1.6818092833698569e-21, 1.6161770122658754e-13, 0.0, 0.0, 2.930988785010413e-14, 0.0, 0.0, 0.0, 0.0, 1.9852358114527794e-13, 0.0, 0.0, 0.0, 0.0, 0.0, 1.766813740847828e-13, 0.0, 1.4990016294445362e-20, 0.0, 0.0, 1.3552527156068804e-20, 6.783847784366766e-14, 7.26138590264849e-14, 0.0], [0.0, 2.4882399724798124e-20, 0.0, 4.576328825400072e-06, 0.0, 0.0, 1.5644208325519017e-06, 0.0, 2.1676738893703824e-20, 2.656585640755128e-06, 5.960464477540774e-08, 3.3659278380115576e-06, 3.7917120062285136e-27, 0.0, 2.5329472388277323e-19, 0.0, 0.0, 5.310233107373638e-06, 9.719587073987987e-19, 6.378634771742514e-06, 2.2952261673502987e-06, 5.159348161456607e-22, 1.9095123594349035e-28, 0.0, 3.815713738461741e-06, 4.365713337552408e-24, 6.507798730528558e-20, 1.0, 0.0, 5.970314886537023e-06, 0.0, 1.284278900494114e-07, 9.313225746154784e-10, 5.960464477539063e-08, 0.0, 8.940696716308594e-08, 9.610051903935656e-08, 0.0, 0.0, 2.3070250278039646e-06, 1.3552527156068802e-20, 8.085624746502173e-07, 0.0, 1.440183814485816e-19, 5.765629301223219e-06, 1.1436411037499667e-19, 1.326207294221927e-06, 1.8184826173891072e-06, 0.0, 2.0674933757503673e-06, 1.0786645528684712e-08, 9.313225746155825e-10, 1.1647145240091803e-27, 5.753338779684258e-06, 2.168404344971009e-19, 1.4517317485748344e-06, 0.0, 7.609665045543727e-07, 0.0, 3.310537833597671e-24, 1.100160215521877e-21, 5.357274483709612e-06, 0.0, 3.4010538353159946e-27, 9.313225746154783e-10, 0.0, 6.549756936062017e-24, 2.493401807439718e-07, 0.0, 2.9141933102059976e-06, 1.4952248260152408e-07, 4.617228146976063e-06, 9.979741699920858e-28, 6.554060021629148e-24, 0.0, 5.34718023025749e-06, 2.545958291218091e-06, 1.7531061182949663e-08, 9.536743164062499e-07, 0.0, 1.355252721628203e-20, 6.723955468796585e-19, 4.194518278214389e-06, 0.0], [0.0, 0.0, 0.0, 4.390849897826875e-10, 0.0, 1.502915342263651e-10, 0.0, 0.0, 0.0, 7.460375038348156e-12, 0.0, 0.0, 0.0, 0.0, 0.0, 0.0, 0.0, 5.7767243532677544e-11, 0.0, 1.7492638759210984e-10, 0.0, 0.0, 0.0, 0.0, 0.0, 0.0, 0.0, 0.0, 1.0, 1.9010542447858633e-10, 0.0, 0.0, 1.1641532182693481e-10, 0.0, 0.0, 0.0, 0.0, 0.0, 0.0, 1.618360642382288e-10, 8.808914494506525e-11, 0.0, 0.0, 0.0, 0.0, 0.0, 0.0, 1.3223891943857651e-10, 0.0, 0.0, 1.7462298274040225e-10, 5.962181833241879e-11, 0.0, 0.0, 0.0, 7.499475813442464e-11, 0.0, 0.0, 0.0, 0.0, 0.0, 1.0298701665939097e-10, 0.0, 0.0, 0.0, 0.0, 0.0, 0.0, 0.0, 1.1641532182693484e-10, 1.164153218269348e-10, 0.0, 0.0, 0.0, 0.0, 1.340356420697511e-10, 0.0, 0.0, 0.0, 0.0, 0.0, 1.1641532182693481e-10, 6.477583676596029e-11, 0.0], [0.0, 1.2902066145635026e-20, 1.3279961913199343e-09, 0.6835492996961269, 0.2401118182765181, 8.058726541820364e-10, 1.465081135759269e-06, 1.1022982639951207e-15, 1.4080063655087552e-20, 0.6043784487151298, 0.09793105672777044, 0.5974347443196044, 1.359620121728879e-12, 8.149072527885438e-10, 0.14366677616661805, 0.0, 2.37374352529384e-11, 0.5244430641103358, 1.0132990767826538e-13, 0.6469740436465856, 0.09165554665313301, 2.9727576855199734e-12, 0.20490686040054584, 0.0, 0.0005674685028601908, 4.071964331176689e-22, 7.763312127714764e-14, 5.970314886537023e-06, 1.9010542447858633e-10, 1.0, 1.982041996031116e-05, 1.404036293968799e-07, 2.4672483217842163e-09, 7.45218563026816e-08, 0.0, 0.005885421717483789, 0.042658775180715536, 3.885526464583962e-11, 4.263800346150568e-10, 0.47956419302077474, 1.4987289056440489e-09, 0.2851189309193861, 0.002867286228769762, 0.0031795801246369795, 0.3755484087330563, 0.007471701712626648, 0.24605330472528472, 1.0166289658759168e-05, 0.000487290746926179, 0.022592548373493823, 0.3105160404894862, 0.000531185402977117, 1.2592991600861785e-27, 0.42462484837384745, 2.4183204176373077e-19, 0.5766686062081375, 0.005421091890467824, 0.006016084307742128, 0.42155515247672226, 0.009299877225292075, 0.0005170438410293409, 0.5422752839350452, 0.0013090463379530188, 1.709853487631217e-12, 5.55124037540235e-09, 0.0009846273213761003, 0.01949048327146008, 0.0011126364179343544, 2.753966027163406e-05, 0.19894085616633372, 0.0001431098314448551, 0.028869735332883187, 0.0009770432471089608, 7.530515251144088e-13, 0.0, 0.2203452245901268, 0.02158557546716025, 0.07038428369152286, 0.0014028851754828184, 8.68923200484927e-11, 9.579276744592457e-10, 3.416271826696094e-10, 0.3549776188793686, 0.00018452225933035686], [0.0, 0.0, 0.0, 6.336111857718371e-05, 0.0, 3.998159133817049e-12, 3.3306690738754696e-16, 5.551115123125782e-17, 0.0, 5.2065331531036345e-05, 0.0, 5.468063973376374e-05, 5.240198876872745e-13, 0.0, 1.0785280415467626e-12, 0.0, 0.0, 4.536109889607889e-05, 8.326672684688674e-17, 3.6010042042331506e-05, 9.380721587684026e-14, 3.609914781845669e-12, 0.0, 0.0, 0.0, 0.0, 0.0, 0.0, 0.0, 1.982041996031116e-05, 1.0, 0.0, 2.220446049250313e-16, 0.0, 0.0, 0.0, 6.918970875457551e-05, 0.0, 3.637978807091713e-12, 1.8222347827481725e-05, 0.0, 4.548303143463323e-13, 0.0, 0.0, 8.260818283848835e-06, 0.0, 3.0472277307983514e-05, 1.064595633570075e-12, 0.0, 0.0, 6.103515943323146e-05, 3.637978807091713e-12, 0.0, 6.677612726187188e-05, 0.0, 2.7155046785555092e-05, 0.0, 0.0, 0.0, 0.0, 0.0, 3.912160672396069e-05, 0.0, 1.8159579208488158e-12, 1.364491852839933e-12, 0.0, 9.09494701772928e-13, 0.0, 1.5988208155876914e-05, 2.245118138000683e-05, 0.0, 2.323568687826174e-05, 1.5258789062499998e-05, 0.0, 0.0, 3.021504667535001e-05, 2.8575117540511053e-05, 7.188329912348346e-05, 0.0, 1.3642420526593924e-12, 0.0, 3.8375983883105045e-12, 3.996207582603392e-05, 8.127503432909498e-05], [0.0, 0.0, 2.1781022364951127e-09, 3.4987906600780933e-08, 0.0, 2.349109771305516e-10, 3.8202720007972904e-07, 0.0, 0.0, 4.149596561397965e-07, 7.275957614183424e-12, 1.4219013679683856e-07, 3.287445231157442e-14, 3.1545708726415557e-10, 5.684341886096311e-14, 0.0, 0.0, 1.490581528350475e-07, 2.857350522434483e-14, 1.1267669010029184e-07, 2.5849394142282115e-26, 0.0, 0.0, 0.0, 1.0928811023892866e-11, 1.0339757656912846e-25, 4.633332297431772e-14, 1.284278900494114e-07, 0.0, 1.404036293968799e-07, 0.0, 1.0, 1.1749848173107947e-09, 1.4904799172654748e-08, 0.0, 0.0, 5.960464566356904e-08, 