"{\"names\": [\"172.217.10.1\", \"104.88.86.240\", \"38.93.140.48\", \"192.168.10.15\", \"104.88.108.223\", \"195.142.105.15\", \"172.217.12.163\", \"206.217.206.48\", \"172.217.6.228\", \"178.255.83.1\", \"74.119.118.82\", \"192.168.10.9\", \"172.217.7.6\", \"35.186.227.40\", \"31.13.71.36\", \"206.126.112.142\", \"151.101.2.49\", \"192.168.10.25\", \"172.217.3.98\", \"192.168.10.16\", \"72.30.202.150\", \"172.217.12.132\", \"50.31.164.173\", \"162.208.20.178\", \"23.15.4.16\", \"216.58.217.99\", \"172.217.6.198\", \"172.217.12.174\", \"169.46.44.40\", \"192.168.10.17\", \"52.84.143.130\", \"104.19.195.102\", \"216.200.232.61\", \"104.97.73.166\", \"152.163.13.79\", \"192.229.163.25\", \"74.119.118.86\", \"54.225.188.92\", \"188.165.145.88\", \"192.168.10.14\", \"8.43.72.98\", \"199.96.57.6\", \"68.67.178.110\", \"104.88.70.158\", \"192.168.10.19\", \"69.172.216.56\", \"157.240.18.35\", \"172.217.11.34\", \"185.54.150.20\", \"69.169.85.7\", \"198.232.124.194\", \"74.119.118.72\", \"172.217.12.134\", \"192.168.10.5\", \"23.111.9.30\", \"192.168.10.8\", \"151.101.66.2\", \"68.67.178.199\", \"213.239.195.215\", \"138.108.7.20\", \"52.84.145.87\", \"192.168.10.50\", \"52.84.145.198\", \"52.40.24.51\", \"212.77.100.137\", \"185.54.150.115\", \"172.217.10.138\", \"152.163.66.165\", \"52.84.137.78\", \"192.168.10.51\", \"68.67.178.109\", \"129.146.14.96\", \"54.152.24.232\", \"172.217.10.33\", \"52.8.229.108\", \"192.168.10.12\", \"64.147.131.201\", \"172.217.12.206\", \"68.67.180.12\", \"172.217.10.134\", \"38.69.238.16\", \"172.217.10.142\", \"192.168.10.3\", \"172.217.6.202\"], \"funcEdges\": [[1.0, 0.0, 0.0, 0.0, 0.0, 0.0, 0.0, 0.0, 0.0, 0.0, 0.0, 0.0, 0.0, 0.0, 0.0, 0.0, 0.0, 0.0, 0.0, 0.0, 0.0, 0.0, 0.0, 0.0, 0.0, 0.0, 0.0, 0.0, 0.0, 0.0, 0.0, 0.0, 0.0, 0.0, 0.0, 0.0, 0.0, 0.0, 0.0, 0.0, 0.0, 0.0, 0.0, 0.0, 0.0, 0.0, 0.0, 0.0, 0.0, 0.0, 0.0, 0.0, 0.0, 0.0, 0.0, 0.0, 0.0, 0.0, 0.0, 0.0, 0.0, 0.0, 0.0, 0.0, 0.0, 0.0, 0.0, 0.0, 0.0, 0.0, 0.0, 0.0, 0.0, 0.0, 0.0, 0.0, 0.0, 0.0, 0.0, 0.0, 0.0, 0.0, 0.0, 0.0], [0.0, 1.0, 0.0, 1.1742968539122217e-14, 0.0, 0.0, 0.0, 0.0, 7.583188291545455e-15, 1.3118381610709265e-14, 1.8566061343244226e-15, 6.697898413877654e-15, 0.0, 0.0, 4.85170705532882e-15, 0.0, 0.0, 4.960541432894937e-15, 8.579391660097461e-15, 5.23867159568931e-15, 2.862769039210214e-18, 2.1135237428495452e-16, 0.0, 0.0, 4.0577139640086035e-17, 3.3993498887762956e-17, 1.893642777257019e-15, 1.3045543586914959e-14, 0.0, 6.7643984553626965e-15, 0.0, 0.0, 0.0, 0.0, 0.0, 0.0, 0.0, 0.0, 0.0, 6.692174951967061e-15, 0.0, 4.934553494421387e-16, 0.0, 0.0, 1.0873606904495748e-14, 7.024871287438937e-15, 1.717661423526129e-17, 5.247335640403639e-17, 0.0, 0.0, 4.440892098500626e-16, 1.3877787807814457e-17, 0.0, 1.2900574486282717e-14, 0.0, 8.606760784742588e-15, 0.0, 0.0, 0.0, 0.0, 9.064933036736787e-17, 9.337863822591426e-15, 0.0, 0.0, 0.0, 0.0, 0.0, 0.0, 0.0, 8.4834121300231e-15, 0.0, 0.0, 0.0, 0.0, 0.0, 4.841878797434251e-15, 0.0, 7.65870229406057e-15, 0.0, 0.0, 0.0, 1.633411431911296e-16, 1.5308264897836685e-14, 0.0], [0.0, 0.0, 1.0, 0.0005318386967985908, 0.0, 0.0001479161572146232, 0.0010043381769113124, 0.0, 0.0, 0.000566589088914412, 0.0, 0.0005390901850584396, 0.0, 0.00048828125, 0.0, 0.0, 0.0, 0.0013725124859898432, 0.0, 0.0010583880544903094, 0.0, 0.0, 0.0, 0.0, 0.0, 0.0, 0.0, 0.0, 0.0, 0.0006962524671547457, 0.0, 0.0011419528653675497, 0.0003906848261715773, 0.0, 0.0, 0.0, 0.0, 0.0, 0.00012207031249999995, 0.0008293614502093297, 0.00044157675702238245, 2.4865748404745806e-05, 0.0, 0.0, 0.0005841778684681024, 0.0, 0.0009735911857503192, 0.00021997618652755272, 0.0, 0.0, 0.0, 0.00024414062499999995, 0.0, 0.0004075527574703287, 0.0, 0.0004422364712099686, 0.0, 0.0001907662983969395, 0.0, 2.4865748404745803e-05, 0.0, 0.0010165078187647412, 0.0, 0.0, 0.00024414062499999995, 0.0, 0.0, 0.0, 0.0, 0.0005521100859327628, 0.00014285512608338657, 0.0, 0.0, 0.0, 0.0, 0.0005457156335391297, 0.0, 0.0005513830575079007, 0.0, 2.4865748404745806e-05, 0.0003360611839852887, 3.4190404056525485e-05, 0.0011699084744651875, 0.0], [0.0, 1.1742968539122217e-14, 0.0005318386967985908, 1.0, 0.0, 0.000383243937702477, 0.687494312329152, 8.318366245160122e-10, 1.815887674349746e-14, 0.5216983401674287, 0.09156941762920352, 0.33492059715291195, 6.354209442533609e-07, 0.00013659809021015422, 1.0308130138253491e-06, 0.0, 1.5725307564433465e-05, 0.8410861043286084, 6.070927083729905e-08, 0.29552944802846864, 0.006747281578369102, 8.499676982060453e-07, 4.969895743897533e-07, 0.0, 0.001665266595645819, 9.606878693098541e-17, 6.227707296801021e-08, 0.3011711005223977, 0.00023020699112318566, 0.5190921777661632, 1.1793049148110331e-06, 0.018343739575910234, 0.0010967221296739004, 0.03231422263171994, 0.0, 0.008758466652553467, 0.051594065149354426, 2.7215038116415914e-05, 0.0001881505004134651, 0.15809343724332303, 0.0010349755260982778, 0.3324098992689791, 5.658889083262627e-07, 6.137817698420502e-14, 0.14480446519603019, 1.65614183819827e-07, 0.35146931936429066, 0.0046903363762984636, 3.6282109730959656e-12, 0.06732362890022303, 0.005775136835525336, 0.0008565861679478825, 8.19170660272018e-22, 0.20347652382224107, 1.8491834494166397e-13, 0.3569793588142028, 0.0, 0.0013147391316092204, 0.0, 7.913140997992444e-05, 1.151717308486242e-15, 0.3870483123023647, 0.0, 5.324568881740865e-07, 0.000659045306230099, 4.092726157978176e-12, 1.4736610803266928e-06, 0.022431586789112168, 6.823661752309265e-06, 0.4281602154917209, 0.014068026985236043, 0.0, 1.1811784975325616e-21, 1.5818805759227464e-07, 0.0, 0.7210535676421616, 5.18549161181441e-11, 0.04377125665825525, 2.4630596634098467e-22, 2.103590513132922e-05, 0.0003821708772795767, 0.00013157136140166985, 0.32516048597184394, 0.0], [0.0, 0.0, 0.0, 0.0, 1.0, 0.0, 0.0, 0.0, 0.0, 0.0, 0.0, 0.0, 0.0, 0.0, 0.0, 0.0, 0.0, 0.0, 0.0, 0.0, 0.0, 0.0, 0.0, 0.0, 0.0, 0.0, 0.0, 0.0, 0.0, 0.0, 0.0, 0.0, 0.0, 0.0, 0.0, 0.0, 0.0, 0.0, 0.0, 0.0, 0.0, 0.0, 0.0, 0.0, 0.0, 0.0, 0.0, 0.0, 0.0, 0.0, 0.0, 0.0, 0.0, 0.0, 0.0, 0.0, 0.0, 0.0, 0.0, 0.0, 0.0, 0.0, 0.0, 0.0, 0.0, 0.0, 0.0, 0.0, 0.0, 0.0, 0.0, 0.0, 0.0, 0.0, 0.0, 0.0, 0.0, 0.0, 0.0, 0.0, 0.0, 0.0, 0.0, 0.0], [0.0, 0.0, 0.0001479161572146232, 0.000383243937702477, 0.0, 1.0, 7.636892875148243e-05, 0.0, 0.0, 0.0004707810812082965, 9.673503505031109e-06, 0.00013393713017426374, 5.483429058439716e-07, 0.00012207031249999996, 9.021163729069578e-07, 0.0, 7.030119625590992e-06, 0.0003518924770173242, 0.0, 0.00025868057044007507, 4.818831945799937e-07, 1.7949735366524092e-06, 0.0, 0.0, 2.6791493139629868e-05, 0.0, 0.0, 0.0, 7.879604789647251e-05, 0.0004225093621157915, 2.096186855950673e-06, 0.00012316100637782264, 0.00014654420117157736, 1.0185611007156154e-05, 0.0, 0.0, 0.0, 2.3796934742371397e-05, 0.00017019278429508347, 0.00025217017217831394, 0.000440607125928428, 5.126174645237915e-05, 0.0, 0.0, 0.00022921595822418984, 0.0, 7.812913511777715e-05, 0.0003168065711501493, 0.0, 0.0, 0.00024697186577479996, 0.00021357165354447333, 0.0, 0.0005741443777023252, 0.0, 0.0004648370227658085, 0.0, 0.0, 0.0, 7.809811303788784e-05, 0.0, 0.000333426803628758, 0.0, 3.5968055534762e-07, 5.938708147146951e-05, 0.0, 8.438364230473625e-07, 0.0, 9.991253777581236e-06, 0.0003026766904181075, 0.00022165117397985904, 0.0, 0.0, 0.0, 0.0, 0.00031086129810210914, 0.0, 0.00012386644032487165, 0.0, 2.3472980277152246e-05, 0.00025561348242985666, 2.297390333265055e-05, 0.00025217126200894333, 0.0], [0.0, 0.0, 0.0010043381769113124, 0.687494312329152, 0.0, 7.636892875148243e-05, 1.0, 2.9103830456733704e-11, 0.0, 0.49058836111984994, 0.07655355368671798, 0.40821336303529954, 7.347020204509806e-08, 0.0, 1.530552935731639e-08, 0.0, 4.019174158313285e-06, 0.778805923628947, 2.0802121773245418e-08, 0.43428552290365613, 0.003947587129999308, 5.897340907275741e-08, 4.6416263809101605e-07, 0.0, 0.00021991619006970508, 0.0, 2.4648860293089222e-08, 0.3202070694569714, 0.0, 0.5008632165925313, 1.7462298274040222e-10, 0.20029227667540098, 0.002110672415352357, 0.0822929299752441, 0.0, 0.06973935153422214, 0.024177142903399035, 1.9824794282184843e-05, 4.1735468837291356e-05, 0.34679193587405843, 0.00039186908242923335, 0.5605651482587569, 4.523439457835192e-07, 0.0, 0.3359962907645594, 1.448827015245545e-07, 0.18737125720309977, 0.0030915635816332306, 3.62250637525131e-12, 0.028554327750830492, 0.003247109803697654, 0.0002340231815146816, 0.0, 0.32991532204044993, 0.0, 0.46539436627230385, 0.0, 3.574779507227748e-05, 0.0, 6.71365447592994e-05, 0.0, 0.5377091217509978, 0.0, 0.0, 0.0006736328292270102, 5.447981835100166e-12, 0.0, 0.06922750703540168, 4.643979279891305e-06, 0.21231384750611296, 0.19355661985111886, 0.0, 0.0, 1.6355379595042116e-07, 0.0, 0.6308747768836744, 4.903561760661858e-11, 0.014645364037508362, 0.0, 7.168992354312741e-05, 6.607011510732605e-05, 5.07223147382586e-05, 0.23884231454667482, 0.0], [0.0, 0.0, 0.0, 8.318366245160122e-10, 0.0, 0.0, 2.9103830456733704e-11, 1.0, 0.0, 5.513201453908086e-10, 5.793490387630905e-10, 6.866511338823995e-10, 0.0, 0.0, 0.0, 0.0, 0.0, 5.492655238122769e-10, 1.7898933374129708e-10, 4.1950690580571414e-10, 0.0, 0.0, 0.0, 0.0, 4.325504027158338e-10, 0.0, 1.1059455573558805e-09, 0.0, 0.0, 5.779217522334738e-10, 2.91038304567337e-11, 0.0, 3.569401002459325e-10, 0.0, 0.0, 0.0, 0.0, 0.0, 0.0, 1.4739189351709912e-09, 0.0, 1.9936008788350587e-11, 0.0, 0.0, 5.49827579115273e-10, 0.0, 1.1059455573558805e-09, 0.0, 0.0, 0.0, 0.0, 0.0, 0.0, 6.329581638898427e-10, 0.0, 2.9057874452003293e-10, 0.0, 0.0, 0.0, 1.1059455573558805e-09, 0.0, 8.538470186360177e-10, 0.0, 0.0, 2.1100484634998602e-10, 0.0, 0.0, 0.0, 0.0, 5.304926848053919e-10, 0.0, 0.0, 0.0, 0.0, 0.0, 1.1279239720809071e-09, 0.0, 0.0, 0.0, 0.0, 0.0, 4.3655745685100545e-10, 3.70770902193191e-10, 0.0], [0.0, 7.583188291545455e-15, 0.0, 1.815887674349746e-14, 0.0, 0.0, 0.0, 0.0, 1.0, 9.998450099047318e-15, 2.029224434844911e-15, 1.3930293697714258e-14, 0.0, 0.0, 1.4534165228361503e-14, 0.0, 0.0, 1.0507297427208799e-14, 8.22235041332893e-15, 1.1633768249426326e-14, 0.0, 4.813165944577559e-16, 0.0, 0.0, 4.873030628395192e-16, 2.2095774277045922e-16, 3.0202571934018684e-15, 1.136485408110219e-14, 0.0, 7.382008413598543e-15, 0.0, 0.0, 0.0, 0.0, 0.0, 0.0, 0.0, 0.0, 0.0, 1.4063997858726897e-14, 0.0, 4.440892098500626e-16, 0.0, 1.9165846831207346e-16, 1.2056610580159201e-14, 2.8376289295309758e-15, 0.0, 0.0, 0.0, 0.0, 5.335298283956969e-16, 0.0, 0.0, 3.47932319005989e-15, 0.0, 1.5272398677467622e-14, 0.0, 0.0, 0.0, 0.0, 3.0829681555156147e-16, 9.373770745820897e-15, 0.0, 0.0, 0.0, 0.0, 0.0, 0.0, 0.0, 1.2037536086162826e-14, 0.0, 0.0, 0.0, 0.0, 0.0, 1.8609209231727644e-14, 0.0, 5.391965594900884e-15, 0.0, 0.0, 0.0, 0.0, 8.733547493973207e-15, 0.0], [0.0, 1.3118381610709265e-14, 0.000566589088914412, 0.5216983401674287, 0.0, 0.0004707810812082965, 0.49058836111984994, 5.513201453908086e-10, 9.998450099047318e-15, 1.0, 0.08214182339167525, 0.38444623975046927, 9.954015255543928e-07, 0.00019769929936008687, 4.076273164230297e-07, 0.0, 1.6084175924521787e-05, 0.5573353080563315, 1.707325459636533e-08, 0.1558227535833673, 0.00631846883157291, 5.535651931612683e-07, 1.3978467100753685e-07, 0.0, 0.0035548195464633007, 1.0872430680155109e-16, 5.238238005656273e-08, 0.41601301289403103, 3.911385108105478e-06, 0.47393969930666346, 4.878262787457847e-07, 0.21755836819822164, 0.0009692268154647094, 0.0745388265841263, 0.0, 0.09258019526870731, 0.049410426525093074, 1.3935732828555754e-05, 0.00026787541135738695, 0.3984778712115218, 0.000772335099849601, 0.5251810713903783, 2.451131700106138e-07, 1.110535886886562e-16, 0.7465431123536374, 3.242743648496021e-07, 0.1819517874887957, 0.00731645340811467, 1.4258787129543256e-12, 0.03565293310187202, 0.014510621517373236, 0.0014203241394347202, 4.342175330728915e-22, 0.49027943806017094, 4.7786142171071175e-15, 0.3315506791768018, 0.0, 0.0028186702618321346, 0.0, 0.00015620323826001965, 8.788568333597691e-16, 0.4546769649160693, 0.0, 3.757996325978069e-08, 0.0010600673178105518, 2.1155052249267766e-12, 1.9073486328144816e-06, 0.26610815905011953, 1.4535868484079299e-05, 0.6840561021969702, 0.02363675262251712, 0.0, 3.528582874922836e-22, 2.674158323536687e-07, 0.0, 0.44312472897795735, 4.350654003192105e-11, 0.02534184509284367, 7.801875016664359e-22, 3.790133071343148e-05, 0.0004567726615215421, 0.00027800959877206596, 0.42601090072078074, 0.0], [0.0, 1.8566061343244226e-15, 0.0, 0.09156941762920352, 0.0, 9.673503505031109e-06, 0.07655355368671798, 5.793490387630905e-10, 2.029224434844911e-15, 0.08214182339167525, 1.0, 0.07654655505666513, 5.098574893285641e-08, 0.0, 5.960468253719249e-08, 0.0, 3.798323797447478e-06, 0.02212983839145291, 2.427376369039265e-10, 0.0312586974798042, 7.12899347791209e-15, 5.507247910020779e-16, 0.0, 0.0, 7.719610440030638e-06, 7.109725521419259e-17, 5.390575019482027e-10, 0.03125000000000897, 0.0, 0.03125422099335298, 0.0, 3.814697265624999e-06, 2.271207631821771e-10, 0.031249999999999993, 0.0, 0.03125, 0.0, 7.940925596107989e-06, 0.0, 0.032807630792795285, 7.105427357601002e-15, 0.031250059604645226, 0.0, 4.440892098500626e-16, 0.07077839023310861, 4.650127032034485e-16, 0.031256348829816906, 9.050663818433242e-06, 0.0, 0.0, 5.551115123125783e-16, 4.760041947896279e-18, 0.0, 0.10993620999175358, 0.0, 1.5014065747189442e-05, 0.0, 0.0, 0.0, 5.390498431440563e-10, 1.9212049514926226e-16, 0.05367442680405943, 0.0, 0.0, 3.814930096268652e-06, 0.0, 1.2808680482707315e-18, 0.043280558124599626, 3.814697265624999e-06, 0.09475008924755501, 6.7655386081630865e-18, 0.0, 0.0, 5.960464477698568e-08, 0.0, 6.818489839076351e-06, 0.0, 9.754444036641024e-16, 0.0, 0.0, 7.105427357601003e-15, 3.815743054795658e-06, 0.10214331681330267, 0.0], [0.0, 6.697898413877654e-15, 0.0005390901850584396, 0.33492059715291195, 0.0, 0.00013393713017426374, 0.40821336303529954, 6.866511338823995e-10, 1.3930293697714258e-14, 0.38444623975046927, 0.07654655505666513, 1.0, 5.851129770536192e-07, 0.00012207031249999996, 5.779457695121165e-07, 0.0, 0.0, 0.316336917215462, 3.369938140720523e-08, 0.35620244528791256, 0.01043801453374358, 8.164010332089807e-07, 1.2154340382227264e-07, 0.0, 0.0017192666493128245, 1.7217618344134426e-16, 5.126776412136489e-08, 0.29922649333142315, 0.0, 0.17805101550224273, 1.6466902377757607e-06, 0.0745485824409409, 0.0016464542137372394, 0.08435119295661216, 0.0, 0.11353103630798288, 0.033452404148299114, 0.0, 0.0001478892823743216, 0.2316232563124004, 0.0006047318103855598, 0.7691837607982906, 1.9386874137457318e-07, 1.0585030079628384e-13, 0.3107209230200816, 3.624314890678477e-07, 0.1364113437279289, 0.00666057910620951, 1.0508616283455293e-12, 0.02470908742818507, 0.0017428008988883434, 0.0011847863034456564, 8.431801051988038e-22, 0.48368253350335577, 2.865161638428893e-13, 0.5129762574095289, 0.0, 0.0012810000344607787, 0.0, 0.00011067970413760088, 5.326925486590483e-16, 0.32227510537966164, 0.0, 9.52084946405986e-07, 0.0015683578509505518, 1.48923352847237e-12, 1.7789856612810064e-06, 0.1549055858273326, 0.0, 0.2360132485980331, 0.23566319586009402, 0.0, 9.333230085130202e-22, 1.226634834717071e-07, 0.0, 0.28599437563865393, 3.30761842936665e-11, 0.014237019802916476, 1.6161792618723442e-21, 1.854647155244404e-05, 0.00045734564281782307, 6.13136091346023e-05, 0.5862963271160166, 0.0], [0.0, 0.0, 0.0, 6.354209442533609e-07, 0.0, 5.483429058439716e-07, 7.347020204509806e-08, 0.0, 0.0, 9.954015255543928e-07, 5.098574893285641e-08, 5.851129770536192e-07, 1.0, 0.0, 2.6222079179982064e-07, 0.0, 0.0, 6.428146984381572e-07, 6.260058769156897e-08, 9.305331072491264e-07, 3.6984623653620055e-07, 3.6419120234505304e-09, 1.2113481709851176e-07, 0.0, 2.424692304759215e-07, 0.0, 5.2258330301173916e-08, 1.987949104321535e-21, 0.0, 7.128325143809905e-07, 2.7473733887578576e-07, 1.723568085353073e-08, 0.0, 0.0, 0.0, 0.0, 0.0, 0.0, 0.0, 6.103398733826915e-07, 0.0, 5.341048840759234e-07, 1.727552155490643e-07, 0.0, 7.749598340135133e-07, 3.0922991083177255e-07, 8.919379854152561e-07, 2.7473733887578576e-07, 0.0, 0.0, 0.0, 0.0, 8.470329472543003e-22, 6.723234050433048e-07, 0.0, 4.251580194710455e-07, 0.0, 4.7547465993931125e-22, 0.0, 6.163481165828915e-08, 4.2351647362715008e-22, 8.815446204381891e-07, 0.0, 2.219707804209837e-07, 1.4211667683904864e-06, 0.0, 0.0, 4.235164736271501e-22, 0.0, 6.488431979797551e-07, 0.0, 0.0, 8.470329472543003e-22, 2.8968616916905763e-07, 0.0, 1.5607226843887244e-06, 0.0, 4.235164736271501e-22, 9.532663475879139e-22, 2.7473733887578576e-07, 0.0, 4.348198514397358e-07, 5.799251631978077e-07, 0.0], [0.0, 0.0, 0.00048828125, 0.00013659809021015422, 0.0, 0.00012207031249999996, 0.0, 0.0, 0.0, 0.00019769929936008687, 0.0, 0.00012207031249999996, 0.0, 1.0, 0.0, 0.0, 0.0, 0.0003765770933982904, 0.0, 0.00042359746935337355, 0.0, 0.0, 0.0, 0.0, 0.0, 0.0, 0.0, 0.0, 0.0, 0.00042724609375000005, 0.0, 0.0001653903653675496, 0.0001465442011715774, 0.0, 0.0, 0.0, 0.0, 0.0, 0.00012207031249999999, 0.00048187692835495493, 0.00017762032159876755, 0.0, 0.0, 0.0, 0.00048711880504881644, 0.0, 0.0, 0.0001596696707227633, 0.0, 0.0, 0.0, 0.0, 0.0, 0.00012569131550448459, 0.0, 0.00011945803033178757, 0.0, 0.0, 0.0, 0.0, 0.0, 1.5665210243579023e-05, 0.0, 0.0, 0.0, 0.0, 0.0, 0.0, 0.0, 0.00012207031249999996, 0.00014285512608338657, 0.0, 0.0, 0.0, 0.0, 0.00038303932644176566, 0.0, 0.00012207031249999996, 0.0, 0.0, 0.0002990099783670872, 0.0, 0.00018750600028801534, 0.0], [0.0, 4.85170705532882e-15, 0.0, 1.0308130138253491e-06, 0.0, 9.021163729069578e-07, 1.530552935731639e-08, 0.0, 1.4534165228361503e-14, 4.076273164230297e-07, 5.960468253719249e-08, 5.779457695121165e-07, 2.6222079179982064e-07, 0.0, 1.0, 0.0, 0.0, 1.4030362970669287e-06, 2.6945113060642312e-08, 6.324742029666508e-07, 2.3548334393538726e-14, 6.694855082889061e-07, 1.2803828588560921e-08, 0.0, 3.172046878279295e-08, 2.3762181364024015e-18, 2.70679207664088e-08, 1.327993841950514e-13, 0.0, 4.9904775684792515e-08, 5.65459309846469e-07, 2.980232238777663e-08, 0.0, 0.0, 0.0, 0.0, 0.0, 0.0, 5.654593098464689e-07, 8.988455581253114e-07, 4.1555751672573515e-14, 1.2921765575403421e-07, 2.500378061677319e-08, 8.131516293641282e-20, 2.443611107250523e-07, 3.5606772429146105e-15, 1.1403805512053614e-06, 1.3853938259384554e-06, 8.621491421218133e-13, 0.0, 8.481889647697037e-07, 5.654603768446622e-07, 0.0, 3.5830152614955473e-07, 1.1368683772161603e-13, 7.017918546913018e-07, 0.0, 2.7105054312137605e-20, 0.0, 1.4901161193847655e-08, 0.0, 1.7833563884398711e-06, 0.0, 0.0, 2.0338759780933735e-07, 9.094947017729284e-13, 1.8848643661713368e-07, 0.0, 0.0, 2.097242269867239e-06, 9.897252086057208e-13, 0.0, 0.0, 8.940696716429937e-08, 0.0, 1.7256745461877631e-06, 9.094947017729282e-13, 1.887024611721599e-14, 0.0, 1.8848643661548967e-07, 4.155574150817815e-14, 8.102562849703346e-07, 1.5186092680304476e-06, 0.0], [0.0, 0.0, 0.0, 0.0, 0.0, 0.0, 0.0, 0.0, 0.0, 0.0, 0.0, 0.0, 0.0, 0.0, 0.0, 1.0, 0.0, 0.0, 0.0, 0.0, 0.0, 0.0, 0.0, 0.0, 0.0, 0.0, 0.0, 0.0, 0.0, 0.0, 0.0, 0.0, 0.0, 0.0, 0.0, 0.0, 0.0, 0.0, 0.0, 0.0, 0.0, 0.0, 0.0, 0.0, 0.0, 0.0, 0.0, 0.0, 0.0, 0.0, 0.0, 0.0, 0.0, 0.0, 0.0, 0.0, 0.0, 0.0, 0.0, 0.0, 0.0, 0.0, 0.0, 0.0, 0.0, 0.0, 0.0, 0.0, 0.0, 0.0, 0.0, 0.0, 0.0, 0.0, 0.0, 0.0, 0.0, 0.0, 0.0, 0.0, 0.0, 0.0, 0.0, 0.0], [0.0, 0.0, 0.0, 1.5725307564433465e-05, 0.0, 7.030119625590992e-06, 4.019174158313285e-06, 0.0, 0.0, 1.6084175924521787e-05, 3.798323797447478e-06, 0.0, 0.0, 0.0, 0.0, 0.0, 1.0, 1.6397507043360588e-05, 0.0, 2.3725465773607467e-06, 0.0, 0.0, 0.0, 0.0, 2.2481095152624316e-05, 0.0, 0.0, 0.0, 0.0, 1.2445252453892567e-05, 0.0, 0.0, 0.0, 1.8688123647942946e-05, 0.0, 0.0, 0.0, 2.024546728527153e-05, 1.2458749098628634e-05, 1.2605014720985158e-05, 0.0, 0.0, 0.0, 0.0, 1.7093262744482544e-05, 0.0, 4.508004395584632e-06, 1.5826960820169006e-05, 0.0, 0.0, 1.245874909862863e-05, 0.0, 0.0, 5.6939948284249305e-06, 0.0, 5.2780321963186305e-06, 0.0, 0.0, 0.0, 1.868812364794295e-05, 0.0, 1.6687983175167718e-05, 0.0, 0.0, 1.868812364794295e-05, 0.0, 0.0, 0.0, 0.0, 1.3890594734185166e-05, 0.0, 0.0, 0.0, 0.0, 0.0, 2.1195001395282757e-05, 0.0, 0.0, 0.0, 9.614960293771429e-06, 1.868812364794295e-05, 1.2458749098628632e-05, 2.538554495631969e-05, 0.0], [0.0, 4.960541432894937e-15, 0.0013725124859898432, 0.8410861043286084, 0.0, 0.0003518924770173242, 0.778805923628947, 5.492655238122769e-10, 1.0507297427208799e-14, 0.5573353080563315, 0.02212983839145291, 0.316336917215462, 6.428146984381572e-07, 0.0003765770933982904, 1.4030362970669287e-06, 0.0, 1.6397507043360588e-05, 1.0, 6.498396143996089e-08, 0.47416219886940103, 0.004775469497663233, 8.296471220926728e-07, 3.486409615027262e-07, 0.0, 0.004079205479694479, 5.659141756865865e-17, 3.8163831783275665e-08, 0.32881968541427914, 3.0286672577260444e-05, 0.5948436840304276, 1.445421288054369e-06, 0.07814940083358138, 0.0010276749632477827, 0.06172873576934616, 0.0, 0.032106249459811644, 0.03982530069047678, 3.2070787643717036e-05, 0.00011861448085396668, 0.30630106416429836, 0.0010286872370526877, 0.36747799606885084, 3.808315861475588e-07, 1.5872966858219147e-13, 0.10737939991719492, 3.1771687255585065e-07, 0.2906117546020339, 0.00537786656683167, 2.614701492594205e-12, 0.0343764263745663, 0.013620573528227948, 0.0006630829298571112, 9.349025528829551e-22, 0.12580246728060201, 1.0057325845643649e-13, 0.44726721444639117, 0.0, 0.0014662867204268029, 0.0, 4.956237632586512e-05, 5.05298170460588e-16, 0.5851318985522811, 0.0, 5.665853730364555e-07, 0.0017188944624505305, 3.0776344660168026e-12, 5.159973623570855e-07, 0.15176113372667607, 2.189724244823801e-06, 0.3699993745914741, 0.0076169870807970205, 0.0, 1.1345999261406432e-21, 4.225074325597838e-07, 0.0, 0.6867679056851331, 3.2580723550313816e-11, 0.04544555346605276, 1.287022574296531e-21, 5.121820623722696e-05, 0.000412762923468313, 7.62495239844219e-05, 0.20964833250390305, 0.0], [0.0, 8.579391660097461e-15, 0.0, 6.070927083729905e-08, 0.0, 0.0, 2.0802121773245418e-08, 1.7898933374129708e-10, 8.22235041332893e-15, 1.707325459636533e-08, 2.427376369039265e-10, 3.369938140720523e-08, 6.260058769156897e-08, 0.0, 2.6945113060642312e-08, 0.0, 0.0, 6.498396143996089e-08, 1.0, 1.772601235047054e-08, 2.708859818932209e-14, 1.7888696478299806e-08, 1.5593154551791678e-08, 0.0, 1.1845176350660732e-08, 0.0, 2.6001585285505988e-08, 5.095862867847014e-13, 0.0, 5.31260546368224e-08, 4.3655745685100555e-11, 1.4980745907061304e-08, 1.1674607351422917e-09, 2.6469779601696883e-23, 0.0, 0.0, 7.014810153580871e-10, 0.0, 0.0, 6.077380892549363e-08, 6.900149484107051e-14, 6.465344213832824e-08, 2.7805993499214245e-08, 6.854189715495584e-15, 6.407010482860826e-08, 1.6322228800717993e-09, 1.7402960029005728e-08, 4.136877070814302e-17, 0.0, 0.0, 0.0, 5.5457872448244636e-17, 2.803310413238333e-22, 8.286553944170269e-08, 1.1368683772161603e-13, 2.5602073104843085e-08, 0.0, 7.008396342534652e-10, 0.0, 6.496413078002684e-08, 4.235164736271503e-22, 4.015092085239307e-08, 0.0, 6.441932177906388e-22, 1.559648840281449e-08, 1.7699117992691454e-12, 0.0, 4.235164736271502e-22, 0.0, 3.41483712254084e-08, 1.194004420150824e-18, 0.0, 3.6323161647890247e-22, 0.0, 0.0, 3.9276990099512016e-08, 3.725287969673861e-11, 1.6499372151060884e-11, 6.902963206671102e-22, 0.0, 6.90014948543054e-14, 7.36363420891978e-08, 7.437365398917578e-08, 0.0], [0.0, 5.23867159568931e-15, 0.0010583880544903094, 0.29552944802846864, 0.0, 0.00025868057044007507, 0.43428552290365613, 4.1950690580571414e-10, 1.1633768249426326e-14, 0.1558227535833673, 0.0312586974798042, 0.35620244528791256, 9.305331072491264e-07, 0.00042359746935337355, 6.324742029666508e-07, 0.0, 2.3725465773607467e-06, 0.47416219886940103, 1.772601235047054e-08, 1.0, 0.0021445889843253636, 2.145331446916518e-07, 2.535980613613481e-07, 0.0, 0.004332239309111679, 3.6170503093703336e-17, 5.1957016367013194e-08, 0.5753968116285946, 9.171180589789208e-05, 0.5334006945874022, 6.969096856588502e-07, 0.059075036499301806, 0.001727031644169505, 0.05106341211838395, 0.0, 0.0625, 0.039705380398520486, 3.156961889794121e-05, 9.211646269906203e-05, 0.71592609304233, 0.0010277199474996528, 0.4112051841660145, 3.7127515504469436e-07, 7.347704053497228e-14, 0.2439468521964841, 1.5082210095498398e-07, 0.1822984926502525, 0.00585113590146836, 2.0715527998204683e-12, 0.01980095690488163, 0.002028953014716388, 0.0008536892879308461, 2.2152796656263374e-22, 0.3784904752943506, 1.404872021823089e-13, 0.578185582362444, 0.0, 0.0032042779380228497, 0.0, 0.00012591979015820823, 5.919660761452545e-16, 0.7668306320871365, 0.0, 3.6688323115286423e-07, 0.0016128025666166642, 3.1109378047427447e-12, 1.5713037592929128e-06, 0.12261758382461971, 4.055871697452172e-06, 0.5194791877987135, 0.05315598502795313, 0.0, 2.1187756158630286e-22, 3.825361824644586e-07, 0.0, 0.27816508410394936, 1.2652524544183442e-11, 0.038092147607985835, 9.225781304458065e-22, 5.873532137303498e-05, 0.00018458249885992128, 0.00014723863797355848, 0.3276923651072263, 0.0], [0.0, 2.862769039210214e-18, 0.0, 0.006747281578369102, 0.0, 4.818831945799937e-07, 0.003947587129999308, 0.0, 0.0, 0.00631846883157291, 7.12899347791209e-15, 0.01043801453374358, 3.6984623653620055e-07, 0.0, 2.3548334393538726e-14, 0.0, 0.0, 0.004775469497663233, 2.708859818932209e-14, 0.0021445889843253636, 1.0, 3.572501602571193e-17, 0.0, 0.0, 0.001380247576760625, 1.5148829703861577e-19, 7.105427357601002e-15, 0.0030102450919920983, 0.0, 0.0019206457030995843, 4.918199759763683e-08, 1.3552527156068805e-20, 0.0, 0.0, 0.0, 0.0, 0.0, 0.0, 0.0, 0.005184637086840749, 2.1316282072803006e-14, 0.0011732880673269949, 2.980232238769531e-08, 4.0657581468206416e-20, 0.006890478861281274, 9.347920940410569e-18, 0.004310252533952409, 0.005885718703273929, 0.0, 0.0, 0.0004028989243198412, 1.7176614235261286e-17, 0.0, 0.006197275692040929, 0.0, 0.005094626547512178, 0.0, 0.0010886453348306524, 0.0, 3.469446951953615e-18, 4.235164736271502e-22, 0.0022730353897847896, 0.0, 6.742093959768644e-08, 2.950919855858212e-07, 0.0, 0.0, 1.6940658945086007e-21, 0.0, 0.004115380460620138, 0.0, 0.0, 0.0, 0.0, 0.0, 0.0035675022982097565, 0.0, 0.003595642663223314, 1.1176226144134164e-21, 9.344579543551003e-07, 2.1316282072803006e-14, 2.9509199184073547e-07, 0.003938946547584559, 0.0], [0.0, 2.1135237428495452e-16, 0.0, 8.499676982060453e-07, 0.0, 1.7949735366524092e-06, 5.897340907275741e-08, 0.0, 4.813165944577559e-16, 5.535651931612683e-07, 5.507247910020779e-16, 8.164010332089807e-07, 3.6419120234505304e-09, 0.0, 6.694855082889061e-07, 0.0, 0.0, 8.296471220926728e-07, 1.7888696478299806e-08, 2.145331446916518e-07, 3.572501602571193e-17, 1.0, 5.823745553394331e-09, 0.0, 5.249015873520148e-16, 8.411551733424811e-17, 1.7888696842457422e-08, 2.7049843288737616e-16, 0.0, 1.5585811814258958e-06, 1.8926350011443021e-06, 0.0, 0.0, 0.0, 0.0, 0.0, 0.0, 0.0, 1.8926350011443021e-06, 1.612717205321318e-06, 0.0, 2.2751051632476848e-08, 1.1159231554812586e-08, 4.440892098500626e-16, 5.522066530378427e-07, 3.9027141955011265e-17, 8.835650105680953e-07, 3.605694602151688e-07, 0.0, 0.0, 1.7705295173105306e-06, 1.8926350011699302e-06, 1.8528845721187818e-22, 6.312215779741627e-07, 0.0, 1.8973912534196281e-06, 0.0, 0.0, 0.0, 1.7888696437271522e-08, 7.665741307136723e-16, 6.725620925307965e-08, 0.0, 1.626100627273289e-23, 6.082518231712542e-07, 0.0, 5.494746777526553e-07, 0.0, 0.0, 5.673633746135438e-07, 6.765538608163088e-18, 0.0, 0.0, 5.0904349018239e-19, 0.0, 8.901879396353018e-07, 0.0, 9.195083469239713e-16, 0.0, 5.494746777515715e-07, 1.6261006272732886e-23, 1.7330538241563714e-06, 1.6380591514952812e-07, 0.0], [0.0, 0.0, 0.0, 4.969895743897533e-07, 0.0, 0.0, 4.6416263809101605e-07, 0.0, 0.0, 1.3978467100753685e-07, 0.0, 1.2154340382227264e-07, 1.2113481709851176e-07, 0.0, 1.2803828588560921e-08, 0.0, 0.0, 3.486409615027262e-07, 1.5593154551791678e-08, 2.535980613613481e-07, 0.0, 5.823745553394331e-09, 1.0, 0.0, 1.1920928955078124e-07, 0.0, 1.5587269586074162e-08, 1.0011344159034067e-22, 0.0, 3.1836968850855794e-07, 0.0, 0.0, 0.0, 2.6469779601696886e-23, 0.0, 0.0, 0.0, 0.0, 0.0, 5.14765132947636e-07, 0.0, 4.829109138512707e-07, 5.339508411417752e-07, 0.0, 1.397442967691088e-07, 2.620457047221703e-07, 1.1920928955078138e-07, 0.0, 0.0, 0.0, 0.0, 0.0, 2.6469779601696883e-23, 1.848714020430499e-07, 0.0, 3.254999874711212e-07, 0.0, 0.0, 0.0, 1.558726958607419e-08, 0.0, 2.5182422545314607e-07, 0.0, 2.117582368135751e-22, 2.0491674260790496e-07, 0.0, 0.0, 0.0, 0.0, 2.231837111564811e-07, 1.2271504333670704e-22, 0.0, 1.6832499420923457e-22, 1.1920928955078124e-07, 0.0, 9.263855834532907e-08, 2.7215342084271946e-11, 1.818989403545856e-12, 0.0, 0.0, 0.0, 4.268670161234196e-07, 1.1372912264173343e-07, 0.0], [0.0, 0.0, 0.0, 0.0, 0.0, 0.0, 0.0, 0.0, 0.0, 0.0, 0.0, 0.0, 0.0, 0.0, 0.0, 0.0, 0.0, 0.0, 0.0, 0.0, 0.0, 0.0, 0.0, 1.0, 0.0, 0.0, 0.0, 0.0, 0.0, 0.0, 0.0, 0.0, 0.0, 0.0, 0.0, 0.0, 0.0, 0.0, 0.0, 0.0, 0.0, 0.0, 0.0, 0.0, 0.0, 0.0, 0.0, 0.0, 0.0, 0.0, 0.0, 0.0, 0.0, 0.0, 0.0, 0.0, 0.0, 0.0, 0.0, 0.0, 0.0, 0.0, 0.0, 0.0, 0.0, 0.0, 0.0, 0.0, 0.0, 0.0, 0.0, 0.0, 0.0, 0.0, 0.0, 0.0, 0.0, 0.0, 0.0, 0.0, 0.0, 0.0, 0.0, 0.0], [0.0, 4.0577139640086035e-17, 0.0, 0.001665266595645819, 0.0, 2.6791493139629868e-05, 0.00021991619006970508, 4.325504027158338e-10, 4.873030628395192e-16, 0.0035548195464633007, 7.719610440030638e-06, 0.0017192666493128245, 2.424692304759215e-07, 0.0, 3.172046878279295e-08, 0.0, 2.2481095152624316e-05, 0.004079205479694479, 1.1845176350660732e-08, 0.004332239309111679, 0.001380247576760625, 5.249015873520148e-16, 1.1920928955078124e-07, 0.0, 1.0, 2.087008040987452e-16, 1.2219622008212118e-08, 0.0005329245106289465, 0.0, 0.0033013685629780434, 0.0, 5.729844474094743e-06, 0.0003491602221158578, 1.52587890625e-05, 0.0, 0.0, 7.916241884231566e-09, 2.0338691709389237e-05, 7.629394531249999e-06, 0.0031862163461859622, 0.0, 0.002748045242645503, 1.1920928955078124e-07, 4.095972380006151e-16, 0.001924888441442155, 2.6401278532082213e-07, 0.003529854544964633, 0.0030277012244772855, 0.0, 0.0, 1.4305114746210776e-05, 0.000532924510628771, 0.0, 0.0018503291416860964, 0.0, 0.0026853919411784096, 0.0, 0.0036565359921853034, 0.0, 7.639226136155915e-06, 2.460766132632988e-16, 0.0027487969828016937, 0.0, 0.0, 0.0019595669506522707, 0.0, 0.0, 0.0, 1.143719132104613e-05, 0.003992936391700481, 0.0003491574379981603, 0.0, 0.0, 7.024049362140971e-07, 0.0, 0.00026398577015243195, 0.0, 0.0022693218777476475, 0.0, 2.6168607352067377e-06, 3.0517578124999997e-05, 1.3532818334581891e-05, 0.00276906592048014, 0.0], [0.0, 3.3993498887762956e-17, 0.0, 9.606878693098541e-17, 0.0, 0.0, 0.0, 0.0, 2.2095774277045922e-16, 1.0872430680155109e-16, 7.109725521419259e-17, 1.7217618344134426e-16, 0.0, 0.0, 2.3762181364024015e-18, 0.0, 0.0, 5.659141756865865e-17, 0.0, 3.6170503093703336e-17, 1.5148829703861577e-19, 8.411551733424811e-17, 0.0, 0.0, 2.087008040987452e-16, 1.0, 0.0, 2.288891114318677e-18, 0.0, 2.1348820352639639e-16, 0.0, 5.421010862427522e-20, 0.0, 0.0, 0.0, 0.0, 0.0, 0.0, 0.0, 7.216585374500363e-17, 0.0, 8.668367750575365e-19, 0.0, 1.0964754553528254e-19, 1.0439930157850311e-16, 0.0, 1.6997691170310655e-18, 9.450808547214624e-19, 0.0, 0.0, 0.0, 0.0, 0.0, 7.134069650415884e-17, 0.0, 8.39294239009572e-17, 0.0, 4.393155377853411e-20, 0.0, 0.0, 1.0177044392397268e-16, 1.4726376213391365e-16, 0.0, 0.0, 0.0, 0.0, 2.56957234661111e-18, 0.0, 0.0, 1.4188427236207057e-16, 0.0, 0.0, 0.0, 2.0165861953831246e-18, 0.0, 1.9147641167234113e-16, 0.0, 1.252075874959571e-18, 0.0, 0.0, 0.0, 3.1455761230739856e-18, 1.717211279847847e-16, 0.0], [0.0, 1.893642777257019e-15, 0.0, 6.227707296801021e-08, 0.0, 0.0, 2.4648860293089222e-08, 1.1059455573558805e-09, 3.0202571934018684e-15, 5.238238005656273e-08, 5.390575019482027e-10, 5.126776412136489e-08, 5.2258330301173916e-08, 0.0, 2.70679207664088e-08, 0.0, 0.0, 3.8163831783275665e-08, 2.6001585285505988e-08, 5.1957016367013194e-08, 7.105427357601002e-15, 1.7888696842457422e-08, 1.5587269586074162e-08, 0.0, 1.2219622008212118e-08, 0.0, 1.0, 3.4119607808313564e-14, 0.0, 4.070211388815318e-08, 0.0, 2.429200523555909e-08, 2.3283064365386958e-10, 0.0, 0.0, 0.0, 2.328306436538696e-09, 0.0, 0.0, 6.703003068119299e-08, 7.105427357601e-15, 4.6512714754154814e-08, 3.693770397931486e-08, 1.1102230246251568e-16, 2.9926576924180825e-08, 4.656638026191295e-10, 2.1336034820523527e-08, 0.0, 0.0, 0.0, 5.551115123125782e-16, 0.0, 0.0, 5.576897754565679e-08, 0.0, 2.737969201147548e-08, 0.0, 4.6566128730773915e-10, 0.0, 2.407044884774166e-08, 8.817524255594155e-16, 8.473422134068513e-08, 0.0, 0.0, 1.5366822481155396e-08, 0.0, 0.0, 0.0, 0.0, 1.0408353131149548e-07, 0.0, 0.0, 0.0, 0.0, 0.0, 9.263192425616261e-08, 0.0, 7.85908566298217e-15, 0.0, 0.0, 7.105427357601001e-15, 3.556689987170083e-08, 3.8070574921277715e-08, 0.0], [0.0, 1.3045543586914959e-14, 0.0, 0.3011711005223977, 0.0, 0.0, 0.3202070694569714, 0.0, 1.136485408110219e-14, 0.41601301289403103, 0.03125000000000897, 0.29922649333142315, 1.987949104321535e-21, 0.0, 1.327993841950514e-13, 0.0, 0.0, 0.32881968541427914, 5.095862867847014e-13, 0.5753968116285946, 0.0030102450919920983, 2.7049843288737616e-16, 1.0011344159034067e-22, 0.0, 0.0005329245106289465, 2.288891114318677e-18, 3.4119607808313564e-14, 1.0, 0.0, 0.5722877406554765, 0.0, 0.0673332016182258, 0.00048828124999999995, 0.03125, 0.0, 0.046875, 0.05038434892610617, 0.0, 0.0, 0.7784390536547638, 7.105427357601e-15, 0.42391960270941315, 0.0, 7.550710917291395e-14, 0.5284639043684984, 5.995973070028625e-14, 0.19531456987302565, 0.003839752846141394, 0.0, 0.062499999999999986, 0.00565530881094305, 0.0004882812500000545, 6.106458483637251e-22, 0.25423802143394825, 1.1368683772161603e-13, 0.4279309369236345, 0.0, 4.742514146403455e-22, 0.0, 1.735675259701256e-18, 5.768007990755339e-16, 0.5092914106446346, 0.0, 1.7831317132101522e-21, 0.0004882812499999999, 0.0, 3.433958964494083e-18, 0.1307260646818955, 0.0, 0.45548302432997684, 0.07839284335818786, 0.0, 5.232258816368107e-22, 3.4362150206199026e-18, 0.0, 0.28549623021316467, 0.0, 0.009191325005486313, 8.68847180839947e-22, 0.0, 7.105427389170073e-15, 3.5252891648244237e-13, 0.7471779825884763, 0.0], [0.0, 0.0, 0.0, 0.00023020699112318566, 0.0, 7.879604789647251e-05, 0.0, 0.0, 0.0, 3.911385108105478e-06, 0.0, 0.0, 0.0, 0.0, 0.0, 0.0, 0.0, 3.0286672577260444e-05, 0.0, 9.171180589789208e-05, 0.0, 0.0, 0.0, 0.0, 0.0, 0.0, 0.0, 0.0, 1.0, 9.966999278902907e-05, 0.0, 0.0, 6.103515625e-05, 0.0, 0.0, 0.0, 0.0, 0.0, 0.0, 8.48487064473325e-05, 4.618408162495837e-05, 0.0, 0.0, 0.0, 0.0, 0.0, 0.0, 6.93312785946124e-05, 0.0, 0.0, 9.155273437500001e-05, 3.125900388986718e-05, 0.0, 0.0, 0.0, 3.9318851752781226e-05, 0.0, 0.0, 0.0, 0.0, 0.0, 5.3994856990318775e-05, 0.0, 0.0, 0.0, 0.0, 0.0, 0.0, 0.0, 6.103515625000001e-05, 6.103515624999999e-05, 0.0, 0.0, 0.0, 0.0, 7.027327870946566e-05, 0.0, 0.0, 0.0, 0.0, 0.0, 6.103515625e-05, 3.3961193906351786e-05, 0.0], [0.0, 6.7643984553626965e-15, 0.0006962524671547457, 0.5190921777661632, 0.0, 0.0004225093621157915, 0.5008632165925313, 5.779217522334738e-10, 7.382008413598543e-15, 0.47393969930666346, 0.03125422099335298, 0.17805101550224273, 7.128325143809905e-07, 0.00042724609375000005, 4.9904775684792515e-08, 0.0, 1.2445252453892567e-05, 0.5948436840304276, 5.31260546368224e-08, 0.5334006945874022, 0.0019206457030995843, 1.5585811814258958e-06, 3.1836968850855794e-07, 0.0, 0.0033013685629780434, 2.1348820352639639e-16, 4.070211388815318e-08, 0.5722877406554765, 9.966999278902907e-05, 1.0, 2.4112749400150008e-06, 0.07361193804923137, 0.0012935486881316032, 0.03907091499722033, 0.0, 0.048260345435994306, 0.05282653113583231, 2.037134899063796e-05, 0.0002235459355882589, 0.534454337232241, 0.0007857655804823071, 0.24807176665512887, 3.5160020895283844e-07, 1.3833241975013274e-14, 0.6369650911183526, 2.7866486787151082e-08, 0.29068027317687006, 0.0051879715570870245, 8.621491421218133e-13, 0.046085777230987154, 0.01292240572349853, 0.0009908698148284772, 6.602354380432624e-22, 0.40321467242149245, 1.2678963751222288e-13, 0.38821417942978065, 0.0, 0.002578858443209491, 0.0, 9.999415309946758e-05, 5.246555652092776e-16, 0.40773842401642235, 0.0, 8.964556653231955e-07, 0.0029104487139389474, 1.88178543580734e-12, 4.2743482603245094e-18, 0.05075784316131779, 3.260445978133302e-06, 0.4387213205926275, 0.01697340255433425, 0.0, 6.422373468657135e-22, 3.9481587799918316e-07, 0.0, 0.39502726508387154, 4.4118782591288935e-11, 0.04037734390159403, 4.962478857358712e-22, 4.5556600693584144e-05, 0.000502229984586889, 0.00017911103234748417, 0.40272864646735984, 0.0], [0.0, 0.0, 0.0, 1.1793049148110331e-06, 0.0, 2.096186855950673e-06, 1.7462298274040222e-10, 2.91038304567337e-11, 0.0, 4.878262787457847e-07, 0.0, 1.6466902377757607e-06, 2.7473733887578576e-07, 0.0, 5.65459309846469e-07, 0.0, 0.0, 1.445421288054369e-06, 4.3655745685100555e-11, 6.969096856588502e-07, 4.918199759763683e-08, 1.8926350011443021e-06, 0.0, 0.0, 0.0, 0.0, 0.0, 0.0, 0.0, 2.4112749400150008e-06, 1.0, 0.0, 1.1641532182693481e-10, 0.0, 0.0, 0.0, 0.0, 0.0, 1.9073486328125e-06, 1.884542530513337e-06, 0.0, 2.384620758480099e-07, 0.0, 0.0, 8.000253023325657e-07, 0.0, 1.1320985206420324e-06, 5.581547155331875e-07, 0.0, 0.0, 1.6689300537109375e-06, 1.9073486328125e-06, 0.0, 7.767923694985585e-07, 0.0, 2.0960998432003933e-06, 0.0, 0.0, 0.0, 0.0, 0.0, 3.0523521653609944e-07, 0.0, 9.520849464059839e-07, 7.153867045417428e-07, 0.0, 4.768371582031249e-07, 0.0, 0.0, 7.751715516222292e-07, 0.0, 0.0, 0.0, 0.0, 0.0, 1.0108660683629291e-06, 2.5152954608989176e-11, 5.8207660913467394e-11, 0.0, 7.152557373046875e-07, 0.0, 2.012006783810538e-06, 8.324844385891342e-07, 0.0], [0.0, 0.0, 0.0011419528653675497, 0.018343739575910234, 0.0, 0.00012316100637782264, 0.20029227667540098, 0.0, 0.0, 0.21755836819822164, 3.814697265624999e-06, 0.0745485824409409, 1.723568085353073e-08, 0.0001653903653675496, 2.980232238777663e-08, 0.0, 0.0, 0.07814940083358138, 1.4980745907061304e-08, 0.059075036499301806, 1.3552527156068805e-20, 0.0, 0.0, 0.0, 5.729844474094743e-06, 5.421010862427522e-20, 2.429200523555909e-08, 0.0673332016182258, 0.0, 0.07361193804923137, 0.0, 1.0, 0.0006160304398982419, 0.007814407348632812, 0.0, 0.0, 0.03125000046566129, 1.0384287317987372e-05, 0.0002480855480513244, 0.05465427778545849, 0.0003589623934890159, 0.09626927095162997, 9.88675359930153e-09, 5.421010862427522e-20, 0.2549575012882694, 1.7773412906209522e-09, 0.06344435559207076, 0.00020184405602814728, 0.0, 0.0078125, 1.9073486328125e-06, 0.00024414062499999995, 0.0, 0.2562980493385881, 0.0, 0.15086866488818257, 0.0, 0.0001907667640582268, 0.0, 4.190951585769653e-09, 0.0, 0.07655903259475644, 0.0, 0.0, 0.00025939987972378725, 0.0, 0.0, 0.09614834491268, 1.726911716502865e-05, 0.20883071261474445, 0.08926187263540149, 0.0, 0.0, 0.0, 0.0, 0.20541685938414136, 0.0, 0.008410460767046183, 0.0, 0.0, 3.0009037297998142e-05, 5.729962140321752e-06, 0.10174603399115256, 0.0], [0.0, 0.0, 0.0003906848261715773, 0.0010967221296739004, 0.0, 0.00014654420117157736, 0.002110672415352357, 3.569401002459325e-10, 0.0, 0.0009692268154647094, 2.271207631821771e-10, 0.0016464542137372394, 0.0, 0.0001465442011715774, 0.0, 0.0, 0.0, 0.0010276749632477827, 1.1674607351422917e-09, 0.001727031644169505, 0.0, 0.0, 0.0, 0.0, 0.0003491602221158578, 0.0, 2.3283064365386958e-10, 0.00048828124999999995, 6.103515625e-05, 0.0012935486881316032, 1.1641532182693481e-10, 0.0006160304398982419, 1.0, 0.0, 0.0, 0.0, 0.0, 0.0, 0.00014654420117157736, 0.0012674940272345216, 0.0007238019324390774, 0.0004882850187870449, 0.0, 0.0, 0.0015298502271694188, 9.313225746154784e-10, 0.0003208266763118472, 0.0012518159241863705, 0.0, 0.0, 0.00021362304687499997, 0.0008183841356971346, 0.0, 0.0011917637730254659, 0.0, 0.001071186631976847, 0.0, 0.00026142048298839857, 0.0, 2.3283064365386958e-10, 0.0, 0.0003920852978608638, 0.0, 0.0, 0.0014648439246229827, 0.0, 0.0, 0.0, 0.0, 0.0012356247409935181, 0.002487188037243656, 0.0, 0.0, 0.0, 0.0, 0.0018346756