"{\"names\": [\"172.217.10.1\", \"104.88.86.240\", \"38.93.140.48\", \"192.168.10.15\", \"104.88.108.223\", \"195.142.105.15\", \"172.217.12.163\", \"206.217.206.48\", \"172.217.6.228\", \"178.255.83.1\", \"74.119.118.82\", \"192.168.10.9\", \"172.217.7.6\", \"35.186.227.40\", \"31.13.71.36\", \"206.126.112.142\", \"151.101.2.49\", \"192.168.10.25\", \"172.217.3.98\", \"192.168.10.16\", \"72.30.202.150\", \"172.217.12.132\", \"50.31.164.173\", \"162.208.20.178\", \"23.15.4.16\", \"216.58.217.99\", \"172.217.6.198\", \"172.217.12.174\", \"169.46.44.40\", \"192.168.10.17\", \"52.84.143.130\", \"104.19.195.102\", \"216.200.232.61\", \"104.97.73.166\", \"152.163.13.79\", \"192.229.163.25\", \"74.119.118.86\", \"54.225.188.92\", \"188.165.145.88\", \"192.168.10.14\", \"8.43.72.98\", \"199.96.57.6\", \"68.67.178.110\", \"104.88.70.158\", \"192.168.10.19\", \"69.172.216.56\", \"157.240.18.35\", \"172.217.11.34\", \"185.54.150.20\", \"69.169.85.7\", \"198.232.124.194\", \"74.119.118.72\", \"172.217.12.134\", \"192.168.10.5\", \"23.111.9.30\", \"192.168.10.8\", \"151.101.66.2\", \"68.67.178.199\", \"213.239.195.215\", \"138.108.7.20\", \"52.84.145.87\", \"192.168.10.50\", \"52.84.145.198\", \"52.40.24.51\", \"212.77.100.137\", \"185.54.150.115\", \"172.217.10.138\", \"152.163.66.165\", \"52.84.137.78\", \"192.168.10.51\", \"68.67.178.109\", \"129.146.14.96\", \"54.152.24.232\", \"172.217.10.33\", \"52.8.229.108\", \"192.168.10.12\", \"64.147.131.201\", \"172.217.12.206\", \"68.67.180.12\", \"172.217.10.134\", \"38.69.238.16\", \"172.217.10.142\", \"192.168.10.3\", \"172.217.6.202\"], \"funcEdges\": [[1.0, 0.0, 0.0, 0.0, 0.0, 0.0, 0.0, 0.0, 0.0, 0.0, 0.0, 0.0, 0.0, 0.0, 0.0, 0.0, 0.0, 0.0, 0.0, 0.0, 0.0, 0.0, 0.0, 0.0, 0.0, 0.0, 0.0, 0.0, 0.0, 0.0, 0.0, 0.0, 0.0, 0.0, 0.0, 0.0, 0.0, 0.0, 0.0, 0.0, 0.0, 0.0, 0.0, 0.0, 0.0, 0.0, 0.0, 0.0, 0.0, 0.0, 0.0, 0.0, 0.0, 0.0, 0.0, 0.0, 0.0, 0.0, 0.0, 0.0, 0.0, 0.0, 0.0, 0.0, 0.0, 0.0, 0.0, 0.0, 0.0, 0.0, 0.0, 0.0, 0.0, 0.0, 0.0, 0.0, 0.0, 0.0, 0.0, 0.0, 0.0, 0.0, 0.0, 0.0], [0.0, 1.0, 0.0, 1.399870936765935e-21, 0.0, 0.0, 0.0, 0.0, 9.039864887649364e-22, 1.5638329518686848e-21, 2.2132469824843676e-22, 7.9845171140165975e-22, 0.0, 0.0, 5.783685511742616e-22, 0.0, 0.0, 5.913426200026199e-22, 1.022743184578116e-21, 6.244983191119802e-22, 3.412686633122222e-25, 2.5195166383380237e-23, 0.0, 0.0, 4.8371719884975e-24, 4.0523408517554946e-24, 2.2573981013977755e-22, 1.5551499827998827e-21, 0.0, 8.063791341021891e-22, 0.0, 0.0, 0.0, 0.0, 0.0, 0.0, 0.0, 0.0, 0.0, 7.97769421573527e-22, 0.0, 5.882446163202985e-23, 0.0, 0.0, 1.2962349539394078e-21, 8.374299153612777e-22, 2.047611979873334e-24, 6.255311537270115e-24, 0.0, 0.0, 5.293955920339377e-23, 1.6543612251060553e-24, 0.0, 1.5378683193066975e-21, 0.0, 1.0260058384826884e-21, 0.0, 0.0, 0.0, 0.0, 1.0806242271347984e-23, 1.1131601122130664e-21, 0.0, 0.0, 0.0, 0.0, 0.0, 0.0, 0.0, 1.0113015329865336e-21, 0.0, 0.0, 0.0, 0.0, 0.0, 5.771969315331282e-22, 0.0, 9.129884593558992e-22, 0.0, 0.0, 0.0, 1.947178163422699e-23, 1.824887382726274e-21, 0.0], [0.0, 0.0, 1.0, 6.340011320097337e-11, 0.0, 1.76329800146369e-11, 1.197264405383244e-10, 0.0, 0.0, 6.754268275671148e-11, 0.0, 6.426455796461577e-11, 0.0, 5.820766091346741e-11, 0.0, 0.0, 0.0, 1.636162383544258e-10, 0.0, 1.2616968804482333e-10, 0.0, 0.0, 0.0, 0.0, 0.0, 0.0, 0.0, 0.0, 0.0, 8.29997619574959e-11, 0.0, 1.3613138978094454e-10, 4.65732605661842e-11, 0.0, 0.0, 0.0, 0.0, 0.0, 1.4551915228366845e-11, 9.886758926025983e-11, 5.2640051486776167e-11, 2.9642282014782198e-12, 0.0, 0.0, 6.963942867137222e-11, 0.0, 1.1606111356619825e-10, 2.6223204914039697e-11, 0.0, 0.0, 0.0, 2.9103830456733697e-11, 0.0, 4.858407467249974e-11, 0.0, 5.271869554638488e-11, 0.0, 2.2741114902131497e-11, 0.0, 2.9642282014782194e-12, 0.0, 1.211771748977591e-10, 0.0, 0.0, 2.9103830456733697e-11, 0.0, 0.0, 0.0, 0.0, 6.581665109786544e-11, 1.7029658089087793e-11, 0.0, 0.0, 0.0, 0.0, 6.505437297095414e-11, 0.0, 6.57299825558544e-11, 0.0, 2.9642282014782198e-12, 4.0061614988480654e-11, 4.075813777032552e-12, 1.394639580804333e-10, 0.0], [0.0, 1.399870936765935e-21, 6.340011320097337e-11, 1.0, 0.004571619958136756, 4.568623753815615e-11, 1.3887924593354095e-07, 9.91626530308738e-17, 0.09757038150788394, 0.3501861870666002, 0.01309025001343811, 0.10232702378459196, 7.574807933012974e-14, 1.628376128794601e-11, 0.01470791946160709, 0.0, 1.8746027427236396e-12, 0.4424246807873188, 7.237109045660382e-15, 0.15148405185808175, 0.005795291893761223, 1.013240454442555e-13, 0.49689903174463407, 0.0, 1.2214313681981804e-05, 1.1452291838048149e-23, 0.3456785892375185, 2.860205515875045e-07, 2.744281186141797e-11, 0.5160519184557707, 3.960069911073982e-06, 2.1867441625488083e-09, 1.3073946591304545e-10, 0.062375377606514834, 0.0, 0.0014494885487212432, 0.14519936494673935, 3.244285358955373e-12, 2.242928748291315e-11, 0.7535429225409362, 1.2337869716862176e-10, 0.11157232662536662, 0.02852640827505202, 0.0009101529535968575, 0.5097923831947494, 0.17256586258364603, 0.0893052783017533, 8.119512385330901e-07, 0.06352213925086365, 0.0010464209601578098, 0.008776391214995944, 0.015615106477733414, 9.765275243187166e-29, 0.3548419945023078, 2.2043984525402066e-20, 0.31110284530394144, 0.0002879622478854049, 0.1434411162778287, 0.012943623098532739, 0.13377297396169807, 1.587345147556904e-05, 0.5452452543922961, 8.449239433534098e-05, 6.347380735565263e-14, 7.856432273746717e-11, 0.11010920460243268, 0.0010484233521444145, 0.00013578558300205687, 7.788897350044356e-07, 0.19666791646445586, 1.685352863589248e-07, 0.0010748037743350393, 5.863248183208888e-05, 1.8857485960993128e-14, 0.0, 0.6090771551112072, 0.0009558475081228967, 0.027163673622522748, 0.03338809408146797, 2.50767530576339e-12, 4.555831876749715e-11, 1.5684528517922145e-11, 0.6873192286451261, 1.9490276424237583e-05], [0.0, 0.0, 0.0, 0.004571619958136756, 1.0, 0.0, 0.0, 0.0, 0.0, 0.030126489615737, 0.0, 0.004489446470341758, 0.0, 0.0, 0.0, 0.0, 0.0, 0.010164414176550297, 0.0, 0.019871190112198026, 0.0, 0.0, 0.027002119579301483, 0.0, 0.0, 0.0, 0.0, 0.0, 0.0, 0.01500698864228238, 0.0, 0.0, 0.0, 0.0, 0.0, 0.0, 0.0, 0.0, 0.0, 0.029047338911789733, 0.0, 0.008216858631087329, 0.0, 0.0, 0.00730655170632899, 0.0, 0.006573486904869863, 0.0, 0.0, 0.0, 0.0126826166659274, 0.0, 0.0, 0.002276987931396913, 0.0, 0.010709765184560915, 0.0, 0.0, 0.011848633266793768, 0.0, 0.0, 0.003922877410521367, 0.0, 0.0, 0.0, 0.0, 0.0, 0.0, 0.0, 0.008270510897010903, 0.0, 0.0, 0.0, 0.0, 0.0, 0.010440527854689694, 0.0, 0.0, 0.0, 0.0, 0.0, 0.0, 0.009273590658561768, 0.0], [0.0, 0.0, 1.76329800146369e-11, 4.568623753815615e-11, 0.0, 1.0, 9.103885740218452e-12, 0.0, 0.0, 5.612147822478968e-11, 1.1531714803017508e-12, 1.5966550132544487e-11, 6.536756823587079e-14, 1.4551915228366847e-11, 1.0754065190636608e-13, 0.0, 8.380555660237064e-13, 4.194885218349984e-11, 0.0, 3.0837127022752174e-11, 5.744495327234193e-14, 2.1397752006678691e-13, 0.0, 0.0, 3.1937948631799064e-12, 0.0, 0.0, 0.0, 9.39322088914782e-12, 5.0367040886377276e-11, 2.498849458635656e-13, 1.4681936070659475e-11, 1.7469430109450502e-11, 1.2142194518037026e-12, 0.0, 0.0, 0.0, 2.836815684124398e-12, 2.028856090248626e-11, 3.006102707127499e-11, 5.252446245293951e-11, 6.1108763757204e-12, 0.0, 0.0, 2.7324671533607225e-11, 0.0, 9.313718690607208e-12, 3.776628627182833e-11, 0.0, 0.0, 2.944134065804481e-11, 2.5459725087222258e-11, 0.0, 6.84433433654696e-11, 0.0, 5.541289124081236e-11, 0.0, 0.0, 0.0, 9.310020570503216e-12, 0.0, 3.974757237777209e-11, 0.0, 4.2877263468220233e-14, 7.079491790708245e-12, 0.0, 1.0059314048854858e-13, 0.0, 1.1910502645470186e-12, 3.608187322832435e-11, 2.6422878978235607e-11, 0.0, 0.0, 0.0, 0.0, 3.7057554495586054e-11, 0.0, 1.4766030350312192e-11, 0.0, 2.7981973024788196e-12, 3.047150164006432e-11, 2.7387026944935976e-12, 3.006115698921005e-11, 0.0], [0.0, 0.0, 1.197264405383244e-10, 1.3887924593354095e-07, 0.0, 9.103885740218452e-12, 1.0, 3.469446951953614e-18, 0.0, 5.8482689990979425e-08, 9.125894747581242e-09, 1.7176319308582547e-07, 8.758330588948495e-15, 0.0, 1.8245612808843123e-15, 0.0, 4.79122895993386e-13, 1.6240594059850546e-07, 2.479806157737424e-15, 1.1137551342292502e-07, 6.007523383259766e-08, 7.0301781979510085e-15, 5.533249832284642e-14, 0.0, 5.963086082816954e-08, 0.0, 2.938373123775628e-15, 9.777630203449385e-08, 0.0, 9.156757098495431e-08, 2.0816681711721685e-17, 2.3876700004983065e-08, 2.51611759108586e-10, 9.810081717401039e-09, 0.0, 8.313578550126808e-09, 2.8821400288819116e-09, 2.3632996418696454e-12, 4.975255589162273e-12, 2.3861674744814084e-07, 4.671443491330544e-11, 6.682457307085477e-08, 5.3923600409450434e-14, 0.0, 1.0127311813954916e-07, 1.7271363916940033e-14, 8.194103922880885e-08, 2.117050282212773e-07, 4.3183641138688443e-19, 2.4182252022633923e-07, 3.870856527921741e-10, 2.7897737206778717e-11, 0.0, 1.1088375688066848e-07, 0.0, 2.0118660149604224e-07, 0.0, 4.261469253573117e-12, 0.0, 8.003299803650308e-12, 0.0, 7.626801712007338e-08, 0.0, 0.0, 8.030329099023463e-11, 6.494500440478523e-19, 0.0, 8.252561931061944e-09, 5.536054706443911e-13, 2.348261053260846e-07, 2.307374714030252e-08, 5.960464477539063e-08, 0.0, 1.949713181858315e-14, 0.0, 1.2563710082699638e-07, 9.733397733888168e-08, 1.745863442123933e-09, 5.960464477539064e-08, 8.546104853526046e-12, 7.876171482482678e-12, 6.046571104318929e-12, 2.1590461967496476e-07, 0.0], [0.0, 0.0, 0.0, 9.91626530308738e-17, 0.0, 0.0, 3.469446951953614e-18, 1.0, 0.0, 6.572248284707171e-17, 6.906378731287605e-17, 8.185519383935922e-17, 0.0, 0.0, 0.0, 0.0, 0.0, 6.547755286839925e-17, 2.1337191312467703e-17, 5.000912020274569e-17, 0.0, 0.0, 0.0, 0.0, 5.156402620265887e-17, 0.0, 1.3183898417423731e-16, 0.0, 0.0, 6.889364149969504e-17, 3.4694469519536138e-18, 0.0, 4.2550575762502256e-17, 0.0, 0.0, 0.0, 0.0, 0.0, 0.0, 1.7570482911717787e-16, 0.0, 2.3765574441374048e-18, 0.0, 0.0, 6.554455508175766e-17, 0.0, 1.3183898417423731e-16, 0.0, 0.0, 0.0, 0.0, 0.0, 0.0, 7.545449303267511e-17, 0.0, 3.4639685692791096e-17, 0.0, 0.0, 0.0, 1.3183898417423731e-16, 0.0, 1.0178649647665235e-16, 0.0, 0.0, 2.5153737825153592e-17, 0.0, 0.0, 0.0, 0.0, 6.323965606753729e-17, 0.0, 0.0, 0.0, 0.0, 0.0, 1.3445901537906016e-16, 0.0, 0.0, 0.0, 0.0, 0.0, 5.20417042793042e-17, 4.41993358365525e-17, 0.0], [0.0, 9.039864887649364e-22, 0.0, 0.09757038150788394, 0.0, 0.0, 0.0, 0.0, 1.0, 0.2533892311152823, 2.4190240321694743e-22, 0.20400362500519564, 0.0, 0.0, 1.732607511086643e-21, 0.0, 0.0, 0.0063131402594190115, 9.801805512105143e-22, 0.34118939368168655, 0.0, 5.737740927431057e-23, 0.20326176644866434, 0.0, 5.80910519170188e-23, 2.6340215536410715e-23, 3.6004271428607325e-22, 1.354796180856489e-21, 0.0, 0.121833127058249, 0.0, 0.0, 0.0, 0.0, 0.0, 0.0, 0.0, 0.0, 0.0, 0.061545375454712385, 0.0, 5.293955920339377e-23, 0.0, 2.2847469843873197e-23, 0.20326176644866434, 3.3827172869813153e-22, 0.0, 0.0, 0.0, 0.0, 6.360171179720126e-23, 0.0, 0.0, 0.2762556175787219, 0.0, 0.39919818456061695, 0.0, 0.0, 0.0, 0.0, 3.675184435266989e-23, 0.0998061116873885, 0.0, 0.0, 0.0, 0.0, 0.0, 0.0, 0.0, 1.4349861247733624e-21, 0.0, 0.0, 0.0, 0.0, 0.0, 0.11898723468126944, 0.0, 0.06430908779198542, 0.0, 0.0, 0.0, 0.0, 0.10942202279015428, 0.0], [0.0, 1.5638329518686848e-21, 6.754268275671148e-11, 0.3501861870666002, 0.030126489615737, 5.612147822478968e-11, 5.8482689990979425e-08, 6.572248284707171e-17, 0.2533892311152823, 1.0, 0.009736435611919229, 0.6527145400517412, 1.18661108679103e-13, 2.3567593021403178e-11, 0.013365152603850655, 0.0, 1.9173831849720224e-12, 0.5491030475398537, 2.0352905507523215e-15, 0.28569697107658554, 0.007798519726835345, 6.599011339679579e-14, 0.2515123244509528, 0.0, 3.955348631982549e-05, 1.296094737071408e-23, 0.18206244872730876, 1.660366025471955e-07, 4.662734398967597e-13, 0.4538499502258292, 3.2540832206897716e-06, 2.5934978508737282e-08, 1.1554084008511417e-10, 0.035372146701680894, 0.0, 0.0005742238221449299, 0.17665070966034685, 1.6612688098616307e-12, 3.193323747603738e-11, 0.21099756734214953, 9.206951854820263e-11, 0.09679168702469909, 0.14583333333336257, 0.0026543784591254362, 0.3760939724225536, 0.23742201541604896, 0.038566055792612894, 3.901426995405586e-07, 0.2062615978943261, 0.0020149813438380105, 0.019606200651064196, 0.013768527030042601, 5.176276362811226e-29, 0.18098392377907888, 5.696552058586022e-22, 0.5090682012324308, 8.664518514974712e-05, 0.1551706363188771, 0.021171495895157325, 0.15982136966010532, 2.2444346093983564e-05, 0.34778582356231824, 5.282420451368715e-05, 4.479880721542918e-15, 1.2636987183219812e-10, 0.2395093350821194, 0.0020264937971889076, 0.000176669410671716, 1.9332160063456066e-06, 0.08206118023883142, 2.8177204874178316e-09, 0.0006461735698597945, 3.254932608033867e-05, 3.187845138951167e-14, 0.0, 0.31590342456714565, 0.001163042087025853, 0.3107694144042567, 0.041391508909508636, 4.518190707377372e-12, 5.445154446620251e-11, 3.314132675791573e-11, 0.27891107023403955, 3.868773451936379e-06], [0.0, 2.2132469824843676e-22, 0.0, 0.01309025001343811, 0.0, 1.1531714803017508e-12, 9.125894747581242e-09, 6.906378731287605e-17, 2.4190240321694743e-22, 0.009736435611919229, 1.0, 0.007998263571848158, 6.077974907500316e-15, 0.0, 0.01754250270967045, 0.0, 4.527954813775394e-13, 0.00709659323109782, 2.893658124255258e-17, 0.018181654645506303, 0.0034972058887540913, 6.565151107336019e-23, 0.0, 0.0, 9.202492761648462e-13, 8.475453283094476e-24, 6.426066183426412e-17, 3.725290298462984e-09, 0.0, 0.006120691045485653, 0.0, 4.54747350886464e-13, 2.7074904821178566e-17, 3.7252902984619132e-09, 0.0, 0.0004882849752902985, 0.002032362138754091, 9.466320986876474e-13, 0.0, 0.013600666196352706, 8.470329472543003e-22, 3.7252974038893254e-09, 0.0, 5.293955920339377e-23, 0.006053026195482852, 5.54338339809714e-23, 1.911074679950454e-06, 1.0789232037583878e-12, 0.0, 0.001953125, 6.617444900424221e-23, 5.674412188406323e-25, 0.0, 0.015613177662683681, 0.0, 0.013939338426028996, 0.0, 0.00048828124999999995, 0.010647735362967656, 0.0004882812500000642, 2.290254773488787e-23, 0.016357467701799196, 0.0, 0.0, 4.547751064620795e-13, 0.0, 0.001953125, 5.159444585394815e-09, 4.54747350886464e-13, 0.0004896593844738269, 8.065150509075029e-25, 0.00021117074148995537, 1.9073486328124996e-06, 7.105427357791147e-15, 0.0, 0.011450445102444076, 4.499571415859898e-06, 0.0015440808887540913, 0.0, 0.0, 8.470329472543005e-22, 4.548720186705182e-13, 0.013871575003500627, 0.0], [0.0, 7.9845171140165975e-22, 6.426455796461577e-11, 0.10232702378459196, 0.004489446470341758, 1.5966550132544487e-11, 1.7176319308582547e-07, 8.185519383935922e-17, 0.20400362500519564, 0.6527145400517412, 0.007998263571848158, 1.0, 6.975090230150451e-14, 1.4551915228366847e-11, 0.011336540680566873, 0.0, 0.0, 0.566923397484239, 4.017279315853742e-15, 0.22280727184299268, 0.006204604949194864, 9.732258715736636e-14, 0.2911924055693402, 0.0, 2.5884583360950734e-05, 2.0525000505607636e-23, 0.04924446804781003, 2.1037048987572235e-07, 0.0, 0.3392592792958158, 3.4175399833602336e-06, 8.88688354980241e-09, 1.9627263709750645e-10, 0.025515528209437224, 0.0, 0.0005536013008756212, 0.1254817062659883, 0.0, 1.7629776284017754e-11, 0.3651963595123322, 7.208964948482035e-11, 0.04604087380918369, 0.0336847224954289, 0.003789439025098415, 0.28742286327922917, 0.21795855239806494, 0.03090702095627971, 7.250893499916519e-07, 0.05918814802475025, 0.0009315259044006719, 0.0059762313411490615, 0.03833047275900771, 1.005149013041024e-28, 0.1692701719816684, 3.415538833652607e-20, 0.306479038624034, 0.00020053703158255258, 0.12979359614333685, 0.015698669112283868, 0.13202650160644752, 5.2645896402097544e-05, 0.5360941046087803, 6.705127265288918e-05, 1.1349737005305124e-13, 1.8696282517320535e-10, 0.03369461775295972, 0.0007258735847339797, 3.4680223334270036e-05, 1.372951895631919e-07, 0.03513087658226087, 4.074534389787029e-06, 0.0009422680645185058, 2.995128105379213e-05, 1.4622626718486203e-14, 0.0, 0.42610609649465425, 0.0010315255348526673, 0.24137717747323081, 0.014334597211749296, 2.210911697440629e-12, 5.451984915945805e-11, 7.309151784730231e-12, 0.37946018803804415, 1.9415143606609422e-05], [0.0, 0.0, 0.0, 7.574807933012974e-14, 0.0, 6.536756823587079e-14, 8.758330588948495e-15, 0.0, 0.0, 1.18661108679103e-13, 6.077974907500316e-15, 6.975090230150451e-14, 1.0, 0.0, 3.1259154295899944e-14, 0.0, 0.0, 7.662948351361241e-14, 7.462571584173319e-15, 1.109281906186493e-13, 4.408910710051066e-14, 4.341497449219859e-16, 1.4440395486177416e-14, 0.0, 2.890458470295924e-14, 0.0, 6.229678428313007e-15, 2.369820003892821e-28, 0.0, 8.497625760805494e-14, 3.2751242980454655e-14, 2.0546532694734012e-15, 0.0, 0.0, 0.0, 0.0, 0.0, 0.0, 0.0, 7.275818269046444e-14, 0.0, 6.367026377629321e-14, 2.0594026511796034e-14, 0.0, 9.238241124314229e-14, 3.686307797810704e-14, 1.0632729356470777e-13, 3.2751242980454655e-14, 0.0, 0.0, 0.0, 0.0, 1.0097419586828951e-28, 8.01471954635745e-14, 0.0, 5.0682785447960555e-14, 0.0, 5.66809964107646e-29, 0.0, 7.347442109380859e-15, 5.0487097934144744e-29, 1.0508830790974964e-13, 0.0, 2.6460979035017932e-14, 1.6941628079300957e-13, 0.0, 0.0, 5.048709793414475e-29, 0.0, 7.734813666102351e-14, 0.0, 0.0, 1.0097419586828951e-28, 3.453328241933079e-14, 0.0, 1.8605264239176803e-13, 0.0, 5.048709793414475e-29, 1.136382040486233e-28, 3.2751242980454655e-14, 0.0, 5.183456557270715e-14, 6.913246669743152e-14, 0.0], [0.0, 0.0, 5.820766091346741e-11, 1.628376128794601e-11, 0.0, 1.4551915228366847e-11, 0.0, 0.0, 0.0, 2.3567593021403178e-11, 0.0, 1.4551915228366847e-11, 0.0, 1.0, 0.0, 0.0, 0.0, 4.4891487765108396e-11, 0.0, 5.0496753377124495e-11, 0.0, 0.0, 0.0, 0.0, 0.0, 0.0, 0.0, 0.0, 0.0, 5.093170329928399e-11, 0.0, 1.9716067954009723e-11, 1.7469430109450506e-11, 0.0, 0.0, 0.0, 0.0, 0.0, 1.455191522836685e-11, 5.7444206280106893e-11, 2.1173992347570366e-11, 0.0, 0.0, 0.0, 5.806908667669492e-11, 0.0, 0.0, 1.903410800966779e-11, 0.0, 0.0, 0.0, 0.0, 0.0, 1.4983572423992704e-11, 0.0, 1.4240506926988074e-11, 0.0, 0.0, 0.0, 0.0, 0.0, 1.867438583800676e-12, 0.0, 0.0, 0.0, 0.0, 0.0, 0.0, 0.0, 1.4551915228366847e-11, 1.7029658089087793e-11, 0.0, 0.0, 0.0, 0.0, 4.566184597513266e-11, 0.0, 1.4551915228366847e-11, 0.0, 0.0, 3.5644767089734936e-11, 0.0, 2.2352457080842893e-11, 0.0], [0.0, 5.783685511742616e-22, 0.0, 0.01470791946160709, 0.0, 1.0754065190636608e-13, 1.8245612808843123e-15, 0.0, 1.732607511086643e-21, 0.013365152603850655, 0.01754250270967045, 0.011336540680566873, 3.1259154295899944e-14, 0.0, 1.0, 0.0, 0.0, 0.006626034533331029, 3.212107784824647e-15, 0.01951236248562182, 0.0038706277096633435, 7.980889180766416e-14, 1.5263353095723296e-15, 0.0, 3.781374547814482e-15, 2.832672758582117e-25, 3.2267476041804314e-15, 1.5830920242673327e-20, 0.0, 0.008979173510413628, 6.740800259667266e-14, 3.5527136788101945e-15, 0.0, 0.0, 0.0, 0.0005992195967697948, 0.00011984391935395897, 0.0, 6.740800259667265e-14, 0.018752408860097446, 4.953831633636178e-21, 0.000267306309050581, 2.980682923409127e-15, 0.0022506482800704365, 0.005517326312603821, 0.00021508420316679303, 1.3594395532671945e-13, 1.6515181373816197e-13, 1.027761867191569e-19, 0.0021848090186985204, 1.01112003895009e-13, 6.740812979276921e-14, 0.0, 0.01665204462008799, 1.3552527156068805e-20, 0.015298406721830315, 0.0, 0.0008665259058049718, 0.012600860362967653, 0.0005992195967715712, 0.0, 0.01626570899573609, 0.0, 0.0, 2.4245691038291138e-14, 1.0842021724855047e-19, 0.001917502709685813, 0.0, 0.0, 0.0037169215370569182, 1.1798443896838675e-19, 0.0011278437363689492, 0.0, 1.0658141036546155e-14, 0.0, 0.01482418275587307, 0.00026730630903517715, 0.00017183977009404237, 0.0, 2.2469334198890885e-14, 4.953830421945828e-21, 9.659007608536894e-14, 0.016775251622473446, 0.0], [0.0, 0.0, 0.0, 0.0, 0.0, 0.0, 0.0, 0.0, 0.0, 0.0, 0.0, 0.0, 0.0, 0.0, 0.0, 1.0, 0.0, 0.0, 0.0, 0.0, 0.0, 0.0, 0.0, 0.0, 0.0, 0.0, 0.0, 0.0, 0.0, 0.0, 0.0, 0.0, 0.0, 0.0, 0.0, 0.0, 0.0, 0.0, 0.0, 0.0, 0.0, 0.0, 0.0, 0.0, 0.0, 0.0, 0.0, 0.0, 0.0, 0.0, 0.0, 0.0, 0.0, 0.0, 0.0, 0.0, 0.0, 0.0, 0.0, 0.0, 0.0, 0.0, 0.0, 0.0, 0.0, 0.0, 0.0, 0.0, 0.0, 0.0, 0.0, 0.0, 0.0, 0.0, 0.0, 0.0, 0.0, 0.0, 0.0, 0.0, 0.0, 0.0, 0.0, 0.0], [0.0, 0.0, 0.0, 1.8746027427236396e-12, 0.0, 8.380555660237064e-13, 4.79122895993386e-13, 0.0, 0.0, 1.9173831849720224e-12, 4.527954813775394e-13, 0.0, 0.0, 0.0, 0.0, 0.0, 1.0, 1.9547351650429473e-12, 0.0, 2.828295919133123e-13, 0.0, 0.0, 0.0, 0.0, 2.679955381467857e-12, 0.0, 0.0, 0.0, 0.0, 1.48358970330865e-12, 0.0, 0.0, 0.0, 2.227797943108433e-12, 0.0, 0.0, 0.0, 2.413447771700803e-12, 1.4851986287389557e-12, 1.5026348496657799e-12, 0.0, 0.0, 0.0, 0.0, 2.0376757078746013e-12, 0.0, 5.37396001289443e-13, 1.8867207551203973e-12, 0.0, 0.0, 1.4851986287389553e-12, 0.0, 0.0, 6.787770782023585e-13, 0.0, 6.291904683492935e-13, 0.0, 0.0, 0.0, 2.2277979431084335e-12, 0.0, 1.9893626183471344e-12, 0.0, 0.0, 2.2277979431084335e-12, 0.0, 0.0, 0.0, 0.0, 1.6558879297000367e-12, 0.0, 0.0, 0.0, 0.0, 0.0, 2.5266410583594748e-12, 0.0, 0.0, 0.0, 1.146192585679463e-12, 2.2277979431084335e-12, 1.4851986287389555e-12, 3.0261927791022884e-12, 0.0], [0.0, 5.913426200026199e-22, 1.636162383544258e-10, 0.4424246807873188, 0.010164414176550297, 4.194885218349984e-11, 1.6240594059850546e-07, 6.547755286839925e-17, 0.0063131402594190115, 0.5491030475398537, 0.00709659323109782, 0.566923397484239, 7.662948351361241e-14, 4.4891487765108396e-11, 0.006626034533331029, 0.0, 1.9547351650429473e-12, 1.0, 7.746691875453101e-15, 0.47581362757100176, 0.00805799734004151, 9.89016440025178e-14, 0.3456092603716138, 0.0, 5.69612994132303e-05, 6.746222683031398e-24, 0.1988677989348542, 3.3188956921085235e-07, 3.6104527207923465e-12, 0.2929800203824272, 2.8350686810049305e-06, 9.316134552190468e-09, 1.225084022578934e-10, 0.025515525512630175, 0.0, 0.0014750142762258824, 0.1569651144394871, 3.823135810341482e-12, 1.4139947993036113e-11, 0.487720994409508, 1.22629074699007e-10, 0.08265768993844366, 0.17569550339551493, 0.001161702971990968, 0.49417484905577064, 0.2570974518425002, 0.057010077285326186, 8.960033770349133e-07, 0.2450676089850123, 0.0012070370264047467, 0.005690246199186854, 0.025602859290525658, 1.1144906912838878e-28, 0.2677429662090341, 1.1989266688398896e-20, 0.2397317020083601, 0.0002879674511287868, 0.07310174827454412, 0.03481476373347553, 0.07081712576181864, 1.0912229740699095e-05, 0.6529408052640269, 0.00013649759085151565, 6.754223978954024e-14, 2.0490818768149977e-10, 0.30060592344632786, 0.0009509492535090087, 0.00011934246402083782, 2.3799918447510846e-06, 0.07809883158205641, 1.0577386820412321e-05, 0.0011557129104151406, 3.99744606370613e-05, 5.036681086537645e-14, 0.0, 0.550043759822046, 0.0017131787791167738, 0.3327865113185691, 0.020299596633546458, 6.105685977605219e-12, 4.9205174859561085e-11, 9.08965158276819e-12, 0.4100952242967826, 4.940144212895945e-06], [0.0, 1.022743184578116e-21, 0.0, 7.237109045660382e-15, 0.0, 0.0, 2.479806157737424e-15, 2.1337191312467703e-17, 9.801805512105143e-22, 2.0352905507523215e-15, 2.893658124255258e-17, 4.017279315853742e-15, 7.462571584173319e-15, 0.0, 3.212107784824647e-15, 0.0, 0.0, 7.746691875453101e-15, 1.0, 2.113105338867967e-15, 3.2292125450756658e-21, 2.1324987981676825e-15, 1.8588488759746168e-15, 0.0, 1.4120550573659816e-15, 0.0, 3.0996305090792165e-15, 6.074741921242492e-20, 0.0, 6.333119229891586e-15, 5.204170427930421e-18, 1.785844076521552e-15, 1.391721648147454e-16, 3.155443620884047e-30, 0.0, 0.0, 8.362305347419824e-17, 0.0, 0.0, 7.244802585303024e-15, 8.225619177945914e-21, 7.707290904322653e-15, 3.314732730294972e-15, 8.170830864305e-22, 7.63775167806247e-15, 1.9457612992188922e-16, 2.0745945011384162e-15, 4.931541765706899e-24, 0.0, 0.0, 0.0, 6.6110935745530886e-24, 3.341806427524487e-29, 9.87834208508762e-15, 1.3552527156068805e-20, 3.0520049458555084e-15, 0.0, 8.354659488838496e-17, 0.0, 7.74432787657104e-15, 5.048709793414477e-29, 4.7863627496234264e-15, 0.0, 7.679381582625375e-29, 1.8592463019865145e-15, 2.1098992815841978e-19, 0.0, 5.048709793414476e-29, 0.0, 4.070803073097277e-15, 1.4233641864667225e-25, 0.0, 4.330058294283181e-29, 0.0, 0.0, 4.6821820854558964e-15, 4.440889322368933e-18, 1.9668784321619134e-18, 8.228973396624448e-29, 0.0, 8.225619179523635e-21, 8.778136025571561e-15, 8.866030453345273e-15, 0.0], [0.0, 6.244983191119802e-22, 1.2616968804482333e-10, 0.15148405185808175, 0.019871190112198026, 3.0837127022752174e-11, 1.1137551342292502e-07, 5.000912020274569e-17, 0.34118939368168655, 0.28569697107658554, 0.018181654645506303, 0.22280727184299268, 1.109281906186493e-13, 5.0496753377124495e-11, 0.01951236248562182, 0.0, 2.828295919133123e-13, 0.47581362757100176, 2.113105338867967e-15, 1.0, 0.00848551963052272, 2.5574343763786768e-14, 0.24080986467019766, 0.0, 2.973232522276541e-05, 4.31185997649471e-24, 0.07085929103731134, 3.9866467323390715e-07, 1.0932899224506865e-11, 0.13175281172521952, 2.250627627645719e-06, 7.04229313126824e-09, 2.0587821533316434e-10, 6.0872330806713046e-09, 0.0, 0.0023399755799953853, 0.1206694669630891, 3.76339184021249e-12, 1.0981138074286226e-11, 0.17926375005508585, 1.2251376479859982e-10, 0.0606628613287122, 0.23664269479828684, 0.0025404641879971713, 0.38227481297990046, 0.07152582719661188, 0.12986179469011744, 5.318177525913729e-07, 0.2794737416217828, 0.0008150061968405148, 0.0200153792950693, 4.480851690933805e-05, 2.640819150956079e-29, 0.25025047729209005, 1.674737956313001e-20, 0.397004390128698, 0.00020056503046093847, 0.11289065601875937, 0.027680087563727737, 0.10087958716055767, 5.656436304334847e-06, 0.24472561548847813, 6.3896694883319e-05, 4.3735889333828e-14, 1.9226104815204908e-10, 0.27950643841011114, 0.0008255900476445363, 6.60494481238579e-05, 3.542578549476046e-06, 0.21405826763852315, 7.161799304530876e-06, 0.0013706314437962673, 3.573382144804484e-05, 4.5601866539056135e-14, 0.0, 0.11363671177639012, 0.00091330788143036, 0.20674999780627384, 3.507770036975732e-05, 7.0017959324163176e-12, 2.2003948552599106e-11, 1.7552213427252588e-11, 0.2827336184637858, 1.508614034530333e-05], [0.0, 3.412686633122222e-25, 0.0, 0.005795291893761223, 0.0, 5.744495327234193e-14, 6.007523383259766e-08, 0.0, 0.0, 0.007798519726835345, 0.0034972058887540913, 0.006204604949194864, 4.408910710051066e-14, 0.0, 0.0038706277096633435, 0.0, 0.0, 0.00805799734004151, 3.2292125450756658e-21, 0.00848551963052272, 1.0, 4.258753779615394e-24, 0.0, 0.0, 9.251355141646253e-08, 1.8058812265231105e-26, 8.470329472543003e-22, 1.4345163545939367e-07, 0.0, 0.005728471665820813, 5.862950992302516e-15, 1.6155871338926322e-27, 0.0, 0.0, 0.0, 0.0005384438961853041, 0.00146484375, 0.0, 0.0, 0.00421855206407715, 2.541098841762901e-21, 1.3986683694446026e-10, 3.5527136788005005e-15, 0.0010002881244757496, 0.004425204649205067, 1.1143590140832149e-24, 6.011846691774755e-08, 1.610167613382533e-07, 0.0, 0.0019533159671918147, 4.802929452894225e-11, 2.0476119798733337e-24, 0.0, 0.0036927762975629457, 0.0, 0.0026487950562350706, 0.0, 0.0004883066087442207, 0.0019531249999999998, 0.0009765625, 5.048709793414476e-29, 0.006754633470391245, 0.0, 8.037202310286336e-15, 3.5177705953815126e-14, 0.0, 0.002366710799314511, 2.0194839173657902e-28, 0.0, 0.0009671585293665205, 0.0, 0.00020935392380452608, 0.0, 0.0, 0.0, 0.004374604970178804, 0.00012239068896274433, 0.0009765629286340074, 7.056475562791127e-07, 1.1139606885374788e-13, 2.541098841762901e-21, 3.517770669945901e-14, 0.0066918691522551005, 0.0], [0.0, 2.5195166383380237e-23, 0.0, 1.013240454442555e-13, 0.0, 2.1397752006678691e-13, 7.0301781979510085e-15, 0.0, 5.737740927431057e-23, 6.599011339679579e-14, 6.565151107336019e-23, 9.732258715736636e-14, 4.341497449219859e-16, 0.0, 7.980889180766416e-14, 0.0, 0.0, 9.89016440025178e-14, 2.1324987981676825e-15, 2.5574343763786768e-14, 4.258753779615394e-24, 1.0, 6.942445699446596e-16, 0.0, 6.257314531231103e-23, 1.0027351061612143e-23, 2.132498841578653e-15, 3.2245926009103794e-23, 0.0, 1.8579735534499834e-13, 2.2561967386535432e-13, 0.0, 0.0, 0.0, 0.0, 0.0, 0.0, 0.0, 2.2561967386535432e-13, 1.9225087229267573e-13, 0.0, 2.712136701640707e-15, 1.3302840655818684e-15, 5.293955920339377e-23, 6.582816279385598e-14, 4.652397865654381e-24, 1.0532915718175117e-13, 4.298322918595896e-14, 0.0, 0.0, 2.11063565887276e-13, 2.2561967386840942e-13, 2.2088105346188328e-29, 7.5247475859423e-14, 0.0, 2.2618666332002021e-13, 0.0, 0.0, 0.0, 2.13249879327673e-15, 9.13827575103846e-23, 8.017564922938305e-15, 0.0, 1.9384630051532852e-30, 7.250926770821264e-14, 0.0, 6.55024859610385e-14, 0.0, 0.0, 6.763498480481432e-14, 8.065150509075031e-25, 0.0, 0.0, 6.06827128150928e-26, 0.0, 1.0611867185059807e-13, 0.0, 1.0961393677281992e-22, 0.0, 6.550248596090931e-14, 1.938463005153285e-30, 2.065961151309456e-13, 1.9527186769190802e-14, 0.0], [0.0, 0.0, 0.0, 0.49689903174463407, 0.027002119579301483, 0.0, 5.533249832284642e-14, 0.0, 0.20326176644866434, 0.2515123244509528, 0.0, 0.2911924055693402, 1.4440395486177416e-14, 0.0, 1.5263353095723296e-15, 0.0, 0.0, 0.3456092603716138, 1.8588488759746168e-15, 0.24080986467019766, 0.0, 6.942445699446596e-16, 1.0, 0.0, 1.4210854715202002e-14, 0.0, 0.06250000000000185, 1.1934452246468147e-29, 0.0, 0.31763574530626093, 0.0, 0.0, 0.0, 3.1554436208840472e-30, 0.0, 0.0, 0.0625, 0.0, 0.0, 0.6005723846056487, 0.0, 0.0003699325967844253, 0.06250000000006364, 0.0, 0.5666352438790663, 0.10206207261599698, 0.015167236465815394, 0.0, 0.062499999999999986, 0.0, 0.020280585780781235, 0.0, 3.155443620884047e-30, 0.4709546764166203, 0.0, 0.42292094844574823, 0.0, 0.2489920668539927, 0.005801840280080139, 0.25000000000000183, 0.0, 0.23263825381773992, 0.0, 2.524354896707238e-29, 2.4427979303348655e-14, 0.062499999999999986, 0.0, 0.0, 0.0, 0.11305986052672184, 1.4628773133362178e-29, 0.0, 2.006590297332222e-29, 1.4210854715202002e-14, 0.0, 0.6262450536157143, 3.244321594747537e-18, 0.20398542680256862, 0.0, 0.0, 0.0, 5.088651372473474e-14, 0.4001610420982462, 0.0], [0.0, 0.0, 0.0, 0.0, 0.0, 0.0, 0.0, 0.0, 0.0, 0.0, 0.0, 0.0, 0.0, 0.0, 0.0, 0.0, 0.0, 0.0, 0.0, 0.0, 0.0, 0.0, 0.0, 1.0, 0.0, 0.0, 0.0, 0.0, 0.0, 0.0, 0.0, 0.0, 0.0, 0.0, 0.0, 0.0, 0.0, 0.0, 0.0, 0.0, 0.0, 0.0, 0.0, 0.0, 0.0, 0.0, 0.0, 0.0, 0.0, 0.0, 0.0, 0.0, 0.0, 0.0, 0.0, 0.0, 0.0, 0.0, 0.0, 0.0, 0.0, 0.0, 0.0, 0.0, 0.0, 0.0, 0.0, 0.0, 0.0, 0.0, 0.0, 0.0, 0.0, 0.0, 0.0, 0.0, 0.0, 0.0, 0.0, 0.0, 0.0, 0.0, 0.0, 0.0], [0.0, 4.8371719884975e-24, 0.0, 1.2214313681981804e-05, 0.0, 3.1937948631799064e-12, 5.963086082816954e-08, 5.156402620265887e-17, 5.80910519170188e-23, 3.955348631982549e-05, 9.202492761648462e-13, 2.5884583360950734e-05, 2.890458470295924e-14, 0.0, 3.781374547814482e-15, 0.0, 2.679955381467857e-12, 5.69612994132303e-05, 1.4120550573659816e-15, 2.973232522276541e-05, 9.251355141646253e-08, 6.257314531231103e-23, 1.4210854715202002e-14, 0.0, 1.0, 2.487907458528819e-23, 1.4566924581780575e-15, 2.384821086538588e-07, 0.0, 3.5466781428761924e-05, 0.0, 6.830506889933041e-13, 4.162314201782439e-11, 1.8189894035458565e-12, 0.0, 0.0, 9.436895709313829e-16, 2.4245609890686556e-12, 9.094947017729281e-13, 2.3491411328637406e-05, 0.0, 6.106772519835393e-05, 1.4210854715202002e-14, 4.882779574401559e-23, 2.7379267441513268e-05, 3.1472776570418135e-14, 2.648866936448882e-07, 9.45627543781624e-07, 0.0, 5.358072888475425e-07, 1.705302565838191e-12, 6.352955229625356e-11, 0.0, 5.378178889078577e-05, 0.0, 6.000180598852433e-07, 1.682503675207462e-05, 1.6825472645132463e-05, 0.0, 1.9227226917454076e-05, 1.2958318912074488e-05, 9.580744479488775e-06, 6.08289790267313e-05, 0.0, 2.33598584014448e-10, 6.082897902673132e-05, 0.0, 5.16945053762745e-05, 1.3634194518382705e-12, 7.662800913340111e-07, 4.1622810125131645e-11, 2.384185791015625e-07, 1.6825036752074615e-05, 8.373319342304433e-14, 0.0, 6.178214234668552e-05, 1.1472327905474071e-05, 6.095585808045362e-05, 5.000933915648052e-05, 3.119541090973303e-13, 3.6379788070917125e-12, 1.613237659285294e-12, 4.9119423916710364e-05, 0.0], [0.0, 4.0523408517554946e-24, 0.0, 1.1452291838048149e-23, 0.0, 0.0, 0.0, 0.0, 2.6340215536410715e-23, 1.296094737071408e-23, 8.475453283094476e-24, 2.0525000505607636e-23, 0.0, 0.0, 2.832672758582117e-25, 0.0, 0.0, 6.746222683031398e-24, 0.0, 4.31185997649471e-24, 1.8058812265231105e-26, 1.0027351061612143e-23, 0.0, 0.0, 2.487907458528819e-23, 1.0, 0.0, 2.728570835970255e-25, 0.0, 2.5449777069854306e-23, 0.0, 6.462348535570529e-27, 0.0, 0.0, 0.0, 0.0, 0.0, 0.0, 0.0, 8.602840154767469e-24, 0.0, 1.0333499611109931e-25, 0.0, 1.3071006004247968e-26, 1.2445366570771111e-23, 0.0, 2.0262826884163206e-25, 1.1266241725939064e-25, 0.0, 0.0, 0.0, 0.0, 0.0, 8.50447374631868e-24, 0.0, 1.0005166995639467e-23, 0.0, 5.237049314800991e-27, 0.0, 0.0, 1.2131982317444405e-23, 1.7555208460559088e-23, 0.0, 0.0, 0.0, 0.0, 3.0631689388884426e-25, 0.0, 0.0, 1.691392330671198e-23, 0.0, 0.0, 0.0, 2.4039580766953523e-25, 0.0, 2.2825767001192704e-23, 0.0, 1.4925907551760327e-25, 0.0, 0.0, 0.0, 3.7498189485955067e-25, 2.0470753667924966e-23, 0.0], [0.0, 2.2573981013977755e-22, 0.0, 0.3456785892375185, 0.0, 0.0, 2.938373123775628e-15, 1.3183898417423731e-16, 3.6004271428607325e-22, 0.18206244872730876, 6.426066183426412e-17, 0.04924446804781003, 6.229678428313007e-15, 0.0, 3.2267476041804314e-15, 0.0, 0.0, 0.1988677989348542, 3.0996305090792165e-15, 0.07085929103731134, 8.470329472543003e-22, 2.132498841578653e-15, 0.06250000000000185, 0.0, 1.4566924581780575e-15, 0.0, 1.0, 4.0673742065803485e-21, 0.0, 0.16319082625476897, 0.0, 2.8958326858948577e-15, 2.7755575615628907e-17, 0.015625000000000003, 0.0, 0.0, 0.13240442845147035, 0.0, 0.0, 0.33065181853454223, 8.4703294725430015e-22, 0.13986665124155098, 0.06250000000000439, 1.3234889800848446e-23, 0.2167227147833496, 0.2112134214841192, 0.03549761464044409, 0.0, 0.11362261464044154, 0.0, 6.61744490042422e-23, 0.015624999999999998, 0.0, 0.22881933147372546, 0.0, 0.16561894124552112, 0.0, 0.08511115819181196, 0.0, 0.07812500000000286, 1.0511308021061605e-22, 0.1684004341818371, 0.0, 0.0, 1.8318679906315083e-15, 0.09799761464044153, 0.0, 0.0, 0.0, 0.11006506993708719, 0.0, 0.0, 0.0, 0.0, 0.0, 0.23437500000001105, 0.0, 9.368760184028351e-22, 0.02756415176065613, 0.0, 8.470329472543002e-22, 4.239904865229229e-15, 0.16549118147129563, 0.0], [0.0, 1.5551499827998827e-21, 0.0, 2.860205515875045e-07, 0.0, 0.0, 9.777630203449385e-08, 0.0, 1.354796180856489e-21, 1.660366025471955e-07, 3.725290298462984e-09, 2.1037048987572235e-07, 2.369820003892821e-28, 0.0, 1.5830920242673327e-20, 0.0, 0.0, 3.3188956921085235e-07, 6.074741921242492e-20, 3.9866467323390715e-07, 1.4345163545939367e-07, 3.2245926009103794e-23, 1.1934452246468147e-29, 0.0, 2.384821086538588e-07, 2.728570835970255e-25, 4.0673742065803485e-21, 1.0, 0.0, 3.7314468040856396e-07, 0.0, 8.026743128088212e-09, 5.82076609134674e-11, 3.725290298461914e-09, 0.0, 5.587935447692871e-09, 6.006282439959785e-09, 0.0, 0.0, 1.441890642377478e-07, 8.4703294725430015e-22, 5.0535154665638583e-08, 0.0, 9.00114884053635e-21, 3.603518313264512e-07, 7.147756898437292e-21, 8.288795588887044e-08, 1.136551635868192e-07, 0.0, 1.2921833598439796e-07, 6.741653455427945e-10, 5.820766091347391e-11, 7.279465775057377e-29, 3.5958367373026615e-07, 1.3552527156068805e-20, 9.073323428592715e-08, 0.0, 4.7560406534648296e-08, 0.0, 2.0690861459985445e-25, 6.876001347011732e-23, 3.3482965523185077e-07, 0.0, 2.1256586470724966e-28, 5.8207660913467394e-11, 0.0, 4.0935980850387607e-25, 1.5583761296498238e-08, 0.0, 1.8213708188787485e-07, 9.345155162595255e-09, 2.8857675918600394e-07, 6.237338562450536e-29, 4.0962875135182173e-25, 0.0, 3.3419876439109314e-07, 1.5912239320113068e-07, 1.095691323934354e-09, 5.960464477539062e-08, 0.0, 8.470329510176269e-22, 4.2024721679978653e-20, 2.621573923883993e-07, 0.0], [0.0, 0.0, 0.0, 2.744281186141797e-11, 0.0, 9.39322088914782e-12, 0.0, 0.0, 0.0, 4.662734398967597e-13, 0.0, 0.0, 0.0, 0.0, 0.0, 0.0, 0.0, 3.6104527207923465e-12, 0.0, 1.0932899224506865e-11, 0.0, 0.0, 0.0, 0.0, 0.0, 0.0, 0.0, 0.0, 1.0, 1.1881589029911646e-11, 0.0, 0.0, 7.275957614183426e-12, 0.0, 0.0, 0.0, 0.0, 0.0, 0.0, 1.01147540148893e-11, 5.505571559066578e-12, 0.0, 0.0, 0.0, 0.0, 0.0, 0.0, 8.264932464911032e-12, 0.0, 0.0, 1.091393642127514e-11, 3.726363645776174e-12, 0.0, 0.0, 0.0, 4.68717238340154e-12, 0.0, 0.0, 0.0, 0.0, 0.0, 6.436688541211936e-12, 0.0, 0.0, 0.0, 0.0, 0.0, 0.0, 0.0, 7.275957614183428e-12, 7.275957614183425e-12, 0.0, 0.0, 0.0, 0.0, 8.377227629359443e-12, 0.0, 0.0, 0.0, 0.0, 0.0, 7.275957614183426e-12, 4.048489797872518e-12, 0.0], [0.0, 8.063791341021891e-22, 8.29997619574959e-11, 0.5160519184557707, 0.01500698864228238, 5.0367040886377276e-11, 9.156757098495431e-08, 6.889364149969504e-17, 0.121833127058249, 0.4538499502258292, 0.006120691045485653, 0.3392592792958158, 8.497625760805494e-14, 5.093170329928399e-11, 0.008979173510413628, 0.0, 1.48358970330865e-12, 0.2929800203824272, 6.333119229891586e-15, 0.13175281172521952, 0.005728471665820813, 1.8579735534499834e-13, 0.31763574530626093, 0.0, 3.5466781428761924e-05, 2.5449777069854306e-23, 0.16319082625476897, 3.7314468040856396e-07, 1.1881589029911646e-11, 1.0, 1.2387762475194474e-06, 8.775226837304994e-09, 1.5420302011151352e-10, 0.01672236214709919, 0.0, 0.0003678388573427368, 0.22189341720030564, 2.428454040364976e-12, 2.664875216344105e-11, 0.6895027179306308, 9.367055660275305e-11, 0.12315845330418512, 0.016118623215881565, 0.00019872375778981122, 0.3280338793104201, 0.2941462137548625, 0.037045021988899376, 6.35393103672448e-07, 0.10881333418224104, 0.001412034273343364, 0.01940725253059289, 0.016125316973294248, 7.870619750538616e-29, 0.23810724360919494, 1.5114502610233173e-20, 0.4174968428269663, 0.000338818243154239, 0.17037543081727707, 0.02634719702979514, 0.16012812065144003, 3.231524006433381e-05, 0.8271744857161691, 8.181539612206367e-05, 1.0686584297695106e-13, 3.469525234626469e-10, 0.045692347642023394, 0.001218155204466255, 6.953977612089715e-05, 1.7212287669771288e-06, 0.06055375243398438, 8.944364465303443e-06, 0.0018043584583051992, 6.106520294431005e-05, 4.706572031965055e-14, 0.0, 0.42820594745400753, 0.0013490984666975157, 0.2677430713558403, 0.028183296023685786, 5.430770003030794e-12, 5.987047965370285e-11, 2.1351698916850588e-11, 0.7864754179089477, 1.1532641208147304e-05], [0.0, 0.0, 0.0, 3.960069911073982e-06, 0.0, 2.498849458635656e-13, 2.0816681711721685e-17, 3.4694469519536138e-18, 0.0, 3.2540832206897716e-06, 0.0, 3.4175399833602336e-06, 3.2751242980454655e-14, 0.0, 6.740800259667266e-14, 0.0, 0.0, 2.8350686810049305e-06, 5.204170427930421e-18, 2.250627627645719e-06, 5.862950992302516e-15, 2.2561967386535432e-13, 0.0, 0.0, 0.0, 0.0, 0.0, 0.0, 0.0, 1.2387762475194474e-06, 1.0, 0.0, 1.3877787807814457e-17, 0.0, 0.0, 0.0, 4.32435679716097e-06, 0.0, 2.2737367544323206e-13, 1.1388967392176078e-06, 0.0, 2.842689464664577e-14, 0.0, 0.0, 5.163011427405522e-07, 0.0, 1.9045173317489696e-06, 6.653722709812969e-14, 0.0, 0.0, 3.814697464576966e-06, 2.2737367544323206e-13, 0.0, 4.173507953866993e-06, 0.0, 1.6971904240971932e-06, 0.0, 0.0, 0.0, 0.0, 0.0, 2.445100420247543e-06, 0.0, 1.1349737005305099e-13, 8.528074080249581e-14, 0.0, 5.6843418860808e-14, 0.0, 9.992630097423071e-07, 1.403198836250427e-06, 0.0, 1.4522304298913588e-06, 9.536743164062499e-07, 0.0, 0.0, 1.8884404172093757e-06, 1.7859448462819408e-06, 4.492706195217716e-06, 0.0, 8.526512829121202e-14, 0.0, 2.3984989926940653e-13, 2.49762973912712e-06, 5.0796896455684365e-06], [0.0, 0.0, 1.3613138978094454e-10, 2.1867441625488083e-09, 0.0, 1.4681936070659475e-11, 2.3876700004983065e-08, 0.0, 0.0, 2.5934978508737282e-08, 4.54747350886464e-13, 8.88688354980241e-09, 2.0546532694734012e-15, 1.9716067954009723e-11, 3.5527136788101945e-15, 0.0, 0.0, 9.316134552190468e-09, 1.785844076521552e-15, 7.04229313126824e-09, 1.6155871338926322e-27, 0.0, 0.0, 0.0, 6.830506889933041e-13, 6.462348535570529e-27, 2.8958326858948577e-15, 8.026743128088212e-09, 0.0, 