"{\"names\": [\"172.217.10.1\", \"104.88.86.240\", \"38.93.140.48\", \"192.168.10.15\", \"104.88.108.223\", \"195.142.105.15\", \"172.217.12.163\", \"206.217.206.48\", \"172.217.6.228\", \"178.255.83.1\", \"74.119.118.82\", \"192.168.10.9\", \"172.217.7.6\", \"35.186.227.40\", \"31.13.71.36\", \"206.126.112.142\", \"151.101.2.49\", \"192.168.10.25\", \"172.217.3.98\", \"192.168.10.16\", \"72.30.202.150\", \"172.217.12.132\", \"50.31.164.173\", \"162.208.20.178\", \"23.15.4.16\", \"216.58.217.99\", \"172.217.6.198\", \"172.217.12.174\", \"169.46.44.40\", \"192.168.10.17\", \"52.84.143.130\", \"104.19.195.102\", \"216.200.232.61\", \"104.97.73.166\", \"152.163.13.79\", \"192.229.163.25\", \"74.119.118.86\", \"54.225.188.92\", \"188.165.145.88\", \"192.168.10.14\", \"8.43.72.98\", \"199.96.57.6\", \"68.67.178.110\", \"104.88.70.158\", \"192.168.10.19\", \"69.172.216.56\", \"157.240.18.35\", \"172.217.11.34\", \"185.54.150.20\", \"69.169.85.7\", \"198.232.124.194\", \"74.119.118.72\", \"172.217.12.134\", \"192.168.10.5\", \"23.111.9.30\", \"192.168.10.8\", \"151.101.66.2\", \"68.67.178.199\", \"213.239.195.215\", \"138.108.7.20\", \"52.84.145.87\", \"192.168.10.50\", \"52.84.145.198\", \"52.40.24.51\", \"212.77.100.137\", \"185.54.150.115\", \"172.217.10.138\", \"152.163.66.165\", \"52.84.137.78\", \"192.168.10.51\", \"68.67.178.109\", \"129.146.14.96\", \"54.152.24.232\", \"172.217.10.33\", \"52.8.229.108\", \"192.168.10.12\", \"64.147.131.201\", \"172.217.12.206\", \"68.67.180.12\", \"172.217.10.134\", \"38.69.238.16\", \"172.217.10.142\", \"192.168.10.3\", \"172.217.6.202\"], \"funcEdges\": [[1.0, 0.0, 0.0, 0.0, 0.0, 0.0, 0.0, 0.0, 0.0, 0.0, 0.0, 0.0, 0.0, 0.0, 0.0, 0.0, 0.0, 0.0, 0.0, 0.0, 0.0, 0.0, 0.0, 0.0, 0.0, 0.0, 0.0, 0.0, 0.0, 0.0, 0.0, 0.0, 0.0, 0.0, 0.0, 0.0, 0.0, 0.0, 0.0, 0.0, 0.0, 0.0, 0.0, 0.0, 0.0, 0.0, 0.0, 0.0, 0.0, 0.0, 0.0, 0.0, 0.0, 0.0, 0.0, 0.0, 0.0, 0.0, 0.0, 0.0, 0.0, 0.0, 0.0, 0.0, 0.0, 0.0, 0.0, 0.0, 0.0, 0.0, 0.0, 0.0, 0.0, 0.0, 0.0, 0.0, 0.0, 0.0, 0.0, 0.0, 0.0, 0.0, 0.0, 0.0], [0.0, 1.0, 0.0, 0.0, 0.0, 0.0, 0.0, 0.0, 0.0, 0.0, 0.0, 0.0, 0.0, 0.0, 0.0, 0.0, 0.0, 0.0, 0.0, 0.0, 0.0, 0.0, 0.0, 0.0, 0.0, 0.0, 0.0, 0.0, 0.0, 0.0, 0.0, 0.0, 0.0, 0.0, 0.0, 0.0, 0.0, 0.0, 0.0, 0.0, 0.0, 0.0, 0.0, 0.0, 0.0, 0.0, 0.0, 0.0, 0.0, 0.0, 0.0, 0.0, 0.0, 0.0, 0.0, 0.0, 0.0, 0.0, 0.0, 0.0, 0.0, 0.0, 0.0, 0.0, 0.0, 0.0, 0.0, 0.0, 0.0, 0.0, 0.0, 0.0, 0.0, 0.0, 0.0, 0.0, 0.0, 0.0, 0.0, 0.0, 0.0, 0.0, 0.0, 0.0], [0.0, 0.0, 1.0, 0.0, 0.0, 0.0, 0.0, 0.0, 0.0, 0.0, 0.0, 0.0, 0.0, 0.0, 0.0, 0.0, 0.0, 0.0, 0.0, 0.0, 0.0, 0.0, 0.0, 0.0, 0.0, 0.0, 0.0, 0.0, 0.0, 0.0, 0.0, 0.0, 0.0, 0.0, 0.0, 0.0, 0.0, 0.0, 0.0, 0.0, 0.0, 0.0, 0.0, 0.0, 0.0, 0.0, 0.0, 0.0, 0.0, 0.0, 0.0, 0.0, 0.0, 0.0, 0.0, 0.0, 0.0, 0.0, 0.0, 0.0, 0.0, 0.0, 0.0, 0.0, 0.0, 0.0, 0.0, 0.0, 0.0, 0.0, 0.0, 0.0, 0.0, 0.0, 0.0, 0.0, 0.0, 0.0, 0.0, 0.0, 0.0, 0.0, 0.0, 0.0], [0.0, 0.0, 0.0, 1.0, 0.0, 0.0, 0.0, 0.0, 0.0, 0.46130174670648466, 0.31240845213904467, 0.500498403507392, 0.00011961499389338915, 0.0, 0.39621074524782596, 0.0, 0.0, 0.41644859046412597, 0.0002638290577884352, 0.301660177121293, 0.021680958767556758, 0.12069753696676622, 1.952137229427903e-05, 0.0, 0.0007488643494611346, 0.48822280115156746, 0.0, 0.4997508630580408, 0.0, 0.8366184235916925, 0.0, 0.005204488829614926, 0.0, 0.00016272759915973912, 0.0, 0.0, 0.0, 0.0, 0.0, 0.6637368817043943, 0.004440574855519179, 0.04078997813881104, 0.0, 0.011340955984997514, 0.520927555472527, 1.4321991581323575e-05, 0.1659536906058344, 0.08770129257856413, 0.0, 0.0, 0.0, 0.0, 0.00011805493377132492, 0.7398723707473386, 0.0, 0.6619743461344549, 0.0, 0.006336317810484799, 0.0, 0.00018206915348944257, 0.0005327018432291537, 0.45130470190571803, 0.0, 0.00021895405651958382, 0.0, 0.0, 0.4952610667258646, 3.6105751351110635e-05, 0.0, 0.381024717860517, 1.1322969326161915e-05, 0.0, 0.00017022576132306197, 0.49721034495513805, 0.0, 0.5827182102689377, 0.0, 0.0517079826980181, 3.549643066343643e-05, 0.0, 5.162486633947063e-07, 0.5956666799111231, 0.4280650512107136, 0.0], [0.0, 0.0, 0.0, 0.0, 1.0, 0.0, 0.0, 0.0, 0.0, 0.0, 0.0, 0.0, 0.0, 0.0, 0.0, 0.0, 0.0, 0.0, 0.0, 0.0, 0.0, 0.0, 0.0, 0.0, 0.0, 0.0, 0.0, 0.0, 0.0, 0.0, 0.0, 0.0, 0.0, 0.0, 0.0, 0.0, 0.0, 0.0, 0.0, 0.0, 0.0, 0.0, 0.0, 0.0, 0.0, 0.0, 0.0, 0.0, 0.0, 0.0, 0.0, 0.0, 0.0, 0.0, 0.0, 0.0, 0.0, 0.0, 0.0, 0.0, 0.0, 0.0, 0.0, 0.0, 0.0, 0.0, 0.0, 0.0, 0.0, 0.0, 0.0, 0.0, 0.0, 0.0, 0.0, 0.0, 0.0, 0.0, 0.0, 0.0, 0.0, 0.0, 0.0, 0.0], [0.0, 0.0, 0.0, 0.0, 0.0, 1.0, 0.0, 0.0, 0.0, 0.0, 0.0, 0.0, 0.0, 0.0, 0.0, 0.0, 0.0, 0.0, 0.0, 0.0, 0.0, 0.0, 0.0, 0.0, 0.0, 0.0, 0.0, 0.0, 0.0, 0.0, 0.0, 0.0, 0.0, 0.0, 0.0, 0.0, 0.0, 0.0, 0.0, 0.0, 0.0, 0.0, 0.0, 0.0, 0.0, 0.0, 0.0, 0.0, 0.0, 0.0, 0.0, 0.0, 0.0, 0.0, 0.0, 0.0, 0.0, 0.0, 0.0, 0.0, 0.0, 0.0, 0.0, 0.0, 0.0, 0.0, 0.0, 0.0, 0.0, 0.0, 0.0, 0.0, 0.0, 0.0, 0.0, 0.0, 0.0, 0.0, 0.0, 0.0, 0.0, 0.0, 0.0, 0.0], [0.0, 0.0, 0.0, 0.0, 0.0, 0.0, 1.0, 0.0, 0.0, 0.0, 0.0, 0.0, 0.0, 0.0, 0.0, 0.0, 0.0, 0.0, 0.0, 0.0, 0.0, 0.0, 0.0, 0.0, 0.0, 0.0, 0.0, 0.0, 0.0, 0.0, 0.0, 0.0, 0.0, 0.0, 0.0, 0.0, 0.0, 0.0, 0.0, 0.0, 0.0, 0.0, 0.0, 0.0, 0.0, 0.0, 0.0, 0.0, 0.0, 0.0, 0.0, 0.0, 0.0, 0.0, 0.0, 0.0, 0.0, 0.0, 0.0, 0.0, 0.0, 0.0, 0.0, 0.0, 0.0, 0.0, 0.0, 0.0, 0.0, 0.0, 0.0, 0.0, 0.0, 0.0, 0.0, 0.0, 0.0, 0.0, 0.0, 0.0, 0.0, 0.0, 0.0, 0.0], [0.0, 0.0, 0.0, 0.0, 0.0, 0.0, 0.0, 1.0, 0.0, 0.0, 0.0, 0.0, 0.0, 0.0, 0.0, 0.0, 0.0, 0.0, 0.0, 0.0, 0.0, 0.0, 0.0, 0.0, 0.0, 0.0, 0.0, 0.0, 0.0, 0.0, 0.0, 0.0, 0.0, 0.0, 0.0, 0.0, 0.0, 0.0, 0.0, 0.0, 0.0, 0.0, 0.0, 0.0, 0.0, 0.0, 0.0, 0.0, 0.0, 0.0, 0.0, 0.0, 0.0, 0.0, 0.0, 0.0, 0.0, 0.0, 0.0, 0.0, 0.0, 0.0, 0.0, 0.0, 0.0, 0.0, 0.0, 0.0, 0.0, 0.0, 0.0, 0.0, 0.0, 0.0, 0.0, 0.0, 0.0, 0.0, 0.0, 0.0, 0.0, 0.0, 0.0, 0.0], [0.0, 0.0, 0.0, 0.0, 0.0, 0.0, 0.0, 0.0, 1.0, 0.0, 0.0, 0.0, 0.0, 0.0, 0.0, 0.0, 0.0, 0.0, 0.0, 0.0, 0.0, 0.0, 0.0, 0.0, 0.0, 0.0, 0.0, 0.0, 0.0, 0.0, 0.0, 0.0, 0.0, 0.0, 0.0, 0.0, 0.0, 0.0, 0.0, 0.0, 0.0, 0.0, 0.0, 0.0, 0.0, 0.0, 0.0, 0.0, 0.0, 0.0, 0.0, 0.0, 0.0, 0.0, 0.0, 0.0, 0.0, 0.0, 0.0, 0.0, 0.0, 0.0, 0.0, 0.0, 0.0, 0.0, 0.0, 0.0, 0.0, 0.0, 0.0, 0.0, 0.0, 0.0, 0.0, 0.0, 0.0, 0.0, 0.0, 0.0, 0.0, 0.0, 0.0, 0.0], [0.0, 0.0, 0.0, 0.46130174670648466, 0.0, 0.0, 0.0, 0.0, 0.0, 1.0, 0.42313541068332183, 0.30159256602645385, 0.00012774775831985417, 0.0, 0.3408903743158821, 0.0, 0.0, 0.5761347101913616, 0.00019588118397841352, 0.26777670658864133, 0.01738800291050348, 0.3952942895135879, 4.501704049860205e-05, 0.0, 0.0007536558917395405, 0.3555576474057158, 0.0, 0.18855652002044798, 0.0, 0.5115712086491397, 0.0, 0.004485591714462573, 0.0, 7.707183713385363e-05, 0.0, 0.0, 0.0, 0.0, 0.0, 0.6396140148948561, 0.0017641260017808458, 0.04374804010973231, 0.0, 0.004508820364425738, 0.7197571668090766, 8.847848994497275e-06, 0.2982119024947138, 0.08430273097051078, 0.0, 0.0, 0.0, 0.0, 6.257734144463393e-05, 0.40610192001284373, 0.0, 0.445478382619405, 0.0, 0.015730202376260747, 0.0, 8.90379267140354e-05, 0.0003336728264832598, 0.6188627252255334, 0.0, 0.00021737783758832621, 0.0, 0.0, 0.2856042384326405, 5.571721979829571e-05, 0.0, 0.5457737000393369, 1.8892949314509812e-05, 0.0, 5.085223846607487e-05, 0.15895441864035031, 0.0, 0.18685768808539455, 0.0, 0.03128025747679891, 0.00011243686853709052, 0.0, 1.9073486328124998e-06, 0.24779183186924136, 0.34174773302676886, 0.0], [0.0, 0.0, 0.0, 0.31240845213904467, 0.0, 0.0, 0.0, 0.0, 0.0, 0.42313541068332183, 1.0, 0.3581831135684319, 0.0, 0.0, 0.40554086321809124, 0.0, 0.0, 0.12878104012018582, 0.0, 0.21149593661859256, 0.0, 0.20337230420499017, 0.0, 0.0, 0.0, 0.3428242436489426, 0.0, 0.21909933380156402, 0.0, 0.27169346854603704, 0.0, 0.0, 0.0, 0.0, 0.0, 0.0, 0.0, 0.0, 0.0, 0.29827556064586686, 0.0, 0.03335226696269756, 0.0, 0.0, 0.39412302381886655, 0.0, 0.0, 0.03125, 0.0, 0.0, 0.0, 0.0, 0.0, 0.2232203842829556, 0.0, 0.5004105374411497, 0.0, 0.0, 0.0, 0.0, 0.0, 0.1772128561767431, 0.0, 0.0, 0.0, 0.0, 0.1845925396768909, 0.0, 0.0, 0.2683574142246826, 0.0, 0.0, 0.0, 0.22987196931023451, 0.0, 0.32367219089615057, 0.0, 0.0, 0.0, 0.0, 0.0, 0.2404459628821705, 0.28175896034897285, 0.0], [0.0, 0.0, 0.0, 0.500498403507392, 0.0, 0.0, 0.0, 0.0, 0.0, 0.30159256602645385, 0.3581831135684319, 1.0, 0.0001770248991779883, 0.0, 0.40521377956686266, 0.0, 0.0, 0.4320174154140474, 0.00023337651651080161, 0.34425957981613603, 0.016786992574698997, 0.28748688312928666, 4.8216536756193434e-05, 0.0, 0.0004130653091680883, 0.6283681703455342, 0.0, 0.29621259923418797, 0.0, 0.37641585725360305, 0.0, 0.005612972862456837, 0.0, 0.00018190555564048677, 0.0, 0.0, 0.0, 0.0, 0.0, 0.31604502601229373, 0.00048828124999999995, 0.07081058304283114, 0.0, 0.009184157682396388, 0.48643911797475786, 3.956480882276662e-05, 0.09116918217011762, 0.07680925054394085, 0.0, 0.0, 0.0, 0.0, 0.00012151505944254555, 0.4054068192548834, 0.0, 0.49036707462510937, 0.0, 0.014776846173366704, 0.0, 0.0003138546805551797, 0.000528915702126686, 0.608321780330982, 0.0, 0.00032119981124204006, 0.0, 0.0, 0.36292727276885023, 0.00020767140046200173, 0.0, 0.6027303369860451, 3.607026456535196e-05, 0.0, 0.00013450602090737753, 0.24737381781263074, 0.0, 0.3531475293311791, 0.0, 0.009372091875156197, 0.0002329159782890308, 0.0, 3.079600072257047e-06, 0.3639406888611564, 0.5628276524817164, 0.0], [0.0, 0.0, 0.0, 0.00011961499389338915, 0.0, 0.0, 0.0, 0.0, 0.0, 0.00012774775831985417, 0.0, 0.0001770248991779883, 1.0, 0.0, 0.0, 0.0, 0.0, 0.00017273457435061957, 9.1552734375e-05, 0.00012389896213056418, 6.103515625000001e-05, 0.0, 0.0, 0.0, 0.0, 0.0, 0.0, 0.00028649365905452723, 0.0, 8.125357709483548e-05, 0.0, 0.0, 0.0, 0.0, 0.0, 0.0, 0.0, 0.0, 0.0, 8.259549664139933e-05, 0.0, 0.0, 0.0, 0.0, 0.00017911754794940337, 0.0, 0.0001220703125, 0.0, 0.0, 0.0, 0.0, 0.0, 0.0001220703125, 0.00018681277875024963, 0.0, 9.921761816767376e-05, 0.0, 6.852312004245745e-05, 0.0, 3.0517578124999993e-05, 6.1035156249999986e-05, 0.0002147474609120944, 0.0, 6.103515625e-05, 0.0, 0.0, 0.0, 6.103515624999999e-05, 0.0, 0.00011416338984183275, 0.0, 0.0, 0.0001220703125, 0.0, 0.0, 0.0001040377037758235, 0.0, 6.103515624999999e-05, 0.0001373801589690164, 0.0, 0.0, 0.0, 0.00023030319184725857, 0.0], [0.0, 0.0, 0.0, 0.0, 0.0, 0.0, 0.0, 0.0, 0.0, 0.0, 0.0, 0.0, 0.0, 1.0, 0.0, 0.0, 0.0, 0.0, 0.0, 0.0, 0.0, 0.0, 0.0, 0.0, 0.0, 0.0, 0.0, 0.0, 0.0, 0.0, 0.0, 0.0, 0.0, 0.0, 0.0, 0.0, 0.0, 0.0, 0.0, 0.0, 0.0, 0.0, 0.0, 0.0, 0.0, 0.0, 0.0, 0.0, 0.0, 0.0, 0.0, 0.0, 0.0, 0.0, 0.0, 0.0, 0.0, 0.0, 0.0, 0.0, 0.0, 0.0, 0.0, 0.0, 0.0, 0.0, 0.0, 0.0, 0.0, 0.0, 0.0, 0.0, 0.0, 0.0, 0.0, 0.0, 0.0, 0.0, 0.0, 0.0, 0.0, 0.0, 0.0, 0.0], [0.0, 0.0, 0.0, 0.39621074524782596, 0.0, 0.0, 0.0, 0.0, 0.0, 0.3408903743158821, 0.40554086321809124, 0.40521377956686266, 0.0, 0.0, 1.0, 0.0, 0.0, 0.32040054816881935, 0.0, 0.16350322690141283, 0.02900479899377993, 0.154713186938819, 0.0, 0.0, 0.0, 0.34244912363689184, 0.0, 0.16667734734639608, 0.0, 0.38829891680235173, 0.0, 0.01171875, 0.0, 0.0, 0.0, 0.0, 0.0, 0.0, 0.0, 0.3672304114290399, 0.0014648437499999996, 0.0078125, 0.0, 0.011718749999999998, 0.24835553147713973, 0.0, 0.03263390679337807, 0.07607912219116919, 0.0, 0.0, 0.0, 0.0, 0.0, 0.42857371088222734, 0.0, 0.693332198922809, 0.0, 0.003906249999999999, 0.0, 0.0, 0.0, 0.29870877143123176, 0.0, 0.0, 0.0, 0.0, 0.23692239540191412, 0.0, 0.0, 0.24148491880083855, 0.0, 0.0, 0.0, 0.1748725083236586, 0.0, 0.08334991475574487, 0.0, 0.07497418674723022, 0.0, 0.0, 0.0, 0.15454779879751385, 0.2638021842480301, 0.0], [0.0, 0.0, 0.0, 0.0, 0.0, 0.0, 0.0, 0.0, 0.0, 0.0, 0.0, 0.0, 0.0, 0.0, 0.0, 1.0, 0.0, 0.0, 0.0, 0.0, 0.0, 0.0, 0.0, 0.0, 0.0, 0.0, 0.0, 0.0, 0.0, 0.0, 0.0, 0.0, 0.0, 0.0, 0.0, 0.0, 0.0, 0.0, 0.0, 0.0, 0.0, 0.0, 0.0, 0.0, 0.0, 0.0, 0.0, 0.0, 0.0, 0.0, 0.0, 0.0, 0.0, 0.0, 0.0, 0.0, 0.0, 0.0, 0.0, 0.0, 0.0, 0.0, 0.0, 0.0, 0.0, 0.0, 0.0, 0.0, 0.0, 0.0, 0.0, 0.0, 0.0, 0.0, 0.0, 0.0, 0.0, 0.0, 0.0, 0.0, 0.0, 0.0, 0.0, 0.0], [0.0, 0.0, 0.0, 0.0, 0.0, 0.0, 0.0, 0.0, 0.0, 0.0, 0.0, 0.0, 0.0, 0.0, 0.0, 0.0, 1.0, 0.0, 0.0, 0.0, 0.0, 0.0, 0.0, 0.0, 0.0, 0.0, 0.0, 0.0, 0.0, 0.0, 0.0, 0.0, 0.0, 0.0, 0.0, 0.0, 0.0, 0.0, 0.0, 0.0, 0.0, 0.0, 0.0, 0.0, 0.0, 0.0, 0.0, 0.0, 0.0, 0.0, 0.0, 0.0, 0.0, 0.0, 0.0, 0.0, 0.0, 0.0, 0.0, 0.0, 0.0, 0.0, 0.0, 0.0, 0.0, 0.0, 0.0, 0.0, 0.0, 0.0, 0.0, 0.0, 0.0, 0.0, 0.0, 0.0, 0.0, 0.0, 0.0, 0.0, 0.0, 0.0, 0.0, 0.0], [0.0, 0.0, 0.0, 0.41644859046412597, 0.0, 0.0, 0.0, 0.0, 0.0, 0.5761347101913616, 0.12878104012018582, 0.4320174154140474, 0.00017273457435061957, 0.0, 0.32040054816881935, 0.0, 0.0, 1.0, 0.00023186538490301963, 0.10559543535604114, 0.016702302824856997, 0.2744776185043978, 4.3302821285381e-05, 0.0, 0.0003760452181043958, 0.4715090647134714, 0.0, 0.2761914572489316, 0.0, 0.45629561901313853, 0.0, 0.006452190679676377, 0.0, 0.00023415225460997422, 0.0, 0.0, 0.0, 0.0, 0.0, 0.5911570176233089, 0.002025106127387652, 0.0552694982418312, 0.0, 0.00852357916647603, 0.4353744074000472, 1.94792883361367e-05, 0.24550659537583935, 0.09565183518128745, 0.0, 0.0, 0.0, 0.0, 0.00013473365724132487, 0.39687640460429796, 0.0, 0.33527605943538275, 0.0, 0.003875453384594704, 0.0, 0.00028181240449187217, 0.00012083208232691883, 0.8667833531911591, 0.0, 0.00038306202329685304, 0.0, 0.0, 0.3065274811933555, 0.00016966405005038946, 0.0, 0.44001328402844, 2.4923752683667623e-05, 0.0, 0.00016351308174661098, 0.2490684890925238, 0.0, 0.5836073272249624, 0.0, 0.042283213284230944, 0.00018547950035261677, 0.0, 1.3828785541162983e-06, 0.413969320315974, 0.20700716745505782, 0.0], [0.0, 0.0, 0.0, 0.0002638290577884352, 0.0, 0.0, 0.0, 0.0, 0.0, 0.00019588118397841352, 0.0, 0.00023337651651080161, 9.1552734375e-05, 0.0, 0.0, 0.0, 0.0, 0.00023186538490301963, 1.0, 0.0001960370901554703, 6.103515625e-05, 1.7208970604465193e-05, 2.3796883192202783e-05, 0.0, 0.0, 0.0, 0.0, 0.00018262724977185406, 0.0, 6.773312814342671e-05, 0.0, 0.0, 0.0, 3.8146972656249996e-06, 0.0, 0.0, 0.0, 0.0, 0.0, 0.00028985912468623703, 0.0, 3.214850994391098e-05, 0.0, 0.0, 0.00017084809082766264, 3.643258763260561e-05, 8.307679053789836e-05, 0.0, 0.0, 0.0, 0.0, 0.0, 4.039996074388476e-05, 0.0001243249528829147, 0.0, 0.0003670946062530064, 0.0, 6.852312004245748e-05, 0.0, 0.00012588500976562497, 6.103515625000001e-05, 0.0003370099227664343, 0.0, 9.28380267390887e-05, 0.0, 0.0, 0.0, 6.103515625e-05, 0.0, 0.00021692791889434945, 1.2371170517973699e-05, 0.0, 5.234719272395418e-05, 0.0, 0.0, 0.0003117495627143821, 0.0, 6.416108873155381e-05, 9.94821840810119e-05, 0.0, 1.9073486328125e-06, 0.0, 0.00014298447208858846, 0.0], [0.0, 0.0, 0.0, 0.301660177121293, 0.0, 0.0, 0.0, 0.0, 0.0, 0.26777670658864133, 0.21149593661859256, 0.34425957981613603, 0.00012389896213056418, 0.0, 0.16350322690141283, 0.0, 0.0, 0.10559543535604114, 0.0001960370901554703, 1.0, 0.019086530687317714, 0.18823094222217215, 2.023151730873666e-05, 0.0, 0.000822418491526755, 0.3832062545841387, 0.0, 0.09447876445390635, 0.0, 0.3448991188149484, 0.0, 0.004031036352701432, 0.0, 5.3873693012008074e-05, 0.0, 0.0, 0.0, 0.0, 0.0, 0.3726449311282134, 0.0030439218335751254, 0.02150351970845708, 0.0, 0.005369665330596396, 0.1814741593807687, 2.610161715897483e-05, 0.026958618968469624, 0.1031485696440068, 0.0, 0.0, 0.0, 0.0, 3.192554456523587e-05, 0.29655954690756947, 0.0, 0.34638868553504853, 0.0, 0.0039834968075755095, 0.0, 0.00016425988458599597, 0.00024350002310127782, 0.21795332838735532, 0.0, 0.00019516596569592434, 0.0, 0.0, 0.1168761379088661, 4.309529117584842e-05, 0.0, 0.24966660915395406, 2.968821523186524e-05, 0.0, 3.053477463706377e-05, 0.14642366574752047, 0.0, 0.27490699991713513, 0.0, 0.09304450419834921, 0.0001329575207838689, 0.0, 4.672030911985737e-06, 0.18237655733591218, 0.600405329507994, 0.0], [0.0, 0.0, 0.0, 0.021680958767556758, 0.0, 0.0, 0.0, 0.0, 0.0, 0.01738800291050348, 0.0, 0.016786992574698997, 6.103515625000001e-05, 0.0, 0.02900479899377993, 0.0, 0.0, 0.016702302824856997, 6.103515625e-05, 0.019086530687317714, 1.0, 0.0, 0.0, 0.0, 0.0, 0.021831764419011232, 0.0, 7.471407130751041e-05, 0.0, 0.015538610404873022, 0.0, 0.001953125, 0.0, 0.0, 0.0, 0.0, 0.0, 0.0, 0.0, 0.010230862375267803, 0.0, 0.001953125, 0.0, 0.005859375, 0.017914303740025332, 0.0, 0.0, 0.013682526982991905, 0.0, 0.0, 0.0, 0.0, 0.0, 0.013291732862270606, 0.0, 0.02587293758367423, 0.0, 0.003974773120042457, 0.0, 0.0, 6.103515625e-05, 0.019230993228353203, 0.0, 6.103515625000001e-05, 0.0, 0.0, 0.0, 0.000244140625, 0.0, 0.015049762633146044, 0.0, 0.0, 0.0, 0.0, 0.0, 0.02539139410980601, 0.0, 0.00787353515625, 0.00016106639327401925, 0.0, 0.0, 0.015713684675880513, 0.01389248426101983, 0.0], [0.0, 0.0, 0.0, 0.12069753696676622, 0.0, 0.0, 0.0, 0.0, 0.0, 0.3952942895135879, 0.20337230420499017, 0.28748688312928666, 0.0, 0.0, 0.154713186938819, 0.0, 0.0, 0.2744776185043978, 1.7208970604465193e-05, 0.18823094222217215, 0.0, 1.0, 0.0, 0.0, 0.0, 0.20412414523193154, 0.0, 0.13470029407677345, 0.0, 0.12141025469210874, 0.0, 0.0, 0.0, 0.0, 0.0, 0.0, 0.0, 0.0, 0.0, 0.22784438386470177, 0.0, 3.419117186729138e-05, 0.0, 0.0, 0.4514144209194135, 1.1444091796874998e-05, 1.709788240434256e-05, 0.0, 0.0, 0.0, 0.0, 0.0, 2.6702880859374997e-05, 0.13485161451555433, 0.0, 2.577437618055622e-06, 0.0, 0.0, 0.0, 0.0, 0.0, 0.40445935286004037, 0.0, 2.3434579772975724e-06, 0.0, 0.0, 0.15618327422479494, 0.0, 0.0, 0.4999262432742249, 0.0, 0.0, 0.0, 0.07336089832642523, 0.0, 0.07826459310299512, 0.0, 3.7882911044245237e-06, 0.0, 0.0, 2.343457977297572e-06, 0.20136070015785001, 0.16294601590026261, 0.0], [0.0, 0.0, 0.0, 1.952137229427903e-05, 0.0, 0.0, 0.0, 0.0, 0.0, 4.501704049860205e-05, 0.0, 4.8216536756193434e-05, 0.0, 0.0, 0.0, 0.0, 0.0, 4.3302821285381e-05, 2.3796883192202783e-05, 2.023151730873666e-05, 0.0, 0.0, 1.0, 0.0, 0.0, 0.0, 0.0, 1.4427867463713157e-05, 0.0, 5.36699604474323e-06, 0.0, 0.0, 0.0, 3.814697265625e-06, 0.0, 0.0, 0.0, 0.0, 0.0, 8.52992239952007e-06, 0.0, 1.9073486328125e-05, 0.0, 0.0, 1.7968795897953623e-06, 5.970330552974937e-06, 1.9921418149122195e-05, 0.0, 0.0, 0.0, 0.0, 0.0, 3.8146972656249996e-06, 6.103515624999998e-05, 0.0, 0.0, 0.0, 0.0, 0.0, 3.814697265625e-06, 0.0, 4.1756886098485254e-05, 0.0, 3.0517578125e-05, 0.0, 0.0, 0.0, 0.0, 0.0, 1.1897847697113145e-05, 1.7685101550206338e-05, 0.0, 2.425818819833119e-05, 0.0, 0.0, 7.505080289163842e-05, 0.0, 0.0, 0.0, 0.0, 0.0, 0.0, 4.440303402126462e-05, 0.0], [0.0, 0.0, 0.0, 0.0, 0.0, 0.0, 0.0, 0.0, 0.0, 0.0, 0.0, 0.0, 0.0, 0.0, 0.0, 0.0, 0.0, 0.0, 0.0, 0.0, 0.0, 0.0, 0.0, 1.0, 0.0, 0.0, 0.0, 0.0, 0.0, 0.0, 0.0, 0.0, 0.0, 0.0, 0.0, 0.0, 0.0, 0.0, 0.0, 0.0, 0.0, 0.0, 0.0, 0.0, 0.0, 0.0, 0.0, 0.0, 0.0, 0.0, 0.0, 0.0, 0.0, 0.0, 0.0, 0.0, 0.0, 0.0, 0.0, 0.0, 0.0, 0.0, 0.0, 0.0, 0.0, 0.0, 0.0, 0.0, 0.0, 0.0, 0.0, 0.0, 0.0, 0.0, 0.0, 0.0, 0.0, 0.0, 0.0, 0.0, 0.0, 0.0, 0.0, 0.0], [0.0, 0.0, 0.0, 0.0007488643494611346, 0.0, 0.0, 0.0, 0.0, 0.0, 0.0007536558917395405, 0.0, 0.0004130653091680883, 0.0, 0.0, 0.0, 0.0, 0.0, 0.0003760452181043958, 0.0, 0.000822418491526755, 0.0, 0.0, 0.0, 0.0, 1.0, 0.0, 0.0, 0.000247902071104787, 0.0, 0.0005024372611596938, 0.0, 0.0, 0.0, 0.0, 0.0, 0.0, 0.0, 0.0, 0.0, 0.0003986799711561162, 0.0, 0.0, 0.0, 0.0, 0.0005912348499447992, 0.0, 0.0, 0.0, 0.0, 0.0, 0.0, 0.0, 0.0, 4.498775855142687e-05, 0.0, 0.0003179584259418556, 0.0, 0.0, 0.0, 0.0, 0.0, 0.0004503264296059202, 0.0, 0.0, 0.0, 0.0, 0.0, 0.0, 0.0, 2.0042332037812517e-05, 0.0, 0.0, 0.0, 0.0, 0.0, 0.00044991148873256873, 0.0, 0.0005347427310100425, 0.0, 0.0, 0.0, 0.0, 0.0003174918368389705, 0.0], [0.0, 0.0, 0.0, 0.48822280115156746, 0.0, 0.0, 0.0, 0.0, 0.0, 0.3555576474057158, 0.3428242436489426, 0.6283681703455342, 0.0, 0.0, 0.34244912363689184, 0.0, 0.0, 0.4715090647134714, 0.0, 0.3832062545841387, 0.021831764419011232, 0.20412414523193154, 0.0, 0.0, 0.0, 1.0, 0.0, 0.32986397342519147, 0.0, 0.45377413902838, 0.0, 0.0078125, 0.0, 0.0, 0.0, 0.0, 0.0, 0.0, 0.0, 0.1627358788819791, 0.0, 0.12492434486848525, 0.0, 0.015801876646873214, 0.2219085671311469, 0.0, 0.24496254598646347, 0.13620050512507417, 0.0, 0.0, 0.0, 0.0, 0.0, 0.495504361302452, 0.0, 0.6702173542628395, 0.0, 0.00633120413525802, 0.0, 0.0, 0.0, 0.4778283319332421, 0.0, 0.0, 0.0, 0.0, 0.37031440200637844, 0.0, 0.0, 0.38162385796048093, 0.0, 0.0, 0.0, 0.29062069881881364, 0.0, 0.21918343750185704, 0.0, 0.031060412810386358, 0.0, 0.0, 0.0, 0.453325294583729, 0.4629652662063455, 0.0], [0.0, 0.0, 0.0, 0.0, 0.0, 0.0, 0.0, 0.0, 0.0, 0.0, 0.0, 0.0, 0.0, 0.0, 0.0, 0.0, 0.0, 0.0, 0.0, 0.0, 0.0, 0.0, 0.0, 0.0, 0.0, 0.0, 1.0, 0.0, 0.0, 0.0, 0.0, 0.0, 0.0, 0.0, 0.0, 0.0, 0.0, 0.0, 0.0, 0.0, 0.0, 0.0, 0.0, 0.0, 0.0, 0.0, 0.0, 0.0, 0.0, 0.0, 0.0, 0.0, 0.0, 0.0, 0.0, 0.0, 0.0, 0.0, 0.0, 0.0, 0.0, 0.0, 0.0, 0.0, 0.0, 0.0, 0.0, 0.0, 0.0, 0.0, 0.0, 0.0, 0.0, 0.0, 0.0, 0.0, 0.0, 0.0, 0.0, 0.0, 0.0, 0.0, 0.0, 0.0], [0.0, 0.0, 0.0, 0.4997508630580408, 0.0, 0.0, 0.0, 0.0, 0.0, 0.18855652002044798, 0.21909933380156402, 0.29621259923418797, 0.00028649365905452723, 0.0, 0.16667734734639608, 0.0, 0.0, 0.2761914572489316, 0.00018262724977185406, 0.09447876445390635, 7.471407130751041e-05, 0.13470029407677345, 1.4427867463713157e-05, 0.0, 0.000247902071104787, 0.32986397342519147, 0.0, 1.0, 0.0, 0.483218148162576, 0.0, 0.0, 0.0, 0.00018807752425805215, 0.0, 0.0, 0.0, 0.0, 0.0, 0.2857064668531273, 0.0, 6.310016107824031e-05, 0.0, 0.0, 0.1921636641148429, 1.5844282836774447e-05, 6.905519821407977e-05, 0.0, 0.0, 0.0, 0.0, 0.0, 8.800334128467881e-05, 0.49863656104586807, 0.0, 0.2926981963646632, 0.0, 6.834683181613409e-05, 0.0, 0.00013716649045645164, 6.541836844601982e-05, 0.2618666019829623, 0.0, 0.0002569763622133042, 0.0, 0.0, 0.494885642012836, 7.471407130751044e-05, 0.0, 0.1409273817119314, 1.2977116812177816e-05, 0.0, 7.540479633824448e-05, 0.4952107739657182, 0.0, 0.3704482060684139, 0.0, 0.0004624431108780785, 0.0001252140748759261, 0.0, 4.5495827663918594e-06, 0.48718590267610073, 0.028938900782562723, 0.0], [0.0, 0.0, 0.0, 0.0, 0.0, 0.0, 0.0, 0.0, 0.0, 0.0, 0.0, 0.0, 0.0, 0.0, 0.0, 0.0, 0.0, 0.0, 0.0, 0.0, 0.0, 0.0, 0.0, 0.0, 0.0, 0.0, 0.0, 0.0, 1.0, 0.0, 0.0, 0.0, 0.0, 0.0, 0.0, 0.0, 0.0, 0.0, 0.0, 0.0, 0.0, 0.0, 0.0, 0.0, 0.0, 0.0, 0.0, 0.0, 0.0, 0.0, 0.0, 0.0, 0.0, 0.0, 0.0, 0.0, 0.0, 0.0, 0.0, 0.0, 0.0, 0.0, 0.0, 0.0, 0.0, 0.0, 0.0, 0.0, 0.0, 0.0, 0.0, 0.0, 0.0, 0.0, 0.0, 0.0, 0.0, 0.0, 0.0, 0.0, 0.0, 0.0, 0.0, 0.0], [0.0, 0.0, 0.0, 0.8366184235916925, 0.0, 0.0, 0.0, 0.0, 0.0, 0.5115712086491397, 0.27169346854603704, 0.37641585725360305, 8.125357709483548e-05, 0.0, 0.38829891680235173, 0.0, 0.0, 0.45629561901313853, 6.773312814342671e-05, 0.3448991188149484, 0.015538610404873022, 0.12141025469210874, 5.36699604474323e-06, 0.0, 0.0005024372611596938, 0.45377413902838, 0.0, 0.483218148162576, 0.0, 1.0, 0.0, 0.0013561398799643034, 0.0, 5.081391148264055e-05, 0.0, 0.0, 0.0, 0.0, 0.0, 0.5075493360525349, 0.0018443103040842988, 0.02891793905276496, 0.0, 0.005001735027159877, 0.4424174210448911, 3.088274826361669e-05, 0.19293000144714864, 0.09624078360435628, 0.0, 0.0, 0.0, 0.0, 9.514995432794984e-05, 0.6896750437934844, 0.0, 0.6910274429077938, 0.0, 0.004214181778982988, 0.0, 0.00019382912958283596, 0.0003534325534981068, 0.4017287829613961, 0.0, 0.00034211343405651757, 0.0, 0.0, 0.615998503438374, 9.562012040488793e-05, 0.0, 0.3720648950020826, 3.003865678264649e-05, 0.0, 9.255615603289098e-05, 0.4828204408849761, 0.0, 0.513521020537002, 0.0, 0.06108836835632588, 7.151685738507091e-05, 0.0, 2.789877478956585e-06, 0.621841698329548, 0.44447314805331367, 0.0], [0.0, 0.0, 0.0, 0.0, 0.0, 0.0, 0.0, 0.0, 0.0, 0.0, 0.0, 0.0, 0.0, 0.0, 0.0, 0.0, 0.0, 0.0, 0.0, 0.0, 0.0, 0.0, 0.0, 0.0, 0.0, 0.0, 0.0, 0.0, 0.0, 0.0, 1.0, 0.0, 0.0, 0.0, 0.0, 0.0, 0.0, 0.0, 0.0, 0.0, 0.0, 0.0, 0.0, 0.0, 0.0, 0.0, 0.0, 0.0, 0.0, 0.0, 0.0, 0.0, 0.0, 0.0, 0.0, 0.0, 0.0, 0.0, 0.0, 0.0, 0.0, 0.0, 0.0, 0.0, 0.0, 0.0, 0.0, 0.0, 0.0, 0.0, 0.0, 0.0, 0.0, 0.0, 0.0, 0.0, 0.0, 0.0, 0.0, 0.0, 0.0, 0.0, 0.0, 0.0], [0.0, 0.0, 0.0, 0.005204488829614926, 0.0, 0.0, 0.0, 0.0, 0.0, 0.004485591714462573, 0.0, 0.005612972862456837, 0.0, 0.0, 0.01171875, 0.0, 0.0, 0.006452190679676377, 0.0, 0.004031036352701432, 0.001953125, 0.0, 0.0, 0.0, 0.0, 0.0078125, 0.0, 0.0, 0.0, 0.0013561398799643034, 0.0, 1.0, 0.0, 0.0, 0.0, 0.0, 0.0, 0.0, 0.0, 0.006032740833184441, 0.0009765625000000002, 0.0078125, 0.0, 0.0078125, 0.0018717890280810791, 0.0, 0.0, 0.003307893917763478, 0.0, 0.0, 0.0, 0.0, 0.0, 0.0054689191090372385, 0.0, 0.0030413068029266446, 0.0, 0.0, 0.0, 0.0, 0.0, 0.004173432135289701, 0.0, 0.0, 0.0, 0.0, 0.0, 0.0, 0.0, 0.0017070410050398438, 0.0, 0.0, 0.0, 0.0, 0.0, 0.006097885007867945, 0.0, 0.0009765625, 0.0, 0.0, 0.0, 0.003061304417954275, 0.009907436800028025, 0.0], [0.0, 0.0, 0.0, 0.0, 0.0, 0.0, 0.0, 0.0, 0.0, 0.0, 0.0, 0.0, 0.0, 0.0, 0.0, 0.0, 0.0, 0.0, 0.0, 0.0, 0.0, 0.0, 0.0, 0.0, 0.0, 0.0, 0.0, 0.0, 0.0, 0.0, 0.0, 0.0, 1.0, 0.0, 0.0, 0.0, 0.0, 0.0, 0.0, 0.0, 0.0, 0.0, 0.0, 0.0, 0.0, 0.0, 0.0, 0.0, 0.0, 0.0, 0.0, 0.0, 0.0, 0.0, 0.0, 0.0, 0.0, 0.0, 0.0, 0.0, 0.0, 0.0, 0.0, 0.0, 0.0, 0.0, 0.0, 0.0, 0.0, 0.0, 0.0, 0.0, 0.0, 0.0, 0.0, 0.0, 0.0, 0.0, 0.0, 0.0, 0.0, 0.0, 0.0, 0.0], [0.0, 0.0, 0.0, 0.00016272759915973912, 0.0, 0.0, 0.0, 0.0, 0.0, 7.707183713385363e-05, 0.0, 0.00018190555564048677, 0.0, 0.0, 0.0, 0.0, 0.0, 0.00023415225460997422, 3.8146972656249996e-06, 5.3873693012008074e-05, 0.0, 0.0, 3.814697265625e-06, 0.0, 0.0, 0.0, 0.0, 0.00018807752425805215, 0.0, 5.081391148264055e-05, 0.0, 0.0, 0.0, 1.0, 0.0, 0.0, 0.0, 0.0, 0.0, 0.00012355450147671137, 0.0, 3.8146972656249996e-06, 0.0, 0.0, 0.0003159992631010208, 3.7665172616083485e-06, 1.4993552356981194e-05, 0.0, 0.0, 0.0, 0.0, 0.0, 3.814697265625e-06, 0.00022637202794322176, 0.0, 0.0, 0.0, 0.0, 0.0, 0.00047781822866814824, 0.00012895812841816874, 0.0001161606169519617, 0.0, 0.0004916128351952198, 0.0, 0.0, 0.0, 0.0, 0.0, 0.0002447752494872785, 0.0, 0.0, 0.0, 0.0, 0.0, 0.00012470386288399358, 0.0, 0.00017012748804650727, 0.0, 0.0, 0.0, 0.0, 9.246321677588544e-06, 0.0], [0.0, 0.0, 0.0, 0.0, 0.0, 0.0, 0.0, 0.0, 0.0, 0.0, 0.0, 0.0, 0.0, 0.0, 0.0, 0.0, 0.0, 0.0, 0.0, 0.0, 0.0, 0.0, 0.0, 0.0, 0.0, 0.0, 0.0, 0.0, 0.0, 0.0, 0.0, 0.0, 0.0, 0.0, 1.0, 0.0, 0.0, 0.0, 0.0, 0.0, 0.0, 0.0, 0.0, 0.0, 0.0, 0.0, 0.0, 0.0, 0.0, 0.0, 0.0, 0.0, 0.0, 0.0, 0.0, 0.0, 0.0, 0.0, 0.0, 0.0, 0.0, 0.0, 0.0, 0.0, 0.0, 0.0, 0.0, 0.0, 0.0, 0.0, 0.0, 0.0, 0.0, 0.0, 0.0, 0.0, 0.0, 0.0, 0.0, 0.0, 0.0, 0.0, 0.0, 0.0], [0.0, 0.0, 0.0, 0.0, 0.0, 0.0, 0.0, 0.0, 0.0, 0.0, 0.0, 0.0, 0.0, 0.0, 0.0, 0.0, 0.0, 0.0, 0.0, 0.0, 0.0, 0.0, 0.0, 0.0, 0.0, 0.0, 0.0, 0.0, 0.0, 0.0, 0.0, 0.0, 0.0, 0.0, 0.0, 1.0, 0.0, 0.0, 0.0, 0.0, 0.0, 0.0, 0.0, 0.0, 0.0, 0.0, 0.0, 0.0, 0.0, 0.0, 0.0, 0.0, 0.0, 0.0, 0.0, 0.0, 0.0, 0.0, 0.0, 0.0, 0.0, 0.0, 0.0, 0.0, 0.0, 0.0, 0.0, 0.0, 0.0, 0.0, 0.0, 0.0, 0.0, 0.0, 0.0, 0.0, 0.0, 0.0, 0.0, 0.0, 0.0, 0.0, 0.0, 0.0], [0.0, 0.0, 0.0, 0.0, 0.0, 0.0, 0.0, 0.0, 0.0, 0.0, 0.0, 0.0, 0.0, 0.0, 0.0, 0.0, 0.0, 0.0, 0.0, 0.0, 0.0, 0.0, 0.0, 0.0, 0.0, 0.0, 0.0, 0.0, 0.0, 0.0, 0.0, 0.0, 0.0, 0.0, 0.0, 0.0, 1.0, 0.0, 0.0, 0.0, 0.0, 0.0, 0.0, 0.0, 0.0, 0.0, 0.0, 0.0, 0.0, 0.0, 0.0, 0.0, 0.0, 0.0, 0.0, 0.0, 0.0, 0.0, 0.0, 0.0, 0.0, 0.0, 0.0, 0.0, 0.0, 0.0, 0.0, 0.0, 0.0, 0.0, 0.0, 0.0, 0.0, 0.0, 0.0, 0.0, 0.0, 0.0, 0.0, 0.0, 0.0, 0.0, 0.0, 0.0], [0.0, 0.0, 0.0, 0.0, 0.0, 0.0, 0.0, 0.0, 0.0, 0.0, 0.0, 0.0, 0.0, 0.0, 0.0, 0.0, 0.0, 0.0, 0.0, 0.0, 0.0, 0.0, 0.0, 0.0, 0.0, 0.0, 0.0, 0.0, 0.0, 0.0, 0.0, 0.0, 0.0, 0.0, 0.0, 0.0, 0.0, 1.0, 0.0, 0.0, 0.0, 0.0, 0.0, 0.0, 0.0, 0.0, 0.0, 0.0, 0.0, 0.0, 0.0, 0.0, 0.0, 0.0, 0.0, 0.0, 0.0, 0.0, 0.0, 0.0, 0.0, 0.0, 0.0, 0.0, 0.0, 0.0, 0.0, 0.0, 0.0, 0.0, 0.0, 0.0, 0.0, 0.0, 0.0, 0.0, 0.0, 0.0, 0.0, 0.0, 0.0, 0.0, 0.0, 0.0], [0.0, 0.0, 0.0, 0.0, 0.0, 0.0, 0.0, 0.0, 0.0, 0.0, 0.0, 0.0, 0.0, 0.0, 0.0, 0.0, 0.0, 0.0, 0.0, 0.0, 0.0, 0.0, 0.0, 0.0, 0.0, 0.0, 0.0, 0.0, 0.0, 0.0, 0.0, 0.0, 0.0, 0.0, 0.0, 0.0, 0.0, 0.0, 1.0, 0.0, 0.0, 0.0, 0.0, 0.0, 0.0, 0.0, 0.0, 0.0, 0.0, 0.0, 0.0, 0.0, 0.0, 0.0, 0.0, 0.0, 0.0, 0.0, 0.0, 0.0, 0.0, 0.0, 0.0, 0.0, 0.0, 0.0, 0.0, 0.0, 0.0, 0.0, 0.0, 0.0, 0.0, 0.0, 0.0, 0.0, 0.0, 0.0, 0.0, 0.0, 0.0, 0.0, 0.0, 0.0], [0.0, 0.0, 0.0, 0.6637368817043943, 0.0, 0.0, 0.0, 0.0, 0.0, 0.6396140148948561, 0.29827556064586686, 0.31604502601229373, 8.259549664139933e-05, 0.0, 0.3672304114290399, 0.0, 0.0, 0.5911570176233089, 0.00028985912468623703, 0.3726449311282134, 0.010230862375267803, 0.22784438386470177, 8.52992239952007e-06, 0.0, 0.0003986799711561162, 0.1627358788819791, 0.0, 0.2857064668531273, 0.0, 0.5075493360525349, 0.0, 0.006032740833184441, 0.0, 0.00012355450147671137, 0.0, 0.0, 0.0, 0.0, 0.0, 1.0, 0.0019403300180540215, 0.011319035102904065, 0.0, 0.009886357426439795, 0.7683861564364778, 1.4837759042238043e-05, 0.1436214482907927, 0.057300037874571164, 0.0, 0.0, 0.0, 0.0, 3.976058621790152e-05, 0.47903832441320815, 0.0, 0.40153557874085943, 0.0, 0.005429839423363386, 0.0, 0.00022443054637506522, 0.0001129663497219393, 0.6953536909431928, 0.0, 0.0002231806282501546, 0.0, 0.0, 0.32748047093782995, 5.566691904383574e-05, 0.0, 0.5788468375354267, 0.0, 0.0, 1.979179310476413e-05, 0.27960486611554786, 0.0, 0.6736266912690563, 0.0, 0.039952942542823694, 9.627162684462155e-05, 0.0, 1.9073486328124998e-06, 0.4082043608017437, 0.49822322599163216, 0.0], [0.0, 0.0, 0.0, 0.004440574855519179, 0.0, 0.0, 0.0, 0.0, 0.0, 0.0017641260017808458, 0.0, 0.00048828124999999995, 0.0, 0.0, 0.0014648437499999996, 0.0, 0.0, 0.002025106127387652, 0.0, 0.0030439218335751254, 0.0, 0.0, 0.0, 0.0, 0.0, 0.0, 0.0, 0.0, 0.0, 0.0018443103040842988, 0.0, 0.0009765625000000002, 0.0, 0.0, 0.0, 0.0, 0.0, 0.0, 0.0, 0.0019403300180540215, 1.0, 0.0, 0.0, 0.0, 0.0013036346442235243, 0.0, 0.0, 0.0019876418193616567, 0.0, 0.0, 0.0, 0.0, 0.0, 0.003085539357261453, 0.0, 0.0029742954549009746, 0.0, 0.0, 0.0, 0.0, 0.0, 0.0029198075498654674, 0.0, 0.0, 0.0, 0.0, 0.0, 0.0, 0.0, 0.004993394252344596, 0.0, 0.0, 0.0, 0.0, 0.0, 0.004107425609971504, 0.0, 0.00146484375, 0.0, 0.0, 0.0, 0.0015612665919217952, 0.0037614433438060892, 0.0], [0.0, 0.0, 0.0, 0.04078997813881104, 0.0, 0.0, 0.0, 0.0, 0.0, 0.04374804010973231, 0.03335226696269756, 0.07081058304283114, 0.0, 0.0, 0.0078125, 0.0, 0.0, 0.0552694982418312, 3.214850994391098e-05, 0.02150351970845708, 0.001953125, 3.419117186729138e-05, 1.9073486328125e-05, 0.0, 0.0, 0.12492434486848525, 0.0, 6.310016107824031e-05, 0.0, 0.02891793905276496, 0.0, 0.0078125, 0.0, 3.8146972656249996e-06, 0.0, 0.0, 0.0, 0.0, 0.0, 0.011319035102904065, 0.0, 1.0, 0.0, 0.0078125, 0.06971983506418329, 2.189407692627736e-05, 2.7663042429176298e-05, 0.12692408795752275, 0.0, 0.0, 0.0, 0.0, 3.433227539062499e-05, 0.09296914800042215, 0.0, 0.05567447145482401, 0.0, 0.0, 0.0, 3.8146972656249996e-06, 0.0, 0.02256302915802056, 0.0, 6.675720214843751e-05, 0.0, 0.0, 0.0, 0.0, 0.0, 0.11264881614725858, 1.768510155020634e-05, 0.0, 2.425818819833119e-05, 0.0, 0.0, 0.04904084847177338, 0.0, 3.1259324815538198e-06, 0.0, 0.0, 1.9073486328124996e-06, 0.048018321497033785, 0.01655668052996611, 0.0], [0.0, 0.0, 0.0, 0.0, 0.0, 0.0, 0.0, 0.0, 0.0, 0.0, 0.0, 0.0, 0.0, 0.0, 0.0, 0.0, 0.0, 0.0, 0.0, 0.0, 0.0, 0.0, 0.0, 0.0, 0.0, 0.0, 0.0, 0.0, 0.0, 0.0, 0.0, 0.0, 0.0, 0.0, 0.0, 0.0, 0.0, 0.0, 0.0, 0.0, 0.0, 0.0, 1.0, 0.0, 0.0, 0.0, 0.0, 0.0, 0.0, 0.0, 0.0, 0.0, 0.0, 0.0, 0.0, 0.0, 0.0, 0.0, 0.0, 0.0, 0.0, 0.0, 0.0, 0.0, 0.0, 0.0, 0.0, 0.0, 0.0, 0.0, 0.0, 0.0, 0.0, 0.0, 0.0, 0.0, 0.0, 0.0, 0.0, 0.0, 0.0, 0.0, 0.0, 0.0], [0.0, 0.0, 0.0, 0.011340955984997514, 0.0, 0.0, 0.0, 0.0, 0.0, 0.004508820364425738, 0.0, 0.009184157682396388, 0.0, 0.0, 0.011718749999999998, 0.0, 0.0, 0.00852357916647603, 0.0, 0.005369665330596396, 0.005859375, 0.0, 0.0, 0.0, 0.0, 0.015801876646873214, 0.0, 0.0, 0.0, 0.005001735027159877, 0.0, 0.0078125, 0.0, 0.0, 0.0, 0.0, 0.0, 0.0, 0.0, 0.009886357426439795, 0.0, 0.0078125, 0.0, 1.0, 0.006170503495893229, 0.0, 0.0, 0.013323529992700882, 0.0, 0.0, 0.0, 0.0, 0.0, 0.008186125596099408, 0.0, 0.002294787341820863, 0.0, 0.003906249999999999, 0.0, 0.0, 0.0, 0.012551180008833724, 0.0, 0.0, 0.0, 0.0, 0.0, 0.0, 0.0, 0.004576166348212925, 0.0, 0.0, 0.0, 0.0, 0.0, 0.00848486645830755, 0.0, 0.0, 0.0, 0.0, 0.0, 0.0057061155239692225, 0.013769690927467767, 0.0], [0.0, 0.0, 0.0, 0.520927555472527, 0.0, 0.0, 0.0, 0.0, 0.0, 0.7197571668090766, 0.39412302381886655, 0.48643911797475786, 0.00017911754794940337, 0.0, 0.24835553147713973, 0.0, 0.0, 0.4353744074000472, 0.00017084809082766264, 0.1814741593807687, 0.017914303740025332, 0.4514144209194135, 1.7968795897953623e-06, 0.0, 0.0005912348499447992, 0.2219085671311469, 0.0, 0.1921636641148429, 0.0, 0.4424174210448911, 0.0, 0.0018717890280810791, 0.0, 0.0003159992631010208, 0.0, 0.0, 0.0, 0.0, 0.0, 0.7683861564364778, 0.0013036346442235243, 0.06971983506418329, 0.0, 0.006170503495893229, 1.0, 1.8508253017063067e-05, 0.12730171652696398, 0.1201811363158086, 0.0, 0.0, 0.0, 0.0, 0.00013155743231602732, 0.47918637844179446, 0.0, 0.24428267514328109, 0.0, 0.004854976294675544, 0.0, 0.00042628360906626537, 0.0004643446000819289, 0.6128694310197037, 0.0, 0.000408238808908171, 0.0, 0.0, 0.2790969577391626, 5.7971007955474005e-05, 0.0, 0.8300126650015045, 1.5878748526843033e-05, 0.0, 0.00013417460231583074, 0.15002875216999628, 0.0, 0.39494329524820115, 0.0, 0.0469844159646072, 9.4487879430771e-05, 0.0, 7.502861802374105e-06, 0.36852126006330244, 0.39889861440916186, 0.0], [0.0, 0.0, 0.0, 1.4321991581323575e-05, 0.0, 0.0, 0.0, 0.0, 0.0, 8.847848994497275e-06, 0.0, 3.956480882276662e-05, 0.0, 0.0, 0.0, 0.0, 0.0, 1.94792883361367e-05, 3.643258763260561e-05, 2.610161715897483e-05, 0.0, 1.1444091796874998e-05, 5.970330552974937e-06, 0.0, 0.0, 0.0, 0.0, 1.5844282836774447e-05, 0.0, 3.088274826361669e-05, 0.0, 0.0, 0.0, 3.7665172616083485e-06, 0.0, 0.0, 0.0, 0.0, 0.0, 1.4837759042238043e-05, 0.0, 2.189407692627736e-05, 0.0, 0.0, 1.8508253017063067e-05, 1.0, 3.078294299815333e-05, 0.0, 0.0, 0.0, 0.0, 0.0, 1.3599725084224936e-05, 0.0, 0.0, 0.0, 0.0, 0.0, 0.0, 1.4424959725308573e-06, 0.0, 3.514579919696764e-05, 0.0, 5.970330552974937e-06, 0.0, 0.0, 0.0, 0.0, 0.0, 1.1746683302812113e-05, 0.0, 0.0, 0.0, 0.0, 0.0, 2.2470204201650377e-05, 0.0, 0.0, 0.0, 0.0, 0.0, 0.0, 1.1304965738899968e-05, 0.0], [0.0, 0.0, 0.0, 0.1659536906058344, 0.0, 0.0, 0.0, 0.0, 0.0, 0.2982119024947138, 0.0, 0.09116918217011762, 0.0001220703125, 0.0, 0.03263390679337807, 0.0, 0.0, 0.24550659537583935, 8.307679053789836e-05, 0.026958618968469624, 0.0, 1.709788240434256e-05, 1.9921418149122195e-05, 0.0, 0.0, 0.24496254598646347, 0.0, 6.905519821407977e-05, 0.0, 0.19293000144714864, 0.0, 0.0, 0.0, 1.4993552356981194e-05, 0.0, 0.0, 0.0, 0.0, 0.0, 0.1436214482907927, 0.0, 2.7663042429176298e-05, 0.0, 0.0, 0.12730171652696398, 3.078294299815333e-05, 1.0, 0.015949788771843467, 0.0, 0.0, 0.0, 0.0, 0.0001381315298561839, 0.09229595484210268, 0.0, 0.21604034379105627, 0.0, 0.0, 0.0, 3.51802072116222e-05, 0.0, 0.16492369277479066, 0.0, 1.9921418149122198e-05, 0.0, 0.0, 0.0773565934694095, 0.0, 0.0, 0.0971815478361604, 1.6565791325509736e-05, 0.0, 0.00016948404397855644, 0.0, 0.0, 0.06000193070522375, 0.0, 0.018076492452599378, 0.0, 0.0, 0.0, 0.014642429036446462, 0.1138993765857956, 0.0], [0.0, 0.0, 0.0, 0.08770129257856413, 0.0, 0.0, 0.0, 0.0, 0.0, 0.08430273097051078, 0.03125, 0.07680925054394085, 0.0, 0.0, 0.07607912219116919, 0.0, 0.0, 0.09565183518128745, 0.0, 0.1031485696440068, 0.013682526982991905, 0.0, 0.0, 0.0, 0.0, 0.13620050512507417, 0.0, 0.0, 0.0, 0.09624078360435628, 0.0, 0.003307893917763478, 0.0, 0.0, 0.0, 0.0, 0.0, 0.0, 0.0, 0.057300037874571164, 0.0019876418193616567, 0.12692408795752275, 0.0, 0.013323529992700882, 0.1201811363158086, 0.0, 0.015949788771843467, 1.0, 0.0, 0.0, 0.0, 0.0, 0.0, 0.15771684247705098, 0.0, 0.13006336072433075, 0.0, 0.0010919633715853311, 0.0, 0.0, 0.0, 0.08053823632813019, 0.0, 0.0, 0.0, 0.0, 0.0, 0.0, 0.0, 0.1368919993827839, 0.0, 0.0, 0.0, 0.0, 0.0, 0.08753207759089422, 0.0, 0.07036234501059817, 0.0, 0.0, 0.0, 0.09333070767579191, 0.06393313152942458, 0.0], [0.0, 0.0, 0.0, 0.0, 0.0, 0.0, 0.0, 0.0, 0.0, 0.0, 0.0, 0.0, 0.0, 0.0, 0.0, 0.0, 0.0, 0.0, 0.0, 0.0, 0.0, 0.0, 0.0, 0.0, 0.0, 0.0, 0.0, 0.0, 0.0, 0.0, 0.0, 0.0, 0.0, 0.0, 0.0, 0.0, 0.0, 0.0, 0.0, 0.0, 0.0, 0.0, 0.0, 0.0, 0.0, 0.0, 0.0, 0.0, 1.0, 0.0, 0.0, 0.0, 0.0, 0.0, 0.0, 0.0, 0.0, 0.0, 0.0, 0.0, 0.0, 0.0, 0.0, 0.0, 0.0, 0.0, 0.0, 0.0, 0.0, 0.0, 0.0, 0.0, 0.0, 0.0, 0.0, 0.0, 0.0, 0.0, 0.0, 0.0, 0.0, 0.0, 0.0, 0.0], [0.0, 0.0, 0.0, 0.0, 0.0, 0.0, 0.0, 0.0, 0.0, 0.0, 0.0, 0.0, 0.0, 0.0, 0.0, 0.0, 0.0, 0.0, 0.0, 0.0, 0.0, 0.0, 0.0, 0.0, 0.0, 0.0, 0.0, 0.0, 0.0, 0.0, 0.0, 0.0, 0.0, 0.0, 0.0, 0.0, 0.0, 0.0, 0.0, 0.0, 0.0, 0.0, 0.0, 0.0, 0.0, 0.0, 0.0, 0.0, 0.0, 1.0, 0.0, 0.0, 0.0, 0.0, 0.0, 0.0, 0.0, 0.0, 0.0, 0.0, 0.0, 0.0, 0.0, 0.0, 0.0, 0.0, 0.0, 0.0, 0.0, 0.0, 0.0, 0.0, 0.0, 0.0, 0.0, 0.0, 0.0, 0.0, 0.0, 0.0, 0.0, 0.0, 0.0, 0.0], [0.0, 0.0, 0.0, 0.0, 0.0, 0.0, 0.0, 0.0, 0.0, 0.0, 0.0, 0.0, 0.0, 0.0, 0.0, 0.0, 0.0, 0.0, 0.0, 0.0, 0.0, 0.0, 0.0, 0.0, 0.0, 0.0, 0.0, 0.0, 0.0, 0.0, 0.0, 0.0, 0.0, 0.0, 0.0, 0.0, 0.0, 0.0, 0.0, 0.0, 0.0, 0.0, 0.0, 0.0, 0.0, 0.0, 0.0, 0.0, 0.0, 0.0, 1.0, 0.0, 0.0, 0.0, 0.0, 0.0, 0.0, 0.0, 0.0, 0.0, 0.0, 0.0, 0.0, 0.0, 0.0, 0.0, 0.0, 0.0, 0.0, 0.0, 0.0, 0.0, 0.0, 0.0, 0.0, 0.0, 0.0, 0.0, 0.0, 0.0, 0.0, 0.0, 0.0, 0.0], [0.0, 0.0, 0.0, 0.0, 0.0, 0.0, 0.0, 0.0, 0.0, 0.0, 0.0, 0.0, 0.0, 0.0, 0.0, 0.0, 0.0, 0.0, 0.0, 0.0, 0.0, 0.0, 0.0, 0.0, 0.0, 0.0, 0.0, 0.0, 0.0, 0.0, 0.0, 0.0, 0.0, 0.0, 0.0, 0.0, 0.0, 0.0, 0.0, 0.0, 0.0, 0.0, 0.0, 0.0, 0.0, 0.0, 0.0, 0.0, 0.0, 0.0, 0.0, 1.0, 0.0, 0.0, 0.0, 0.0, 0.0, 0.0, 0.0, 0.0, 0.0, 0.0, 0.0, 0.0, 0.0, 0.0, 0.0, 0.0, 0.0, 0.0, 0.0, 0.0, 0.0, 0.0, 0.0, 0.0, 0.0, 0.0, 0.0, 0.0, 0.0, 0.0, 0.0, 0.0], [0.0, 0.0, 0.0, 0.00011805493377132492, 0.0, 0.0, 0.0, 0.0, 0.0, 6.257734144463393e-05, 0.0, 0.00012151505944254555, 0.0001220703125, 0.0, 0.0, 0.0, 0.0, 0.00013473365724132487, 4.039996074388476e-05, 3.192554456523587e-05, 0.0, 2.6702880859374997e-05, 3.8146972656249996e-06, 0.0, 0.0, 0.0, 0.0, 8.800334128467881e-05, 0.0, 9.514995432794984e-05, 0.0, 0.0, 0.0, 3.814697265625e-06, 0.0, 0.0, 0.0, 0.0, 0.0, 3.976058621790152e-05, 0.0, 3.433227539062499e-05, 0.0, 0.0, 0.00013155743231602732, 1.3599725084224936e-05, 0.0001381315298561839, 0.0, 0.0, 0.0, 0.0, 0.0, 1.0, 0.00010386715708319796, 0.0, 3.697403154390764e-05, 0.0, 0.0, 0.0, 3.4332275390625e-05, 0.0, 0.0001446515140699763, 0.0, 3.8146972656249996e-06, 0.0, 0.0, 0.0, 0.0, 0.0, 4.6074390268837314e-05, 0.0, 0.0, 0.0001220703125, 0.0, 0.0, 8.146067974284779e-05, 0.0, 0.0, 0.0, 0.0, 0.0, 0.0, 0.00012835085638314054, 0.0], [0.0, 0.0, 0.0, 0.7398723707473386, 0.0, 0.0, 0.0, 0.0, 0.0, 0.40610192001284373, 0.2232203842829556, 0.4054068192548834, 0.00018681277875024963, 0.0, 0.42857371088222734, 0.0, 0.0, 0.39687640460429796, 0.0001243249528829147, 0.29655954690756947, 0.013291732862270606, 0.13485161451555433, 6.103515624999998e-05, 0.0, 4.498775855142687e-05, 0.495504361302452, 0.0, 0.49863656104586807, 0.0, 0.6896750437934844, 0.0, 0.0054689191090372385, 0.0, 0.00022637202794322176, 0.0, 0.0, 0.0, 0.0, 0.0, 0.47903832441320815, 0.003085539357261453, 0.09296914800042215, 0.0, 0.008186125596099408, 0.47918637844179446, 0.0, 0.09229595484210268, 0.15771684247705098, 0.0, 0.0, 0.0, 0.0, 0.00010386715708319796, 1.0, 0.0, 0.5375210925261503, 0.0, 0.0060134334095745656, 0.0, 0.0003615054566551494, 0.0001072638020999503, 0.36780493172700496, 0.0, 0.0003548257969343133, 0.0, 0.0, 0.6044374122757395, 0.00021022424801821711, 0.0, 0.30855512302704396, 1.768510155020634e-05, 0.0, 0.00012812534528152915, 0.49478151224598865, 0.0, 0.5702978120840956, 0.0, 0.06672973902626003, 0.00011510393881519274, 0.0, 7.62939453125e-06, 0.5730647599476507, 0.18659914122345928, 0.0], [0.0, 0.0, 0.0, 0.0, 0.0, 0.0, 0.0, 0.0, 0.0, 0.0, 0.0, 0.0, 0.0, 0.0, 0.0, 0.0, 0.0, 0.0, 0.0, 0.0, 0.0, 0.0, 0.0, 0.0, 0.0, 0.0, 0.0, 0.0, 0.0, 0.0, 0.0, 0.0, 0.0, 0.0, 0.0, 0.0, 0.0, 0.0, 0.0, 0.0, 0.0, 0.0, 0.0, 0.0, 0.0, 0.0, 0.0, 0.0, 0.0, 0.0, 0.0, 0.0, 0.0, 0.0, 1.0, 0.0, 0.0, 0.0, 0.0, 0.0, 0.0, 0.0, 0.0, 0.0, 0.0, 0.0, 0.0, 0.0, 0.0, 0.0, 0.0, 0.0, 0.0, 0.0, 0.0, 0.0, 0.0, 0.0, 