"{\"names\": [\"172.217.10.1\", \"104.88.86.240\", \"38.93.140.48\", \"192.168.10.15\", \"104.88.108.223\", \"195.142.105.15\", \"172.217.12.163\", \"206.217.206.48\", \"172.217.6.228\", \"178.255.83.1\", \"74.119.118.82\", \"192.168.10.9\", \"172.217.7.6\", \"35.186.227.40\", \"31.13.71.36\", \"206.126.112.142\", \"151.101.2.49\", \"192.168.10.25\", \"172.217.3.98\", \"192.168.10.16\", \"72.30.202.150\", \"172.217.12.132\", \"50.31.164.173\", \"162.208.20.178\", \"23.15.4.16\", \"216.58.217.99\", \"172.217.6.198\", \"172.217.12.174\", \"169.46.44.40\", \"192.168.10.17\", \"52.84.143.130\", \"104.19.195.102\", \"216.200.232.61\", \"104.97.73.166\", \"152.163.13.79\", \"192.229.163.25\", \"74.119.118.86\", \"54.225.188.92\", \"188.165.145.88\", \"192.168.10.14\", \"8.43.72.98\", \"199.96.57.6\", \"68.67.178.110\", \"104.88.70.158\", \"192.168.10.19\", \"69.172.216.56\", \"157.240.18.35\", \"172.217.11.34\", \"185.54.150.20\", \"69.169.85.7\", \"198.232.124.194\", \"74.119.118.72\", \"172.217.12.134\", \"192.168.10.5\", \"23.111.9.30\", \"192.168.10.8\", \"151.101.66.2\", \"68.67.178.199\", \"213.239.195.215\", \"138.108.7.20\", \"52.84.145.87\", \"192.168.10.50\", \"52.84.145.198\", \"52.40.24.51\", \"212.77.100.137\", \"185.54.150.115\", \"172.217.10.138\", \"152.163.66.165\", \"52.84.137.78\", \"192.168.10.51\", \"68.67.178.109\", \"129.146.14.96\", \"54.152.24.232\", \"172.217.10.33\", \"52.8.229.108\", \"192.168.10.12\", \"64.147.131.201\", \"172.217.12.206\", \"68.67.180.12\", \"172.217.10.134\", \"38.69.238.16\", \"172.217.10.142\", \"192.168.10.3\", \"172.217.6.202\"], \"funcEdges\": [[1.0, 0.0, 0.0, 0.0, 0.0, 0.0, 0.0, 0.0, 0.0, 0.0, 0.0, 0.0, 0.0, 0.0, 0.0, 0.0, 0.0, 0.0, 0.0, 0.0, 0.0, 0.0, 0.0, 0.0, 0.0, 0.0, 0.0, 0.0, 0.0, 0.0, 0.0, 0.0, 0.0, 0.0, 0.0, 0.0, 0.0, 0.0, 0.0, 0.0, 0.0, 0.0, 0.0, 0.0, 0.0, 0.0, 0.0, 0.0, 0.0, 0.0, 0.0, 0.0, 0.0, 0.0, 0.0, 0.0, 0.0, 0.0, 0.0, 0.0, 0.0, 0.0, 0.0, 0.0, 0.0, 0.0, 0.0, 0.0, 0.0, 0.0, 0.0, 0.0, 0.0, 0.0, 0.0, 0.0, 0.0, 0.0, 0.0, 0.0, 0.0, 0.0, 0.0, 0.0], [0.0, 1.0, 0.0, 0.0516461218134905, 0.0, 0.0, 0.0, 0.0, 0.03335121480867619, 0.05769525247431075, 0.008165440131559811, 0.029457668750883632, 0.0, 0.0, 0.021338033287587578, 0.0, 0.0, 0.021816691942130415, 0.03773256355808639, 0.023039921334240994, 1.2590591384995031e-05, 0.000929537572337491, 0.0, 0.0, 0.0001784601474246602, 0.00014950498918354357, 0.008328329009792522, 0.057374907457886495, 0.0, 0.029750139026325194, 0.0, 0.0, 0.0, 0.0, 0.0, 0.0, 0.0, 0.0, 0.0, 0.02943249669919631, 0.0, 0.002170239577999603, 0.0, 0.0, 0.04782262890943389, 0.03089571065667548, 7.554354830997021e-05, 0.00023078026205868897, 0.0, 0.0, 0.001953125, 6.103515625e-05, 0.0, 0.05673732661063298, 0.0, 0.03785293424124386, 0.0, 0.0, 0.0, 0.0, 0.0003986799711561161, 0.04106835940611248, 0.0, 0.0, 0.0, 0.0, 0.0, 0.0, 0.0, 0.037310441120705445, 0.0, 0.0, 0.0, 0.0, 0.0, 0.02129480815224414, 0.0, 0.033683328903977294, 0.0, 0.0, 0.0, 0.0007183819449314864, 0.06732646102498646, 0.0], [0.0, 0.0, 1.0, 0.0, 0.0, 0.0, 0.0, 0.0, 0.0, 0.0, 0.0, 0.0, 0.0, 0.0, 0.0, 0.0, 0.0, 0.0, 0.0, 0.0, 0.0, 0.0, 0.0, 0.0, 0.0, 0.0, 0.0, 0.0, 0.0, 0.0, 0.0, 0.0, 0.0, 0.0, 0.0, 0.0, 0.0, 0.0, 0.0, 0.0, 0.0, 0.0, 0.0, 0.0, 0.0, 0.0, 0.0, 0.0, 0.0, 0.0, 0.0, 0.0, 0.0, 0.0, 0.0, 0.0, 0.0, 0.0, 0.0, 0.0, 0.0, 0.0, 0.0, 0.0, 0.0, 0.0, 0.0, 0.0, 0.0, 0.0, 0.0, 0.0, 0.0, 0.0, 0.0, 0.0, 0.0, 0.0, 0.0, 0.0, 0.0, 0.0, 0.0, 0.0], [0.0, 0.0516461218134905, 0.0, 1.0, 0.0, 0.0, 0.0, 0.0, 0.07986358450730657, 0.7685773628027727, 0.2439634364612497, 0.6631159288173905, 3.6503599210629013e-09, 0.0, 0.6652879018186482, 0.0, 0.0, 0.5874885222556676, 0.12116441397524375, 0.6508877016806766, 0.11998022013691731, 0.002672875615176946, 5.957450040978707e-10, 0.0, 0.0004851473525917049, 0.0004225149931878139, 0.14813205159247, 0.16894899460615379, 0.0, 0.6704822509450922, 0.0, 1.5882839445846333e-07, 0.0, 4.966052220451023e-09, 0.0, 0.0, 0.0, 0.0, 0.0, 0.6101243850496919, 0.07940880764296018, 0.0005135961905949137, 0.0, 0.0002804434402832231, 0.4068515410604159, 0.009150983851101828, 0.00013753769963101935, 0.00019209835203693284, 0.0, 0.0, 0.001220664227986101, 0.00017459778071349127, 3.602750664408109e-09, 0.7112505141820025, 0.0, 0.7783694950385798, 0.0, 1.933690738062988e-07, 0.0, 6.405786649819665e-05, 0.005065306290366006, 0.7424342121304881, 0.0, 6.681947525622065e-09, 0.0, 0.0, 1.5114168296077411e-05, 1.1018600876193431e-09, 0.0, 0.4910791232509345, 1.154150271543452e-05, 0.0, 5.194877970064147e-09, 1.5173655546726625e-05, 0.0, 0.5892009182553664, 0.0, 0.07792589143994316, 1.0832650959300669e-09, 0.0, 0.07940867214312478, 0.08556806008681611, 0.5630602279451155, 0.0], [0.0, 0.0, 0.0, 0.0, 1.0, 0.0, 0.0, 0.0, 0.0, 0.0, 0.0, 0.0, 0.0, 0.0, 0.0, 0.0, 0.0, 0.0, 0.0, 0.0, 0.0, 0.0, 0.0, 0.0, 0.0, 0.0, 0.0, 0.0, 0.0, 0.0, 0.0, 0.0, 0.0, 0.0, 0.0, 0.0, 0.0, 0.0, 0.0, 0.0, 0.0, 0.0, 0.0, 0.0, 0.0, 0.0, 0.0, 0.0, 0.0, 0.0, 0.0, 0.0, 0.0, 0.0, 0.0, 0.0, 0.0, 0.0, 0.0, 0.0, 0.0, 0.0, 0.0, 0.0, 0.0, 0.0, 0.0, 0.0, 0.0, 0.0, 0.0, 0.0, 0.0, 0.0, 0.0, 0.0, 0.0, 0.0, 0.0, 0.0, 0.0, 0.0, 0.0, 0.0], [0.0, 0.0, 0.0, 0.0, 0.0, 1.0, 0.0, 0.0, 0.0, 0.0, 0.0, 0.0, 0.0, 0.0, 0.0, 0.0, 0.0, 0.0, 0.0, 0.0, 0.0, 0.0, 0.0, 0.0, 0.0, 0.0, 0.0, 0.0, 0.0, 0.0, 0.0, 0.0, 0.0, 0.0, 0.0, 0.0, 0.0, 0.0, 0.0, 0.0, 0.0, 0.0, 0.0, 0.0, 0.0, 0.0, 0.0, 0.0, 0.0, 0.0, 0.0, 0.0, 0.0, 0.0, 0.0, 0.0, 0.0, 0.0, 0.0, 0.0, 0.0, 0.0, 0.0, 0.0, 0.0, 0.0, 0.0, 0.0, 0.0, 0.0, 0.0, 0.0, 0.0, 0.0, 0.0, 0.0, 0.0, 0.0, 0.0, 0.0, 0.0, 0.0, 0.0, 0.0], [0.0, 0.0, 0.0, 0.0, 0.0, 0.0, 1.0, 0.0, 0.0, 0.0, 0.0, 0.0, 0.0, 0.0, 0.0, 0.0, 0.0, 0.0, 0.0, 0.0, 0.0, 0.0, 0.0, 0.0, 0.0, 0.0, 0.0, 0.0, 0.0, 0.0, 0.0, 0.0, 0.0, 0.0, 0.0, 0.0, 0.0, 0.0, 0.0, 0.0, 0.0, 0.0, 0.0, 0.0, 0.0, 0.0, 0.0, 0.0, 0.0, 0.0, 0.0, 0.0, 0.0, 0.0, 0.0, 0.0, 0.0, 0.0, 0.0, 0.0, 0.0, 0.0, 0.0, 0.0, 0.0, 0.0, 0.0, 0.0, 0.0, 0.0, 0.0, 0.0, 0.0, 0.0, 0.0, 0.0, 0.0, 0.0, 0.0, 0.0, 0.0, 0.0, 0.0, 0.0], [0.0, 0.0, 0.0, 0.0, 0.0, 0.0, 0.0, 1.0, 0.0, 0.0, 0.0, 0.0, 0.0, 0.0, 0.0, 0.0, 0.0, 0.0, 0.0, 0.0, 0.0, 0.0, 0.0, 0.0, 0.0, 0.0, 0.0, 0.0, 0.0, 0.0, 0.0, 0.0, 0.0, 0.0, 0.0, 0.0, 0.0, 0.0, 0.0, 0.0, 0.0, 0.0, 0.0, 0.0, 0.0, 0.0, 0.0, 0.0, 0.0, 0.0, 0.0, 0.0, 0.0, 0.0, 0.0, 0.0, 0.0, 0.0, 0.0, 0.0, 0.0, 0.0, 0.0, 0.0, 0.0, 0.0, 0.0, 0.0, 0.0, 0.0, 0.0, 0.0, 0.0, 0.0, 0.0, 0.0, 0.0, 0.0, 0.0, 0.0, 0.0, 0.0, 0.0, 0.0], [0.0, 0.03335121480867619, 0.0, 0.07986358450730657, 0.0, 0.0, 0.0, 0.0, 1.0, 0.0439736485745625, 0.008924623445916647, 0.06126607959588623, 0.0, 0.0, 0.06392193467440438, 0.0, 0.0, 0.04621158279086769, 0.03616227954841583, 0.051165853860381943, 0.0, 0.002116852768991392, 0.0, 0.0, 0.0021431815353716408, 0.0009717824296930332, 0.013283231612077846, 0.049983156840597544, 0.0, 0.032466416348367444, 0.0, 0.0, 0.0, 0.0, 0.0, 0.0, 0.0, 0.0, 0.0, 0.061854116714747956, 0.0, 0.001953125, 0.0, 0.0008429228578834512, 0.053025534097808746, 0.012480024013331486, 0.0, 0.0, 0.0, 0.0, 0.0023464890003456105, 0.0, 0.0, 0.015302225217046139, 0.0, 0.06716871971962582, 0.0, 0.0, 0.0, 0.0, 0.0013559037340210183, 0.04122627972454634, 0.0, 0.0, 0.0, 0.0, 0.0, 0.0, 0.0, 0.05294164358603692, 0.0, 0.0, 0.0, 0.0, 0.0, 0.08184416773600411, 0.0, 0.023714115472646638, 0.0, 0.0, 0.0, 0.0, 0.038410548085429944, 0.0], [0.0, 0.05769525247431075, 0.0, 0.7685773628027727, 0.0, 0.0, 0.0, 0.0, 0.0439736485745625, 1.0, 0.3057218853613947, 0.5834494680047803, 3.898552194819768e-09, 0.0, 0.6919260283169311, 0.0, 0.0, 0.6501935805161692, 0.2456856737741952, 0.505994907302924, 0.15684296113859686, 0.002516430438202752, 1.373811050372377e-09, 0.0, 0.0013813451251067487, 0.0004781745582007627, 0.059606355602249125, 0.06682822890700055, 0.0, 0.635286226099573, 0.0, 1.3688939558296426e-07, 0.0, 2.3520458109696543e-09, 0.0, 0.0, 0.0, 0.0, 0.0, 0.6864993610675183, 0.20761080158169604, 0.008292225542975989, 0.0, 0.000488418848277723, 0.3278763350620737, 0.009950435065785782, 6.660673513709648e-05, 0.00038869036104032846, 0.0, 0.0, 0.008286949725431019, 6.103515625e-05, 1.9097089063914162e-09, 0.5563016640209482, 0.0, 0.7169302173395649, 0.0, 4.80047679939598e-07, 0.0, 3.1092191515220064e-05, 0.003865253229717842, 0.7642352018573781, 0.0, 6.633845141245307e-09, 0.0, 0.0, 8.715949659199234e-06, 1.700354608102286e-09, 0.0, 0.3204095347220885, 5.251486003181024e-06, 0.0, 1.55188716021957e-09, 4.850903889170847e-06, 0.0, 0.4999473652838381, 0.0, 0.15765969257745127, 3.4313009197110144e-09, 0.0, 0.2076107478030506, 0.08928691988246905, 0.6509024320576834, 0.0], [0.0, 0.008165440131559811, 0.0, 0.2439634364612497, 0.0, 0.0, 0.0, 0.0, 0.008924623445916647, 0.3057218853613947, 1.0, 0.34043855136304496, 0.0, 0.0, 0.16607816089057015, 0.0, 0.0, 0.2433242511414554, 0.09571386975575981, 0.24125782474761415, 0.03135364489321444, 0.0024221132456451683, 0.0, 0.0, 0.0021995712059866774, 0.0003126890352438504, 0.03369140624999999, 0.039444995259334995, 0.0, 0.0887046552850119, 0.0, 0.0, 0.0, 0.0, 0.0, 0.0, 0.0, 0.0, 0.0, 0.18734008999623997, 0.03125, 0.0019750777162943337, 0.0, 0.001953125, 0.1602809068233671, 0.0020451474969429666, 6.938441308041398e-05, 4.123449324290445e-05, 0.0, 0.0, 0.00244140625, 2.093488588165392e-05, 0.0, 0.0894221452475023, 0.0, 0.5467949097719711, 0.0, 0.0, 0.0, 7.629394531249999e-06, 0.0008449548734027858, 0.34048312163425787, 0.0, 0.0, 0.0, 0.0, 5.6333172508816804e-06, 0.0, 0.0, 0.2852974783368946, 2.9755153471371075e-05, 0.0, 0.0, 7.015135782172684e-06, 0.0, 0.23934453591788935, 0.0, 0.004290049856310828, 0.0, 0.0, 0.03125000000000001, 9.870676651496313e-05, 0.2057027716045522, 0.0], [0.0, 0.029457668750883632, 0.0, 0.6631159288173905, 0.0, 0.0, 0.0, 0.0, 0.06126607959588623, 0.5834494680047803, 0.34043855136304496, 1.0, 5.402371190734506e-09, 0.0, 0.19134224611425657, 0.0, 0.0, 0.2447302871864093, 0.14522465532494644, 0.41494975003441187, 0.26724244393139285, 0.004055137233115644, 1.4714519273740672e-09, 0.0, 0.001079634928448634, 0.0007572388628794064, 0.14264791872583615, 0.15426765358341352, 0.0, 0.741706496057068, 0.0, 1.712943378435314e-07, 0.0, 5.5513170056300895e-09, 0.0, 0.0, 0.0, 0.0, 0.0, 0.2781895225075167, 0.09324734844959251, 0.002562039418591632, 0.0, 0.00043333821854506254, 0.4031287191198627, 0.017205661459559502, 0.00010460628489255294, 0.00024562193997035384, 0.0, 0.0, 0.003943554042197522, 0.00024048797133637676, 3.7083453199019027e-09, 0.5559545156543622, 0.0, 0.8007537473002119, 0.0, 4.509535575368257e-07, 0.0, 4.931795337458001e-05, 0.002342806605121025, 0.4004019485372705, 0.0, 9.80224033331421e-09, 0.0, 0.0, 1.1075661400416572e-05, 6.337628187927299e-09, 0.0, 0.5367345212672697, 2.974636551592873e-05, 0.0, 4.104798001323777e-09, 7.549249811176475e-06, 0.0, 0.5117708196096727, 0.0, 0.12461542851724897, 7.108031563996301e-09, 0.0, 0.09324733364241325, 0.07870963052565354, 0.10914553351253209, 0.0], [0.0, 0.0, 0.0, 3.6503599210629013e-09, 0.0, 0.0, 0.0, 0.0, 0.0, 3.898552194819768e-09, 0.0, 5.402371190734506e-09, 1.0, 0.0, 0.0, 0.0, 0.0, 5.271440867633654e-09, 2.7939677238464355e-09, 3.781096256425909e-09, 1.8626451492309574e-09, 0.0, 0.0, 0.0, 0.0, 0.0, 0.0, 8.743092622513648e-09, 0.0, 2.479662386927352e-09, 0.0, 0.0, 0.0, 0.0, 0.0, 0.0, 0.0, 0.0, 0.0, 2.520614521527079e-09, 0.0, 0.0, 0.0, 0.0, 5.466233763104351e-09, 0.0, 3.725290298461914e-09, 0.0, 0.0, 0.0, 0.0, 0.0, 3.725290298461914e-09, 5.701073570259083e-09, 0.0, 3.027881413808403e-09, 0.0, 2.0911596692644487e-09, 0.0, 9.313225746154783e-10, 1.8626451492309566e-09, 6.553572415530225e-09, 0.0, 1.862645149230957e-09, 0.0, 0.0, 0.0, 1.8626451492309568e-09, 0.0, 3.4839901685129623e-09, 0.0, 0.0, 3.725290298461914e-09, 0.0, 0.0, 3.174978752924301e-09, 0.0, 1.8626451492309568e-09, 4.192509734161878e-09, 0.0, 0.0, 0.0, 7.0282956496355766e-09, 0.0], [0.0, 0.0, 0.0, 0.0, 0.0, 0.0, 0.0, 0.0, 0.0, 0.0, 0.0, 0.0, 0.0, 1.0, 0.0, 0.0, 0.0, 0.0, 0.0, 0.0, 0.0, 0.0, 0.0, 0.0, 0.0, 0.0, 0.0, 0.0, 0.0, 0.0, 0.0, 0.0, 0.0, 0.0, 0.0, 0.0, 0.0, 0.0, 0.0, 0.0, 0.0, 0.0, 0.0, 0.0, 0.0, 0.0, 0.0, 0.0, 0.0, 0.0, 0.0, 0.0, 0.0, 0.0, 0.0, 0.0, 0.0, 0.0, 0.0, 0.0, 0.0, 0.0, 0.0, 0.0, 0.0, 0.0, 0.0, 0.0, 0.0, 0.0, 0.0, 0.0, 0.0, 0.0, 0.0, 0.0, 0.0, 0.0, 0.0, 0.0, 0.0, 0.0, 0.0, 0.0], [0.0, 0.021338033287587578, 0.0, 0.6652879018186482, 0.0, 0.0, 0.0, 0.0, 0.06392193467440438, 0.6919260283169311, 0.16607816089057015, 0.19134224611425657, 0.0, 0.0, 1.0, 0.0, 0.0, 0.6330104085650523, 0.10165634049250308, 0.5152365810156013, 0.10356666992181332, 4.721471769373138e-06, 0.0, 0.0, 0.0, 1.045071788442663e-05, 0.05456186429577343, 0.08405786833580559, 0.0, 0.3954708848885997, 0.0, 3.5762786865234375e-07, 0.0, 0.0, 0.0, 0.0, 0.0, 0.0, 0.0, 0.8141455579962815, 0.18276412865986616, 2.384185791015625e-07, 0.0, 3.576278686523437e-07, 0.2526837077169204, 0.015660024125368013, 9.959078000908834e-07, 2.321750555150427e-06, 0.0, 0.0, 0.0, 0.0, 0.0, 0.40711813479921904, 0.0, 0.5010892543006612, 0.0, 1.1920928955078122e-07, 0.0, 0.0, 0.0, 0.7632956057750265, 0.0, 0.0, 0.0, 0.0, 7.230297711240055e-06, 0.0, 0.0, 0.5993500765578791, 0.0, 0.0, 0.0, 5.336685434681964e-06, 0.0, 0.38518878647098465, 0.0, 0.08299222009949558, 0.0, 0.0, 0.18276408395638258, 0.07332827393520047, 0.8081510103137971, 0.0], [0.0, 0.0, 0.0, 0.0, 0.0, 0.0, 0.0, 0.0, 0.0, 0.0, 0.0, 0.0, 0.0, 0.0, 0.0, 1.0, 0.0, 0.0, 0.0, 0.0, 0.0, 0.0, 0.0, 0.0, 0.0, 0.0, 0.0, 0.0, 0.0, 0.0, 0.0, 0.0, 0.0, 0.0, 0.0, 0.0, 0.0, 0.0, 0.0, 0.0, 0.0, 0.0, 0.0, 0.0, 0.0, 0.0, 0.0, 0.0, 0.0, 0.0, 0.0, 0.0, 0.0, 0.0, 0.0, 0.0, 0.0, 0.0, 0.0, 0.0, 0.0, 0.0, 0.0, 0.0, 0.0, 0.0, 0.0, 0.0, 0.0, 0.0, 0.0, 0.0, 0.0, 0.0, 0.0, 0.0, 0.0, 0.0, 0.0, 0.0, 0.0, 0.0, 0.0, 0.0], [0.0, 0.0, 0.0, 0.0, 0.0, 0.0, 0.0, 0.0, 0.0, 0.0, 0.0, 0.0, 0.0, 0.0, 0.0, 0.0, 1.0, 0.0, 0.0, 0.0, 0.0, 0.0, 0.0, 0.0, 0.0, 0.0, 0.0, 0.0, 0.0, 0.0, 0.0, 0.0, 0.0, 0.0, 0.0, 0.0, 0.0, 0.0, 0.0, 0.0, 0.0, 0.0, 0.0, 0.0, 0.0, 0.0, 0.0, 0.0, 0.0, 0.0, 0.0, 0.0, 0.0, 0.0, 0.0, 0.0, 0.0, 0.0, 0.0, 0.0, 0.0, 0.0, 0.0, 0.0, 0.0, 0.0, 0.0, 0.0, 0.0, 0.0, 0.0, 0.0, 0.0, 0.0, 0.0, 0.0, 0.0, 0.0, 0.0, 0.0, 0.0, 0.0, 0.0, 0.0], [0.0, 0.021816691942130415, 0.0, 0.5874885222556676, 0.0, 0.0, 0.0, 0.0, 0.04621158279086769, 0.6501935805161692, 0.2433242511414554, 0.2447302871864093, 5.271440867633654e-09, 0.0, 0.6330104085650523, 0.0, 0.0, 1.0, 0.2579085747805503, 0.377512263167255, 0.03881703724326253, 0.003104540312714685, 1.3214972316095275e-09, 0.0, 0.000773463593277514, 0.00024889168659626877, 0.157883439035626, 0.18786315357792932, 0.0, 0.3220993364214483, 0.0, 1.9690523314442068e-07, 0.0, 7.14575972320478e-09, 0.0, 0.0, 0.0, 0.0, 0.0, 0.6095228902190919, 0.22992433434656073, 0.0032204741676653444, 0.0, 0.0005401722964330284, 0.2500279924197013, 0.012579455033412807, 0.00011257950030753751, 0.00024896664327121374, 0.0, 0.0, 0.0035443060787561692, 9.564545245158151e-06, 4.111744910929104e-09, 0.5338872220258852, 0.0, 0.4455321400996305, 0.0, 1.1826945143416454e-07, 0.0, 2.431473825211418e-05, 0.002222324855661423, 0.7276859535015603, 0.0, 1.1690125222682283e-08, 0.0, 0.0, 9.354476354777694e-06, 5.1777359024166705e-09, 0.0, 0.4834663614832263, 5.189771114264453e-06, 0.0, 4.990023246661712e-09, 7.600967074356805e-06, 0.0, 0.10182466858736193, 0.0, 0.2579478892846817, 5.660385142596947e-09, 0.0, 0.2299242725874284, 0.013777402350847637, 0.5776737629178917, 0.0], [0.0, 0.03773256355808639, 0.0, 0.12116441397524375, 0.0, 0.0, 0.0, 0.0, 0.03616227954841583, 0.2456856737741952, 0.09571386975575981, 0.14522465532494644, 2.7939677238464355e-09, 0.0, 0.10165634049250308, 0.0, 0.0, 0.2579085747805503, 1.0, 0.1665782722732052, 0.11913691475724615, 0.00020328867258737954, 7.262232419495478e-10, 0.0, 0.0, 0.0, 0.05983300158609798, 0.06551931941939611, 0.0, 0.15757317109045832, 0.0, 0.0, 0.0, 1.164153218269348e-10, 0.0, 0.0, 0.0, 0.0, 0.0, 0.17310249844509085, 0.30347178364673083, 0.0003023939102771098, 0.0, 0.0, 0.2140176357144583, 0.016834774134139478, 0.00011992666797888125, 0.00018194177768160975, 0.0, 0.0, 0.0, 0.00024390630243425297, 1.2329089582484363e-09, 0.3023086958522686, 0.0, 0.17769993818138302, 0.0, 2.0911596692644495e-09, 0.0, 3.6796874080437666e-05, 1.8626451492309574e-09, 0.10323994543211777, 0.0, 2.833191733980978e-09, 0.0, 0.0, 0.0, 1.862645149230957e-09, 0.0, 0.12157322305678618, 5.251286974287086e-06, 0.0, 1.5975095435777032e-09, 0.0, 0.0, 0.11852039712469661, 0.0, 0.2912844639277957, 3.035955324737912e-09, 0.0, 0.3034717837049385, 0.08461057476474593, 0.1951483749498219, 0.0], [0.0, 0.023039921334240994, 0.0, 0.6508877016806766, 0.0, 0.0, 0.0, 0.0, 0.051165853860381943, 0.505994907302924, 0.24125782474761415, 0.41494975003441187, 3.781096256425909e-09, 0.0, 0.5152365810156013, 0.0, 0.0, 0.377512263167255, 0.1665782722732052, 1.0, 0.1296325189238216, 0.005537688739393518, 6.174169100566607e-10, 0.0, 0.0009368731541025787, 0.0001590795549361384, 0.07503853386981738, 0.09319918403357672, 0.0, 0.6644579750602042, 0.0, 1.2301746681828101e-07, 0.0, 1.644094635376223e-09, 0.0, 0.0, 0.0, 0.0, 0.0, 0.43531626915745736, 0.15633423603739793, 0.0003713567129656759, 0.0, 0.00041574128264872985, 0.6399251656525158, 0.007281623216841915, 0.00024039891975336346, 0.00043602914718066153, 0.0, 0.0, 0.0004155774134674982, 0.00010409909746255778, 9.742903004527549e-10, 0.6277029244208636, 0.0, 0.29599708843410677, 0.0, 1.215666750358737e-07, 0.0, 6.035955720474211e-05, 0.0026034943358825614, 0.3928293994990887, 0.0, 5.955992605466441e-09, 0.0, 0.0, 3.5667766695820953e-06, 1.3151639152785773e-09, 0.0, 0.5853007144034833, 1.3286969121776672e-05, 0.0, 9.318473705158622e-10, 4.4684956587988425e-06, 0.0, 0.6465843108435074, 0.0, 0.11703683857422106, 4.05754152782803e-09, 0.0, 0.15633414328685463, 0.16933566218822677, 0.2857063855812993, 0.0], [0.0, 1.2590591384995031e-05, 0.0, 0.11998022013691731, 0.0, 0.0, 0.0, 0.0, 0.0, 0.15684296113859686, 0.03135364489321444, 0.26724244393139285, 1.8626451492309574e-09, 0.0, 0.10356666992181332, 0.0, 0.0, 0.03881703724326253, 0.11913691475724615, 0.1296325189238216, 1.0, 0.00015712028209101685, 0.0, 0.0, 0.0, 6.662525762637705e-07, 0.03125, 0.031285312445770715, 0.0, 0.3112436242739206, 0.0, 5.960464477539063e-08, 0.0, 0.0, 0.0, 0.0, 0.0, 0.0, 0.0, 0.21016775330086696, 0.09375, 9.086194201724562e-05, 0.0, 1.7881393432617188e-07, 0.24430148867939655, 4.1112591078048725e-05, 0.00029218957779255316, 0.00012225787351315934, 0.0, 0.0, 0.0, 7.55435483099702e-05, 0.0, 0.14120734793294426, 0.0, 0.17330586169936438, 0.0, 1.2130044922004568e-07, 0.0, 1.5258789062500003e-05, 1.862645149230957e-09, 0.08909811704845551, 0.0, 1.8626451492309574e-09, 0.0, 0.0, 0.0, 7.450580596923828e-09, 0.0, 0.059804585363737395, 0.0, 0.0, 0.0, 0.0, 0.0, 0.21180124472007103, 0.0, 0.06277972080123016, 4.915356240051857e-09, 0.0, 0.09375, 0.02750940420148846, 0.12006705962967852, 0.0], [0.0, 0.000929537572337491, 0.0, 0.002672875615176946, 0.0, 0.0, 0.0, 0.0, 0.002116852768991392, 0.002516430438202752, 0.0024221132456451683, 0.004055137233115644, 0.0, 0.0, 4.721471769373138e-06, 0.0, 0.0, 0.003104540312714685, 0.00020328867258737954, 0.005537688739393518, 0.00015712028209101685, 1.0, 0.0, 0.0, 0.0023085415949264804, 0.00036994395754159795, 0.0018048707966023877, 0.0011896646890194242, 0.0, 0.0036755692032391296, 0.0, 0.0, 0.0, 0.0, 0.0, 0.0, 0.0, 0.0, 0.0, 0.0013751109279395322, 0.0, 0.00037811157832393983, 0.0, 0.001953125, 0.003835958694320664, 0.00017164318551359783, 0.00018763838200197889, 0.0002518679496654622, 0.0, 0.0, 0.0004882812500000001, 0.00011271383806521459, 8.149072527885436e-10, 0.0024421879818566656, 0.0, 0.0046189270945842095, 0.0, 0.0, 0.0, 2.2844374174993334e-05, 0.003371428681087848, 0.0021802616447253722, 0.0, 7.151666190483314e-11, 0.0, 0.0, 4.7663352729734785e-06, 0.0, 0.0, 0.0018906975933643173, 2.975515347137108e-05, 0.0, 0.0, 2.2387969459968636e-06, 0.0, 0.0020874913241020194, 0.0, 0.0040440404771199786, 0.0, 0.0, 7.151666190483313e-11, 0.0006392674991804785, 0.0038402094864937947, 0.0], [0.0, 0.0, 0.0, 5.957450040978707e-10, 0.0, 0.0, 0.0, 0.0, 0.0, 1.373811050372377e-09, 0.0, 1.4714519273740672e-09, 0.0, 0.0, 0.0, 0.0, 0.0, 1.3214972316095275e-09, 7.262232419495478e-10, 6.174169100566607e-10, 0.0, 0.0, 1.0, 0.0, 0.0, 0.0, 0.0, 4.4030357250101186e-10, 0.0, 1.6378772109201752e-10, 0.0, 0.0, 0.0, 1.1641532182693481e-10, 0.0, 0.0, 0.0, 0.0, 0.0, 2.603125732275412e-10, 0.0, 5.820766091346741e-10, 0.0, 0.0, 5.483641326279792e-11, 1.8220002908248708e-10, 6.079534347266295e-10, 0.0, 0.0, 0.0, 0.0, 0.0, 1.164153218269348e-10, 1.8626451492309564e-09, 0.0, 0.0, 0.0, 0.0, 0.0, 1.1641532182693481e-10, 0.0, 1.2743190337672502e-09, 0.0, 9.313225746154785e-10, 0.0, 0.0, 0.0, 0.0, 0.0, 3.6309349661600175e-10, 5.397064682069805e-10, 0.0, 7.403011535135251e-10, 0.0, 0.0, 2.2903687405895515e-09, 0.0, 0.0, 0.0, 0.0, 0.0, 0.0, 1.355073059730976e-09, 0.0], [0.0, 0.0, 0.0, 0.0, 0.0, 0.0, 0.0, 0.0, 0.0, 0.0, 0.0, 0.0, 0.0, 0.0, 0.0, 0.0, 0.0, 0.0, 0.0, 0.0, 0.0, 0.0, 0.0, 1.0, 0.0, 0.0, 0.0, 0.0, 0.0, 0.0, 0.0, 0.0, 0.0, 0.0, 0.0, 0.0, 0.0, 0.0, 0.0, 0.0, 0.0, 0.0, 0.0, 0.0, 0.0, 0.0, 0.0, 0.0, 0.0, 0.0, 0.0, 0.0, 0.0, 0.0, 0.0, 0.0, 0.0, 0.0, 0.0, 0.0, 0.0, 0.0, 0.0, 0.0, 0.0, 0.0, 0.0, 0.0, 0.0, 0.0, 0.0, 0.0, 0.0, 0.0, 0.0, 0.0, 0.0, 0.0, 0.0, 0.0, 0.0, 0.0, 0.0, 0.0], [0.0, 0.0001784601474246602, 0.0, 0.0004851473525917049, 0.0, 0.0, 0.0, 0.0, 0.0021431815353716408, 0.0013813451251067487, 0.0021995712059866774, 0.001079634928448634, 0.0, 0.0, 0.0, 0.0, 0.0, 0.000773463593277514, 0.0, 0.0009368731541025787, 0.0, 0.0023085415949264804, 0.0, 0.0, 1.0, 0.0009178758433310857, 0.0007720404443770457, 0.0007720480097478681, 0.0, 0.002687719374789286, 0.0, 0.0, 0.0, 0.0, 0.0, 0.0, 0.0, 0.0, 0.0, 0.0006767035649061256, 0.0, 0.0, 0.0, 0.00180142770354644, 0.0021762346243723394, 0.0, 0.0, 0.0, 0.0, 0.0, 0.0005146936295846972, 0.0, 0.0, 0.0005111065691075286, 0.0, 0.0015936664594182425, 0.0, 0.0, 0.0, 0.0, 0.0010822563904269397, 0.0015159051482633193, 0.0, 0.0, 0.0, 0.0, 0.0, 0.0, 0.0, 0.0009092010949837228, 0.0, 0.0, 0.0, 0.0, 0.0, 0.0014671092280749503, 0.0, 0.001158735064049297, 0.0, 0.0, 0.0, 0.0, 0.0012307488264442004, 0.0], [0.0, 0.00014950498918354357, 0.0, 0.0004225149931878139, 0.0, 0.0, 0.0, 0.0, 0.0009717824296930332, 0.0004781745582007627, 0.0003126890352438504, 0.0007572388628794064, 0.0, 0.0, 1.045071788442663e-05, 0.0, 0.0, 0.00024889168659626877, 0.0, 0.0001590795549361384, 6.662525762637705e-07, 0.00036994395754159795, 0.0, 0.0, 0.0009178758433310857, 1.0, 0.0, 1.0066649579626205e-05, 0.0, 0.0009389310486811283, 0.0, 2.384185791015625e-07, 0.0, 0.0, 0.0, 0.0, 0.0, 0.0, 0.0, 0.00031738878128405475, 0.0, 3.8123884542384414e-06, 0.0, 4.822350050925663e-07, 0.00045915298406902993, 0.0, 7.475663634840804e-06, 4.156509555818914e-06, 0.0, 0.0, 0.0, 0.0, 0.0, 0.00031375970135984514, 0.0, 0.00036912550996657346, 0.0, 1.932130168230597e-07, 0.0, 0.0, 0.0004475911458333333, 0.0006476728752651083, 0.0, 0.0, 0.0, 0.0, 1.130109869404231e-05, 0.0, 0.0, 0.0006240136290425342, 0.0, 0.0, 0.0, 8.86903988094524e-06, 0.0, 0.0008421221643142531, 0.0, 5.506687933503429e-06, 0.0, 0.0, 0.0, 1.3834390093497589e-05, 0.0007552375078163258, 0.0], [0.0, 0.008328329009792522, 0.0, 0.14813205159247, 0.0, 0.0, 0.0, 0.0, 0.013283231612077846, 0.059606355602249125, 0.03369140624999999, 0.14264791872583615, 0.0, 0.0, 0.05456186429577343, 0.0, 0.0, 0.157883439035626, 0.05983300158609798, 0.07503853386981738, 0.03125, 0.0018048707966023877, 0.0, 0.0, 0.0007720404443770457, 0.0, 1.0, 0.15005962208159027, 0.0, 0.0972994206850564, 0.0, 0.0, 0.0, 0.0, 0.0, 0.0, 0.0, 0.0, 0.0, 0.04824468339950171, 0.031249999999999993, 0.0019531249999999998, 0.0, 0.0004882812500000001, 0.04049232476258639, 0.011062456484246566, 0.0, 0.0, 0.0, 0.0, 0.0024414062499999996, 0.0, 0.0, 0.15651205989888797, 0.0, 0.11023853360738545, 0.0, 0.0, 0.0, 0.0, 0.003877988178889077, 0.03829951943253206, 0.0, 0.0, 0.0, 0.0, 0.0, 0.0, 0.0, 0.14388143237773365, 0.0, 0.0, 0.0, 0.0, 0.0, 0.05125583325681578, 0.0, 0.0345646242805462, 0.0, 0.0, 0.031249999999999997, 0.0, 0.04544832174649247, 0.0], [0.0, 0.057374907457886495, 0.0, 0.16894899460615379, 0.0, 0.0, 0.0, 0.0, 0.049983156840597544, 0.06682822890700055, 0.039444995259334995, 0.15426765358341352, 8.743092622513648e-09, 0.0, 0.08405786833580559, 0.0, 0.0, 0.18786315357792932, 0.06551931941939611, 0.09319918403357672, 0.031285312445770715, 0.0011896646890194242, 4.4030357250101186e-10, 0.0, 0.0007720480097478681, 1.0066649579626205e-05, 0.15005962208159027, 1.0, 0.0, 0.11360822159466333, 0.0, 0.0, 0.0, 5.739670540101689e-09, 0.0, 0.0, 0.0, 0.0, 0.0, 0.05739112339612488, 0.031249999999999993, 0.002647421796133081, 0.0, 0.0004882812500000001, 0.04933575208374679, 0.01370568441312941, 6.582985120061582e-05, 0.00016565735417068469, 0.0, 0.0, 0.002895193094391111, 0.00024050802607787443, 2.6856488429162235e-09, 0.17724694470407026, 0.0, 0.12912504588760892, 0.0, 2.085779779545108e-09, 0.0, 7.633580520338638e-06, 0.002536796741976151, 0.05174126268791678, 0.0, 7.842296210122808e-09, 0.0, 0.0, 1.5102711243067506e-05, 2.2800925081637707e-09, 0.0, 0.18966247505199302, 2.9755549501547226e-05, 0.0, 2.3011717632520897e-09, 1.5112633482840522e-05, 0.0, 0.06322057002253215, 0.0, 0.06623441264750383, 3.821230312375675e-09, 0.0, 0.03125000013884224, 0.00012826335751018594, 0.0854134207938717, 0.0], [0.0, 0.0, 0.0, 0.0, 0.0, 0.0, 0.0, 0.0, 0.0, 0.0, 0.0, 0.0, 0.0, 0.0, 0.0, 0.0, 0.0, 0.0, 0.0, 0.0, 0.0, 0.0, 0.0, 0.0, 0.0, 0.0, 0.0, 0.0, 1.0, 0.0, 0.0, 0.0, 0.0, 0.0, 0.0, 0.0, 0.0, 0.0, 0.0, 0.0, 0.0, 0.0, 0.0, 0.0, 0.0, 0.0, 0.0, 0.0, 0.0, 0.0, 0.0, 0.0, 0.0, 0.0, 0.0, 0.0, 0.0, 0.0, 0.0, 0.0, 0.0, 0.0, 0.0, 0.0, 0.0, 0.0, 0.0, 0.0, 0.0, 0.0, 0.0, 0.0, 0.0, 0.0, 0.0, 0.0, 0.0, 0.0, 0.0, 0.0, 0.0, 0.0, 0.0, 0.0], [0.0, 0.029750139026325194, 0.0, 0.6704822509450922, 0.0, 0.0, 0.0, 0.0, 0.032466416348367444, 0.635286226099573, 0.0887046552850119, 0.741706496057068, 2.479662386927352e-09, 0.0, 0.3954708848885997, 0.0, 0.0, 0.3220993364214483, 0.15757317109045832, 0.6644579750602042, 0.3112436242739206, 0.0036755692032391296, 1.6378772109201752e-10, 0.0, 0.002687719374789286, 0.0009389310486811283, 0.0972994206850564, 0.11360822159466333, 0.0, 1.0, 0.0, 4.138610473523875e-08, 0.0, 1.5507175135083175e-09, 0.0, 0.0, 0.0, 0.0, 0.0, 0.39182938967918624, 0.11682971084250866, 0.007816253012233203, 0.0, 0.001635548193317398, 0.6073759756403071, 0.012135248446532708, 0.00017996512445193726, 0.00018515690086842092, 0.0, 0.0, 0.008253306447967975, 6.268034200997505e-06, 2.903746164793391e-09, 0.6563810585544334, 0.0, 0.5769541910543204, 0.0, 1.2860662167306483e-07, 0.0, 3.865555402306871e-05, 0.0023074595780999607, 0.4994283607067886, 0.0, 1.044047345143181e-08, 0.0, 0.0, 1.879878245356366e-05, 2.918094494778074e-09, 0.0, 0.2492170708847783, 1.460228817730631e-06, 0.0, 2.8245897226834406e-09, 1.4734510525054203e-05, 0.0, 0.6760258398075936, 0.0, 0.1940009906025819, 2.1825212825033847e-09, 0.0, 0.11682965464376519, 0.09662451686994353, 0.3734709161014988, 0.0], [0.0, 0.0, 0.0, 0.0, 0.0, 0.0, 0.0, 0.0, 0.0, 0.0, 0.0, 0.0, 0.0, 0.0, 0.0, 0.0, 0.0, 0.0, 0.0, 0.0, 0.0, 0.0, 0.0, 0.0, 0.0, 0.0, 0.0, 0.0, 0.0, 0.0, 1.0, 0.0, 0.0, 0.0, 0.0, 0.0, 0.0, 0.0, 0.0, 0.0, 0.0, 0.0, 0.0, 0.0, 0.0, 0.0, 0.0, 0.0, 0.0, 0.0, 0.0, 0.0, 0.0, 0.0, 0.0, 0.0, 0.0, 0.0, 0.0, 0.0, 0.0, 0.0, 0.0, 0.0, 0.0, 0.0, 0.0, 0.0, 0.0, 0.0, 0.0, 0.0, 0.0, 0.0, 0.0, 0.0, 0.0, 0.0, 0.0, 0.0, 0.0, 0.0, 0.0, 0.0], [0.0, 0.0, 0.0, 1.5882839445846333e-07, 0.0, 0.0, 0.0, 0.0, 0.0, 1.3688939558296426e-07, 0.0, 1.712943378435314e-07, 0.0, 0.0, 3.5762786865234375e-07, 0.0, 0.0, 1.9690523314442068e-07, 0.0, 1.2301746681828101e-07, 5.960464477539063e-08, 0.0, 0.0, 0.0, 0.0, 2.384185791015625e-07, 0.0, 0.0, 0.0, 4.138610473523875e-08, 0.0, 1.0, 0.0, 0.0, 0.0, 0.0, 0.0, 0.0, 0.0, 1.8410463968458376e-07, 2.980232238769532e-08, 2.384185791015625e-07, 0.0, 2.384185791015625e-07, 5.712246789798215e-08, 0.0, 0.0, 1.0094891106455927e-07, 0.0, 0.0, 0.0, 0.0, 0.0, 1.6689816616934932e-07, 0.0, 9.281331796040785e-08, 0.0, 0.0, 0.0, 0.0, 0.0, 1.2736304123808901e-07, 0.0, 0.0, 0.0, 0.0, 0.0, 0.0, 0.0, 5.209475723388195e-08, 0.0, 0.0, 0.0, 0.0, 0.0, 1.8609268212487625e-07, 0.0, 2.9802322387695312e-08, 0.0, 0.0, 0.0, 9.342359673932724e-08, 3.0235097656335526e-07, 0.0], [0.0, 0.0, 0.0, 0.0, 0.0, 0.0, 0.0, 0.0, 0.0, 0.0, 0.0, 0.0, 0.0, 0.0, 0.0, 0.0, 0.0, 0.0, 0.0, 0.0, 0.0, 0.0, 0.0, 0.0, 0.0, 0.0, 0.0, 0.0, 0.0, 0.0, 0.0, 0.0, 1.0, 0.0, 0.0, 0.0, 0.0, 0.0, 0.0, 0.0, 0.0, 0.0, 0.0, 0.0, 0.0, 0.0, 0.0, 0.0, 0.0, 0.0, 0.0, 0.0, 0.0, 0.0, 0.0, 0.0, 0.0, 0.0, 0.0, 0.0, 0.0, 0.0, 0.0, 0.0, 0.0, 0.0, 0.0, 0.0, 0.0, 0.0, 0.0, 0.0, 0.0, 0.0, 0.0, 0.0, 0.0, 0.0, 0.0, 0.0, 0.0, 0.0, 0.0, 0.0], [0.0, 0.0, 0.0, 4.966052220451023e-09, 0.0, 0.0, 0.0, 0.0, 0.0, 2.3520458109696543e-09, 0.0, 5.5513170056300895e-09, 0.0, 0.0, 0.0, 0.0, 0.0, 7.14575972320478e-09, 1.164153218269348e-10, 1.644094635376223e-09, 0.0, 0.0, 1.1641532182693481e-10, 0.0, 0.0, 0.0, 0.0, 5.739670540101689e-09, 0.0, 1.5507175135083175e-09, 0.0, 0.0, 0.0, 1.0, 0.0, 0.0, 0.0, 0.0, 0.0, 3.770584151510967e-09, 0.0, 1.164153218269348e-10, 0.0, 0.0, 9.643532199127832e-09, 1.1494498479029384e-10, 4.575669054254515e-10, 0.0, 0.0, 0.0, 0.0, 0.0, 1.1641532182693481e-10, 6.908326048071953e-09, 0.0, 0.0, 0.0, 0.0, 0.0, 1.4581855122929329e-08, 3.935489758855247e-09, 3.5449407028796905e-09, 0.0, 1.500283310532287e-08, 0.0, 0.0, 0.0, 0.0, 0.0, 7.469947799294388e-09, 0.0, 0.0, 0.0, 0.0, 0.0, 3.805659878051562e-09, 0.0, 5.191878907669289e-09, 0.0, 0.0, 0.0, 0.0, 2.8217534416468944e-10, 0.0], [0.0, 0.0, 0.0, 0.0, 0.0, 0.0, 0.0, 0.0, 0.0, 0.0, 0.0, 0.0, 0.0, 0.0, 0.0, 0.0, 0.0, 0.0, 0.0, 0.0, 0.0, 0.0, 0.0, 0.0, 0.0, 0.0, 0.0, 0.0, 0.0, 0.0, 0.0, 0.0, 0.0, 0.0, 1.0, 0.0, 0.0, 0.0, 0.0, 0.0, 0.0, 0.0, 0.0, 0.0, 0.0, 0.0, 0.0, 0.0, 0.0, 0.0, 0.0, 0.0, 0.0, 0.0, 0.0, 0.0, 0.0, 0.0, 0.0, 0.0, 0.0, 0.0, 0.0, 0.0, 0.0, 0.0, 0.0, 0.0, 0.0, 0.0, 0.0, 0.0, 0.0, 0.0, 0.0, 0.0, 0.0, 0.0, 0.0, 0.0, 0.0, 0.0, 0.0, 0.0], [0.0, 0.0, 0.0, 0.0, 0.0, 0.0, 0.0, 0.0, 0.0, 0.0, 0.0, 0.0, 0.0, 0.0, 0.0, 0.0, 0.0, 0.0, 0.0, 0.0, 0.0, 0.0, 0.0, 0.0, 0.0, 0.0, 0.0, 0.0, 0.0, 0.0, 0.0, 0.0, 0.0, 0.0, 0.0, 1.0, 0.0, 0.0, 0.0, 0.0, 0.0, 0.0, 0.0, 0.0, 0.0, 0.0, 0.0, 0.0, 0.0, 0.0, 0.0, 0.0, 0.0, 0.0, 0.0, 0.0, 0.0, 0.0, 0.0, 0.0, 0.0, 0.0, 0.0, 0.0, 0.0, 0.0, 0.0, 0.0, 0.0, 0.0, 0.0, 0.0, 0.0, 0.0, 0.0, 0.0, 0.0, 0.0, 0.0, 0.0, 0.0, 0.0, 0.0, 0.0], [0.0, 0.0, 0.0, 0.0, 0.0, 0.0, 0.0, 0.0, 0.0, 0.0, 0.0, 0.0, 0.0, 0.0, 0.0, 0.0, 0.0, 0.0, 0.0, 0.0, 0.0, 0.0, 0.0, 0.0, 0.0, 0.0, 0.0, 0.0, 0.0, 0.0, 0.0, 0.0, 0.0, 0.0, 0.0, 0.0, 1.0, 0.0, 0.0, 0.0, 0.0, 0.0, 0.0, 0.0, 0.0, 0.0, 0.0, 0.0, 0.0, 0.0, 0.0, 0.0, 0.0, 0.0, 0.0, 0.0, 0.0, 0.0, 0.0, 0.0, 0.0, 0.0, 0.0, 0.0, 0.0, 0.0, 0.0, 0.0, 0.0, 0.0, 0.0, 0.0, 0.0, 0.0, 0.0, 0.0, 0.0, 0.0, 0.0, 0.0, 0.0, 0.0, 0.0, 0.0], [0.0, 0.0, 0.0, 0.0, 0.0, 0.0, 0.0, 0.0, 0.0, 0.0, 0.0, 0.0, 0.0, 0.0, 0.0, 0.0, 0.0, 0.0, 0.0, 0.0, 0.0, 0.0, 0.0, 0.0, 0.0, 0.0, 0.0, 0.0, 0.0, 0.0, 0.0, 0.0, 0.0, 0.0, 0.0, 0.0, 0.0, 1.0, 0.0, 0.0, 0.0, 0.0, 0.0, 0.0, 0.0, 0.0, 0.0, 0.0, 0.0, 0.0, 0.0, 0.0, 0.0, 0.0, 0.0, 0.0, 0.0, 0.0, 0.0, 0.0, 0.0, 0.0, 0.0, 0.0, 0.0, 0.0, 0.0, 0.0, 0.0, 0.0, 0.0, 0.0, 0.0, 0.0, 0.0, 0.0, 0.0, 0.0, 0.0, 0.0, 0.0, 0.0, 0.0, 0.0], [0.0, 0.0, 0.0, 0.0, 0.0, 0.0, 0.0, 0.0, 0.0, 0.0, 0.0, 0.0, 0.0, 0.0, 0.0, 0.0, 0.0, 0.0, 0.0, 0.0, 0.0, 0.0, 0.0, 0.0, 0.0, 0.0, 0.0, 0.0, 0.0, 0.0, 0.0, 0.0, 0.0, 0.0, 0.0, 0.0, 0.0, 0.0, 1.0, 0.0, 0.0, 0.0, 0.0, 0.0, 0.0, 0.0, 0.0, 0.0, 0.0, 0.0, 0.0, 0.0, 0.0, 0.0, 0.0, 0.0, 0.0, 0.0, 0.0, 0.0, 0.0, 0.0, 0.0, 0.0, 0.0, 0.0, 0.0, 0.0, 0.0, 0.0, 0.0, 0.0, 0.0, 0.0, 0.0, 0.0, 0.0, 0.0, 0.0, 0.0, 0.0, 0.0, 0.0, 0.0], [0.0, 0.02943249669919631, 0.0, 0.6101243850496919, 0.0, 0.0, 0.0, 0.0, 0.061854116714747956, 0.6864993610675183, 0.18734008999623997, 0.2781895225075167, 2.520614521527079e-09, 0.0, 0.8141455579962815, 0.0, 0.0, 0.6095228902190919, 0.17310249844509085, 0.43531626915745736, 0.21016775330086696, 0.0013751109279395322, 2.603125732275412e-10, 0.0, 0.0006767035649061256, 0.00031738878128405475, 0.04824468339950171, 0.05739112339612488, 0.0, 0.39182938967918624, 0.0, 1.8410463968458376e-07, 0.0, 3.770584151510967e-09, 0.0, 0.0, 0.0, 0.0, 0.0, 1.0, 0.2062936363126976, 0.0075114619021888675, 0.0, 0.0006325940450503977, 0.30085964835116213, 0.008817175157941325, 0.00013724995260066826, 0.00048757621400771843, 0.0, 0.0, 0.007860431782155139, 0.00012560931528992345, 1.2133967962006078e-09, 0.34697498343656424, 0.0, 0.5146159740505083, 0.0, 1.6570554880869707e-07, 0.0, 7.636243607982634e-06, 0.0010844465599268611, 0.6971233112435609, 0.0, 6.810932258610675e-09, 0.0, 0.0, 9.993910856257017e-06, 1.6988195508983076e-09, 0.0, 0.5183425977907294, 9.62666729956123e-06, 0.0, 6.039975923084757e-10, 8.532863345811397e-06, 0.0, 0.40980262536247014, 0.0, 0.11293772364780459, 2.9379768934515855e-09, 0.0, 0.20629357715673236, 0.08398021737292398, 0.732757989358096, 0.0], [0.0, 0.0, 0.0, 0.07940880764296018, 0.0, 0.0, 0.0, 0.0, 0.0, 0.20761080158169604, 0.03125, 0.09324734844959251, 0.0, 0.0, 0.18276412865986616, 0.0, 0.0, 0.22992433434656073, 0.30347178364673083, 0.15633423603739793, 0.09375, 0.0, 0.0, 0.0, 0.0, 0.0, 0.031249999999999993, 0.031249999999999993, 0.0, 0.11682971084250866, 0.0, 2.980232238769532e-08, 0.0, 0.0, 0.0, 0.0, 0.0, 0.0, 0.0, 0.2062936363126976, 1.0, 0.0, 0.0, 0.0, 0.13791149194568994, 0.0, 0.0, 6.06580145068865e-08, 0.0, 0.0, 0.0, 0.0, 0.0, 0.19913137146643087, 0.0, 0.041837930381958696, 0.0, 0.0, 0.0, 0.0, 0.0, 0.03707862948899572, 0.0, 0.0, 0.0, 0.0, 0.0, 0.0, 0.0, 0.1292859656312678, 0.0, 0.0, 0.0, 0.0, 0.0, 0.09321638372266114, 0.0, 0.2500000447034836, 0.0, 0.0, 0.375, 0.07332360515675183, 0.2397342737154775, 0.0], [0.0, 0.002170239577999603, 0.0, 0.0005135961905949137, 0.0, 0.0, 0.0, 0.0, 0.001953125, 0.008292225542975989, 0.0019750777162943337, 0.002562039418591632, 0.0, 0.0, 2.384185791015625e-07, 0.0, 0.0, 0.0032204741676653444, 0.0003023939102771098, 0.0003713567129656759, 9.086194201724562e-05, 0.00037811157832393983, 5.820766091346741e-10, 0.0, 0.0, 3.8123884542384414e-06, 0.0019531249999999998, 0.002647421796133081, 0.0, 0.007816253012233203, 0.0, 2.384185791015625e-07, 0.0, 1.164153218269348e-10, 0.0, 0.0, 0.0, 0.0, 0.0, 0.0075114619021888675, 0.0, 1.0, 0.0, 2.384185791015625e-07, 0.0003269594570237509, 0.002037445186469886, 9.080318158152873e-05, 0.00038109706529585406, 0.0, 0.0, 0.0078125, 0.00024414062500000005, 1.0477378964424131e-09, 0.008156665901949389, 0.0, 0.008231981241548475, 0.0, 0.0, 0.0, 1.5258905477821824e-05, 0.0, 0.001945111825410078, 0.0, 2.0372681319713597e-09, 0.0, 0.0, 0.0, 0.0, 0.0, 0.0007228748764923247, 5.397064682069806e-10, 0.0, 7.403011535135251e-10, 0.0, 0.0, 0.008181439338260165, 0.0, 0.0028740746377933545, 0.0, 0.0, 5.8207660913467394e-11, 0.0001845708716277171, 0.006740688445315337, 0.0], [0.0, 0.0, 0.0, 0.0, 0.0, 0.0, 0.0, 0.0, 0.0, 0.0, 0.0, 0.0, 0.0, 0.0, 0.0, 0.0, 0.0, 0.0, 0.0, 0.0, 0.0, 0.0, 0.0, 0.0, 0.0, 0.0, 0.0, 0.0, 0.0, 0.0, 0.0, 0.0, 0.0, 0.0, 0.0, 0.0, 0.0, 0.0, 0.0, 0.0, 0.0, 0.0, 1.0, 0.0, 0.0, 0.0, 0.0, 0.0, 0.0, 0.0, 0.0, 0.0, 0.0, 0.0, 0.0, 0.0, 0.0, 0.0, 0.0, 0.0, 0.0, 0.0, 0.0, 0.0, 0.0, 0.0, 0.0, 0.0, 0.0, 0.0, 0.0, 0.0, 0.0, 0.0, 0.0, 0.0, 0.0, 0.0, 0.0, 0.0, 0.0, 0.0, 0.0, 0.0], [0.0, 0.0, 0.0, 0.0002804434402832231, 0.0, 0.0, 0.0, 0.0, 0.0008429228578834512, 0.000488418848277723, 0.001953125, 0.00043333821854506254, 0.0, 0.0, 3.576278686523437e-07, 0.0, 0.0, 0.0005401722964330284, 0.0, 0.00041574128264872985, 1.7881393432617188e-07, 0.001953125, 0.0, 0.0, 0.00180142770354644, 4.822350050925663e-07, 0.0004882812500000001, 0.0004882812500000001, 0.0, 0.001635548193317398, 0.0, 2.384185791015625e-07, 0.0, 0.0, 0.0, 0.0, 0.0, 0.0, 0.0, 0.0006325940450503977, 0.0, 2.384185791015625e-07, 0.0, 1.0, 0.001092018375961076, 0.0, 0.0, 4.0660186745302985e-07, 0.0, 0.0, 0.0004882812499999999, 0.0, 0.0, 0.0006879479063044981, 0.0, 0.0016920772423809972, 0.0, 1.1920928955078122e-07, 0.0, 0.0, 0.0004898911384820507, 0.0006980762767921164, 0.0, 0.0, 0.0, 0.0, 0.0, 0.0, 0.0, 0.00014679601393980285, 0.0, 0.0, 0.0, 0.0, 0.0, 0.0006554644034690512, 0.0, 0.0014087210315641525, 0.0, 0.0, 0.0, 1.7413682629300606e-07, 0.000275735202275579, 0.0], [0.0, 0.04782262890943389, 0.0, 0.4068515410604159, 0.0, 0.0, 0.0, 0.0, 0.053025534097808746, 0.3278763350620737, 0.1602809068233671, 0.4031287191198627, 5.466233763104351e-09, 0.0, 0.2526837077169204, 0.0, 0.0, 0.2500279924197013, 0.2140176357144583, 0.6399251656525158, 0.24430148867939655, 0.003835958694320664, 5.483641326279792e-11, 0.0, 0.0021762346243723394, 0.00045915298406902993, 0.04049232476258639, 0.04933575208374679, 0.0, 0.6073759756403071, 0.0, 5.712246789798215e-08, 0.0, 9.643532199127832e-09, 0.0, 0.0, 0.0, 0.0, 0.0, 0.30085964835116213, 0.13791149194568994, 0.0003269594570237509, 0.0, 0.001092018375961076, 1.0, 0.00585363555356617, 3.6095827628687086e-05, 0.00033816615581881053, 0.0, 0.0, 0.0010918300671385692, 0.00019699011974118127, 4.0148142186287636e-09, 0.23934496124483948, 0.0, 0.3235227475920634, 0.0, 1.4816211836778393e-07, 0.0, 3.448024737017606e-05, 0.0032405810718806292, 0.3774824827857362, 0.0, 1.2458459744512055e-08, 0.0, 0.0, 8.517363212254718e-06, 1.7691347642661745e-09, 0.0, 0.48830183842983554, 5.677983212547451e-06, 0.0, 4.09468390856417e-09, 4.578514165344125e-06, 0.0, 0.386807597641808, 0.0, 0.1613101469041395, 2.8835412423941344e-09, 0.0, 0.137911452390887, 0.1105014273802121, 0.2532023920901979, 0.0], [0.0, 0.03089571065667548, 0.0, 0.009150983851101828, 0.0, 0.0, 0.0, 0.0, 0.012480024013331486, 0.009950435065785782, 0.0020451474969429666, 0.017205661459559502, 0.0, 0.0, 0.015660024125368013, 0.0, 0.0, 0.012579455033412807, 0.016834774134139478, 0.007281623216841915, 4.1112591078048725e-05, 0.00017164318551359783, 1.8220002908248708e-10, 0.0, 0.0, 0.0, 0.011062456484246566, 0.01370568441312941, 0.0, 0.012135248446532708, 0.0, 0.0, 0.0, 1.1494498479029384e-10, 0.0, 0.0, 0.0, 0.0, 0.0, 0.008817175157941325, 0.0, 0.002037445186469886, 0.0, 0.0, 0.00585363555356617, 1.0, 2.0557234959892227e-05, 0.0001359946280024037, 0.0, 0.0, 0.0019531249999999998, 8.431951831568316e-05, 4.150306727363567e-10, 0.02140446362016995, 0.0, 0.008707925131159741, 0.0, 0.0, 0.0, 4.402148353670829e-11, 0.0, 0.01864578360814443, 0.0, 1.8220002908248708e-10, 0.0, 0.0, 0.0, 0.0, 0.0, 0.027336479697749588, 0.0, 0.0, 0.0, 0.0, 0.0, 0.0058167820993345635, 0.0, 0.01888584636904175, 0.0, 0.0, 0.0, 0.00035969804593510705, 0.015675348518028254, 0.0], [0.0, 7.554354830997021e-05, 0.0, 0.00013753769963101935, 0.0, 0.0, 0.0, 0.0, 0.0, 6.660673513709648e-05, 6.938441308041398e-05, 0.00010460628489255294, 3.725290298461914e-09, 0.0, 9.959078000908834e-07, 0.0, 0.0, 0.00011257950030753751, 0.00011992666797888125, 0.00024039891975336346, 0.00029218957779255316, 0.00018763838200197889, 6.079534347266295e-10, 0.0, 0.0, 7.475663634840804e-06, 0.0, 6.582985120061582e-05, 0.0, 0.00017996512445193726, 0.0, 0.0, 0.0, 4.575669054254515e-10, 0.0, 0.0, 0.0, 0.0, 0.0, 0.00013724995260066826, 0.0, 9.080318158152873e-05, 0.0, 0.0, 3.6095827628687086e-05, 2.0557234959892227e-05, 1.0, 0.00012232706485193045, 0.0, 0.0, 0.0, 7.55435483099702e-05, 4.2154397539118624e-09, 8.183361055595343e-05, 0.0, 0.00014354786166553845, 0.0, 0.0, 0.0, 2.2889257208472037e-05, 0.0, 3.040406249488595e-05, 0.0, 6.079534347266296e-10, 0.0, 0.0, 2.360735884686569e-06, 0.0, 0.0, 0.0002102690286201227, 2.9755659019202052e-05, 0.0, 5.172242553056532e-09, 0.0, 0.0, 0.00012912720533250736, 0.0, 0.0003114788489602826, 0.0, 0.0, 0.0, 8.361979431327976e-05, 0.00018591638851102796, 0.0], [0.0, 0.00023078026205868897, 0.0, 0.00019209835203693284, 0.0, 0.0, 0.0, 0.0, 0.0, 0.00038869036104032846, 4.123449324290445e-05, 0.00024562193997035384, 0.0, 0.0, 2.321750555150427e-06, 0.0, 0.0, 0.00024896664327121374, 0.00018194177768160975, 0.00043602914718066153, 0.00012225787351315934, 0.0002518679496654622, 0.0, 0.0, 0.0, 4.156509555818914e-06, 0.0, 0.00016565735417068469, 0.0, 0.0001851569008