"{\"names\": [\"172.217.10.1\", \"104.88.86.240\", \"38.93.140.48\", \"192.168.10.15\", \"104.88.108.223\", \"195.142.105.15\", \"172.217.12.163\", \"206.217.206.48\", \"172.217.6.228\", \"178.255.83.1\", \"74.119.118.82\", \"192.168.10.9\", \"172.217.7.6\", \"35.186.227.40\", \"31.13.71.36\", \"206.126.112.142\", \"151.101.2.49\", \"192.168.10.25\", \"172.217.3.98\", \"192.168.10.16\", \"72.30.202.150\", \"172.217.12.132\", \"50.31.164.173\", \"162.208.20.178\", \"23.15.4.16\", \"216.58.217.99\", \"172.217.6.198\", \"172.217.12.174\", \"169.46.44.40\", \"192.168.10.17\", \"52.84.143.130\", \"104.19.195.102\", \"216.200.232.61\", \"104.97.73.166\", \"152.163.13.79\", \"192.229.163.25\", \"74.119.118.86\", \"54.225.188.92\", \"188.165.145.88\", \"192.168.10.14\", \"8.43.72.98\", \"199.96.57.6\", \"68.67.178.110\", \"104.88.70.158\", \"192.168.10.19\", \"69.172.216.56\", \"157.240.18.35\", \"172.217.11.34\", \"185.54.150.20\", \"69.169.85.7\", \"198.232.124.194\", \"74.119.118.72\", \"172.217.12.134\", \"192.168.10.5\", \"23.111.9.30\", \"192.168.10.8\", \"151.101.66.2\", \"68.67.178.199\", \"213.239.195.215\", \"138.108.7.20\", \"52.84.145.87\", \"192.168.10.50\", \"52.84.145.198\", \"52.40.24.51\", \"212.77.100.137\", \"185.54.150.115\", \"172.217.10.138\", \"152.163.66.165\", \"52.84.137.78\", \"192.168.10.51\", \"68.67.178.109\", \"129.146.14.96\", \"54.152.24.232\", \"172.217.10.33\", \"52.8.229.108\", \"192.168.10.12\", \"64.147.131.201\", \"172.217.12.206\", \"68.67.180.12\", \"172.217.10.134\", \"38.69.238.16\", \"172.217.10.142\", \"192.168.10.3\", \"172.217.6.202\"], \"funcEdges\": [[1.0, 0.0, 0.0, 0.0, 0.0, 0.0, 0.0, 0.0, 0.0, 0.0, 0.0, 0.0, 0.0, 0.0, 0.0, 0.0, 0.0, 0.0, 0.0, 0.0, 0.0, 0.0, 0.0, 0.0, 0.0, 0.0, 0.0, 0.0, 0.0, 0.0, 0.0, 0.0, 0.0, 0.0, 0.0, 0.0, 0.0, 0.0, 0.0, 0.0, 0.0, 0.0, 0.0, 0.0, 0.0, 0.0, 0.0, 0.0, 0.0, 0.0, 0.0, 0.0, 0.0, 0.0, 0.0, 0.0, 0.0, 0.0, 0.0, 0.0, 0.0, 0.0, 0.0, 0.0, 0.0, 0.0, 0.0, 0.0, 0.0, 0.0, 0.0, 0.0, 0.0, 0.0, 0.0, 0.0, 0.0, 0.0, 0.0, 0.0, 0.0, 0.0, 0.0, 0.0], [0.0, 1.0, 0.0, 0.0, 0.0, 0.0, 0.0, 0.0, 0.0, 0.0, 0.0, 0.0, 0.0, 0.0, 0.0, 0.0, 0.0, 0.0, 0.0, 0.0, 0.0, 0.0, 0.0, 0.0, 0.0, 0.0, 0.0, 0.0, 0.0, 0.0, 0.0, 0.0, 0.0, 0.0, 0.0, 0.0, 0.0, 0.0, 0.0, 0.0, 0.0, 0.0, 0.0, 0.0, 0.0, 0.0, 0.0, 0.0, 0.0, 0.0, 0.0, 0.0, 0.0, 0.0, 0.0, 0.0, 0.0, 0.0, 0.0, 0.0, 0.0, 0.0, 0.0, 0.0, 0.0, 0.0, 0.0, 0.0, 0.0, 0.0, 0.0, 0.0, 0.0, 0.0, 0.0, 0.0, 0.0, 0.0, 0.0, 0.0, 0.0, 0.0, 0.0, 0.0], [0.0, 0.0, 1.0, 0.0, 0.0, 0.0, 0.0, 0.0, 0.0, 0.0, 0.0, 0.0, 0.0, 0.0, 0.0, 0.0, 0.0, 0.0, 0.0, 0.0, 0.0, 0.0, 0.0, 0.0, 0.0, 0.0, 0.0, 0.0, 0.0, 0.0, 0.0, 0.0, 0.0, 0.0, 0.0, 0.0, 0.0, 0.0, 0.0, 0.0, 0.0, 0.0, 0.0, 0.0, 0.0, 0.0, 0.0, 0.0, 0.0, 0.0, 0.0, 0.0, 0.0, 0.0, 0.0, 0.0, 0.0, 0.0, 0.0, 0.0, 0.0, 0.0, 0.0, 0.0, 0.0, 0.0, 0.0, 0.0, 0.0, 0.0, 0.0, 0.0, 0.0, 0.0, 0.0, 0.0, 0.0, 0.0, 0.0, 0.0, 0.0, 0.0, 0.0, 0.0], [0.0, 0.0, 0.0, 1.0, 0.0, 0.0, 0.0, 0.0, 0.0, 0.5924513102260777, 0.0, 0.6971160505718688, 0.0019138399022942264, 0.0, 0.3189285578063311, 0.0, 0.0, 0.7558314118518846, 0.004221264924614963, 0.5297870145200286, 0.3468953402809081, 9.776096071453211e-05, 0.00031234195670846445, 0.0, 0.011981829591378154, 0.31627728534164185, 0.0, 0.0022298804760776045, 0.0, 0.7424146357211181, 0.0, 0.08327182127383882, 0.0, 0.002603641586555826, 0.0, 0.0, 0.0, 0.0, 0.0, 0.6622305223890783, 0.07104919768830686, 0.08079121142840094, 0.0, 0.18145529575996022, 0.7442650449262393, 0.0002291518653011772, 0.002526346247320682, 0.31058241618909993, 0.0, 0.0, 0.0, 0.0, 0.0018888789403411987, 0.82177356800314, 0.0, 0.27371845740484946, 0.0, 0.10138108496775679, 0.0, 0.002913106455831081, 0.00852322949166646, 0.8495243534620438, 0.0, 0.003503264904313341, 0.0, 0.0, 0.0, 0.0005776920216177702, 0.0, 0.612405417155644, 0.00018116750921859064, 0.0, 0.0027236121811689915, 0.0, 0.0, 0.3804809420596075, 0.0, 0.2723511894742075, 0.0005679428906149829, 0.0, 8.2599786143153e-06, 0.42154949272742626, 0.5411778149978278, 0.0], [0.0, 0.0, 0.0, 0.0, 1.0, 0.0, 0.0, 0.0, 0.0, 0.0, 0.0, 0.0, 0.0, 0.0, 0.0, 0.0, 0.0, 0.0, 0.0, 0.0, 0.0, 0.0, 0.0, 0.0, 0.0, 0.0, 0.0, 0.0, 0.0, 0.0, 0.0, 0.0, 0.0, 0.0, 0.0, 0.0, 0.0, 0.0, 0.0, 0.0, 0.0, 0.0, 0.0, 0.0, 0.0, 0.0, 0.0, 0.0, 0.0, 0.0, 0.0, 0.0, 0.0, 0.0, 0.0, 0.0, 0.0, 0.0, 0.0, 0.0, 0.0, 0.0, 0.0, 0.0, 0.0, 0.0, 0.0, 0.0, 0.0, 0.0, 0.0, 0.0, 0.0, 0.0, 0.0, 0.0, 0.0, 0.0, 0.0, 0.0, 0.0, 0.0, 0.0, 0.0], [0.0, 0.0, 0.0, 0.0, 0.0, 1.0, 0.0, 0.0, 0.0, 0.0, 0.0, 0.0, 0.0, 0.0, 0.0, 0.0, 0.0, 0.0, 0.0, 0.0, 0.0, 0.0, 0.0, 0.0, 0.0, 0.0, 0.0, 0.0, 0.0, 0.0, 0.0, 0.0, 0.0, 0.0, 0.0, 0.0, 0.0, 0.0, 0.0, 0.0, 0.0, 0.0, 0.0, 0.0, 0.0, 0.0, 0.0, 0.0, 0.0, 0.0, 0.0, 0.0, 0.0, 0.0, 0.0, 0.0, 0.0, 0.0, 0.0, 0.0, 0.0, 0.0, 0.0, 0.0, 0.0, 0.0, 0.0, 0.0, 0.0, 0.0, 0.0, 0.0, 0.0, 0.0, 0.0, 0.0, 0.0, 0.0, 0.0, 0.0, 0.0, 0.0, 0.0, 0.0], [0.0, 0.0, 0.0, 0.0, 0.0, 0.0, 1.0, 0.0, 0.0, 0.0, 0.0, 0.0, 0.0, 0.0, 0.0, 0.0, 0.0, 0.0, 0.0, 0.0, 0.0, 0.0, 0.0, 0.0, 0.0, 0.0, 0.0, 0.0, 0.0, 0.0, 0.0, 0.0, 0.0, 0.0, 0.0, 0.0, 0.0, 0.0, 0.0, 0.0, 0.0, 0.0, 0.0, 0.0, 0.0, 0.0, 0.0, 0.0, 0.0, 0.0, 0.0, 0.0, 0.0, 0.0, 0.0, 0.0, 0.0, 0.0, 0.0, 0.0, 0.0, 0.0, 0.0, 0.0, 0.0, 0.0, 0.0, 0.0, 0.0, 0.0, 0.0, 0.0, 0.0, 0.0, 0.0, 0.0, 0.0, 0.0, 0.0, 0.0, 0.0, 0.0, 0.0, 0.0], [0.0, 0.0, 0.0, 0.0, 0.0, 0.0, 0.0, 1.0, 0.0, 0.0, 0.0, 0.0, 0.0, 0.0, 0.0, 0.0, 0.0, 0.0, 0.0, 0.0, 0.0, 0.0, 0.0, 0.0, 0.0, 0.0, 0.0, 0.0, 0.0, 0.0, 0.0, 0.0, 0.0, 0.0, 0.0, 0.0, 0.0, 0.0, 0.0, 0.0, 0.0, 0.0, 0.0, 0.0, 0.0, 0.0, 0.0, 0.0, 0.0, 0.0, 0.0, 0.0, 0.0, 0.0, 0.0, 0.0, 0.0, 0.0, 0.0, 0.0, 0.0, 0.0, 0.0, 0.0, 0.0, 0.0, 0.0, 0.0, 0.0, 0.0, 0.0, 0.0, 0.0, 0.0, 0.0, 0.0, 0.0, 0.0, 0.0, 0.0, 0.0, 0.0, 0.0, 0.0], [0.0, 0.0, 0.0, 0.0, 0.0, 0.0, 0.0, 0.0, 1.0, 0.0, 0.0, 0.0, 0.0, 0.0, 0.0, 0.0, 0.0, 0.0, 0.0, 0.0, 0.0, 0.0, 0.0, 0.0, 0.0, 0.0, 0.0, 0.0, 0.0, 0.0, 0.0, 0.0, 0.0, 0.0, 0.0, 0.0, 0.0, 0.0, 0.0, 0.0, 0.0, 0.0, 0.0, 0.0, 0.0, 0.0, 0.0, 0.0, 0.0, 0.0, 0.0, 0.0, 0.0, 0.0, 0.0, 0.0, 0.0, 0.0, 0.0, 0.0, 0.0, 0.0, 0.0, 0.0, 0.0, 0.0, 0.0, 0.0, 0.0, 0.0, 0.0, 0.0, 0.0, 0.0, 0.0, 0.0, 0.0, 0.0, 0.0, 0.0, 0.0, 0.0, 0.0, 0.0], [0.0, 0.0, 0.0, 0.5924513102260777, 0.0, 0.0, 0.0, 0.0, 0.0, 1.0, 0.0, 0.612921575789727, 0.0020439641331176667, 0.0, 0.21125487903793533, 0.0, 0.0, 0.5784571503526538, 0.0031340989436546163, 0.5218057983420876, 0.2782080465680557, 0.00015331188064881166, 0.0007202726479776328, 0.0, 0.012058494267832648, 0.38822413954230217, 0.0, 0.010886260116409464, 0.0, 0.6420633124079105, 0.0, 0.07176946743140117, 0.0, 0.0012331493941416581, 0.0, 0.0, 0.0, 0.0, 0.0, 0.4732966175608101, 0.028226016028493534, 0.010725435507418005, 0.0, 0.07214112583081181, 0.6801041064567799, 0.0001415655839119564, 0.0010178505701113193, 0.4388819207533571, 0.0, 0.0, 0.0, 0.0, 0.0010012374631141428, 0.6844221223793563, 0.0, 0.34119921370901507, 0.0, 0.25168323802017195, 0.0, 0.0014246068274245665, 0.005338765223732157, 0.4821894253503072, 0.0, 0.0034780454014132194, 0.0, 0.0, 0.0, 0.0008914755167727313, 0.0, 0.6317599795789457, 0.000302287189032157, 0.0, 0.0008136358154571979, 0.0, 0.0, 0.30060536075501904, 0.0, 0.29778590695177304, 0.0017989898965934483, 0.0, 3.0517578124999997e-05, 0.41060472092505695, 0.4427954484465103, 0.0], [0.0, 0.0, 0.0, 0.0, 0.0, 0.0, 0.0, 0.0, 0.0, 0.0, 1.0, 0.0, 0.0, 0.0, 0.0, 0.0, 0.0, 0.0, 0.0, 0.0, 0.0, 0.0, 0.0, 0.0, 0.0, 0.0, 0.0, 0.0, 0.0, 0.0, 0.0, 0.0, 0.0, 0.0, 0.0, 0.0, 0.0, 0.0, 0.0, 0.0, 0.0, 0.0, 0.0, 0.0, 0.0, 0.0, 0.0, 0.0, 0.0, 0.0, 0.0, 0.0, 0.0, 0.0, 0.0, 0.0, 0.0, 0.0, 0.0, 0.0, 0.0, 0.0, 0.0, 0.0, 0.0, 0.0, 0.0, 0.0, 0.0, 0.0, 0.0, 0.0, 0.0, 0.0, 0.0, 0.0, 0.0, 0.0, 0.0, 0.0, 0.0, 0.0, 0.0, 0.0], [0.0, 0.0, 0.0, 0.6971160505718688, 0.0, 0.0, 0.0, 0.0, 0.0, 0.612921575789727, 0.0, 1.0, 0.0028323983868478128, 0.0, 0.282734753402595, 0.0, 0.0, 0.584801667033618, 0.003734024264172826, 0.2272300095826525, 0.26859188119518396, 0.00040092226717924125, 0.000771464588099095, 0.0, 0.006609044946689413, 0.28291758165206193, 0.0, 0.008547087890921018, 0.0, 0.4701364374043637, 0.0, 0.08980756579930939, 0.0, 0.0029104888902477884, 0.0, 0.0, 0.0, 0.0, 0.0, 0.706457200372465, 0.007812499999999999, 0.053015214312994614, 0.0, 0.1469465229183422, 0.5927808155753294, 0.0006330369411642659, 0.0023028054089593627, 0.18109574327540376, 0.0, 0.0, 0.0, 0.0, 0.0019442409510807288, 0.584214924154719, 0.0, 0.2328847402253947, 0.0, 0.23642953877386727, 0.0, 0.005021674888882876, 0.008462651234026976, 0.7251836675470986, 0.0, 0.005139196979872641, 0.0, 0.0, 0.0, 0.0033227424073920277, 0.0, 0.7849215911450907, 0.0005771242330456313, 0.0, 0.0021520963345180405, 0.0, 0.0, 0.4731910441696429, 0.0, 0.14995347000249915, 0.003726655652624493, 0.0, 4.927360115611275e-05, 0.1686237293224436, 0.5234915737724097, 0.0], [0.0, 0.0, 0.0, 0.0019138399022942264, 0.0, 0.0, 0.0, 0.0, 0.0, 0.0020439641331176667, 0.0, 0.0028323983868478128, 1.0, 0.0, 0.0, 0.0, 0.0, 0.002763753189609913, 0.00146484375, 0.001982383394089027, 0.0009765625000000002, 0.0, 0.0, 0.0, 0.0, 0.0, 0.0, 0.004583898544872436, 0.0, 0.0013000572335173676, 0.0, 0.0, 0.0, 0.0, 0.0, 0.0, 0.0, 0.0, 0.0, 0.0013215279462623893, 0.0, 0.0, 0.0, 0.0, 0.002865880767190454, 0.0, 0.001953125, 0.0, 0.0, 0.0, 0.0, 0.0, 0.001953125, 0.002989004460003994, 0.0, 0.00158748189068278, 0.0, 0.0010963699206793193, 0.0, 0.0004882812499999999, 0.0009765624999999998, 0.0034359593745935104, 0.0, 0.0009765625, 0.0, 0.0, 0.0, 0.0009765624999999999, 0.0, 0.001826614237469324, 0.0, 0.0, 0.001953125, 0.0, 0.0, 0.001664603260413176, 0.0, 0.0009765624999999999, 0.0021980825435042625, 0.0, 0.0, 0.0, 0.003684851069556137, 0.0], [0.0, 0.0, 0.0, 0.0, 0.0, 0.0, 0.0, 0.0, 0.0, 0.0, 0.0, 0.0, 0.0, 1.0, 0.0, 0.0, 0.0, 0.0, 0.0, 0.0, 0.0, 0.0, 0.0, 0.0, 0.0, 0.0, 0.0, 0.0, 0.0, 0.0, 0.0, 0.0, 0.0, 0.0, 0.0, 0.0, 0.0, 0.0, 0.0, 0.0, 0.0, 0.0, 0.0, 0.0, 0.0, 0.0, 0.0, 0.0, 0.0, 0.0, 0.0, 0.0, 0.0, 0.0, 0.0, 0.0, 0.0, 0.0, 0.0, 0.0, 0.0, 0.0, 0.0, 0.0, 0.0, 0.0, 0.0, 0.0, 0.0, 0.0, 0.0, 0.0, 0.0, 0.0, 0.0, 0.0, 0.0, 0.0, 0.0, 0.0, 0.0, 0.0, 0.0, 0.0], [0.0, 0.0, 0.0, 0.3189285578063311, 0.0, 0.0, 0.0, 0.0, 0.0, 0.21125487903793533, 0.0, 0.282734753402595, 0.0, 0.0, 1.0, 0.0, 0.0, 0.27074238807852957, 0.0, 0.3099306449099492, 0.4640767839004789, 0.0, 0.0, 0.0, 0.0, 0.43685675707097743, 0.0, 0.0, 0.0, 0.2057803707929347, 0.0, 0.1875, 0.0, 0.0, 0.0, 0.0, 0.0, 0.0, 0.0, 0.19888162257464198, 0.023437499999999993, 0.125, 0.0, 0.18749999999999997, 0.0896737073860269, 0.0, 0.0, 0.23741577111285359, 0.0, 0.0, 0.0, 0.0, 0.0, 0.186935481255689, 0.0, 0.39794330643890397, 0.0, 0.062499999999999986, 0.0, 0.0, 0.0, 0.23695243934071233, 0.0, 0.0, 0.0, 0.0, 0.0, 0.0, 0.0, 0.23228193715485457, 0.0, 0.0, 0.0, 0.0, 0.0, 0.22049219727975736, 0.0, 0.2297017839004789, 0.0, 0.0, 0.0, 0.3119508713694951, 0.3420680104847402, 0.0], [0.0, 0.0, 0.0, 0.0, 0.0, 0.0, 0.0, 0.0, 0.0, 0.0, 0.0, 0.0, 0.0, 0.0, 0.0, 1.0, 0.0, 0.0, 0.0, 0.0, 0.0, 0.0, 0.0, 0.0, 0.0, 0.0, 0.0, 0.0, 0.0, 0.0, 0.0, 0.0, 0.0, 0.0, 0.0, 0.0, 0.0, 0.0, 0.0, 0.0, 0.0, 0.0, 0.0, 0.0, 0.0, 0.0, 0.0, 0.0, 0.0, 0.0, 0.0, 0.0, 0.0, 0.0, 0.0, 0.0, 0.0, 0.0, 0.0, 0.0, 0.0, 0.0, 0.0, 0.0, 0.0, 0.0, 0.0, 0.0, 0.0, 0.0, 0.0, 0.0, 0.0, 0.0, 0.0, 0.0, 0.0, 0.0, 0.0, 0.0, 0.0, 0.0, 0.0, 0.0], [0.0, 0.0, 0.0, 0.0, 0.0, 0.0, 0.0, 0.0, 0.0, 0.0, 0.0, 0.0, 0.0, 0.0, 0.0, 0.0, 1.0, 0.0, 0.0, 0.0, 0.0, 0.0, 0.0, 0.0, 0.0, 0.0, 0.0, 0.0, 0.0, 0.0, 0.0, 0.0, 0.0, 0.0, 0.0, 0.0, 0.0, 0.0, 0.0, 0.0, 0.0, 0.0, 0.0, 0.0, 0.0, 0.0, 0.0, 0.0, 0.0, 0.0, 0.0, 0.0, 0.0, 0.0, 0.0, 0.0, 0.0, 0.0, 0.0, 0.0, 0.0, 0.0, 0.0, 0.0, 0.0, 0.0, 0.0, 0.0, 0.0, 0.0, 0.0, 0.0, 0.0, 0.0, 0.0, 0.0, 0.0, 0.0, 0.0, 0.0, 0.0, 0.0, 0.0, 0.0], [0.0, 0.0, 0.0, 0.7558314118518846, 0.0, 0.0, 0.0, 0.0, 0.0, 0.5784571503526538, 0.0, 0.584801667033618, 0.002763753189609913, 0.0, 0.27074238807852957, 0.0, 0.0, 1.0, 0.003709846158448314, 0.6410726534038333, 0.26723684519771196, 0.0003589063144680602, 0.000692845140566096, 0.0, 0.006016723489670333, 0.40340844311788293, 0.0, 0.009410416185125524, 0.0, 0.8203133573766449, 0.0, 0.10323505087482203, 0.0, 0.0037464360737595875, 0.0, 0.0, 0.0, 0.0, 0.0, 0.6501870036412905, 0.032401698038202434, 0.06899926536961555, 0.0, 0.1363772666636165, 0.8344567774097478, 0.0003116686133781872, 0.0026913037233399426, 0.46651160004404935, 0.0, 0.0, 0.0, 0.0, 0.002155738515861198, 0.8366228421439115, 0.0, 0.49963271374191176, 0.0, 0.06200725415351526, 0.0, 0.004508998471869955, 0.0019333133172307012, 0.6789527483931661, 0.0, 0.006128992372749649, 0.0, 0.0, 0.0, 0.0027146248008062313, 0.0, 0.42674718468596046, 0.00039878004293868196, 0.0, 0.0026162093079457756, 0.0, 0.0, 0.32491597314629717, 0.0, 0.31548704653542026, 0.0029676720056418682, 0.0, 2.2126056865860773e-05, 0.6178541229886946, 0.6232270427345155, 0.0], [0.0, 0.0, 0.0, 0.004221264924614963, 0.0, 0.0, 0.0, 0.0, 0.0, 0.0031340989436546163, 0.0, 0.003734024264172826, 0.00146484375, 0.0, 0.0, 0.0, 0.0, 0.003709846158448314, 1.0, 0.003136593442487525, 0.0009765625, 0.0002753435296714431, 0.00038075013107524453, 0.0, 0.0, 0.0, 0.0, 0.002922035996349665, 0.0, 0.0010837300502948273, 0.0, 0.0, 0.0, 6.103515624999999e-05, 0.0, 0.0, 0.0, 0.0, 0.0, 0.0046377459949797925, 0.0, 0.0005143761591025757, 0.0, 0.0, 0.0027335694532426022, 0.0005829214021216898, 0.0013292286486063737, 0.0, 0.0, 0.0, 0.0, 0.0, 0.0006463993719021562, 0.0019891992461266352, 0.0, 0.005873513700048102, 0.0, 0.0010963699206793197, 0.0, 0.0020141601562499996, 0.0009765625000000002, 0.005392158764262949, 0.0, 0.001485408427825419, 0.0, 0.0, 0.0, 0.0009765625, 0.0, 0.003470846702309591, 0.00019793872828757918, 0.0, 0.0008375550835832669, 0.0, 0.0, 0.004987993003430113, 0.0, 0.001026577419704861, 0.0015917149452961904, 0.0, 3.0517578125e-05, 0.0, 0.0022877515534174154, 0.0], [0.0, 0.0, 0.0, 0.5297870145200286, 0.0, 0.0, 0.0, 0.0, 0.0, 0.5218057983420876, 0.0, 0.2272300095826525, 0.001982383394089027, 0.0, 0.3099306449099492, 0.0, 0.0, 0.6410726534038333, 0.003136593442487525, 1.0, 0.3053844909970834, 0.000485111977997559, 0.00032370427693978655, 0.0, 0.01315869586442808, 0.6206407722146621, 0.0, 0.011359868388671436, 0.0, 0.7424869832507257, 0.0, 0.06449658164322292, 0.0, 0.0008619790881921292, 0.0, 0.0, 0.0, 0.0, 0.0, 0.48364392799265543, 0.048702749337202006, 0.02480586661908389, 0.0, 0.08591464528954233, 0.6421525175044884, 0.0004176258745435973, 0.0007026793093664312, 0.41165564414945055, 0.0, 0.0, 0.0, 0.0, 0.000510808713043774, 0.6651146796120248, 0.0, 0.7668171713078032, 0.0, 0.06373594892120815, 0.0, 0.0026281581533759354, 0.003896000369620445, 0.3468888823926231, 0.0, 0.0031226554511347895, 0.0, 0.0, 0.0, 0.0006895246588135747, 0.0, 0.2794749537985644, 0.00047501144370984383, 0.0, 0.0004885563941930204, 0.0, 0.0, 0.1927075691671368, 0.0, 0.5347444688698981, 0.0021273203325419023, 0.0, 7.475249459177179e-05, 0.8331184571840251, 0.4260892236471632, 0.0], [0.0, 0.0, 0.0, 0.3468953402809081, 0.0, 0.0, 0.0, 0.0, 0.0, 0.2782080465680557, 0.0, 0.26859188119518396, 0.0009765625000000002, 0.0, 0.4640767839004789, 0.0, 0.0, 0.26723684519771196, 0.0009765625, 0.3053844909970834, 1.0, 0.0, 0.0, 0.0, 0.0, 0.3493082307041797, 0.0, 0.0011954251409201666, 0.0, 0.24861776647796835, 0.0, 0.03125, 0.0, 0.0, 0.0, 0.0, 0.0, 0.0, 0.0, 0.16369379800428485, 0.0, 0.03125, 0.0, 0.09375, 0.2866288598404053, 0.0, 0.0, 0.21892043172787048, 0.0, 0.0, 0.0, 0.0, 0.0, 0.2126677257963297, 0.0, 0.41396700133878767, 0.0, 0.06359636992067931, 0.0, 0.0, 0.0009765625, 0.30769589165365124, 0.0, 0.0009765625000000002, 0.0, 0.0, 0.0, 0.00390625, 0.0, 0.2407962021303367, 0.0, 0.0, 0.0, 0.0, 0.0, 0.40626230575689615, 0.0, 0.1259765625, 0.002577062292384308, 0.0, 0.0, 0.2514189548140882, 0.2222797481763173, 0.0], [0.0, 0.0, 0.0, 9.776096071453211e-05, 0.0, 0.0, 0.0, 0.0, 0.0, 0.00015331188064881166, 0.0, 0.00040092226717924125, 0.0, 0.0, 0.0, 0.0, 0.0, 0.0003589063144680602, 0.0002753435296714431, 0.000485111977997559, 0.0, 1.0, 0.0, 0.0, 0.0, 0.0, 0.0, 0.0005422534451498913, 0.0, 0.0004994499501039943, 0.0, 0.0, 0.0, 0.0, 0.0, 0.0, 0.0, 0.0, 0.0, 0.0003120282247635769, 0.0, 0.0005470587498766621, 0.0, 0.0, 0.00034178491769776585, 0.00018310546874999997, 0.00027356611846948096, 0.0, 0.0, 0.0, 0.0, 0.0, 0.00042724609374999995, 3.749532763676116e-05, 0.0, 4.123900188876992e-05, 0.0, 0.0, 0.0, 0.0, 0.0, 0.00045410312814215273, 0.0, 3.749532763676116e-05, 0.0, 0.0, 0.0, 0.0, 0.0, 0.0005074975221205406, 0.0, 0.0, 0.0, 0.0, 0.0, 0.0002757750575859809, 0.0, 6.061265767079238e-05, 0.0, 0.0, 3.749532763676115e-05, 0.0, 0.00022191911086381206, 0.0], [0.0, 0.0, 0.0, 0.00031234195670846445, 0.0, 0.0, 0.0, 0.0, 0.0, 0.0007202726479776328, 0.0, 0.000771464588099095, 0.0, 0.0, 0.0, 0.0, 0.0, 0.000692845140566096, 0.00038075013107524453, 0.00032370427693978655, 0.0, 0.0, 1.0, 0.0, 0.0, 0.0, 0.0, 0.0002308458794194105, 0.0, 8.587193671589168e-05, 0.0, 0.0, 0.0, 6.103515625e-05, 0.0, 0.0, 0.0, 0.0, 0.0, 0.00013647875839232113, 0.0, 0.00030517578125, 0.0, 0.0, 2.8750073436725797e-05, 9.552528884759899e-05, 0.0003187426903859551, 0.0, 0.0, 0.0, 0.0, 0.0, 6.103515624999999e-05, 0.0009765624999999997, 0.0, 0.0, 0.0, 0.0, 0.0, 6.103515625e-05, 0.0, 0.0006681101775757641, 0.0, 0.00048828125, 0.0, 0.0, 0.0, 0.0, 0.0, 0.00019036556315381033, 0.0002829616248033014, 0.0, 0.00038813101117329905, 0.0, 0.0, 0.0012008128462662148, 0.0, 0.0, 0.0, 0.0, 0.0, 0.0, 0.0007104485443402339, 0.0], [0.0, 0.0, 0.0, 0.0, 0.0, 0.0, 0.0, 0.0, 0.0, 0.0, 0.0, 0.0, 0.0, 0.0, 0.0, 0.0, 0.0, 0.0, 0.0, 0.0, 0.0, 0.0, 0.0, 1.0, 0.0, 0.0, 0.0, 0.0, 0.0, 0.0, 0.0, 0.0, 0.0, 0.0, 0.0, 0.0, 0.0, 0.0, 0.0, 0.0, 0.0, 0.0, 0.0, 0.0, 0.0, 0.0, 0.0, 0.0, 0.0, 0.0, 0.0, 0.0, 0.0, 0.0, 0.0, 0.0, 0.0, 0.0, 0.0, 0.0, 0.0, 0.0, 0.0, 0.0, 0.0, 0.0, 0.0, 0.0, 0.0, 0.0, 0.0, 0.0, 0.0, 0.0, 0.0, 0.0, 0.0, 0.0, 0.0, 0.0, 0.0, 0.0, 0.0, 0.0], [0.0, 0.0, 0.0, 0.011981829591378154, 0.0, 0.0, 0.0, 0.0, 0.0, 0.012058494267832648, 0.0, 0.006609044946689413, 0.0, 0.0, 0.0, 0.0, 0.0, 0.006016723489670333, 0.0, 0.01315869586442808, 0.0, 0.0, 0.0, 0.0, 1.0, 0.0, 0.0, 0.003966433137676592, 0.0, 0.008038996178555101, 0.0, 0.0, 0.0, 0.0, 0.0, 0.0, 0.0, 0.0, 0.0, 0.006378879538497859, 0.0, 0.0, 0.0, 0.0, 0.009459757599116787, 0.0, 0.0, 0.0, 0.0, 0.0, 0.0, 0.0, 0.0, 0.00071980413682283, 0.0, 0.0050873348150696895, 0.0, 0.0, 0.0, 0.0, 0.0, 0.007205222873694723, 0.0, 0.0, 0.0, 0.0, 0.0, 0.0, 0.0, 0.00032067731260500027, 0.0, 0.0, 0.0, 0.0, 0.0, 0.0071985838197211, 0.0, 0.00855588369616068, 0.0, 0.0, 0.0, 0.0, 0.005079869389423528, 0.0], [0.0, 0.0, 0.0, 0.31627728534164185, 0.0, 0.0, 0.0, 0.0, 0.0, 0.38822413954230217, 0.0, 0.28291758165206193, 0.0, 0.0, 0.43685675707097743, 0.0, 0.0, 0.40340844311788293, 0.0, 0.6206407722146621, 0.3493082307041797, 0.0, 0.0, 0.0, 0.0, 1.0, 0.0, 0.0, 0.0, 0.48644789450935627, 0.0, 0.125, 0.0, 0.0, 0.0, 0.0, 0.0, 0.0, 0.0, 0.28178624523364926, 0.0, 0.125, 0.0, 0.2528300263499714, 0.3446888475828475, 0.0, 0.0, 0.2927236454335891, 0.0, 0.0, 0.0, 0.0, 0.0, 0.4250241790647876, 0.0, 0.7044310890736579, 0.0, 0.10129926616412832, 0.0, 0.0, 0.0, 0.08593434708148912, 0.0, 0.0, 0.0, 0.0, 0.0, 0.0, 0.0, 0.2597882936872077, 0.0, 0.0, 0.0, 0.0, 0.0, 0.262733839331615, 0.0, 0.4969666049661817, 0.0, 0.0, 0.0, 0.6528887615252822, 0.3146820498510571, 0.0], [0.0, 0.0, 0.0, 0.0, 0.0, 0.0, 0.0, 0.0, 0.0, 0.0, 0.0, 0.0, 0.0, 0.0, 0.0, 0.0, 0.0, 0.0, 0.0, 0.0, 0.0, 0.0, 0.0, 0.0, 0.0, 0.0, 1.0, 0.0, 0.0, 0.0, 0.0, 0.0, 0.0, 0.0, 0.0, 0.0, 0.0, 0.0, 0.0, 0.0, 0.0, 0.0, 0.0, 0.0, 0.0, 0.0, 0.0, 0.0, 0.0, 0.0, 0.0, 0.0, 0.0, 0.0, 0.0, 0.0, 0.0, 0.0, 0.0, 0.0, 0.0, 0.0, 0.0, 0.0, 0.0, 0.0, 0.0, 0.0, 0.0, 0.0, 0.0, 0.0, 0.0, 0.0, 0.0, 0.0, 0.0, 0.0, 0.0, 0.0, 0.0, 0.0, 0.0, 0.0], [0.0, 0.0, 0.0, 0.0022298804760776045, 0.0, 0.0, 0.0, 0.0, 0.0, 0.010886260116409464, 0.0, 0.008547087890921018, 0.004583898544872436, 0.0, 0.0, 0.0, 0.0, 0.009410416185125524, 0.002922035996349665, 0.011359868388671436, 0.0011954251409201666, 0.0005422534451498913, 0.0002308458794194105, 0.0, 0.003966433137676592, 0.0, 0.0, 1.0, 0.0, 0.014067684352209203, 0.0, 0.0, 0.0, 0.0030092403881288345, 0.0, 0.0, 0.0, 0.0, 0.0, 0.01339625028923063, 0.0, 0.001009602577251845, 0.0, 0.0, 0.00786743184829811, 0.00025350852538839116, 0.0011048831714252764, 0.0, 0.0, 0.0, 0.0, 0.0, 0.001408053460554861, 0.02090125921991408, 0.0, 0.006916490993739202, 0.0, 0.0010935493090581455, 0.0, 0.002194663847303226, 0.001046693895136317, 0.011672176998543107, 0.0, 0.004111621795412867, 0.0, 0.0, 0.0, 0.001195425140920167, 0.0, 0.018140552560001626, 0.00020763386899484506, 0.0, 0.0012064767414119116, 0.0, 0.0, 0.008437402916064145, 0.0, 0.007399089774049256, 0.0020034251980148177, 0.0, 7.279332426226975e-05, 0.0, 0.006275076251482788, 0.0], [0.0, 0.0, 0.0, 0.0, 0.0, 0.0, 0.0, 0.0, 0.0, 0.0, 0.0, 0.0, 0.0, 0.0, 0.0, 0.0, 0.0, 0.0, 0.0, 0.0, 0.0, 0.0, 0.0, 0.0, 0.0, 0.0, 0.0, 0.0, 1.0, 0.0, 0.0, 0.0, 0.0, 0.0, 0.0, 0.0, 0.0, 0.0, 0.0, 0.0, 0.0, 0.0, 0.0, 0.0, 0.0, 0.0, 0.0, 0.0, 0.0, 0.0, 0.0, 0.0, 0.0, 0.0, 0.0, 0.0, 0.0, 0.0, 0.0, 0.0, 0.0, 0.0, 0.0, 0.0, 0.0, 0.0, 0.0, 0.0, 0.0, 0.0, 0.0, 0.0, 0.0, 0.0, 0.0, 0.0, 0.0, 0.0, 0.0, 0.0, 0.0, 0.0, 0.0, 0.0], [0.0, 0.0, 0.0, 0.7424146357211181, 0.0, 0.0, 0.0, 0.0, 0.0, 0.6420633124079105, 0.0, 0.4701364374043637, 0.0013000572335173676, 0.0, 0.2057803707929347, 0.0, 0.0, 0.8203133573766449, 0.0010837300502948273, 0.7424869832507257, 0.24861776647796835, 0.0004994499501039943, 8.587193671589168e-05, 0.0, 0.008038996178555101, 0.48644789450935627, 0.0, 0.014067684352209203, 0.0, 1.0, 0.0, 0.021698238079428854, 0.0, 0.0008130225837222488, 0.0, 0.0, 0.0, 0.0, 0.0, 0.5749452511154658, 0.02950896486534878, 0.01758545767825005, 0.0, 0.08002776043455803, 0.8609143342318535, 0.000494123972217867, 0.0018330718343226888, 0.5702184023534518, 0.0, 0.0, 0.0, 0.0, 0.0015223992692471975, 0.8373706132290964, 0.0, 0.5879128038101433, 0.0, 0.06742690846372781, 0.0, 0.0031012660733253754, 0.005654920855969709, 0.6400053841884763, 0.0, 0.005473814944904281, 0.0, 0.0, 0.0, 0.001529921926478207, 0.0, 0.33823138980540246, 0.00048061850852234385, 0.0, 0.0014808984965262557, 0.0, 0.0, 0.22014258988633872, 0.0, 0.44189306130955197, 0.0011442697181611346, 0.0, 4.463803966330536e-05, 0.8102439178053973, 0.44748206589755846, 0.0], [0.0, 0.0, 0.0, 0.0, 0.0, 0.0, 0.0, 0.0, 0.0, 0.0, 0.0, 0.0, 0.0, 0.0, 0.0, 0.0, 0.0, 0.0, 0.0, 0.0, 0.0, 0.0, 0.0, 0.0, 0.0, 0.0, 0.0, 0.0, 0.0, 0.0, 1.0, 0.0, 0.0, 0.0, 0.0, 0.0, 0.0, 0.0, 0.0, 0.0, 0.0, 0.0, 0.0, 0.0, 0.0, 0.0, 0.0, 0.0, 0.0, 0.0, 0.0, 0.0, 0.0, 0.0, 0.0, 0.0, 0.0, 0.0, 0.0, 0.0, 0.0, 0.0, 0.0, 0.0, 0.0, 0.0, 0.0, 0.0, 0.0, 0.0, 0.0, 0.0, 0.0, 0.0, 0.0, 0.0, 0.0, 0.0, 0.0, 0.0, 0.0, 0.0, 0.0, 0.0], [0.0, 0.0, 0.0, 0.08327182127383882, 0.0, 0.0, 0.0, 0.0, 0.0, 0.07176946743140117, 0.0, 0.08980756579930939, 0.0, 0.0, 0.1875, 0.0, 0.0, 0.10323505087482203, 0.0, 0.06449658164322292, 0.03125, 0.0, 0.0, 0.0, 0.0, 0.125, 0.0, 0.0, 0.0, 0.021698238079428854, 0.0, 1.0, 0.0, 0.0, 0.0, 0.0, 0.0, 0.0, 0.0, 0.09652385333095105, 0.015625000000000003, 0.125, 0.0, 0.125, 0.029948624449297266, 0.0, 0.0, 0.05292630268421565, 0.0, 0.0, 0.0, 0.0, 0.0, 0.08750270574459582, 0.0, 0.04866090884682631, 0.0, 0.0, 0.0, 0.0, 0.0, 0.06677491416463521, 0.0, 0.0, 0.0, 0.0, 0.0, 0.0, 0.0, 0.0273126560806375, 0.0, 0.0, 0.0, 0.0, 0.0, 0.09756616012588712, 0.0, 0.015625, 0.0, 0.0, 0.0, 0.0489808706872684, 0.1585189888004484, 0.0], [0.0, 0.0, 0.0, 0.0, 0.0, 0.0, 0.0, 0.0, 0.0, 0.0, 0.0, 0.0, 0.0, 0.0, 0.0, 0.0, 0.0, 0.0, 0.0, 0.0, 0.0, 0.0, 0.0, 0.0, 0.0, 0.0, 0.0, 0.0, 0.0, 0.0, 0.0, 0.0, 1.0, 0.0, 0.0, 0.0, 0.0, 0.0, 0.0, 0.0, 0.0, 0.0, 0.0, 0.0, 0.0, 0.0, 0.0, 0.0, 0.0, 0.0, 0.0, 0.0, 0.0, 0.0, 0.0, 0.0, 0.0, 0.0, 0.0, 0.0, 0.0, 0.0, 0.0, 0.0, 0.0, 0.0, 0.0, 0.0, 0.0, 0.0, 0.0, 0.0, 0.0, 0.0, 0.0, 0.0, 0.0, 0.0, 0.0, 0.0, 0.0, 0.0, 0.0, 0.0], [0.0, 0.0, 0.0, 0.002603641586555826, 0.0, 0.0, 0.0, 0.0, 0.0, 0.0012331493941416581, 0.0, 0.0029104888902477884, 0.0, 0.0, 0.0, 0.0, 0.0, 0.0037464360737595875, 6.103515624999999e-05, 0.0008619790881921292, 0.0, 0.0, 6.103515625e-05, 0.0, 0.0, 0.0, 0.0, 0.0030092403881288345, 0.0, 0.0008130225837222488, 0.0, 0.0, 0.0, 1.0, 0.0, 0.0, 0.0, 0.0, 0.0, 0.001976872023627382, 0.0, 6.103515624999999e-05, 0.0, 0.0, 0.005055988209616333, 6.0264276185733576e-05, 0.0002398968377116991, 0.0, 0.0, 0.0, 0.0, 0.0, 6.103515625e-05, 0.003621952447091548, 0.0, 0.0, 0.0, 0.0, 0.0, 0.007645091658690372, 0.0020633300546907, 0.0018585698712313872, 0.0, 0.007865805363123517, 0.0, 0.0, 0.0, 0.0, 0.0, 0.003916403991796456, 0.0, 0.0, 0.0, 0.0, 0.0, 0.001995261806143897, 0.0, 0.0027220398087441163, 0.0, 0.0, 0.0, 0.0, 0.0001479411468414167, 0.0], [0.0, 0.0, 0.0, 0.0, 0.0, 0.0, 0.0, 0.0, 0.0, 0.0, 0.0, 0.0, 0.0, 0.0, 0.0, 0.0, 0.0, 0.0, 0.0, 0.0, 0.0, 0.0, 0.0, 0.0, 0.0, 0.0, 0.0, 0.0, 0.0, 0.0, 0.0, 0.0, 0.0, 0.0, 1.0, 0.0, 0.0, 0.0, 0.0, 0.0, 0.0, 0.0, 0.0, 0.0, 0.0, 0.0, 0.0, 0.0, 0.0, 0.0, 0.0, 0.0, 0.0, 0.0, 0.0, 0.0, 0.0, 0.0, 0.0, 0.0, 0.0, 0.0, 0.0, 0.0, 0.0, 0.0, 0.0, 0.0, 0.0, 0.0, 0.0, 0.0, 0.0, 0.0, 0.0, 0.0, 0.0, 0.0, 0.0, 0.0, 0.0, 0.0, 0.0, 0.0], [0.0, 0.0, 0.0, 0.0, 0.0, 0.0, 0.0, 0.0, 0.0, 0.0, 0.0, 0.0, 0.0, 0.0, 0.0, 0.0, 0.0, 0.0, 0.0, 0.0, 0.0, 0.0, 0.0, 0.0, 0.0, 0.0, 0.0, 0.0, 0.0, 0.0, 0.0, 0.0, 0.0, 0.0, 0.0, 1.0, 0.0, 0.0, 0.0, 0.0, 0.0, 0.0, 0.0, 0.0, 0.0, 0.0, 0.0, 0.0, 0.0, 0.0, 0.0, 0.0, 0.0, 0.0, 0.0, 0.0, 0.0, 0.0, 0.0, 0.0, 0.0, 0.0, 0.0, 0.0, 0.0, 0.0, 0.0, 0.0, 0.0, 0.0, 0.0, 0.0, 0.0, 0.0, 0.0, 0.0, 0.0, 0.0, 0.0, 0.0, 0.0, 0.0, 0.0, 0.0], [0.0, 0.0, 0.0, 0.0, 0.0, 0.0, 0.0, 0.0, 0.0, 0.0, 0.0, 0.0, 0.0, 0.0, 0.0, 0.0, 0.0, 0.0, 0.0, 0.0, 0.0, 0.0, 0.0, 0.0, 0.0, 0.0, 0.0, 0.0, 0.0, 0.0, 0.0, 0.0, 0.0, 0.0, 0.0, 0.0, 1.0, 0.0, 0.0, 0.0, 0.0, 0.0, 0.0, 0.0, 0.0, 0.0, 0.0, 0.0, 0.0, 0.0, 0.0, 0.0, 0.0, 0.0, 0.0, 0.0, 0.0, 0.0, 0.0, 0.0, 0.0, 0.0, 0.0, 0.0, 0.0, 0.0, 0.0, 0.0, 0.0, 0.0, 0.0, 0.0, 0.0, 0.0, 0.0, 0.0, 0.0, 0.0, 0.0, 0.0, 0.0, 0.0, 0.0, 0.0], [0.0, 0.0, 0.0, 0.0, 0.0, 0.0, 0.0, 0.0, 0.0, 0.0, 0.0, 0.0, 0.0, 0.0, 0.0, 0.0, 0.0, 0.0, 0.0, 0.0, 0.0, 0.0, 0.0, 0.0, 0.0, 0.0, 0.0, 0.0, 0.0, 0.0, 0.0, 0.0, 0.0, 0.0, 0.0, 0.0, 0.0, 1.0, 0.0, 0.0, 0.0, 0.0, 0.0, 0.0, 0.0, 0.0, 0.0, 0.0, 0.0, 0.0, 0.0, 0.0, 0.0, 0.0, 0.0, 0.0, 0.0, 0.0, 0.0, 0.0, 0.0, 0.0, 0.0, 0.0, 0.0, 0.0, 0.0, 0.0, 0.0, 0.0, 0.0, 0.0, 0.0, 0.0, 0.0, 0.0, 0.0, 0.0, 0.0, 0.0, 0.0, 0.0, 0.0, 0.0], [0.0, 0.0, 0.0, 0.0, 0.0, 0.0, 0.0, 0.0, 0.0, 0.0, 0.0, 0.0, 0.0, 0.0, 0.0, 0.0, 0.0, 0.0, 0.0, 0.0, 0.0, 0.0, 0.0, 0.0, 0.0, 0.0, 0.0, 0.0, 0.0, 0.0, 0.0, 0.0, 0.0, 0.0, 0.0, 0.0, 0.0, 0.0, 1.0, 0.0, 0.0, 0.0, 0.0, 0.0, 0.0, 0.0, 0.0, 0.0, 0.0, 0.0, 0.0, 0.0, 0.0, 0.0, 0.0, 0.0, 0.0, 0.0, 0.0, 0.0, 0.0, 0.0, 0.0, 0.0, 0.0, 0.0, 0.0, 0.0, 0.0, 0.0, 0.0, 0.0, 0.0, 0.0, 0.0, 0.0, 0.0, 0.0, 0.0, 0.0, 0.0, 0.0, 0.0, 0.0], [0.0, 0.0, 0.0, 0.6622305223890783, 0.0, 0.0, 0.0, 0.0, 0.0, 0.4732966175608101, 0.0, 0.706457200372465, 0.0013215279462623893, 0.0, 0.19888162257464198, 0.0, 0.0, 0.6501870036412905, 0.0046377459949797925, 0.48364392799265543, 0.16369379800428485, 0.0003120282247635769, 0.00013647875839232113, 0.0, 0.006378879538497859, 0.28178624523364926, 0.0, 0.01339625028923063, 0.0, 0.5749452511154658, 0.0, 0.09652385333095105, 0.0, 0.001976872023627382, 0.0, 0.0, 0.0, 0.0, 0.0, 1.0, 0.031045280288864344, 0.07278244451971748, 0.0, 0.15818171882303672, 0.7220138794847595, 0.0002374041446758087, 0.00043595364566057805, 0.43184129247122577, 0.0, 0.0, 0.0, 0.0, 0.0006361693794864243, 0.6113964362753042, 0.0, 0.47414306264671424, 0.0, 0.08687743077381417, 0.0, 0.0035908887420010435, 0.0018074615955510289, 0.7784186299356882, 0.0, 0.0035708900520024737, 0.0, 0.0, 0.0, 0.0008906707047013719, 0.0, 0.6058236191342699, 0.0, 0.0, 0.0003166686896762261, 0.0, 0.0, 0.39882141896445383, 0.0, 0.22820269396795698, 0.0015403460295139448, 0.0, 3.0517578124999997e-05, 0.4299892326515239, 0.741311133631172, 0.0], [0.0, 0.0, 0.0, 0.07104919768830686, 0.0, 0.0, 0.0, 0.0, 0.0, 0.028226016028493534, 0.0, 0.007812499999999999, 0.0, 0.0, 0.023437499999999993, 0.0, 0.0, 0.032401698038202434, 0.0, 0.048702749337202006, 0.0, 0.0, 0.0, 0.0, 0.0, 0.0, 0.0, 0.0, 0.0, 0.02950896486534878, 0.0, 0.015625000000000003, 0.0, 0.0, 0.0, 0.0, 0.0, 0.0, 0.0, 0.031045280288864344, 1.0, 0.0, 0.0, 0.0, 0.020858154307576388, 0.0, 0.0, 0.03180226910978651, 0.0, 0.0, 0.0, 0.0, 0.0, 0.04936862971618325, 0.0, 0.04758872727841559, 0.0, 0.0, 0.0, 0.0, 0.0, 0.04671692079784748, 0.0, 0.0, 0.0, 0.0, 0.0, 0.0, 0.0, 0.07989430803751353, 0.0, 0.0, 0.0, 0.0, 0.0, 0.06571880975954407, 0.0, 0.0234375, 0.0, 0.0, 0.0, 0.024980265470748723, 0.06018309350089743, 0.0], [0.0, 0.0, 0.0, 0.08079121142840094, 0.0, 0.0, 0.0, 0.0, 0.0, 0.010725435507418005, 0.0, 0.053015214312994614, 0.0, 0.0, 0.125, 0.0, 0.0, 0.06899926536961555, 0.0005143761591025757, 0.02480586661908389, 0.03125, 0.0005470587498766621, 0.00030517578125, 0.0, 0.0, 0.125, 0.0, 0.001009602577251845, 0.0, 0.01758545767825005, 0.0, 0.125, 0.0, 6.103515624999999e-05, 0.0, 0.0, 0.0, 0.0, 0.0, 0.07278244451971748, 0.0, 1.0, 0.0, 0.125, 0.02215502618561895, 0.00035030523082043777, 0.00044260867886682076, 0.03191056020004907, 0.0, 0.0, 0.0, 0.0, 0.0005493164062499999, 0.038430352123267605, 0.0, 0.028572295535850986, 0.0, 0.0, 0.0, 6.103515624999999e-05, 0.0, 0.05214524162581851, 0.0, 0.0010681152343750002, 0.0, 0.0, 0.0, 0.0, 0.0, 0.011672794260125954, 0.00028296162480330147, 0.0, 0.00038813101117329905, 0.0, 0.0, 0.08711740294181629, 0.0, 5.0014919704861116e-05, 0.0, 0.0, 3.0517578124999993e-05, 0.045210264578476135, 0.11042614442452166, 0.0], [0.0, 0.0, 0.0, 0.0, 0.0, 0.0, 0.0, 0.0, 0.0, 0.0, 0.0, 0.0, 0.0, 0.0, 0.0, 0.0, 0.0, 0.0, 0.0, 0.0, 0.0, 0.0, 0.0, 0.0, 0.0, 0.0, 0.0, 0.0, 0.0, 0.0, 0.0, 0.0, 0.0, 0.0, 0.0, 0.0, 0.0, 0.0, 0.0, 0.0, 0.0, 0.0, 1.0, 0.0, 0.0, 0.0, 0.0, 0.0, 0.0, 0.0, 0.0, 0.0, 0.0, 0.0, 0.0, 0.0, 0.0, 0.0, 0.0, 0.0, 0.0, 0.0, 0.0, 0.0, 0.0, 0.0, 0.0, 0.0, 0.0, 0.0, 0.0, 0.0, 0.0, 0.0, 0.0, 0.0, 0.0, 0.0, 0.0, 0.0, 0.0, 0.0, 0.0, 0.0], [0.0, 0.0, 0.0, 0.18145529575996022, 0.0, 0.0, 0.0, 0.0, 0.0, 0.07214112583081181, 0.0, 0.1469465229183422, 0.0, 0.0, 0.18749999999999997, 0.0, 0.0, 0.1363772666636165, 0.0, 0.08591464528954233, 0.09375, 0.0, 0.0, 0.0, 0.0, 0.2528300263499714, 0.0, 0.0, 0.0, 0.08002776043455803, 0.0, 0.125, 0.0, 0.0, 0.0, 0.0, 0.0, 0.0, 0.0, 0.15818171882303672, 0.0, 0.125, 0.0, 1.0, 0.09872805593429167, 0.0, 0.0, 0.21317647988321412, 0.0, 0.0, 0.0, 0.0, 0.0, 0.13097800953759053, 0.0, 0.036716597469133805, 0.0, 0.062499999999999986, 0.0, 0.0, 0.0, 0.20081888014133958, 0.0, 0.0, 0.0, 0.0, 0.0, 0.0, 0.0, 0.0732186615714068, 0.0, 0.0, 0.0, 0.0, 0.0, 0.1357578633329208, 0.0, 0.0, 0.0, 0.0, 0.0, 0.09129784838350756, 0.22031505483948427, 0.0], [0.0, 0.0, 0.0, 0.7442650449262393, 0.0, 0.0, 0.0, 0.0, 0.0, 0.6801041064567799, 0.0, 0.5927808155753294, 0.002865880767190454, 0.0, 0.0896737073860269, 0.0, 0.0, 0.8344567774097478, 0.0027335694532426022, 0.6421525175044884, 0.2866288598404053, 0.00034178491769776585, 2.8750073436725797e-05, 0.0, 0.009459757599116787, 0.3446888475828475, 0.0, 0.00786743184829811, 0.0, 0.8609143342318535, 0.0, 0.029948624449297266, 0.0, 0.005055988209616333, 0.0, 0.0, 0.0, 0.0, 0.0, 0.7220138794847595, 0.020858154307576388, 0.02215502618561895, 0.0, 0.09872805593429167, 1.0, 0.0002961320482730091, 0.0029697536629184323, 0.4818005146893823, 0.0, 0.0, 0.0, 0.0, 0.002104918917056437, 0.8849185210361399, 0.0, 0.42562786587598284, 0.0, 0.0776796207148087, 0.0, 0.006820537745060246, 0.007429513601310863, 0.7320906663932035, 0.0, 0.006531820942530736, 0.0, 0.0, 0.0, 0.0009275361272875841, 0.0, 0.5003659653068497, 0.00025405997642948853, 0.0, 0.0021467936370532918, 0.0, 0.0, 0.3525819372247465, 0.0, 0.33902475707245383, 0.001511806070892336, 0.0, 0.00012004578883798568, 0.6521951573655528, 0.5253884844282983, 0.0], [0.0, 0.0, 0.0, 0.0002291518653011772, 0.0, 0.0, 0.0, 0.0, 0.0, 0.0001415655839119564, 0.0, 0.0006330369411642659, 0.0, 0.0, 0.0, 0.0, 0.0, 0.0003116686133781872, 0.0005829214021216898, 0.0004176258745435973, 0.0, 0.00018310546874999997, 9.552528884759899e-05, 0.0, 0.0, 0.0, 0.0, 0.00025350852538839116, 0.0, 0.000494123972217867, 0.0, 0.0, 0.0, 6.0264276185733576e-05, 0.0, 0.0, 0.0, 0.0, 0.0, 0.0002374041446758087, 0.0, 0.00035030523082043777, 0.0, 0.0, 0.0002961320482730091, 1.0, 0.0004925270879704533, 0.0, 0.0, 0.0, 0.0, 0.0, 0.00021759560134759897, 0.0, 0.0, 0.0, 0.0, 0.0, 0.0, 2.3079935560493717e-05, 0.0, 0.0005623327871514823, 0.0, 9.552528884759899e-05, 0.0, 0.0, 0.0, 0.0, 0.0, 0.0001879469328449938, 0.0, 0.0, 0.0, 0.0, 0.0, 0.00035952326722640604, 0.0, 0.0, 0.0, 0.0, 0.0, 0.0, 0.00018087945182239948, 0.0], [0.0, 0.0, 0.0, 0.002526346247320682, 0.0, 0.0, 0.0, 0.0, 0.0, 0.0010178505701113193, 0.0, 0.0023028054089593627, 0.001953125, 0.0, 0.0, 0.0, 0.0, 0.0026913037233399426, 0.0013292286486063737, 0.0007026793093664312, 0.0, 0.00027356611846948096, 0.0003187426903859551, 0.0, 0.0, 0.0, 0.0, 0.0011048831714252764, 0.0, 0.0018330718343226888, 0.0, 0.0, 0.0, 0.0002398968377116991, 0.0, 0.0, 0.0, 0.0, 0.0, 0.00043595364566057805, 0.0, 0.00044260867886682076, 0.0, 0.0, 0.0029697536629184323, 0.0004925270879704533, 1.0, 0.0, 0.0, 0.0, 0.0, 0.0, 0.0022101044776989425, 0.0019060151383311673, 0.0, 0.0005915845047025222, 0.0, 0.0, 0.0, 0.0005628833153859552, 0.0, 0.0028807144586131166, 0.0, 0.00031874269038595517, 0.0, 0.0, 0.0, 0.0, 0.0, 0.0005003228601853177, 0.00026505266120815577, 0.0, 0.002711744703656903, 0.0, 0.0, 0.001585692370271548, 0.0, 0.0, 0.0, 0.0, 0.0, 0.0, 0.0024380568120616663, 0.0], [0.0, 0.0, 0.0, 0.31058241618909993, 0.0, 0.0, 0.0, 0.0, 0.0, 0.4388819207533571, 0.0, 0.18109574327540376, 0.0, 0.0, 0.23741577111285359, 0.0, 0.0, 0.46651160004404935, 0.0, 0.41165564414945055, 0.21892043172787048, 0.0, 0.0, 0.0, 0.0, 0.2927236454335891, 0.0, 0.0, 0.0, 0.5702184023534518, 0.0, 0.05292630268421565, 0.0, 0.0, 0.0, 0.0, 0.0, 0.0, 0.0, 0.43184129247122577, 0.03180226910978651, 0.03191056020004907, 0.0, 0.21317647988321412, 0.4818005146893823, 0.0, 0.0, 1.0, 0.0, 0.0, 0.0, 0.0, 0.0, 0.4597260286435173, 0.0, 0.3095688904210321, 0.0, 0.017471413945365298, 0.0, 0.0, 0.0, 0.4276737123908678, 0.0, 0.0, 0.0, 0.0, 0.0, 0.0, 0.0, 0.1507848727538073, 0.0, 0.0, 0.0, 0.0, 0.0, 0.4756432743595055, 0.0, 0.12867854027346776, 0.0, 0.0, 0.0, 0.4819043351857894, 0.6483826060198427, 0.0], [0.0, 0.0, 0.0, 0.0, 0.0, 0.0, 0.0, 0.0, 0.0, 0.0, 0.0, 0.0, 0.0, 0.0, 0.0, 0.0, 0.0, 0.0, 0.0, 0.0, 0.0, 0.0, 0.0, 0.0, 0.0, 0.0, 0.0, 0.0, 0.0, 0.0, 0.0, 0.0, 0.0, 0.0, 0.0, 0.0, 0.0, 0.0, 0.0, 0.0, 0.0, 0.0, 0.0, 0.0, 0.0, 0.0, 0.0, 0.0, 1.0, 0.0, 0.0, 0.0, 0.0, 0.0, 0.0, 0.0, 0.0, 0.0, 0.0, 0.0, 0.0, 0.0, 0.0, 0.0, 0.0, 0.0, 0.0, 0.0, 0.0, 0.0, 0.0, 0.0, 0.0, 0.0, 0.0, 0.0, 0.0, 0.0, 0.0, 0.0, 0.0, 0.0, 0.0, 0.0], [0.0, 0.0, 0.0, 0.0, 0.0, 0.0, 0.0, 0.0, 0.0, 0.0, 0.0, 0.0, 0.0, 0.0, 0.0, 0.0, 0.0, 0.0, 0.0, 0.0, 0.0, 0.0, 0.0, 0.0, 0.0, 0.0, 0.0, 0.0, 0.0, 0.0, 0.0, 0.0, 0.0, 0.0, 0.0, 0.0, 0.0, 0.0, 0.0, 0.0, 0.0, 0.0, 0.0, 0.0, 0.0, 0.0, 0.0, 0.0, 0.0, 1.0, 0.0, 0.0, 0.0, 0.0, 0.0, 0.0, 0.0, 0.0, 0.0, 0.0, 0.0, 0.0, 0.0, 0.0, 0.0, 0.0, 0.0, 0.0, 0.0, 0.0, 0.0, 0.0, 0.0, 0.0, 0.0, 0.0, 0.0, 0.0, 0.0, 0.0, 0.0, 0.0, 0.0, 0.0], [0.0, 0.0, 0.0, 0.0, 0.0, 0.0, 0.0, 0.0, 0.0, 0.0, 0.0, 0.0, 0.0, 0.0, 0.0, 0.0, 0.0, 0.0, 0.0, 0.0, 0.0, 0.0, 0.0, 0.0, 0.0, 0.0, 0.0, 0.0, 0.0, 0.0, 0.0, 0.0, 0.0, 0.0, 0.0, 0.0, 0.0, 0.0, 0.0, 0.0, 0.0, 0.0, 0.0, 0.0, 0.0, 0.0, 0.0, 0.0, 0.0, 0.0, 1.0, 0.0, 0.0, 0.0, 0.0, 0.0, 0.0, 0.0, 0.0, 0.0, 0.0, 0.0, 0.0, 0.0, 0.0, 0.0, 0.0, 0.0, 0.0, 0.0, 0.0, 0.0, 0.0, 0.0, 0.0, 0.0, 0.0, 0.0, 0.0, 0.0, 0.0, 0.0, 0.0, 0.0], [0.0, 0.0, 0.0, 0.0, 0.0, 0.0, 0.0, 0.0, 0.0, 0.0, 0.0, 0.0, 0.0, 0.0, 0.0, 0.0, 0.0, 0.0, 0.0, 0.0, 0.0, 0.0, 0.0, 0.0, 0.0, 0.0, 0.0, 0.0, 0.0, 0.0, 0.0, 0.0, 0.0, 0.0, 0.0, 0.0, 0.0, 0.0, 0.0, 0.0, 0.0, 0.0, 0.0, 0.0, 0.0, 0.0, 0.0, 0.0, 0.0, 0.0, 0.0, 1.0, 0.0, 0.0, 0.0, 0.0, 0.0, 0.0, 0.0, 0.0, 0.0, 0.0, 0.0, 0.0, 0.0, 0.0, 0.0, 0.0, 0.0, 0.0, 0.0, 0.0, 0.0, 0.0, 0.0, 0.0, 0.0, 0.0, 0.0, 0.0, 0.0, 0.0, 0.0, 0.0], [0.0, 0.0, 0.0, 0.0018888789403411987, 0.0, 0.0, 0.0, 0.0, 0.0, 0.0010012374631141428, 0.0, 0.0019442409510807288, 0.001953125, 0.0, 0.0, 0.0, 0.0, 0.002155738515861198, 0.0006463993719021562, 0.000510808713043774, 0.0, 0.00042724609374999995, 6.103515624999999e-05, 0.0, 0.0, 0.0, 0.0, 0.001408053460554861, 0.0, 0.0015223992692471975, 0.0, 0.0, 0.0, 6.103515625e-05, 0.0, 0.0, 0.0, 0.0, 0.0, 0.0006361693794864243, 0.0, 0.0005493164062499999, 0.0, 0.0, 0.002104918917056437, 0.00021759560134759897, 0.0022101044776989425, 0.0, 0.0, 0.0, 0.0, 0.0, 1.0, 0.0016618745133311673, 0.0, 0.0005915845047025222, 0.0, 0.0, 0.0, 0.00054931640625, 0.0, 0.0023144242251196207, 0.0, 6.103515624999999e-05, 0.0, 0.0, 0.0, 0.0, 0.0, 0.000737190244301397, 0.0, 0.0, 0.001953125, 0.0, 0.0, 0.0013033708758855647, 0.0, 0.0, 0.0, 0.0, 0.0, 0.0, 0.0020536137021302486, 0.0], [0.0, 0.0, 0.0, 0.82177356800314, 0.0, 0.0, 0.0, 0.0, 0.0, 0.6844221223793563, 0.0, 0.584214924154719, 0.002989004460003994, 0.0, 0.186935481255689, 0.0, 0.0, 0.8366228421439115, 0.0019891992461266352, 0.6651146796120248, 0.2126677257963297, 3.749532763676116e-05, 0.0009765624999999997, 0.0, 0.00071980413682283, 0.4250241790647876, 0.0, 0.02090125921991408, 0.0, 0.8373706132290964, 0.0, 0.08750270574459582, 0.0, 0.003621952447091548, 0.0, 0.0, 0.0, 0.0, 0.0, 0.6113964362753042, 0.04936862971618325, 0.038430352123267605, 0.0, 0.13097800953759053, 0.8849185210361399, 0.0, 0.0019060151383311673, 0.4597260286435173, 0.0, 0.0, 0.0, 0.0, 0.0016618745133311673, 1.0, 0.0, 0.5164136014020453, 0.0, 0.09621493455319305, 0.0, 0.00578408730648239, 0.0017162208335992047, 0.6985928452204553, 0.0, 0.005677212750949013, 0.0, 0.0, 0.0, 0.003363587968291474, 0.0, 0.4805274836776022, 0.00028296162480330147, 0.0, 0.0020500055245044665, 0.0, 0.0, 0.2930385127288736, 0.0, 0.38062966807845433, 0.0018416630210430838, 0.0, 0.0001220703125, 0.6271242746190688, 0.5135030341465017, 0.0], [0.0, 0.0, 0.0, 0.0, 0.0, 0.0, 0.0, 0.0, 0.0, 0.0, 0.0, 0.0, 0.0, 0.0, 0.0, 0.0, 0.0, 0.0, 0.0, 0.0, 0.0, 0.0, 0.0, 0.0, 0.0, 0.0, 0.0, 0.0, 0.0, 0.0, 0.0, 0.0, 0.0, 0.0, 0.0, 0.0, 0.0, 0.0, 0.0, 0.0, 0.0, 0.0, 0.0, 0.0, 0.0, 0.0, 0.0, 0.0, 0.0, 0.0, 0.0, 0.0, 0.0, 0.0, 1.0, 0.0, 0.0, 0.0, 0.0, 0.0, 0.0, 0.0, 0.0, 0.0, 0.0, 0.0, 0.0, 0.0, 0.0, 0.0, 0.0, 0.0, 0.0, 0.0, 0.0, 0.0, 0.0, 0.0, 0.0, 0.0, 0.0, 0.0, 0.0, 0.0], [0.0, 0.0, 0.0, 0.27371845740484946, 0.0, 0.0, 0.0, 0.0, 0.0, 0.34119921370901507, 0.0, 0.2328847402253947, 0.00158748189068278, 0.0, 0.39794330643890397, 0.0, 0.0, 0.49963271374191176, 0.005873513700048102, 0.7668171713078032, 0.41396700133878767, 4.123900188876992e-05, 0.0, 0.0, 0.0050873348150696895, 0.7044310890736579, 0.0, 0.006916490993739202, 0.0, 0.5879128038101433, 0.0, 0.04866090884682631, 0.0, 0.0, 0.0, 0.0, 0.0, 0.0, 0.0, 0.47414306264671424, 0.04758872727841559, 0.028572295535850986, 0.0, 0.036716597469133805, 0.42562786587598284, 0.0, 0.0005915845047025222, 0.3095688904210321, 0.0, 0.0, 0.0, 0.0, 0.0005915845047025222, 0.5164136014020453, 0.0, 1.0, 0.0, 0.04440480465016237, 0.0, 0.0019226496402831967, 0.0009958973859802577, 0.18485719669868145, 0.0, 0.0010409763851038404, 0.0, 0.0, 0.0, 0.0009180929027005503, 0.0, 0.3662406229590426, 0.0, 0.0, 0.0005915845047025222, 0.0, 0.0, 0.23307712863970576, 0.0, 0.5545700021783604, 0.0015568023976642532, 0.0, 0.00010876202963150097, 0.7303495467822327, 0.413422340187596, 0.0], [0.0, 0.0, 0.0, 0.0, 0.0, 0.0, 0.0, 0.0, 0.0, 0.0, 0.0, 0.0, 0.0, 0.0, 0.0, 0.0, 0.0, 0.0, 0.0, 0.0, 0.0, 0.0, 0.0, 0.0, 0.0, 0.0, 0.0, 0.0, 0.0, 0.0, 0.0, 0.0, 0.0, 0.0, 0.0, 0.0, 0.0, 0.0, 0.0, 0.0, 0.0, 0.0, 0.0, 0.0, 0.0, 0.0, 0.0, 0.0, 0.0, 0.0, 0.0, 0.0, 0.0, 0.0, 0.0, 0.0, 1.0, 0.0, 0.0, 0.0, 0.0, 0.0, 0.0, 0.0, 0.0, 0.0, 0.0, 0.0, 0.0, 0.0, 0.0, 0.0, 0.0, 0.0, 0.0, 0.0, 0.0, 0.0, 0.0, 0.0, 0.0, 0.0, 0.0, 0.0], [0.0, 0.0, 0.0, 0.10138108496775679, 0.0, 0.0, 0.0, 0.0, 0.0, 0.25168323802017195, 0.0, 0.23642953877386727, 0.0010963699206793193, 0.0, 0.062499999999999986, 0.0, 0.0, 0.06200725415351526, 0.0010963699206793197, 0.06373594892120815, 0.0635