"{\"names\": [\"172.217.10.1\", \"104.88.86.240\", \"38.93.140.48\", \"192.168.10.15\", \"104.88.108.223\", \"195.142.105.15\", \"172.217.12.163\", \"206.217.206.48\", \"172.217.6.228\", \"178.255.83.1\", \"74.119.118.82\", \"192.168.10.9\", \"172.217.7.6\", \"35.186.227.40\", \"31.13.71.36\", \"206.126.112.142\", \"151.101.2.49\", \"192.168.10.25\", \"172.217.3.98\", \"192.168.10.16\", \"72.30.202.150\", \"172.217.12.132\", \"50.31.164.173\", \"162.208.20.178\", \"23.15.4.16\", \"216.58.217.99\", \"172.217.6.198\", \"172.217.12.174\", \"169.46.44.40\", \"192.168.10.17\", \"52.84.143.130\", \"104.19.195.102\", \"216.200.232.61\", \"104.97.73.166\", \"152.163.13.79\", \"192.229.163.25\", \"74.119.118.86\", \"54.225.188.92\", \"188.165.145.88\", \"192.168.10.14\", \"8.43.72.98\", \"199.96.57.6\", \"68.67.178.110\", \"104.88.70.158\", \"192.168.10.19\", \"69.172.216.56\", \"157.240.18.35\", \"172.217.11.34\", \"185.54.150.20\", \"69.169.85.7\", \"198.232.124.194\", \"74.119.118.72\", \"172.217.12.134\", \"192.168.10.5\", \"23.111.9.30\", \"192.168.10.8\", \"151.101.66.2\", \"68.67.178.199\", \"213.239.195.215\", \"138.108.7.20\", \"52.84.145.87\", \"192.168.10.50\", \"52.84.145.198\", \"52.40.24.51\", \"212.77.100.137\", \"185.54.150.115\", \"172.217.10.138\", \"152.163.66.165\", \"52.84.137.78\", \"192.168.10.51\", \"68.67.178.109\", \"129.146.14.96\", \"54.152.24.232\", \"172.217.10.33\", \"52.8.229.108\", \"192.168.10.12\", \"64.147.131.201\", \"172.217.12.206\", \"68.67.180.12\", \"172.217.10.134\", \"38.69.238.16\", \"172.217.10.142\", \"192.168.10.3\", \"172.217.6.202\"], \"funcEdges\": [[1.0, 0.0, 0.0, 0.0, 0.0, 0.0, 0.0, 0.0, 0.0, 0.0, 0.0, 0.0, 0.0, 0.0, 0.0, 0.0, 0.0, 0.0, 0.0, 0.0, 0.0, 0.0, 0.0, 0.0, 0.0, 0.0, 0.0, 0.0, 0.0, 0.0, 0.0, 0.0, 0.0, 0.0, 0.0, 0.0, 0.0, 0.0, 0.0, 0.0, 0.0, 0.0, 0.0, 0.0, 0.0, 0.0, 0.0, 0.0, 0.0, 0.0, 0.0, 0.0, 0.0, 0.0, 0.0, 0.0, 0.0, 0.0, 0.0, 0.0, 0.0, 0.0, 0.0, 0.0, 0.0, 0.0, 0.0, 0.0, 0.0, 0.0, 0.0, 0.0, 0.0, 0.0, 0.0, 0.0, 0.0, 0.0, 0.0, 0.0, 0.0, 0.0, 0.0, 0.0], [0.0, 1.0, 0.0, 3.6696776684756927e-16, 0.0, 0.0, 0.0, 0.0, 2.369746341107955e-16, 4.099494253346645e-16, 5.80189416976382e-17, 2.093093254336767e-16, 0.0, 0.0, 1.5161584547902562e-16, 0.0, 0.0, 1.5501691977796678e-16, 2.6810598937804566e-16, 1.6370848736529093e-16, 8.946153247531918e-20, 6.604761696404829e-18, 0.0, 0.0, 1.2680356137526886e-18, 1.0622968402425924e-18, 5.917633678928185e-17, 4.0767323709109246e-16, 0.0, 2.1138745173008426e-16, 0.0, 0.0, 0.0, 0.0, 0.0, 0.0, 0.0, 0.0, 0.0, 2.0913046724897065e-16, 0.0, 1.5420479670066833e-17, 0.0, 0.0, 3.398002157654921e-16, 2.1952722773246678e-16, 5.367691948519153e-19, 1.6397923876261371e-18, 0.0, 0.0, 1.3877787807814457e-17, 4.336808689942018e-19, 0.0, 4.031429526963349e-16, 0.0, 2.6896127452320587e-16, 0.0, 0.0, 0.0, 0.0, 2.8327915739802458e-18, 2.9180824445598207e-16, 0.0, 0.0, 0.0, 0.0, 0.0, 0.0, 0.0, 2.6510662906322186e-16, 0.0, 0.0, 0.0, 0.0, 0.0, 1.5130871241982035e-16, 0.0, 2.3933444668939284e-16, 0.0, 0.0, 0.0, 5.1044107247228e-18, 4.783832780573964e-16, 0.0], [0.0, 0.0, 1.0, 1.6619959274955963e-05, 0.0, 4.622379912956975e-06, 3.1385568028478514e-05, 0.0, 0.0, 1.7705909028575375e-05, 0.0, 1.6846568283076237e-05, 0.0, 1.52587890625e-05, 0.0, 0.0, 0.0, 4.28910151871826e-05, 0.0, 3.307462670282217e-05, 0.0, 0.0, 0.0, 0.0, 0.0, 0.0, 0.0, 0.0, 0.0, 2.1757889598585804e-05, 0.0, 3.5686027042735927e-05, 1.220890081786179e-05, 0.0, 0.0, 0.0, 0.0, 0.0, 3.8146972656249983e-06, 2.5917545319041553e-05, 1.3799273656949451e-05, 7.770546376483064e-07, 0.0, 0.0, 1.82555583896282e-05, 0.0, 3.0424724554697475e-05, 6.874255828986022e-06, 0.0, 0.0, 0.0, 7.629394531249998e-06, 0.0, 1.2736023670947772e-05, 0.0, 1.3819889725311519e-05, 0.0, 5.961446824904359e-06, 0.0, 7.770546376483063e-07, 0.0, 3.176586933639816e-05, 0.0, 0.0, 7.629394531249998e-06, 0.0, 0.0, 0.0, 0.0, 1.725344018539884e-05, 4.46422269010583e-06, 0.0, 0.0, 0.0, 0.0, 1.7053613548097803e-05, 0.0, 1.7230720547121897e-05, 0.0, 7.770546376483064e-07, 1.0501911999540273e-05, 1.0684501267664214e-06, 3.655963982703711e-05, 0.0], [0.0, 3.6696776684756927e-16, 1.6619959274955963e-05, 1.0, 0.0, 1.1976373053202406e-05, 0.03640636104600216, 2.5994894516125382e-11, 5.674648982342957e-16, 0.2708023810665627, 0.00286154430091261, 0.6008929982827781, 1.985690450791753e-08, 4.268690319067319e-06, 3.221290668204216e-08, 0.0, 4.914158613885458e-07, 0.6557014755875799, 1.8971647136655952e-09, 0.6903970930259467, 0.11169755194451192, 2.6561490568938914e-08, 1.553092419967979e-08, 0.0, 0.14871667810277472, 3.002149591593294e-18, 1.946158530250319e-09, 0.07497857147535478, 7.193968472599552e-06, 0.6490775760558114, 0.24596804226643446, 0.0005732418617471948, 3.4272566552309387e-05, 0.001009819457241248, 0.0, 0.00027370208289229585, 0.2701456304701424, 8.504699411379973e-07, 5.879703137920785e-06, 0.35872685372080093, 3.234298519057118e-05, 0.0839201583183206, 1.768402838519571e-08, 1.9180680307564068e-15, 0.6176631238600443, 5.175443244369594e-09, 0.34484615230138793, 0.21284814547401837, 1.1338159290924893e-13, 0.09474095245652625, 0.00018047302611016674, 2.6768317748371328e-05, 2.5599083133500564e-23, 0.6759773122339503, 5.778698279426999e-15, 0.4720388337202437, 0.0, 0.004122537980667391, 0.0, 0.16204412431900714, 3.599116589019506e-17, 0.7018455236166639, 0.0, 1.6639277755440204e-08, 2.0595165819690595e-05, 1.27897692436818e-13, 4.605190876020915e-08, 0.0007009870871597552, 2.1323942975966453e-07, 0.5510064219647043, 0.00043962584328862634, 0.058900882729569864, 3.691182804789255e-23, 4.9433767997585825e-09, 0.0, 0.5467913404904865, 0.7053573241877219, 0.39205774881986477, 0.09126930189079649, 6.573720353540381e-07, 1.1942839914986772e-05, 4.111605043802183e-06, 0.497483196772622, 0.4599756413103368], [0.0, 0.0, 0.0, 0.0, 1.0, 0.0, 0.0, 0.0, 0.0, 0.0, 0.0, 0.0, 0.0, 0.0, 0.0, 0.0, 0.0, 0.0, 0.0, 0.0, 0.0, 0.0, 0.0, 0.0, 0.0, 0.0, 0.0, 0.0, 0.0, 0.0, 0.0, 0.0, 0.0, 0.0, 0.0, 0.0, 0.0, 0.0, 0.0, 0.0, 0.0, 0.0, 0.0, 0.0, 0.0, 0.0, 0.0, 0.0, 0.0, 0.0, 0.0, 0.0, 0.0, 0.0, 0.0, 0.0, 0.0, 0.0, 0.0, 0.0, 0.0, 0.0, 0.0, 0.0, 0.0, 0.0, 0.0, 0.0, 0.0, 0.0, 0.0, 0.0, 0.0, 0.0, 0.0, 0.0, 0.0, 0.0, 0.0, 0.0, 0.0, 0.0, 0.0, 0.0], [0.0, 0.0, 4.622379912956975e-06, 1.1976373053202406e-05, 0.0, 1.0, 2.386529023483826e-06, 0.0, 0.0, 1.4711908787759266e-05, 3.0229698453222216e-07, 4.185535317945742e-06, 1.713571580762411e-08, 3.8146972656249987e-06, 2.819113665334243e-08, 0.0, 2.196912382997185e-07, 1.0996639906791382e-05, 0.0, 8.083767826252346e-06, 1.50588498306248e-08, 5.609292302038779e-08, 0.0, 0.0, 8.372341606134334e-07, 0.0, 0.0, 0.0, 2.462376496764766e-06, 1.3203417566118485e-05, 6.550583924845854e-08, 3.848781449306957e-06, 4.5795062866117925e-06, 3.183003439736298e-07, 0.0, 0.0, 0.0, 7.436542106991062e-07, 5.318524509221358e-06, 7.88031788057231e-06, 1.3768972685263374e-05, 1.6019295766368485e-06, 0.0, 0.0, 7.162998694505932e-06, 0.0, 2.441535472430536e-06, 9.900205348442166e-06, 0.0, 0.0, 7.717870805462499e-06, 6.674114173264792e-06, 0.0, 1.7942011803197663e-05, 0.0, 1.4526156961431516e-05, 0.0, 0.0, 0.0, 2.440566032433995e-06, 0.0, 1.0419587613398687e-05, 0.0, 1.1240017354613125e-08, 1.8558462959834222e-06, 0.0, 2.636988822023008e-08, 0.0, 3.1222668054941364e-07, 9.458646575565859e-06, 6.926599186870595e-06, 0.0, 0.0, 0.0, 0.0, 9.71441556569091e-06, 0.0, 3.870826260152239e-06, 0.0, 7.335306336610077e-07, 7.98792132593302e-06, 7.179344791453296e-07, 7.880351937779479e-06, 0.0], [0.0, 0.0, 3.1385568028478514e-05, 0.03640636104600216, 0.0, 2.386529023483826e-06, 1.0, 9.094947017729282e-13, 0.0, 0.01533088628499531, 0.002392298552709937, 0.04502669048829063, 2.2959438139093144e-09, 0.0, 4.782977924161372e-10, 0.0, 1.2559919244729017e-07, 0.042573742892254615, 6.500663054139193e-10, 0.029196422590739256, 0.015748362097812482, 1.8429190335236692e-09, 1.4505082440344252e-08, 0.0, 0.015631872380939677, 0.0, 7.702768841590382e-10, 0.025631470920530357, 0.0, 0.024003889328279862, 5.4569682106375694e-12, 0.0062591336461062805, 6.595851297976116e-05, 0.002571654061726378, 0.0, 0.002179354735444442, 0.0007555357157312198, 6.195248213182763e-07, 1.3042334011653549e-06, 0.06255194864304543, 1.2245908825913542e-05, 0.017517660883086154, 1.4135748305734975e-08, 0.0, 0.026548140281573974, 4.527584422642328e-09, 0.021480351787596868, 0.055497202918038516, 1.1320332422660343e-13, 0.06339232274221347, 0.0001014721813655517, 7.3132244223338e-06, 0.0, 0.02906751156372596, 0.0, 0.052739860462578496, 0.0, 1.1171185960086713e-06, 0.0, 2.0980170237281062e-06, 0.0, 0.019993203079924516, 0.0, 0.0, 2.1051025913344067e-05, 1.702494323468802e-13, 0.0, 0.0021633595948563024, 1.4512435249660327e-07, 0.06155825455460112, 0.006048644370347464, 0.015625, 0.0, 5.111056123450661e-09, 0.0, 0.03293501215919214, 0.0255155181555238, 0.0004576676261721363, 0.015625000000000003, 2.2403101107227317e-06, 2.064691097103939e-06, 1.5850723355705813e-06, 0.05659810062007396, 0.0], [0.0, 0.0, 0.0, 2.5994894516125382e-11, 0.0, 0.0, 9.094947017729282e-13, 1.0, 0.0, 1.7228754543462767e-11, 1.8104657461346578e-11, 2.1457847933824983e-11, 0.0, 0.0, 0.0, 0.0, 0.0, 1.7164547619133654e-11, 5.593416679415534e-12, 1.3109590806428567e-11, 0.0, 0.0, 0.0, 0.0, 1.3517200084869807e-11, 0.0, 3.4560798667371267e-11, 0.0, 0.0, 1.8060054757296057e-11, 9.094947017729281e-13, 0.0, 1.1154378132685391e-11, 0.0, 0.0, 0.0, 0.0, 0.0, 0.0, 4.6059966724093474e-11, 0.0, 6.230002746359558e-13, 0.0, 0.0, 1.718211184735228e-11, 0.0, 3.4560798667371267e-11, 0.0, 0.0, 0.0, 0.0, 0.0, 0.0, 1.9779942621557585e-11, 0.0, 9.080585766251029e-12, 0.0, 0.0, 0.0, 3.4560798667371267e-11, 0.0, 2.6682719332375553e-11, 0.0, 0.0, 6.593901448437063e-12, 0.0, 0.0, 0.0, 0.0, 1.6577896400168496e-11, 0.0, 0.0, 0.0, 0.0, 0.0, 3.524762412752835e-11, 0.0, 0.0, 0.0, 0.0, 0.0, 1.364242052659392e-11, 1.1586590693537219e-11, 0.0], [0.0, 2.369746341107955e-16, 0.0, 5.674648982342957e-16, 0.0, 0.0, 0.0, 0.0, 1.0, 3.124515655952287e-16, 6.341326358890347e-17, 4.3532167805357055e-16, 0.0, 0.0, 4.54192663386297e-16, 0.0, 0.0, 3.2835304460027495e-16, 2.5694845041652906e-16, 3.635552577945727e-16, 0.0, 1.504114357680487e-17, 0.0, 0.0, 1.5228220713734976e-17, 6.9049294615768506e-18, 9.438303729380839e-17, 3.5515169003444345e-16, 0.0, 2.3068776292495446e-16, 0.0, 0.0, 0.0, 0.0, 0.0, 0.0, 0.0, 0.0, 0.0, 4.3949993308521553e-16, 0.0, 1.3877787807814457e-17, 0.0, 5.9893271347522955e-18, 3.7676908062997502e-16, 8.867590404784299e-17, 0.0, 0.0, 0.0, 0.0, 1.6672807137365527e-17, 0.0, 0.0, 1.0872884968937156e-16, 0.0, 4.772624586708632e-16, 0.0, 0.0, 0.0, 0.0, 9.634275485986296e-18, 2.9293033580690304e-16, 0.0, 0.0, 0.0, 0.0, 0.0, 0.0, 0.0, 3.761730026925883e-16, 0.0, 0.0, 0.0, 0.0, 0.0, 5.815377884914889e-16, 0.0, 1.6849892484065263e-16, 0.0, 0.0, 0.0, 0.0, 2.729233591866627e-16, 0.0], [0.0, 4.099494253346645e-16, 1.7705909028575375e-05, 0.2708023810665627, 0.0, 1.4711908787759266e-05, 0.01533088628499531, 1.7228754543462767e-11, 3.124515655952287e-16, 1.0, 0.0025669319809898516, 0.2015994890047177, 3.1106297673574774e-08, 6.178103105002715e-06, 1.2738353638219678e-08, 0.0, 5.026304976413058e-07, 0.29757211096622244, 5.335392061364166e-10, 0.19325917733682021, 0.05841023662687004, 1.7298912286289635e-08, 4.3682709689855265e-09, 0.0, 0.002259882373866131, 3.3976345875484716e-18, 1.6369493767675853e-09, 0.043525499138132015, 1.2223078462829618e-07, 0.16530766956937945, 0.13360420347953655, 0.006798699006194426, 3.028833798327217e-05, 0.002329338330753947, 0.0, 0.0028931311021471035, 0.12654407582890917, 4.354916508923673e-07, 8.371106604918342e-06, 0.2960783447404283, 2.413547187030003e-05, 0.01641190848094932, 7.659786562831682e-09, 3.470424646520506e-18, 0.14290634245824504, 1.0133573901550065e-08, 0.13068599335902487, 0.1022735678283602, 4.4558709779822674e-14, 0.012058774449531996, 0.0004534569224179136, 4.438512935733501e-05, 1.356929790852786e-23, 0.2263867279888664, 1.4933169428459742e-16, 0.5287425796899263, 0.0, 0.01290197699734704, 0.0, 4.881351195625614e-06, 2.7464276042492784e-17, 0.11248317053821394, 0.0, 1.1743738518681466e-09, 3.312710368157974e-05, 6.610953827896177e-14, 5.960464477545255e-08, 0.008315879970316235, 4.542458901274781e-07, 0.16967765317624747, 0.00073864851945366, 0.013174110090077356, 1.1026821484133862e-23, 8.356744761052148e-09, 0.0, 0.15822824025386753, 0.42157208533900375, 0.45669348236213564, 0.040343576522993925, 1.1844165847947338e-06, 1.4274145672548191e-05, 8.687799961627061e-06, 0.4628932134213053, 0.29474155945944724], [0.0, 5.80189416976382e-17, 0.0, 0.00286154430091261, 0.0, 3.0229698453222216e-07, 0.002392298552709937, 1.8104657461346578e-11, 6.341326358890347e-17, 0.0025669319809898516, 1.0, 0.0023920798455207854, 1.593304654151763e-09, 0.0, 1.862646329287265e-09, 0.0, 1.1869761867023369e-07, 0.0006915574497329035, 7.585551153247704e-12, 0.0009768342962438812, 2.227810461847528e-16, 1.7210149718814935e-17, 0.0, 0.0, 2.4123782625095745e-07, 2.2217892254435183e-18, 1.6845546935881334e-11, 0.0009765625000002804, 0.0, 0.0009766944060422807, 0.0, 1.1920928955078122e-07, 7.097523849443034e-12, 0.0009765624999999998, 0.0, 0.0009765625, 0.0, 2.4815392487837465e-07, 0.0, 0.0010252384622748527, 2.220446049250313e-16, 0.0009765643626451633, 0.0, 1.3877787807814457e-17, 0.002211824694784644, 1.4531646975107766e-17, 0.0009767609009317783, 2.828332443260388e-07, 0.0, 0.0, 1.734723475976807e-17, 1.4875131087175872e-19, 0.0, 0.0034355065622422992, 0.0, 4.6918955459967006e-07, 0.0, 0.0, 0.0, 1.6845307598251758e-11, 6.0037654734144456e-18, 0.001677325837626857, 0.0, 0.0, 1.1921656550839538e-07, 0.0, 4.002712650846036e-20, 0.0013525174413937383, 1.1920928955078122e-07, 0.002960940288986094, 2.1142308150509645e-19, 0.0, 0.0, 1.8626451492808025e-09, 0.0, 2.1307780747113596e-07, 0.0, 3.04826376145032e-17, 0.0, 0.0, 2.2204460492503136e-16, 1.1924197046236432e-07, 0.0031919786504157085, 0.0], [0.0, 2.093093254336767e-16, 1.6846568283076237e-05, 0.6008929982827781, 0.0, 4.185535317945742e-06, 0.04502669048829063, 2.1457847933824983e-11, 4.3532167805357055e-16, 0.2015994890047177, 0.0023920798455207854, 1.0, 1.82847805329256e-08, 3.8146972656249987e-06, 1.806080529725364e-08, 0.0, 0.0, 0.575359636354733, 1.0531056689751634e-09, 0.6327914077915483, 0.08203674401430884, 2.5512532287780646e-08, 3.79823136944602e-09, 0.0, 0.16961456906929706, 5.380505732542008e-18, 1.6021176287926528e-09, 0.05514736169798136, 0.0, 0.5718761420583613, 0.023016040454015688, 0.002329643201279403, 5.145169417928873e-05, 0.00263597477989413, 0.0, 0.003547844884624465, 0.2267784468228745, 0.0, 4.62154007419755e-06, 0.5462508921467775, 1.8897869074548745e-05, 0.10160908265712784, 6.058398167955412e-09, 3.30782189988387e-15, 0.861717740480219, 1.1325984033370241e-08, 0.14696460368524858, 0.1900778225642116, 3.283942588579779e-14, 0.09110579005409991, 5.446252809026073e-05, 3.702457198267676e-05, 2.634937828746262e-23, 0.5151831025476292, 8.95363012009029e-15, 0.33878120362513664, 0.0, 0.0019276732208658575, 0.0, 0.1144881590596854, 1.664664214559526e-17, 0.6743821619068164, 0.0, 2.9752654575187064e-08, 4.9011182842204744e-05, 4.6538547764761564e-14, 5.559330191503145e-08, 0.004840799557104144, 0.0, 0.7969939278382832, 0.007364474870627938, 0.036625635078772374, 2.916634401603188e-23, 3.833233858490847e-09, 0.0, 0.4521986318429069, 0.6740300103679906, 0.17643008945398747, 0.2820836479924942, 5.795772360138762e-07, 1.429205133805697e-05, 1.9160502854563218e-06, 0.19520206263487963, 0.27444826978869014], [0.0, 0.0, 0.0, 1.985690450791753e-08, 0.0, 1.713571580762411e-08, 2.2959438139093144e-09, 0.0, 0.0, 3.1106297673574774e-08, 1.593304654151763e-09, 1.82847805329256e-08, 1.0, 0.0, 8.194399743744395e-09, 0.0, 0.0, 2.0087959326192412e-08, 1.9562683653615304e-09, 2.90791596015352e-08, 1.1557694891756267e-08, 1.1380975073282907e-10, 3.7854630343284926e-09, 0.0, 7.577163452372547e-09, 0.0, 1.6330728219116849e-09, 6.212340951004797e-23, 0.0, 2.2276016074405954e-08, 8.585541839868305e-09, 5.386150266728353e-10, 0.0, 0.0, 0.0, 0.0, 0.0, 0.0, 0.0, 1.907312104320911e-08, 0.0, 1.6690777627372606e-08, 5.3986004859082596e-09, 0.0, 2.421749481292229e-08, 9.663434713492892e-09, 2.7873062044226754e-08, 8.585541839868305e-09, 0.0, 0.0, 0.0, 0.0, 2.6469779601696886e-23, 2.1010106407603274e-08, 0.0, 1.3286188108470172e-08, 0.0, 1.4858583123103477e-23, 0.0, 1.926087864321536e-09, 1.323488980084844e-23, 2.754826938869341e-08, 0.0, 6.936586888155741e-09, 4.44114615122027e-08, 0.0, 0.0, 1.3234889800848441e-23, 0.0, 2.0276349936867347e-08, 0.0, 0.0, 2.6469779601696886e-23, 9.052692786533051e-09, 0.0, 4.877258388714764e-08, 0.0, 1.3234889800848441e-23, 2.978957336212231e-23, 8.585541839868305e-09, 0.0, 1.3588120357491744e-08, 1.812266134993149e-08, 0.0], [0.0, 0.0, 1.52587890625e-05, 4.268690319067319e-06, 0.0, 3.8146972656249987e-06, 0.0, 0.0, 0.0, 6.178103105002715e-06, 0.0, 3.8146972656249987e-06, 0.0, 1.0, 0.0, 0.0, 0.0, 1.1768034168696575e-05, 0.0, 1.3237420917292924e-05, 0.0, 0.0, 0.0, 0.0, 0.0, 0.0, 0.0, 0.0, 0.0, 1.3351440429687502e-05, 0.0, 5.168448917735925e-06, 4.579506286611793e-06, 0.0, 0.0, 0.0, 0.0, 0.0, 3.8146972656249996e-06, 1.5058654011092341e-05, 5.550635049961486e-06, 0.0, 0.0, 0.0, 1.5222462657775514e-05, 0.0, 0.0, 4.989677210086353e-06, 0.0, 0.0, 0.0, 0.0, 0.0, 3.927853609515143e-06, 0.0, 3.7330634478683616e-06, 0.0, 0.0, 0.0, 0.0, 0.0, 4.895378201118445e-07, 0.0, 0.0, 0.0, 0.0, 0.0, 0.0, 0.0, 3.8146972656249987e-06, 4.46422269010583e-06, 0.0, 0.0, 0.0, 0.0, 1.1969978951305177e-05, 0.0, 3.8146972656249987e-06, 0.0, 0.0, 9.344061823971475e-06, 0.0, 5.8595625090004795e-06, 0.0], [0.0, 1.5161584547902562e-16, 0.0, 3.221290668204216e-08, 0.0, 2.819113665334243e-08, 4.782977924161372e-10, 0.0, 4.54192663386297e-16, 1.2738353638219678e-08, 1.862646329287265e-09, 1.806080529725364e-08, 8.194399743744395e-09, 0.0, 1.0, 0.0, 0.0, 4.384488428334152e-08, 8.420347831450722e-10, 1.976481884270784e-08, 7.358854497980852e-16, 2.0921422134028314e-08, 4.001196433925288e-10, 0.0, 9.912646494622796e-10, 7.425681676257505e-20, 8.45872523950275e-10, 4.1499807560953565e-15, 0.0, 1.559524240149766e-09, 1.7670603432702158e-08, 9.313225746180196e-10, 0.0, 0.0, 0.0, 0.0, 0.0, 0.0, 1.7670603432702155e-08, 2.808892369141598e-08, 1.2986172397679223e-15, 4.038051742313569e-09, 7.813681442741622e-10, 2.5410988417629006e-21, 7.636284710157885e-09, 1.1127116384108158e-16, 3.5636892225167545e-08, 4.329355706057673e-08, 2.6942160691306667e-14, 0.0, 2.650590514905324e-08, 1.7670636776395693e-08, 0.0, 1.1196922692173585e-08, 3.552713678800501e-15, 2.193099545910318e-08, 0.0, 8.4703294725430015e-22, 0.0, 4.656612873077392e-10, 0.0, 5.572988713874597e-08, 0.0, 0.0, 6.355862431541792e-09, 2.8421709430404014e-14, 5.8902011442854274e-09, 0.0, 0.0, 6.553882093335121e-08, 3.0928912768928776e-14, 0.0, 0.0, 2.793967723884355e-09, 0.0, 5.39273295683676e-08, 2.842170943040401e-14, 5.896951911629997e-16, 0.0, 5.890201144234052e-09, 1.2986169221305671e-15, 2.5320508905322956e-08, 4.7456539625951486e-08, 0.0], [0.0, 0.0, 0.0, 0.0, 0.0, 0.0, 0.0, 0.0, 0.0, 0.0, 0.0, 0.0, 0.0, 0.0, 0.0, 1.0, 0.0, 0.0, 0.0, 0.0, 0.0, 0.0, 0.0, 0.0, 0.0, 0.0, 0.0, 0.0, 0.0, 0.0, 0.0, 0.0, 0.0, 0.0, 0.0, 0.0, 0.0, 0.0, 0.0, 0.0, 0.0, 0.0, 0.0, 0.0, 0.0, 0.0, 0.0, 0.0, 0.0, 0.0, 0.0, 0.0, 0.0, 0.0, 0.0, 0.0, 0.0, 0.0, 0.0, 0.0, 0.0, 0.0, 0.0, 0.0, 0.0, 0.0, 0.0, 0.0, 0.0, 0.0, 0.0, 0.0, 0.0, 0.0, 0.0, 0.0, 0.0, 0.0, 0.0, 0.0, 0.0, 0.0, 0.0, 0.0], [0.0, 0.0, 0.0, 4.914158613885458e-07, 0.0, 2.196912382997185e-07, 1.2559919244729017e-07, 0.0, 0.0, 5.026304976413058e-07, 1.1869761867023369e-07, 0.0, 0.0, 0.0, 0.0, 0.0, 1.0, 5.124220951050184e-07, 0.0, 7.414208054252333e-08, 0.0, 0.0, 0.0, 0.0, 7.025342235195099e-07, 0.0, 0.0, 0.0, 0.0, 3.889141391841427e-07, 0.0, 0.0, 0.0, 5.840038639982171e-07, 0.0, 0.0, 0.0, 6.326708526647353e-07, 3.893359093321448e-07, 3.939067100307862e-07, 0.0, 0.0, 0.0, 0.0, 5.341644607650795e-07, 0.0, 1.4087513736201975e-07, 4.945925256302814e-07, 0.0, 0.0, 3.893359093321447e-07, 0.0, 0.0, 1.7793733838827908e-07, 0.0, 1.649385061349572e-07, 0.0, 0.0, 0.0, 5.840038639982172e-07, 0.0, 5.214994742239912e-07, 0.0, 0.0, 5.840038639982172e-07, 0.0, 0.0, 0.0, 0.0, 4.3408108544328643e-07, 0.0, 0.0, 0.0, 0.0, 0.0, 6.623437936025862e-07, 0.0, 0.0, 0.0, 3.0046750918035714e-07, 5.840038639982172e-07, 3.8933590933214475e-07, 7.932982798849903e-07, 0.0], [0.0, 1.5501691977796678e-16, 4.28910151871826e-05, 0.6557014755875799, 0.0, 1.0996639906791382e-05, 0.042573742892254615, 1.7164547619133654e-11, 3.2835304460027495e-16, 0.29757211096622244, 0.0006915574497329035, 0.575359636354733, 2.0087959326192412e-08, 1.1768034168696575e-05, 4.384488428334152e-08, 0.0, 5.124220951050184e-07, 1.0, 2.0307487949987778e-09, 0.6479157198557978, 0.05094554590872487, 2.5926472565396026e-08, 1.0895030046960194e-08, 0.0, 0.2611920848072144, 1.7684817990205827e-18, 1.1926197432273645e-09, 0.08700285923120968, 9.464585180393889e-07, 0.6167718807319349, 0.1983944819534145, 0.002442168776049418, 3.211484260149321e-05, 0.0019290229927920676, 0.0, 0.0010033202956191139, 0.19475172937447674, 1.0022121138661574e-06, 3.706702526686459e-06, 0.38930362816585395, 3.214647615789649e-05, 0.08810922956153724, 1.1900987067111212e-08, 4.9603021431934834e-15, 0.5260078668917785, 9.928652267370333e-09, 0.31262709037671715, 0.2348819092694403, 8.17094216435689e-14, 0.0674707037855648, 0.00042564292275712337, 2.0721341558034724e-05, 2.921570477759235e-23, 0.6347445864405488, 3.14291432676364e-15, 0.5172095574927736, 0.0, 0.002011720128878946, 0.0, 0.1408362583176666, 1.5790567826893374e-17, 0.7008725633839435, 0.0, 1.7705792907389236e-08, 5.3715451951579077e-05, 9.617607706302508e-14, 1.612491757365892e-08, 0.004742535428958627, 6.842888265074379e-08, 0.5794686238572071, 0.0002380308462749069, 0.055239737819395264, 3.54562476918951e-23, 1.3203357267493243e-08, 0.0, 0.555905101496332, 0.3587373094730054, 0.259233178711525, 0.1648636608633387, 1.6005689449133425e-06, 1.2898841358384781e-05, 2.3827976245131844e-06, 0.24615772742997133, 0.19011536857424874], [0.0, 2.6810598937804566e-16, 0.0, 1.8971647136655952e-09, 0.0, 0.0, 6.500663054139193e-10, 5.593416679415534e-12, 2.5694845041652906e-16, 5.335392061364166e-10, 7.585551153247704e-12, 1.0531056689751634e-09, 1.9562683653615304e-09, 0.0, 8.420347831450722e-10, 0.0, 0.0, 2.0307487949987778e-09, 1.0, 5.539378859522044e-10, 8.465186934163153e-16, 5.59021764946869e-10, 4.872860797434899e-10, 0.0, 3.701617609581479e-10, 0.0, 8.125495401720621e-10, 1.5924571462021917e-14, 0.0, 1.6601892074007e-09, 1.3642420526593924e-12, 4.681483095956657e-10, 3.6483147973196616e-11, 8.271806125530276e-25, 0.0, 0.0, 2.1921281729940223e-11, 0.0, 0.0, 1.899181528921676e-09, 2.1562967137834536e-15, 2.0204200668227575e-09, 8.689372968504452e-10, 2.14193428609237e-16, 2.002190775894008e-09, 5.100696500224373e-11, 5.43842500906429e-10, 1.2927740846294693e-18, 0.0, 0.0, 0.0, 1.7330585140076449e-18, 8.760345041369791e-24, 2.589548107553209e-09, 3.552713678800501e-15, 8.000647845263464e-10, 0.0, 2.1901238570420788e-11, 0.0, 2.0301290868758387e-09, 1.3234889800848446e-23, 1.2547162766372835e-09, 0.0, 2.0131038055957463e-23, 4.873902625879529e-10, 5.5309743727160795e-14, 0.0, 1.3234889800848443e-23, 0.0, 1.0671366007940126e-09, 3.731263812971325e-20, 0.0, 1.1350988014965702e-23, 0.0, 0.0, 1.2274059406097505e-09, 1.1641524905230817e-12, 5.156053797206526e-13, 2.1571760020847194e-23, 0.0, 2.156296714197044e-15, 2.3011356902874314e-09, 2.3241766871617432e-09, 0.0], [0.0, 1.6370848736529093e-16, 3.307462670282217e-05, 0.6903970930259467, 0.0, 8.083767826252346e-06, 0.029196422590739256, 1.3109590806428567e-11, 3.635552577945727e-16, 0.19325917733682021, 0.0009768342962438812, 0.6327914077915483, 2.90791596015352e-08, 1.3237420917292924e-05, 1.976481884270784e-08, 0.0, 7.414208054252333e-08, 0.6479157198557978, 5.539378859522044e-10, 1.0, 0.17082531231681147, 6.7041607716141185e-09, 7.924939417542129e-09, 0.0, 0.16640095336718147, 1.1303282216782293e-18, 1.6236567614691623e-09, 0.10450755210022936, 2.8659939343091276e-06, 0.7414711404560919, 0.13360421001339298, 0.0018460948906031814, 5.396973888029703e-05, 0.0015957316286994985, 0.0, 0.001953125, 0.12624079313745376, 9.865505905606629e-07, 2.8786394593456885e-06, 0.6391755384347474, 3.211624835936415e-05, 0.03796062352128365, 1.1602348595146699e-08, 2.2961575167178837e-15, 0.5807731748344003, 4.713190654843249e-09, 0.174720507358802, 0.13941283293531287, 6.473602499438963e-14, 0.06413652225719976, 6.340478170988712e-05, 2.667779024783894e-05, 6.922748955082304e-24, 0.6020478806864367, 4.3902250681971535e-15, 0.39113421545163174, 0.0, 0.008548827838233247, 0.0, 0.11375294991068649, 1.8498939879539203e-17, 0.6751616577196192, 0.0, 1.1465100973527007e-08, 5.0400080206770755e-05, 9.721680639821077e-14, 4.9103242477903524e-08, 0.003831799494519366, 1.2674599054538038e-07, 0.6269075510080037, 0.0016611245321235353, 0.07248762088324665, 6.621173799571965e-24, 1.1954255702014332e-08, 0.0, 0.5890052280493138, 0.4639655526816029, 0.27502406554791825, 0.18404272223970444, 1.8354787929073432e-06, 5.76820308937254e-06, 4.6012074366737024e-06, 0.4203319324598075, 0.29474155945944724], [0.0, 8.946153247531918e-20, 0.0, 0.11169755194451192, 0.0, 1.50588498306248e-08, 0.015748362097812482, 0.0, 0.0, 0.05841023662687004, 2.227810461847528e-16, 0.08203674401430884, 1.1557694891756267e-08, 0.0, 7.358854497980852e-16, 0.0, 0.0, 0.05094554590872487, 8.465186934163153e-16, 0.17082531231681147, 1.0, 1.1164067508034978e-18, 0.0, 0.0, 0.024251872422517154, 4.734009282456743e-21, 2.220446049250313e-16, 0.037604985525867295, 0.0, 0.11323852008967296, 1.5369374249261508e-09, 4.235164736271502e-22, 0.0, 0.0, 0.0, 0.0, 0.0, 0.0, 0.0, 0.10298916947558556, 6.661338147750939e-16, 3.666525210396859e-05, 9.313225746154784e-10, 1.2705494208814505e-21, 0.06991428914984188, 2.9212252938783028e-19, 0.015759695391686014, 0.04220957788425507, 0.0, 0.05006090353100869, 1.2590591384995038e-05, 5.367691948519152e-19, 0.0, 0.09302242966656182, 0.0, 0.049831033835841095, 0.0, 0.006647642644992056, 0.0, 1.0842021724855047e-19, 1.3234889800848443e-23, 0.0713698119920313, 0.0, 2.1069043624277013e-09, 9.221624549556912e-09, 0.0, 0.0, 5.293955920339377e-23, 0.0, 0.11725602651376929, 0.0, 0.023732144670816833, 0.0, 0.0, 0.0, 0.1005432073741108, 0.08398476744963937, 0.00011236383322572856, 0.18498127299323172, 2.9201811073596885e-08, 6.661338147750939e-16, 9.221624745022983e-09, 0.05206121171285552, 0.0], [0.0, 6.604761696404829e-18, 0.0, 2.6561490568938914e-08, 0.0, 5.609292302038779e-08, 1.8429190335236692e-09, 0.0, 1.504114357680487e-17, 1.7298912286289635e-08, 1.7210149718814935e-17, 2.5512532287780646e-08, 1.1380975073282907e-10, 0.0, 2.0921422134028314e-08, 0.0, 0.0, 2.5926472565396026e-08, 5.59021764946869e-10, 6.7041607716141185e-09, 1.1164067508034978e-18, 1.0, 1.8199204854357285e-10, 0.0, 1.6403174604750464e-17, 2.6286099166952536e-18, 5.590217763267944e-10, 8.453076027730505e-18, 0.0, 4.8705661919559244e-08, 5.914484378575944e-08, 0.0, 0.0, 0.0, 0.0, 0.0, 0.0, 0.0, 5.914484378575944e-08, 5.039741266629119e-08, 0.0, 7.109703635149015e-10, 3.487259860878933e-10, 1.3877787807814457e-17, 1.7256457907432583e-08, 1.219598186094102e-18, 2.7611406580252977e-08, 1.1267795631724026e-08, 0.0, 0.0, 5.532904741595408e-08, 5.914484378656032e-08, 5.790264287871193e-24, 1.9725674311692583e-08, 0.0, 5.929347666936338e-08, 0.0, 0.0, 0.0, 5.590217636647351e-10, 2.395544158480226e-17, 2.101756539158739e-09, 0.0, 5.081564460229028e-25, 1.9007869474101693e-08, 0.0, 1.7171083679770478e-08, 0.0, 0.0, 1.7730105456673245e-08, 2.114230815050965e-19, 0.0, 0.0, 1.5907609068199688e-20, 0.0, 2.781837311360318e-08, 0.0, 2.8734635841374104e-17, 0.0, 1.717108367973661e-08, 5.081564460229027e-25, 5.4157932004886605e-08, 5.118934848422754e-09, 0.0], [0.0, 0.0, 0.0, 1.553092419967979e-08, 0.0, 0.0, 1.4505082440344252e-08, 0.0, 0.0, 4.3682709689855265e-09, 0.0, 3.79823136944602e-09, 3.7854630343284926e-09, 0.0, 4.001196433925288e-10, 0.0, 0.0, 1.0895030046960194e-08, 4.872860797434899e-10, 7.924939417542129e-09, 0.0, 1.8199204854357285e-10, 1.0, 0.0, 3.7252902984619136e-09, 0.0, 4.871021745648176e-10, 3.128545049698146e-24, 0.0, 9.949052765892436e-09, 0.0, 0.0, 0.0, 8.271806125530277e-25, 0.0, 0.0, 0.0, 0.0, 0.0, 1.6086410404613624e-08, 0.0, 1.509096605785221e-08, 1.6685963785680474e-08, 0.0, 4.36700927403465e-09, 8.188928272567822e-09, 3.725290298461918e-09, 0.0, 0.0, 0.0, 0.0, 0.0, 8.271806125530276e-25, 5.77723131384531e-09, 0.0, 1.0171874608472538e-08, 0.0, 0.0, 0.0, 4.871021745648184e-10, 0.0, 7.869507045410815e-09, 0.0, 6.617444900424222e-24, 6.40364820649703e-09, 0.0, 0.0, 0.0, 0.0, 6.974490973640035e-09, 3.834845104272095e-24, 0.0, 5.26015606903858e-24, 3.7252902984619136e-09, 0.0, 2.8949549482915335e-09, 8.504794401334983e-13, 5.6843418860808e-14, 0.0, 0.0, 0.0, 1.3339594253856863e-08, 3.55403508255417e-09, 0.0], [0.0, 0.0, 0.0, 0.0, 0.0, 0.0, 0.0, 0.0, 0.0, 0.0, 0.0, 0.0, 0.0, 0.0, 0.0, 0.0, 0.0, 0.0, 0.0, 0.0, 0.0, 0.0, 0.0, 1.0, 0.0, 0.0, 0.0, 0.0, 0.0, 0.0, 0.0, 0.0, 0.0, 0.0, 0.0, 0.0, 0.0, 0.0, 0.0, 0.0, 0.0, 0.0, 0.0, 0.0, 0.0, 0.0, 0.0, 0.0, 0.0, 0.0, 0.0, 0.0, 0.0, 0.0, 0.0, 0.0, 0.0, 0.0, 0.0, 0.0, 0.0, 0.0, 0.0, 0.0, 0.0, 0.0, 0.0, 0.0, 0.0, 0.0, 0.0, 0.0, 0.0, 0.0, 0.0, 0.0, 0.0, 0.0, 0.0, 0.0, 0.0, 0.0, 0.0, 0.0], [0.0, 1.2680356137526886e-18, 0.0, 0.14871667810277472, 0.0, 8.372341606134334e-07, 0.015631872380939677, 1.3517200084869807e-11, 1.5228220713734976e-17, 0.002259882373866131, 2.4123782625095745e-07, 0.16961456906929706, 7.577163452372547e-09, 0.0, 9.912646494622796e-10, 0.0, 7.025342235195099e-07, 0.2611920848072144, 3.701617609581479e-10, 0.16640095336718147, 0.024251872422517154, 1.6403174604750464e-17, 3.7252902984619136e-09, 0.0, 1.0, 6.5219001280857874e-18, 3.818631877566287e-10, 0.06251665389095716, 0.0, 0.19368504913078755, 0.0, 1.7905763981546072e-07, 1.0911256941120557e-05, 4.76837158203125e-07, 0.0, 0.0, 2.4738255888223643e-10, 6.355841159184137e-07, 2.3841857910156247e-07, 0.10686335419032021, 0.0, 0.06258587641383268, 3.7252902984619136e-09, 1.2799913687519222e-17, 0.20356753397239358, 8.250399541275692e-09, 0.06943845741884558, 0.24789058683709003, 0.0, 0.1404586659276502, 4.4703483581908675e-07, 1.6653890957149093e-05, 0.0, 0.17797095193575932, 0.0, 0.15729113429055722, 0.0, 0.00011426674975579073, 0.0, 0.09644119844236124, 7.689894164478088e-18, 0.3952006809786169, 0.0, 0.0, 6.123646720788346e-05, 0.0, 0.0, 0.0, 3.574122287826916e-07, 0.200875728262663, 1.091116993744251e-05, 0.0625, 0.0, 2.1950154256690533e-08, 0.0, 0.24986604534607865, 0.29319735147668746, 0.06257091630867963, 0.1114139775807067, 8.177689797521055e-08, 9.536743164062499e-07, 4.229005729556841e-07, 0.2508573775398964, 0.0], [0.0, 1.0622968402425924e-18, 0.0, 3.002149591593294e-18, 0.0, 0.0, 0.0, 0.0, 6.9049294615768506e-18, 3.3976345875484716e-18, 2.2217892254435183e-18, 5.380505732542008e-18, 0.0, 0.0, 7.425681676257505e-20, 0.0, 0.0, 1.7684817990205827e-18, 0.0, 1.1303282216782293e-18, 4.734009282456743e-21, 2.6286099166952536e-18, 0.0, 0.0, 6.5219001280857874e-18, 1.0, 0.0, 7.152784732245866e-20, 0.0, 6.671506360199887e-18, 0.0, 1.6940658945086007e-21, 0.0, 0.0, 0.0, 0.0, 0.0, 0.0, 0.0, 2.2551829295313635e-18, 0.0, 2.7088649220548017e-20, 0.0, 3.4264857979775794e-21, 3.2624781743282222e-18, 0.0, 5.3117784907220796e-20, 2.95337767100457e-20, 0.0, 0.0, 0.0, 0.0, 0.0, 2.229396765754964e-18, 0.0, 2.6227944969049123e-18, 0.0, 1.372861055579191e-21, 0.0, 0.0, 3.1803263726241462e-18, 4.601992566684802e-18, 0.0, 0.0, 0.0, 0.0, 8.029913583159719e-20, 0.0, 0.0, 4.4338835113147055e-18, 0.0, 0.0, 0.0, 6.301831860572264e-20, 0.0, 5.98363786476066e-18, 0.0, 3.912737109248659e-20, 0.0, 0.0, 0.0, 9.829925384606205e-20, 5.366285249524522e-18, 0.0], [0.0, 5.917633678928185e-17, 0.0, 1.946158530250319e-09, 0.0, 0.0, 7.702768841590382e-10, 3.4560798667371267e-11, 9.438303729380839e-17, 1.6369493767675853e-09, 1.6845546935881334e-11, 1.6021176287926528e-09, 1.6330728219116849e-09, 0.0, 8.45872523950275e-10, 0.0, 0.0, 1.1926197432273645e-09, 8.125495401720621e-10, 1.6236567614691623e-09, 2.220446049250313e-16, 5.590217763267944e-10, 4.871021745648176e-10, 0.0, 3.818631877566287e-10, 0.0, 1.0, 1.0662377440097989e-15, 0.0, 1.271941059004787e-09, 0.0, 7.591251636112216e-10, 7.275957614183424e-12, 0.0, 0.0, 0.0, 7.275957614183425e-11, 0.0, 0.0, 2.094688458787281e-09, 2.2204460492503126e-16, 1.453522336067338e-09, 1.1543032493535894e-09, 3.469446951953615e-18, 9.352055288806508e-10, 1.4551993831847796e-11, 6.667510881413602e-10, 0.0, 0.0, 0.0, 1.7347234759768068e-17, 0.0, 0.0, 1.7427805483017747e-09, 0.0, 8.556153753586087e-10, 0.0, 1.4551915228366849e-11, 0.0, 7.522015264919269e-10, 2.7554763298731735e-17, 2.64794441689641e-09, 0.0, 0.0, 4.802132025361061e-10, 0.0, 0.0, 0.0, 0.0, 3.2526103534842337e-09, 0.0, 0.0, 0.0, 0.0, 0.0, 2.8947476330050816e-09, 0.0, 2.455964269681928e-16, 0.0, 0.0, 2.2204460492503128e-16, 1.111465620990651e-09, 1.1897054662899286e-09, 0.0], [0.0, 4.0767323709109246e-16, 0.0, 0.07497857147535478, 0.0, 0.0, 0.025631470920530357, 0.0, 3.5515169003444345e-16, 0.043525499138132015, 0.0009765625000002804, 0.05514736169798136, 6.212340951004797e-23, 0.0, 4.1499807560953565e-15, 0.0, 0.0, 0.08700285923120968, 1.5924571462021917e-14, 0.10450755210022936, 0.037604985525867295, 8.453076027730505e-18, 3.128545049698146e-24, 0.0, 0.06251665389095716, 7.152784732245866e-20, 1.0662377440097989e-15, 1.0, 0.0, 0.09781763910102259, 0.0, 0.0021041625505695562, 1.5258789062499998e-05, 0.0009765625, 0.0, 0.00146484375, 0.001574510903940818, 0.0, 0.0, 0.03779829805554016, 2.2204460492503126e-16, 0.01324748758466916, 0.0, 2.359597161653561e-15, 0.09446407047124122, 1.8737415843839454e-15, 0.02172858030853205, 0.029794019203303133, 0.0, 0.03387381146829402, 0.00017672840034197031, 1.5258789062501704e-05, 1.908268276136641e-23, 0.09426270256634689, 3.552713678800501e-15, 0.023785172968650087, 0.0, 0.012467675210618843, 0.0, 5.423985186566425e-20, 1.8025024971110434e-17, 0.08777358514109829, 0.0, 5.572286603781726e-23, 1.5258789062499997e-05, 0.0, 1.0731121764044009e-19, 0.004085189521309234, 0.0, 0.047746143194415065, 0.0024497763549433706, 0.07564866596005582, 1.6350808801150334e-23, 1.0738171939437195e-19, 0.0, 0.08760820089253872, 0.0417129806433172, 0.0002872289064214473, 0.015624999999999998, 0.0, 2.220446059115648e-16, 1.1016528640076324e-14, 0.06872298747026455, 0.0], [0.0, 0.0, 0.0, 7.193968472599552e-06, 0.0, 2.462376496764766e-06, 0.0, 0.0, 0.0, 1.2223078462829618e-07, 0.0, 0.0, 0.0, 0.0, 0.0, 0.0, 0.0, 9.464585180393889e-07, 0.0, 2.8659939343091276e-06, 0.0, 0.0, 0.0, 0.0, 0.0, 0.0, 0.0, 0.0, 1.0, 3.1146872746571585e-06, 0.0, 0.0, 1.9073486328125e-06, 0.0, 0.0, 0.0, 0.0, 0.0, 0.0, 2.6515220764791407e-06, 1.443252550779949e-06, 0.0, 0.0, 0.0, 0.0, 0.0, 0.0, 2.1666024560816376e-06, 0.0, 0.0, 2.8610229492187504e-06, 9.768438715583494e-07, 0.0, 0.0, 0.0, 1.2287141172744133e-06, 0.0, 0.0, 0.0, 0.0, 0.0, 1.6873392809474617e-06, 0.0, 0.0, 0.0, 0.0, 0.0, 0.0, 0.0, 1.9073486328125004e-06, 1.9073486328124998e-06, 0.0, 0.0, 0.0, 0.0, 2.196039959670802e-06, 0.0, 0.0, 0.0, 0.0, 0.0, 1.9073486328125e-06, 1.0612873095734933e-06, 0.0], [0.0, 2.1138745173008426e-16, 2.1757889598585804e-05, 0.6490775760558114, 0.0, 1.3203417566118485e-05, 0.024003889328279862, 1.8060054757296057e-11, 2.3068776292495446e-16, 0.16530766956937945, 0.0009766944060422807, 0.5718761420583613, 2.2276016074405954e-08, 1.3351440429687502e-05, 1.559524240149766e-09, 0.0, 3.889141391841427e-07, 0.6167718807319349, 1.6601892074007e-09, 0.7414711404560919, 0.11323852008967296, 4.8705661919559244e-08, 9.949052765892436e-09, 0.0, 0.19368504913078755, 6.671506360199887e-18, 1.271941059004787e-09, 0.09781763910102259, 3.1146872746571585e-06, 1.0, 0.15632888066655526, 0.0023003730640384803, 4.04233965041126e-05, 0.0012209660936631354, 0.0, 0.001508135794874822, 0.28860882342982885, 6.366046559574363e-07, 6.985810487133091e-06, 0.8172332768535936, 2.4555174390072097e-05, 0.066622999072185, 1.0987506529776201e-08, 4.322888117191648e-16, 0.5904395842026556, 8.708277120984713e-10, 0.26040422381272577, 0.1665644897691102, 2.6942160691306667e-14, 0.08383655521135872, 0.00040382517885932906, 3.096468171338991e-05, 2.063235743885195e-23, 0.6483132379977607, 3.962176172256965e-15, 0.30365891706204884, 0.0, 0.022174507629428193, 0.0, 0.15267549959681342, 1.6395486412789926e-17, 0.5993253726963346, 0.0, 2.801423954134986e-08, 9.09515223105921e-05, 5.880579486897938e-14, 1.3357338313514092e-19, 0.001586182598791181, 1.0188893681666569e-07, 0.5824236817700281, 0.0005304188298229453, 0.07779332313845694, 2.0069917089553546e-23, 1.2337996187474474e-08, 0.0, 0.3584442611098471, 0.388637740555739, 0.33998761311065473, 0.1322880542198302, 1.4236437716745045e-06, 1.569468701834028e-05, 5.5972197608588805e-06, 0.4222886971889573, 0.17805988789204205], [0.0, 0.0, 0.0, 0.24596804226643446, 0.0, 6.550583924845854e-08, 5.4569682106375694e-12, 9.094947017729281e-13, 0.0, 0.13360420347953655, 0.0, 0.023016040454015688, 8.585541839868305e-09, 0.0, 1.7670603432702158e-08, 0.0, 0.0, 0.1983944819534145, 1.3642420526593924e-12, 0.13360421001339298, 1.5369374249261508e-09, 5.914484378575944e-08, 0.0, 0.0, 0.0, 0.0, 0.0, 0.0, 0.0, 0.15632888066655526, 1.0, 0.0, 3.637978807091713e-12, 0.0, 0.0, 0.0, 0.13360418823496534, 0.0, 5.960464477539063e-08, 0.2985549468054606, 0.0, 7.451939870250309e-09, 0.0, 0.0, 0.04497463952622275, 0.0, 0.4992577914140019, 1.744233486041211e-08, 0.0, 0.0, 5.21540641784668e-08, 5.960464477539063e-08, 0.0, 0.09425930796786029, 0.0, 0.07659708011919872, 0.0, 0.0, 0.0, 0.0, 0.0, 0.2574140297100384, 0.0, 2.9752654575186998e-08, 2.2355834516929463e-08, 0.0, 1.4901161193847653e-08, 0.0, 0.0, 0.14051928531184107, 0.0, 0.0, 0.0, 0.0, 0.0, 0.35508187921105633, 0.2181747257837331, 0.17773597283915282, 0.0, 2.2351741790771484e-08, 0.0, 6.28752119940793e-08, 0.30099507500880257, 0.3316101624478924], [0.0, 0.0, 3.5686027042735927e-05, 0.0005732418617471948, 0.0, 3.848781449306957e-06, 0.0062591336461062805, 0.0, 0.0, 0.006798699006194426, 1.1920928955078122e-07, 0.002329643201279403, 5.386150266728353e-10, 5.168448917735925e-06, 9.313225746180196e-10, 0.0, 0.0, 0.002442168776049418, 4.681483095956657e-10, 0.0018460948906031814, 4.235164736271502e-22, 0.0, 0.0, 0.0, 1.7905763981546072e-07, 1.6940658945086007e-21, 7.591251636112216e-10, 0.0021041625505695562, 0.0, 0.0023003730640384803, 0.0, 1.0, 1.925095124682006e-05, 0.0002442002296447754, 0.0, 0.0, 0.0009765625145519152, 3.245089786871054e-07, 7.752673376603888e-06, 0.0017079461807955778, 1.1217574796531747e-05, 0.0030084147172384367, 3.0896104997817283e-10, 1.6940658945086007e-21, 0.007967421915258418, 5.554191533190476e-11, 0.0019826361122522113, 6.3076267508796024e-06, 0.0, 0.000244140625, 5.960464477539063e-08, 7.629394531249998e-06, 0.0, 0.008009314041830877, 0.0, 0.004714645777755705, 0.0, 5.9614613768195875e-06, 0.0, 1.3096723705530167e-10, 0.0, 0.0023924697685861387, 0.0, 0.0, 8.106246241368352e-06, 0.0, 0.0, 0.00300463577852125, 5.396599114071453e-07, 0.006525959769210764, 0.0027894335198562965, 0.0, 0.0, 0.0, 0.0, 0.006419276855754418, 0.0, 0.00026282689897019323, 0.0, 0.0, 9.377824155624419e-07, 1.7906131688505475e-07, 0.0031795635622235176, 0.0], [0.0, 0.0, 1.220890081786179e-05, 3.4272566552309387e-05, 0.0, 4.5795062866117925e-06, 6.595851297976116e-05, 1.1154378132685391e-11, 0.0, 3.028833798327217e-05, 7.097523849443034e-12, 5.145169417928873e-05, 0.0, 4.579506286611793e-06, 0.0, 0.0, 0.0, 3.211484260149321e-05, 3.6483147973196616e-11, 5.396973888029703e-05, 0.0, 0.0, 0.0, 0.0, 1.0911256941120557e-05, 0.0, 7.275957614183424e-12, 1.5258789062499998e-05, 1.9073486328125e-06, 4.04233965041126e-05, 3.637978807091713e-12, 1.925095124682006e-05, 1.0, 0.0, 0.0, 0.0, 0.0, 0.0, 4.5795062866117925e-06, 3.96091883510788e-05, 2