"{\"names\": [\"172.217.10.1\", \"104.88.86.240\", \"38.93.140.48\", \"192.168.10.15\", \"104.88.108.223\", \"195.142.105.15\", \"172.217.12.163\", \"206.217.206.48\", \"172.217.6.228\", \"178.255.83.1\", \"74.119.118.82\", \"192.168.10.9\", \"172.217.7.6\", \"35.186.227.40\", \"31.13.71.36\", \"206.126.112.142\", \"151.101.2.49\", \"192.168.10.25\", \"172.217.3.98\", \"192.168.10.16\", \"72.30.202.150\", \"172.217.12.132\", \"50.31.164.173\", \"162.208.20.178\", \"23.15.4.16\", \"216.58.217.99\", \"172.217.6.198\", \"172.217.12.174\", \"169.46.44.40\", \"192.168.10.17\", \"52.84.143.130\", \"104.19.195.102\", \"216.200.232.61\", \"104.97.73.166\", \"152.163.13.79\", \"192.229.163.25\", \"74.119.118.86\", \"54.225.188.92\", \"188.165.145.88\", \"192.168.10.14\", \"8.43.72.98\", \"199.96.57.6\", \"68.67.178.110\", \"104.88.70.158\", \"192.168.10.19\", \"69.172.216.56\", \"157.240.18.35\", \"172.217.11.34\", \"185.54.150.20\", \"69.169.85.7\", \"198.232.124.194\", \"74.119.118.72\", \"172.217.12.134\", \"192.168.10.5\", \"23.111.9.30\", \"192.168.10.8\", \"151.101.66.2\", \"68.67.178.199\", \"213.239.195.215\", \"138.108.7.20\", \"52.84.145.87\", \"192.168.10.50\", \"52.84.145.198\", \"52.40.24.51\", \"212.77.100.137\", \"185.54.150.115\", \"172.217.10.138\", \"152.163.66.165\", \"52.84.137.78\", \"192.168.10.51\", \"68.67.178.109\", \"129.146.14.96\", \"54.152.24.232\", \"172.217.10.33\", \"52.8.229.108\", \"192.168.10.12\", \"64.147.131.201\", \"172.217.12.206\", \"68.67.180.12\", \"172.217.10.134\", \"38.69.238.16\", \"172.217.10.142\", \"192.168.10.3\", \"172.217.6.202\"], \"funcEdges\": [[1.0, 0.0, 0.0, 0.0, 0.0, 0.0, 0.0, 0.0, 0.0, 0.0, 0.0, 0.0, 0.0, 0.0, 0.0, 0.0, 0.0, 0.0, 0.0, 0.0, 0.0, 0.0, 0.0, 0.0, 0.0, 0.0, 0.0, 0.0, 0.0, 0.0, 0.0, 0.0, 0.0, 0.0, 0.0, 0.0, 0.0, 0.0, 0.0, 0.0, 0.0, 0.0, 0.0, 0.0, 0.0, 0.0, 0.0, 0.0, 0.0, 0.0, 0.0, 0.0, 0.0, 0.0, 0.0, 0.0, 0.0, 0.0, 0.0, 0.0, 0.0, 0.0, 0.0, 0.0, 0.0, 0.0, 0.0, 0.0, 0.0, 0.0, 0.0, 0.0, 0.0, 0.0, 0.0, 0.0, 0.0, 0.0, 0.0, 0.0, 0.0, 0.0, 0.0, 0.0], [0.0, 1.0, 0.0, 9.850715983102894e-08, 0.0, 0.0, 0.0, 0.0, 6.361239396796454e-08, 1.1004496092664862e-07, 1.5574341071242926e-08, 5.61860442178414e-08, 0.0, 0.0, 4.069906861798778e-08, 0.0, 0.0, 4.161203754831393e-08, 7.196915351502684e-08, 4.394516245697211e-08, 2.4014647264471113e-11, 1.7729522177457638e-09, 0.0, 0.0, 3.4038571820194283e-10, 2.8515813671787943e-10, 1.5885026950440448e-08, 1.0943395129754352e-07, 0.0, 5.674388699784316e-08, 0.0, 0.0, 0.0, 0.0, 0.0, 0.0, 0.0, 0.0, 0.0, 5.61380323394705e-08, 0.0, 4.13940349197312e-09, 0.0, 0.0, 9.121442586790826e-08, 5.8928891480780566e-08, 1.4408788358682673e-10, 4.4017841731775087e-10, 0.0, 0.0, 3.725290298461914e-09, 1.1641532182693481e-10, 0.0, 1.0821786234022709e-07, 0.0, 7.219874237297795e-08, 0.0, 0.0, 0.0, 0.0, 7.60421697914345e-10, 7.833167916510102e-08, 0.0, 0.0, 0.0, 0.0, 0.0, 0.0, 0.0, 7.116401886120881e-08, 0.0, 0.0, 0.0, 0.0, 0.0, 4.061662321518734e-08, 0.0, 6.424585133357486e-08, 0.0, 0.0, 0.0, 1.3702048205022552e-09, 1.28415033388112e-07, 0.0], [0.0, 0.0, 1.0, 0.0, 0.0, 0.0, 0.0, 0.0, 0.0, 0.0, 0.0, 0.0, 0.0, 0.0, 0.0, 0.0, 0.0, 0.0, 0.0, 0.0, 0.0, 0.0, 0.0, 0.0, 0.0, 0.0, 0.0, 0.0, 0.0, 0.0, 0.0, 0.0, 0.0, 0.0, 0.0, 0.0, 0.0, 0.0, 0.0, 0.0, 0.0, 0.0, 0.0, 0.0, 0.0, 0.0, 0.0, 0.0, 0.0, 0.0, 0.0, 0.0, 0.0, 0.0, 0.0, 0.0, 0.0, 0.0, 0.0, 0.0, 0.0, 0.0, 0.0, 0.0, 0.0, 0.0, 0.0, 0.0, 0.0, 0.0, 0.0, 0.0, 0.0, 0.0, 0.0, 0.0, 0.0, 0.0, 0.0, 0.0, 0.0, 0.0, 0.0, 0.0], [0.0, 9.850715983102894e-08, 0.0, 1.0, 0.0, 0.0, 0.10470329624999235, 0.006977951363108016, 1.5232769872151675e-07, 0.4165145786825507, 0.004870467541668529, 0.38393275253519243, 0.3359720457677608, 0.0, 0.18510581472480175, 0.0, 0.0, 0.2861561410906749, 0.5092662750199335, 0.2215834175469285, 2.28844108842692e-07, 0.14261833274906177, 0.3355598596151548, 0.0, 0.08689623681271103, 8.058833945995596e-10, 0.5224179525160342, 2.56489992980436e-06, 0.0, 0.40514514565397103, 0.000679096913376289, 0.07219758524665566, 0.03704405008629218, 9.471992913152738e-15, 0.0, 0.0, 0.047692516360630155, 0.0, 0.0, 0.6280068266800765, 1.514602806910709e-07, 0.20370361872806148, 0.5269660043548078, 5.148774664751181e-07, 0.529998196193952, 0.020284399887073805, 0.2692691136267349, 3.6639852912317817e-10, 3.0435639594600602e-05, 0.0, 2.3282322463724154e-09, 3.0208707847760904e-05, 6.871701554123133e-15, 0.7211438389146, 1.551207507724402e-06, 0.39510324242074735, 0.0, 0.003406495419694214, 0.0, 0.32175149644830736, 9.661305027706157e-09, 0.46690481833832764, 0.0, 1.2744803477520113e-14, 0.08958103599171324, 3.433227539062499e-05, 2.8827988235621283e-11, 2.1016313316714156e-15, 0.0, 0.5750300639857905, 3.0442216956945364e-05, 0.0, 9.908443393829626e-15, 2.8941451161816836e-11, 0.0, 0.500231914589994, 0.00043499056418799256, 0.00015401974336184742, 2.0661641996957147e-15, 0.0, 1.514600222456451e-07, 0.4146029106593936, 0.4664991638560474, 0.0], [0.0, 0.0, 0.0, 0.0, 1.0, 0.0, 0.0, 0.0, 0.0, 0.0, 0.0, 0.0, 0.0, 0.0, 0.0, 0.0, 0.0, 0.0, 0.0, 0.0, 0.0, 0.0, 0.0, 0.0, 0.0, 0.0, 0.0, 0.0, 0.0, 0.0, 0.0, 0.0, 0.0, 0.0, 0.0, 0.0, 0.0, 0.0, 0.0, 0.0, 0.0, 0.0, 0.0, 0.0, 0.0, 0.0, 0.0, 0.0, 0.0, 0.0, 0.0, 0.0, 0.0, 0.0, 0.0, 0.0, 0.0, 0.0, 0.0, 0.0, 0.0, 0.0, 0.0, 0.0, 0.0, 0.0, 0.0, 0.0, 0.0, 0.0, 0.0, 0.0, 0.0, 0.0, 0.0, 0.0, 0.0, 0.0, 0.0, 0.0, 0.0, 0.0, 0.0, 0.0], [0.0, 0.0, 0.0, 0.0, 0.0, 1.0, 0.0, 0.0, 0.0, 0.0, 0.0, 0.0, 0.0, 0.0, 0.0, 0.0, 0.0, 0.0, 0.0, 0.0, 0.0, 0.0, 0.0, 0.0, 0.0, 0.0, 0.0, 0.0, 0.0, 0.0, 0.0, 0.0, 0.0, 0.0, 0.0, 0.0, 0.0, 0.0, 0.0, 0.0, 0.0, 0.0, 0.0, 0.0, 0.0, 0.0, 0.0, 0.0, 0.0, 0.0, 0.0, 0.0, 0.0, 0.0, 0.0, 0.0, 0.0, 0.0, 0.0, 0.0, 0.0, 0.0, 0.0, 0.0, 0.0, 0.0, 0.0, 0.0, 0.0, 0.0, 0.0, 0.0, 0.0, 0.0, 0.0, 0.0, 0.0, 0.0, 0.0, 0.0, 0.0, 0.0, 0.0, 0.0], [0.0, 0.0, 0.0, 0.10470329624999235, 0.0, 0.0, 1.0, 0.000244140625, 0.0, 0.14268244428900162, 0.0, 0.2016833798655478, 0.16511136422810044, 0.0, 0.12839208601101912, 0.0, 0.0, 0.4154011940484003, 0.1745008451240207, 0.5007145489307256, 0.0, 0.4947048111350054, 0.1207095460562082, 0.0, 0.1210307295689818, 0.0, 0.2067696266454906, 0.0, 0.0, 0.2516274978720385, 0.00146484375, 0.04941058844013092, 0.0009765625000000002, 0.0, 0.0, 0.0, 5.890102531299347e-06, 0.0, 0.0, 0.22288765570807995, 0.0, 0.19729942349817647, 0.021567169216001224, 0.0, 0.11216234595906183, 0.0, 0.09882117688026185, 0.0, 3.038778595948414e-05, 0.0, 0.0, 3.0032294971620856e-05, 0.0, 0.3994307708838077, 0.0, 0.12766155547548363, 0.0, 0.0, 0.0, 0.2272077279467458, 0.0, 0.08323302860447143, 0.0, 0.0, 0.500986693347959, 4.5700984005775936e-05, 0.0, 0.0, 0.0, 0.21382591594323955, 3.031680458470395e-05, 0.0, 0.0, 0.0, 0.0, 0.18929407392313807, 0.00041134057413982146, 0.00054931640625, 0.0, 0.0, 0.0, 0.13005413177766495, 0.300082878476054, 0.0], [0.0, 0.0, 0.0, 0.006977951363108016, 0.0, 0.0, 0.000244140625, 1.0, 0.0, 0.0046248085821865, 0.004859931981360371, 0.005760047194894967, 0.0, 0.0, 0.0, 0.0, 0.0, 0.004607573167175857, 0.0015014713569369146, 0.00351907898609706, 0.0, 0.0, 0.0, 0.0, 0.0036284957686252652, 0.0, 0.009277343749999998, 0.0, 0.0, 0.0048479590341597364, 0.00024414062499999997, 0.0, 0.0029942305804438315, 0.0, 0.0, 0.0, 0.0, 0.0, 0.0, 0.012364128170926858, 0.0, 0.00016723536281002804, 0.0, 0.0, 0.004612288028787012, 0.0, 0.009277343749999998, 0.0, 0.0, 0.0, 0.0, 0.0, 0.0, 0.005309637917271646, 0.0, 0.0024375511809107044, 0.0, 0.0, 0.0, 0.009277343749999998, 0.0, 0.007162587931306247, 0.0, 0.0, 0.0017700369421302636, 0.0, 0.0, 0.0, 0.0, 0.004450095179699989, 0.0, 0.0, 0.0, 0.0, 0.0, 0.009461712055589674, 0.0, 0.0, 0.0, 0.0, 0.0, 0.003662109374999999, 0.0031102517563050196, 0.0], [0.0, 6.361239396796454e-08, 0.0, 1.5232769872151675e-07, 0.0, 0.0, 0.0, 0.0, 1.0, 8.387307848846912e-08, 1.70223683279355e-08, 1.168557731549954e-07, 0.0, 0.0, 1.2192141470795513e-07, 0.0, 0.0, 8.814159925626315e-08, 6.897407445605437e-08, 9.759112140728368e-08, 0.0, 4.0375762348010865e-09, 0.0, 0.0, 4.087794371360094e-09, 1.8535278886662164e-09, 2.533575365462846e-08, 9.533530586356648e-08, 0.0, 6.192477483438004e-08, 0.0, 0.0, 0.0, 0.0, 0.0, 0.0, 0.0, 0.0, 0.0, 1.1797736494969932e-07, 0.0, 3.725290298461914e-09, 0.0, 1.6077477605504059e-09, 1.0113817996560811e-07, 2.380375673929498e-08, 0.0, 0.0, 0.0, 0.0, 4.47557258671877e-09, 0.0, 0.0, 2.9186678346721914e-08, 0.0, 1.2811416572499431e-07, 0.0, 0.0, 0.0, 0.0, 2.586181133310353e-09, 7.863288826855915e-08, 0.0, 0.0, 0.0, 0.0, 0.0, 0.0, 0.0, 1.0097817151267417e-07, 0.0, 0.0, 0.0, 0.0, 0.0, 1.5610536143494437e-07, 0.0, 4.523108572511032e-08, 0.0, 0.0, 0.0, 0.0, 7.326230637632359e-08, 0.0], [0.0, 1.1004496092664862e-07, 0.0, 0.4165145786825507, 0.0, 0.0, 0.14268244428900162, 0.0046248085821865, 8.387307848846912e-08, 1.0, 0.0026111943475725097, 0.6607666372923079, 0.2956346081515261, 0.0, 0.6259511487998378, 0.0, 0.0, 0.3042979893025986, 0.14322084009310698, 0.10511291059014795, 2.991542074939668e-07, 0.03431373028990624, 0.013192048539904078, 0.0, 0.12961243740273629, 9.120455898299459e-10, 0.43941525240152257, 5.911093435710917e-06, 0.0, 0.3044570472507876, 0.0009912739796092314, 0.2676496275911529, 0.038780852891639316, 4.486171361865338e-15, 0.0, 0.0, 0.012326414642988212, 0.0, 0.0, 0.41331079271252547, 3.9598617855395515e-07, 0.1666989727918134, 0.07115855490143293, 9.31585022502371e-10, 0.3052059620491322, 0.022618403075696635, 0.2683407823737952, 7.413680287176675e-10, 1.1961137578518359e-05, 0.0, 1.5806102228986777e-08, 1.4468341175019593e-05, 3.642480671675522e-15, 0.3538149714354579, 4.00859214505385e-08, 0.3988392585660917, 0.0, 0.004332210822375696, 0.0, 0.13847042147848004, 7.372385463176426e-09, 0.44941549124023267, 0.0, 1.2653055460444082e-14, 0.03818027297291307, 1.7746144053862557e-05, 1.6624354666136234e-11, 3.2431690370603295e-15, 0.0, 0.5074061444012781, 1.3420432713043372e-05, 0.0, 2.95998985332407e-15, 9.252364900914854e-12, 0.0, 0.4962275236197735, 0.00036495930976409316, 0.00012618572176471222, 6.544687117979077e-15, 0.0, 3.959860759793293e-07, 0.10417667317400742, 0.31245967854295703, 0.0], [0.0, 1.5574341071242926e-08, 0.0, 0.004870467541668529, 0.0, 0.0, 0.0, 0.004859931981360371, 1.70223683279355e-08, 0.0026111943475725097, 1.0, 0.004988628102411539, 0.0, 0.0, 3.167689531146434e-07, 0.0, 0.0, 0.01209184627769164, 0.0020362308828333732, 0.007781622452679568, 5.980233172076118e-08, 4.619814387598359e-09, 0.0, 0.0, 0.0029494382943509824, 5.964070038678176e-10, 0.004521942073302709, 7.523535777918815e-08, 0.0, 0.003515758923802579, 0.0, 0.0, 0.0019052270509961162, 0.0, 0.0, 0.0, 0.0, 0.0, 0.0, 0.006786897182727525, 5.960464477539063e-08, 3.767161781872432e-09, 0.0, 3.725290298461914e-09, 0.005919419816896203, 3.900809282194074e-09, 0.004521877944385326, 7.864855431157008e-11, 0.0, 0.0, 4.6566128730773926e-09, 3.993012596445831e-11, 0.0, 0.004435800734555752, 0.0, 0.00598015870071981, 0.0, 0.0, 0.0, 0.004521877826596975, 1.6116235225730626e-09, 0.0077534980828584, 0.0, 0.0, 0.0019531249999999996, 0.0, 1.0744699956668244e-11, 0.0, 0.0, 0.003568028870263627, 5.675345129274573e-11, 0.0, 0.0, 1.3380309643121117e-11, 0.0, 0.006381680987971387, 0.0, 8.182620728131919e-09, 0.0, 0.0, 5.960464477539064e-08, 0.008772715403301625, 0.006367888219053656, 0.0], [0.0, 5.61860442178414e-08, 0.0, 0.38393275253519243, 0.0, 0.0, 0.2016833798655478, 0.005760047194894967, 1.168557731549954e-07, 0.6607666372923079, 0.004988628102411539, 1.0, 0.5404812084657533, 0.0, 0.6020145018260442, 0.0, 0.0, 0.2445455102626202, 0.28269090046753304, 0.3017124043886083, 5.097245100620133e-07, 0.1500612697342557, 0.1075331680365422, 0.0, 0.11476360952832673, 1.444318509825528e-09, 0.4300651762505945, 8.704198603797303e-06, 0.0, 0.5494555462832291, 0.0005243625725049463, 0.18434567529941165, 0.013065366043538439, 1.0588296900997333e-14, 0.0, 0.0, 0.031240900296711907, 0.0, 0.0, 0.34233762103642945, 1.7785520257872107e-07, 0.4690314586314332, 0.1797195894056219, 8.87936680062113e-07, 0.38042993402013614, 0.023414758572178986, 0.1939491937768824, 4.684866713912083e-10, 8.815266262432334e-06, 0.0, 7.521732410807651e-09, 1.0777695572804902e-05, 7.073107375911527e-15, 0.24530016959769319, 2.403471784141772e-06, 0.6051221047313629, 0.0, 0.00318876195907829, 0.0, 0.16902089712937607, 4.468548975221682e-09, 0.29022779810251004, 0.0, 1.8696289698246404e-14, 0.13173246563150343, 1.2492596290811551e-05, 2.1125147629578728e-11, 1.2088066459517096e-14, 0.0, 0.39747039580653554, 9.738577904173049e-06, 0.0, 7.829280855796389e-15, 1.4399051306107474e-11, 0.0, 0.3158915209550249, 0.00027746314417532514, 0.00014125452659041879, 1.3557494285576441e-14, 0.0, 1.7785517433626795e-07, 0.231038606687742, 0.5697161980623141, 0.0], [0.0, 0.0, 0.0, 0.3359720457677608, 0.0, 0.0, 0.16511136422810044, 0.0, 0.0, 0.2956346081515261, 0.0, 0.5404812084657533, 1.0, 0.0, 0.417586342757682, 0.0, 0.0, 0.5105815797287284, 0.525131790714197, 0.2525830157798052, 3.552713678800502e-15, 0.030550572335213307, 0.0635731513754322, 0.0, 0.12360076020058934, 0.0, 0.4383746476310699, 1.6676125760104462e-14, 0.0, 0.11533238407959935, 0.0, 0.1445833702933747, 0.0, 0.0, 0.0, 0.0, 0.0, 0.0, 0.0, 0.343302324859643, 0.0, 0.5341882025635613, 0.24659643878092485, 0.0, 0.6170949461038249, 0.0, 0.18455801629555574, 0.0, 0.0, 0.0, 0.0, 0.0, 7.105427357601002e-15, 0.4142112729732237, 0.0, 0.38635728537364444, 0.0, 3.988570536164186e-15, 0.0, 0.5170302741552176, 3.5527136788005e-15, 0.34515814136288964, 0.0, 3.552713678800501e-15, 0.042190796284725905, 0.0, 0.0, 3.5527136788005005e-15, 0.0, 0.4749057496478687, 0.0, 0.0, 7.105427357601002e-15, 0.0, 0.0, 0.39145184297531166, 0.0, 3.5527136788005005e-15, 7.996577709506755e-15, 0.0, 0.0, 0.6528929259156679, 0.6120294419247807, 0.0], [0.0, 0.0, 0.0, 0.0, 0.0, 0.0, 0.0, 0.0, 0.0, 0.0, 0.0, 0.0, 0.0, 1.0, 0.0, 0.0, 0.0, 0.0, 0.0, 0.0, 0.0, 0.0, 0.0, 0.0, 0.0, 0.0, 0.0, 0.0, 0.0, 0.0, 0.0, 0.0, 0.0, 0.0, 0.0, 0.0, 0.0, 0.0, 0.0, 0.0, 0.0, 0.0, 0.0, 0.0, 0.0, 0.0, 0.0, 0.0, 0.0, 0.0, 0.0, 0.0, 0.0, 0.0, 0.0, 0.0, 0.0, 0.0, 0.0, 0.0, 0.0, 0.0, 0.0, 0.0, 0.0, 0.0, 0.0, 0.0, 0.0, 0.0, 0.0, 0.0, 0.0, 0.0, 0.0, 0.0, 0.0, 0.0, 0.0, 0.0, 0.0, 0.0, 0.0, 0.0], [0.0, 4.069906861798778e-08, 0.0, 0.18510581472480175, 0.0, 0.0, 0.12839208601101912, 0.0, 1.2192141470795513e-07, 0.6259511487998378, 3.167689531146434e-07, 0.6020145018260442, 0.417586342757682, 0.0, 1.0, 0.0, 0.0, 0.04197075987072674, 0.22603199098140858, 0.24570604294773835, 1.975377462803141e-07, 0.1500612620087007, 0.10740629892863085, 0.0, 0.0, 1.9933162468770277e-11, 0.227062176684463, 1.1140019766536818e-06, 0.0, 0.2531104228271823, 0.0, 0.2500000000006821, 0.0, 0.0, 0.0, 0.0, 0.0, 0.0, 0.0, 0.2320344831609839, 3.4859491092656357e-07, 0.3339562607995375, 0.20974691411210852, 6.821210263296961e-13, 0.3501993724478759, 2.9869125605331445e-08, 0.06250000000189954, 4.42838774709783e-12, 7.23223119079618e-06, 0.0, 0.0, 8.950629578940018e-06, 0.0, 0.23681061988047167, 9.5367431640625e-07, 0.48203324475095977, 0.0, 2.27373675443232e-13, 0.0, 0.12499999999999999, 0.0, 0.10106404038636636, 0.0, 0.0, 0.125, 7.629394531250002e-06, 1.3790698454361067e-11, 0.0, 0.0, 0.21262590099910905, 8.302416802711619e-06, 0.0, 0.0, 1.0178919667591027e-11, 0.0, 0.27220762279758026, 7.62939453125e-06, 1.5829509754084698e-07, 0.0, 0.0, 3.485948256614353e-07, 0.18750035670871396, 0.27171521838415474, 0.0], [0.0, 0.0, 0.0, 0.0, 0.0, 0.0, 0.0, 0.0, 0.0, 0.0, 0.0, 0.0, 0.0, 0.0, 0.0, 1.0, 0.0, 0.0, 0.0, 0.0, 0.0, 0.0, 0.0, 0.0, 0.0, 0.0, 0.0, 0.0, 0.0, 0.0, 0.0, 0.0, 0.0, 0.0, 0.0, 0.0, 0.0, 0.0, 0.0, 0.0, 0.0, 0.0, 0.0, 0.0, 0.0, 0.0, 0.0, 0.0, 0.0, 0.0, 0.0, 0.0, 0.0, 0.0, 0.0, 0.0, 0.0, 0.0, 0.0, 0.0, 0.0, 0.0, 0.0, 0.0, 0.0, 0.0, 0.0, 0.0, 0.0, 0.0, 0.0, 0.0, 0.0, 0.0, 0.0, 0.0, 0.0, 0.0, 0.0, 0.0, 0.0, 0.0, 0.0, 0.0], [0.0, 0.0, 0.0, 0.0, 0.0, 0.0, 0.0, 0.0, 0.0, 0.0, 0.0, 0.0, 0.0, 0.0, 0.0, 0.0, 1.0, 0.0, 0.0, 0.0, 0.0, 0.0, 0.0, 0.0, 0.0, 0.0, 0.0, 0.0, 0.0, 0.0, 0.0, 0.0, 0.0, 0.0, 0.0, 0.0, 0.0, 0.0, 0.0, 0.0, 0.0, 0.0, 0.0, 0.0, 0.0, 0.0, 0.0, 0.0, 0.0, 0.0, 0.0, 0.0, 0.0, 0.0, 0.0, 0.0, 0.0, 0.0, 0.0, 0.0, 0.0, 0.0, 0.0, 0.0, 0.0, 0.0, 0.0, 0.0, 0.0, 0.0, 0.0, 0.0, 0.0, 0.0, 0.0, 0.0, 0.0, 0.0, 0.0, 0.0, 0.0, 0.0, 0.0, 0.0], [0.0, 4.161203754831393e-08, 0.0, 0.2861561410906749, 0.0, 0.0, 0.4154011940484003, 0.004607573167175857, 8.814159925626315e-08, 0.3042979893025986, 0.01209184627769164, 0.2445455102626202, 0.5105815797287284, 0.0, 0.04197075987072674, 0.0, 0.0, 1.0, 0.5451249788069474, 0.4990382356961096, 7.403762291576867e-08, 0.34775912523691005, 0.2542342544649609, 0.0, 0.15215948576897542, 4.747232181477905e-10, 0.3201414246078405, 6.405198786749745e-06, 0.0, 0.2983304020790309, 0.00040072829416550515, 0.047566729083735285, 0.01113145481298948, 1.3629455038461265e-14, 0.0, 0.0, 0.06605347451527882, 0.0, 0.0, 0.21276581407606532, 4.3854586476623675e-07, 0.17167115194862756, 0.3799312185881949, 1.33152096770592e-06, 0.26322000553140407, 0.014931323657845361, 0.138228387548364, 4.748661866592669e-10, 2.1933705858387688e-05, 0.0, 6.760227353584612e-09, 2.131355850003979e-05, 7.84253103433438e-15, 0.38179078663972954, 8.436696404737308e-07, 0.3655241561115026, 0.0, 0.002277929150018689, 0.0, 0.3132572441482803, 4.238748275111052e-09, 0.5337356300408519, 0.0, 2.2297144360889974e-14, 0.3959768079750504, 2.581706910270428e-05, 1.7842247685962094e-11, 9.875747494538632e-15, 0.0, 0.48859033806182506, 2.1338592291181962e-05, 0.0, 9.517714017222809e-15, 1.449769415732728e-11, 0.0, 0.4065893510735381, 0.0002733069182199509, 0.00013202343325045973, 1.0796327862924475e-14, 0.0, 4.385457469700401e-07, 0.5205552277811725, 0.4345335512173266, 0.0], [0.0, 7.196915351502684e-08, 0.0, 0.5092662750199335, 0.0, 0.0, 0.1745008451240207, 0.0015014713569369146, 6.897407445605437e-08, 0.14322084009310698, 0.0020362308828333732, 0.28269090046753304, 0.525131790714197, 0.0, 0.22603199098140858, 0.0, 0.0, 0.5451249788069474, 1.0, 0.14869656901125597, 2.272356314797328e-07, 0.15006126238743758, 0.13080486101839608, 0.0, 0.09936454109656342, 0.0, 0.2181171063386778, 4.27471960201244e-06, 0.0, 0.44565364693488546, 0.0003662109375, 0.1256676049619417, 0.00979337046250051, 2.2204460492503128e-16, 0.0, 0.0, 0.0058844492572809725, 0.0, 0.0, 0.5098076597428672, 5.788264916357628e-07, 0.5423523819491174, 0.2332535795154566, 5.749711068092398e-08, 0.5374589939261019, 0.013692077909553336, 0.14598660972299768, 3.470264009124942e-10, 0.0, 0.0, 0.0, 4.6521435248232454e-10, 2.3515872158974387e-15, 0.6951265270849827, 9.5367431640625e-07, 0.21476575526387154, 0.0, 0.005879068962615692, 0.0, 0.5449586271743794, 3.552713678800502e-15, 0.33681033586975134, 0.0, 5.403884380304295e-15, 0.13083282738775687, 1.4847096278643548e-05, 0.0, 3.552713678800501e-15, 0.0, 0.28645730004843073, 1.0016035030912564e-11, 0.0, 3.047007643847853e-15, 0.0, 0.0, 0.3294792733646873, 0.0003124998046470991, 0.00013840676522136654, 5.790625237918686e-15, 0.0, 5.788264917467851e-07, 0.6177064083401814, 0.6238914288428319, 0.0], [0.0, 4.394516245697211e-08, 0.0, 0.2215834175469285, 0.0, 0.0, 0.5007145489307256, 0.00351907898609706, 9.759112140728368e-08, 0.10511291059014795, 0.007781622452679568, 0.3017124043886083, 0.2525830157798052, 0.0, 0.24570604294773835, 0.0, 0.0, 0.4990382356961096, 0.14869656901125597, 1.0, 2.4725440773739167e-07, 0.4930584428470159, 0.13093890585375403, 0.0, 0.03841996057373558, 3.0342017161586455e-10, 0.4358470431524578, 3.0925899840928614e-06, 0.0, 0.3325085809512295, 0.0006129332373994255, 0.16508499225392864, 0.0360946656033348, 3.1358616549992046e-15, 0.0, 0.0, 0.018306403154340713, 0.0, 0.0, 0.3609265982819194, 2.981838913677176e-07, 0.3950602100560858, 0.11808591534262182, 6.163700900479927e-07, 0.21019602776276383, 0.009388178487400636, 0.04763044165224706, 8.316595977414351e-10, 1.737744438899638e-05, 0.0, 7.926510114049877e-10, 2.088500090413127e-05, 1.858311272531042e-15, 0.46419763523219604, 1.178492068124134e-06, 0.12665767806931127, 0.0, 0.0033666828654041886, 0.0, 0.13175032646935947, 4.965771362080691e-09, 0.2980874644974134, 0.0, 1.1360154353077776e-14, 0.5055690804117131, 2.6096437756367426e-05, 6.8030866042749315e-12, 2.508476095730929e-15, 0.0, 0.4057585630549185, 1.9372331215876168e-05, 0.0, 1.777357808143353e-15, 8.522979085538564e-12, 0.0, 0.3327329691088384, 0.00010613706861153357, 0.00040225832543126794, 7.739146285682736e-15, 0.0, 2.9818371446009566e-07, 0.27667855332416297, 0.4453749953118333, 0.0], [0.0, 2.4014647264471113e-11, 0.0, 2.28844108842692e-07, 0.0, 0.0, 0.0, 0.0, 0.0, 2.991542074939668e-07, 5.980233172076118e-08, 5.097245100620133e-07, 3.552713678800502e-15, 0.0, 1.975377462803141e-07, 0.0, 0.0, 7.403762291576867e-08, 2.272356314797328e-07, 2.4725440773739167e-07, 1.0, 2.996831552334153e-10, 0.0, 0.0, 0.0, 1.2707759404445086e-12, 5.960464477539063e-08, 5.967199792055266e-08, 0.0, 5.936501012304699e-07, 0.0, 1.1368683772161603e-13, 0.0, 0.0, 0.0, 0.0, 0.0, 0.0, 0.0, 4.0086317691968337e-07, 1.7881393432617188e-07, 1.7330540088128208e-10, 0.0, 3.410605131648481e-13, 4.6596811042670546e-07, 7.841604438409562e-11, 5.573073917246879e-10, 2.33188387895888e-10, 0.0, 0.0, 0.0, 1.440878835868267e-10, 0.0, 2.6933164202298023e-07, 0.0, 3.3055469837067485e-07, 0.0, 2.313622459793962e-13, 0.0, 2.910383045673371e-11, 3.552713678800501e-15, 1.699411717385397e-07, 0.0, 3.552713678800502e-15, 0.0, 0.0, 0.0, 1.4210854715202004e-14, 0.0, 1.1406819412944297e-07, 0.0, 0.0, 0.0, 0.0, 0.0, 4.039788145448132e-07, 0.0, 1.1974281463857682e-07, 9.3752980042493e-15, 0.0, 1.7881393432617188e-07, 5.2470024493195456e-08, 2.2900974203048424e-07, 0.0], [0.0, 1.7729522177457638e-09, 0.0, 0.14261833274906177, 0.0, 0.0, 0.4947048111350054, 0.0, 4.0375762348010865e-09, 0.03431373028990624, 4.619814387598359e-09, 0.1500612697342557, 0.030550572335213307, 0.0, 0.1500612620087007, 0.0, 0.0, 0.34775912523691005, 0.15006126238743758, 0.4930584428470159, 2.996831552334153e-10, 1.0, 0.048853118539168114, 0.0, 4.4031936548738105e-09, 7.056121016342124e-10, 0.15006126544221307, 2.2691053181065067e-09, 0.0, 0.11790528429606673, 0.0, 0.0, 0.0, 0.0, 0.0, 0.0, 0.0, 0.0, 0.0, 0.1941850613453244, 0.0, 0.19084965373260834, 0.0936104190945533, 3.725290298461914e-09, 0.022917469742215847, 3.2738339522094313e-10, 3.5789181137462403e-10, 4.803999894437068e-10, 0.0, 0.0, 9.313225746154787e-10, 2.1498458493273656e-10, 1.554312234475219e-15, 0.35192949675720847, 0.0, 0.0014828594583497874, 0.0, 0.0, 0.0, 0.1500612620432674, 6.430489885497757e-09, 0.007337107941804837, 0.0, 1.364072073074973e-16, 0.493058432284713, 0.0, 9.091063066431958e-12, 0.0, 0.0, 0.15006126560591473, 5.6753451292745745e-11, 0.0, 0.0, 4.270166294091918e-12, 0.0, 0.14814280688511006, 0.0, 7.713395075073201e-09, 0.0, 0.0, 1.3640720730749727e-16, 0.1500612632190012, 0.24095229382312053, 0.0], [0.0, 0.0, 0.0, 0.3355598596151548, 0.0, 0.0, 0.1207095460562082, 0.0, 0.0, 0.013192048539904078, 0.0, 0.1075331680365422, 0.0635731513754322, 0.0, 0.10740629892863085, 0.0, 0.0, 0.2542342544649609, 0.13080486101839608, 0.13093890585375403, 0.0, 0.048853118539168114, 1.0, 0.0, 0.0, 0.0, 0.1307554943478984, 8.398124170322644e-16, 0.0, 0.434610538480608, 0.0, 0.0, 0.0, 2.220446049250313e-16, 0.0, 0.0, 0.0, 0.0, 0.0, 0.31816291236560373, 0.0, 0.0818070773003057, 0.47910429760862444, 0.0, 0.2796870212694373, 3.475189763688795e-16, 1.1595791525395002e-15, 0.0, 0.0, 0.0, 0.0, 0.0, 2.2204460492503128e-16, 0.16133290749013762, 0.0, 0.39620880391421825, 0.0, 0.0, 0.0, 0.13075549434789863, 0.0, 0.34018954268935153, 0.0, 1.7763568394002505e-15, 0.1307554943478984, 0.0, 0.0, 0.0, 0.0, 0.13090368513740336, 1.0294083942546473e-15, 0.0, 1.4120123930235388e-15, 0.0, 0.0, 0.14185105761733355, 0.00022829883633086032, 1.5258789062499997e-05, 0.0, 0.0, 0.0, 0.1309448013595575, 0.06903435961430367, 0.0], [0.0, 0.0, 0.0, 0.0, 0.0, 0.0, 0.0, 0.0, 0.0, 0.0, 0.0, 0.0, 0.0, 0.0, 0.0, 0.0, 0.0, 0.0, 0.0, 0.0, 0.0, 0.0, 0.0, 1.0, 0.0, 0.0, 0.0, 0.0, 0.0, 0.0, 0.0, 0.0, 0.0, 0.0, 0.0, 0.0, 0.0, 0.0, 0.0, 0.0, 0.0, 0.0, 0.0, 0.0, 0.0, 0.0, 0.0, 0.0, 0.0, 0.0, 0.0, 0.0, 0.0, 0.0, 0.0, 0.0, 0.0, 0.0, 0.0, 0.0, 0.0, 0.0, 0.0, 0.0, 0.0, 0.0, 0.0, 0.0, 0.0, 0.0, 0.0, 0.0, 0.0, 0.0, 0.0, 0.0, 0.0, 0.0, 0.0, 0.0, 0.0, 0.0, 0.0, 0.0], [0.0, 3.4038571820194283e-10, 0.0, 0.08689623681271103, 0.0, 0.0, 0.1210307295689818, 0.0036284957686252652, 4.087794371360094e-09, 0.12961243740273629, 0.0029494382943509824, 0.11476360952832673, 0.12360076020058934, 0.0, 0.0, 0.0, 0.0, 0.15215948576897542, 0.09936454109656342, 0.03841996057373558, 0.0, 4.4031936548738105e-09, 0.0, 0.0, 1.0, 1.7507092348691668e-09, 0.10250561893506424, 1.4725647158582079e-09, 0.0, 0.12617180695164165, 0.0, 0.06541919414695689, 0.023354871990341752, 0.0, 0.0, 0.0, 0.06640624999999999, 0.0, 0.0, 0.11414094623569082, 0.0, 0.01886259643021514, 0.0, 3.435950667469864e-09, 0.05433078908703725, 0.01650106804649696, 0.08247347956661895, 0.0, 0.0, 0.0, 9.817001907056755e-10, 0.0, 0.0, 0.16221936450537733, 0.0, 0.14220114093025565, 0.0, 0.015625, 0.0, 0.08247347956661895, 2.0642402466334146e-09, 0.06780172052721836, 0.0, 0.0, 0.005231251025976499, 0.0, 0.0, 0.0, 0.0, 0.1631331644277777, 0.0, 0.0, 0.0, 0.0, 0.0, 0.10328757308069378, 0.0, 2.2101117402063313e-09, 0.0, 0.0, 0.0, 0.005653860901314274, 0.13631911323398413, 0.0], [0.0, 2.8515813671787943e-10, 0.0, 8.058833945995596e-10, 0.0, 0.0, 0.0, 0.0, 1.8535278886662164e-09, 9.120455898299459e-10, 5.964070038678176e-10, 1.444318509825528e-09, 0.0, 0.0, 1.9933162468770277e-11, 0.0, 0.0, 4.747232181477905e-10, 0.0, 3.0342017161586455e-10, 1.2707759404445086e-12, 7.056121016342124e-10, 0.0, 0.0, 1.7507092348691668e-09, 1.0, 0.0, 1.920061031270257e-11, 0.0, 1.790868852007157e-09, 0.0, 4.547473508864641e-13, 0.0, 0.0, 0.0, 0.0, 0.0, 0.0, 0.0, 6.053710580521674e-10, 0.0, 7.2715539059418515e-12, 0.0, 9.197902776576354e-13, 8.757648164158438e-10, 0.0, 1.4258696813279732e-11, 7.927912818563297e-12, 0.0, 0.0, 0.0, 0.0, 0.0, 5.984491374203589e-10, 0.0, 7.040510367709607e-10, 0.0, 3.6852458347904147e-13, 0.0, 0.0, 8.537123600641886e-10, 1.2353379731466451e-09, 0.0, 0.0, 0.0, 0.0, 2.155513514336073e-11, 0.0, 0.0, 1.1902115422106441e-09, 0.0, 0.0, 0.0, 1.6916351091280442e-11, 0.0, 1.6062205587658942e-09, 0.0, 1.0503173701292857e-11, 0.0, 0.0, 0.0, 2.638700503062742e-11, 1.4405012279821889e-09, 0.0], [0.0, 1.5885026950440448e-08, 0.0, 0.5224179525160342, 0.0, 0.0, 0.2067696266454906, 0.009277343749999998, 2.533575365462846e-08, 0.43941525240152257, 0.004521942073302709, 0.4300651762505945, 0.4383746476310699, 0.0, 0.227062176684463, 0.0, 0.0, 0.3201414246078405, 0.2181171063386778, 0.4358470431524578, 5.960464477539063e-08, 0.15006126544221307, 0.1307554943478984, 0.0, 0.10250561893506424, 0.0, 1.0, 2.8621601501768163e-07, 0.0, 0.3414340781790729, 0.0, 0.20377610945505287, 0.0019531249999999996, 0.0, 0.0, 0.0, 0.019531249999999997, 0.0, 0.0, 0.562288651612501, 5.960464477539061e-08, 0.3901769310884211, 0.3098559191025125, 9.313225746154787e-10, 0.25104232259879866, 0.0039062710999612504, 0.17897963238372222, 0.0, 0.0, 0.0, 4.656612873077392e-09, 0.0, 0.0, 0.4678240911913169, 0.0, 0.2296775034449993, 0.0, 0.003906249999999999, 0.0, 0.20191755976775647, 7.3966754510671175e-09, 0.710802167012242, 0.0, 0.0, 0.12890625, 0.0, 0.0, 0.0, 0.0, 0.8731159434278615, 0.0, 0.0, 0.0, 0.0, 0.0, 0.7770529008706397, 0.0, 6.592678886517754e-08, 0.0, 0.0, 5.960464477539062e-08, 0.29835678079894856, 0.3193591293492296, 0.0], [0.0, 1.0943395129754352e-07, 0.0, 2.56489992980436e-06, 0.0, 0.0, 0.0, 0.0, 9.533530586356648e-08, 5.911093435710917e-06, 7.523535777918815e-08, 8.704198603797303e-06, 1.6676125760104462e-14, 0.0, 1.1140019766536818e-06, 0.0, 0.0, 6.405198786749745e-06, 4.27471960201244e-06, 3.0925899840928614e-06, 5.967199792055266e-08, 2.2691053181065067e-09, 8.398124170322644e-16, 0.0, 1.4725647158582079e-09, 1.920061031270257e-11, 2.8621601501768163e-07, 1.0, 0.0, 6.370004943903792e-06, 0.0, 0.0, 0.0, 1.094755275745714e-14, 0.0, 0.0, 0.0, 0.0, 0.0, 5.045314523882089e-06, 5.960464477539061e-08, 5.049556343332445e-09, 0.0, 6.333995400647794e-07, 1.2874988733460301e-05, 5.029786766302669e-07, 1.255604766857449e-10, 3.1596632799279153e-10, 0.0, 0.0, 5.522142590315077e-09, 4.587326547200669e-10, 5.1224686487507315e-15, 6.553571480999003e-06, 9.5367431640625e-07, 3.962646756043646e-06, 0.0, 3.978309210863319e-15, 0.0, 1.4559899368932033e-11, 4.838555797531416e-09, 5.6018729682771575e-06, 0.0, 1.4957992954488388e-14, 0.0, 0.0, 2.880613564122678e-11, 4.348931328132192e-15, 0.0, 5.82444087482233e-06, 5.675420666036077e-11, 0.0, 4.389136816505603e-15, 2.882506081169228e-11, 0.0, 2.3169726035085156e-06, 0.0, 2.028204571876272e-06, 7.288418411971425e-15, 0.0, 5.960464504021119e-08, 2.957226889035948e-06, 7.748314160612793e-06, 0.0], [0.0, 0.0, 0.0, 0.0, 0.0, 0.0, 0.0, 0.0, 0.0, 0.0, 0.0, 0.0, 0.0, 0.0, 0.0, 0.0, 0.0, 0.0, 0.0, 0.0, 0.0, 0.0, 0.0, 0.0, 0.0, 0.0, 0.0, 0.0, 1.0, 0.0, 0.0, 0.0, 0.0, 0.0, 0.0, 0.0, 0.0, 0.0, 0.0, 0.0, 0.0, 0.0, 0.0, 0.0, 0.0, 0.0, 0.0, 0.0, 0.0, 0.0, 0.0, 0.0, 0.0, 0.0, 0.0, 0.0, 0.0, 0.0, 0.0, 0.0, 0.0, 0.0, 0.0, 0.0, 0.0, 0.0, 0.0, 0.0, 0.0, 0.0, 0.0, 0.0, 0.0, 0.0, 0.0, 0.0, 0.0, 0.0, 0.0, 0.0, 0.0, 0.0, 0.0, 0.0], [0.0, 5.674388699784316e-08, 0.0, 0.40514514565397103, 0.0, 0.0, 0.2516274978720385, 0.0048479590341597364, 6.192477483438004e-08, 0.3044570472507876, 0.003515758923802579, 0.5494555462832291, 0.11533238407959935, 0.0, 0.2531104228271823, 0.0, 0.0, 0.2983304020790309, 0.44565364693488546, 0.3325085809512295, 5.936501012304699e-07, 0.11790528429606673, 0.434610538480608, 0.0, 0.12617180695164165, 1.790868852007157e-09, 0.3414340781790729, 6.370004943903792e-06, 0.0, 1.0, 0.0006813918501205545, 0.15012555438616626, 0.0177158578535954, 2.957758929268489e-15, 0.0, 0.0, 0.02149119651650919, 0.0, 0.0, 0.4625068614775395, 2.228349892473386e-07, 0.4337484067380426, 0.4633683481236629, 1.1604164429753215e-07, 0.3056738030152965, 0.013672002200548181, 0.11793360259348643, 3.5315876172718223e-10, 7.23223119079618e-06, 0.0, 1.574193276971431e-08, 8.950641534266481e-06, 5.538456277453215e-15, 0.33322819015810945, 1.063588567552133e-06, 0.819327766444923, 0.0, 0.005859375000245298, 0.0, 0.22163964093853594, 4.401129871559068e-09, 0.4169749809116687, 0.0, 1.9913622763503667e-14, 0.20244152872255589, 1.578556036109694e-05, 3.585583201134426e-11, 5.565823545032643e-15, 0.0, 0.2951643655351368, 8.302419587877058e-06, 0.0, 5.387477345816499e-15, 2.8103848505123525e-11, 0.0, 0.3319026257799261, 0.0003700951725955471, 0.00015858864224855567, 4.162828984267015e-15, 0.0, 2.2283488205674207e-07, 0.2034346962801559, 0.42347926710456574, 0.0], [0.0, 0.0, 0.0, 0.000679096913376289, 0.0, 0.0, 0.00146484375, 0.00024414062499999997, 0.0, 0.0009912739796092314, 0.0, 0.0005243625725049463, 0.0, 0.0, 0.0, 0.0, 0.0, 0.00040072829416550515, 0.0003662109375, 0.0006129332373994255, 0.0, 0.0, 0.0, 0.0, 0.0, 0.0, 0.0, 0.0, 0.0, 0.0006813918501205545, 1.0, 0.0, 0.0009765625, 0.0, 0.0, 0.0, 0.0, 0.0, 0.0, 0.0009774284856944439, 0.0, 0.00036487715522187935, 0.0, 0.0, 0.0013429051674481458, 0.0, 0.0, 0.0, 0.0, 0.0, 0.0, 0.0, 0.0, 0.0008017245218123034, 0.0, 5.5024560835140814e-05, 0.0, 0.0, 0.0, 0.0, 0.0, 0.0005589597809128185, 0.0, 0.0, 0.0010986328124999998, 0.0, 0.0, 0.0, 0.0, 0.0007772105075969507, 0.0, 0.0, 0.0, 0.0, 0.0, 0.00024414062499999995, 0.00021099827625660348, 0.0004882812499999999, 0.0, 0.0, 0.0, 0.00146484375, 0.00031239154034382646, 0.0], [0.0, 0.0, 0.0, 0.07219758524665566, 0.0, 0.0, 0.04941058844013092, 0.0, 0.0, 0.2676496275911529, 0.0, 0.18434567529941165, 0.1445833702933747, 0.0, 0.2500000000006821, 0.0, 0.0, 0.047566729083735285, 0.1256676049619417, 0.16508499225392864, 1.1368683772161603e-13, 0.0, 0.0, 0.0, 0.06541919414695689, 4.547473508864641e-13, 0.20377610945505287, 0.0, 0.0, 0.15012555438616626, 0.0, 1.0, 0.029008355609796744, 0.0, 0.0, 0.0, 0.00390625, 0.0, 0.0, 0.19198709171639308, 5.684341886080803e-14, 0.12729464593283213, 0.08293610033712961, 4.547473508864641e-13, 0.11418610033723854, 0.014909419369233245, 0.09765625000000001, 1.9254476750289778e-13, 0.0, 0.0, 0.0, 0.0, 0.0, 0.2615311230560549, 0.0, 0.20737544088280713, 0.0, 0.0039062499999999996, 0.0, 0.03515625, 0.0, 0.20397034980448453, 0.0, 0.0, 0.00390625, 0.0, 0.0, 0.0, 0.0, 0.2096038874207466, 0.0, 0.0, 0.0, 0.0, 0.0, 0.22046329745376708, 0.0, 5.684341886080802e-14, 0.0, 0.0, 0.0, 0.06640625000017819, 0.21562014772789911, 0.0], [0.0, 0.0, 0.0, 0.03704405008629218, 0.0, 0.0, 0.0009765625000000002, 0.0029942305804438315, 0.0, 0.038780852891639316, 0.0019052270509961162, 0.013065366043538439, 0.0, 0.0, 0.0, 0.0, 0.0, 0.01113145481298948, 0.00979337046250051, 0.0360946656033348, 0.0, 0.0, 0.0, 0.0, 0.023354871990341752, 0.0, 0.0019531249999999996, 0.0, 0.0, 0.0177158578535954, 0.0009765625, 0.029008355609796744, 1.0, 0.0, 0.0, 0.0, 0.0, 0.0, 0.0, 0.003002538814777458, 0.0, 0.03161487715522188, 0.0, 0.0, 0.004146324714508552, 0.007812499999999999, 0.0019531249999999996, 0.0, 0.0, 0.0, 0.0, 0.0, 0.0, 0.032715296776841166, 0.0, 0.037723616780569694, 0.0, 0.0, 0.0, 0.0019531249999999996, 0.0, 0.036105491787669156, 0.0, 0.0, 0.0014648437500000002, 0.0, 0.0, 0.0, 0.0, 0.034423128518454284, 0.0, 0.0, 0.0, 0.0, 0.0, 0.029902979638593, 0.0, 0.0, 0.0, 0.0, 0.0, 0.0029296875, 0.03201477668623019, 0.0], [0.0, 0.0, 0.0, 9.471992913152738e-15, 0.0, 0.0, 0.0, 0.0, 0.0, 4.486171361865338e-15, 0.0, 1.0588296900997333e-14, 0.0, 0.0, 0.0, 0.0, 0.0, 1.3629455038461265e-14, 2.2204460492503128e-16, 3.1358616549992046e-15, 0.0, 0.0, 2.220446049250313e-16, 0.0, 0.0, 0.0, 0.0, 1.094755275745714e-14, 0.0, 2.957758929268489e-15, 0.0, 0.0, 0.0, 1.0, 0.0, 0.0, 0.0, 0.0, 0.0, 7.191818526288923e-15, 0.0, 2.2204460492503128e-16, 0.0, 0.0, 1.8393577955489792e-14, 2.1924015958842056e-16, 8.727396114834814e-16, 0.0, 0.0, 0.0, 0.0, 0.0, 2.220446049250313e-16, 1.3176586242813021e-14, 0.0, 0.0, 0.0, 0.0, 0.0, 2.7812681432589204e-14, 7.506351011000151e-15, 6.7614378030389605e-15, 0.0, 2.861563321175169e-14, 0.0, 0.0, 0.0, 0.0, 0.0, 1.4247794722164895e-14, 0.0, 0.0, 0.0, 0.0, 0.0, 7.258720165351032e-15, 0.0, 9.902723136271075e-15, 0.0, 0.0, 0.0, 0.0, 5.382067569059171e-16, 0.0], [0.0, 0.0, 0.0, 0.0, 0.0, 0.0, 0.0, 0.0, 0.0, 0.0, 0.0, 0.0, 0.0, 0.0, 0.0, 0.0, 0.0, 0.0, 0.0, 0.0, 0.0, 0.0, 0.0, 0.0, 0.0, 0.0, 0.0, 0.0, 0.0, 0.0, 0.0, 0.0, 0.0, 0.0, 1.0, 0.0, 0.0, 0.0, 0.0, 0.0, 0.0, 0.0, 0.0, 0.0, 0.0, 0.0, 0.0, 0.0, 0.0, 0.0, 0.0, 0.0, 0.0, 0.0, 0.0, 0.0, 0.0, 0.0, 0.0, 0.0, 0.0, 0.0, 0.0, 0.0, 0.0, 0.0, 0.0, 0.0, 0.0, 0.0, 0.0, 0.0, 0.0, 0.0, 0.0, 0.0, 0.0, 0.0, 0.0, 0.0, 0.0, 0.0, 0.0, 0.0], [0.0, 0.0, 0.0, 0.0, 0.0, 0.0, 0.0, 0.0, 0.0, 0.0, 0.0, 0.0, 0.0, 0.0, 0.0, 0.0, 0.0, 0.0, 0.0, 0.0, 0.0, 0.0, 0.0, 0.0, 0.0, 0.0, 0.0, 0.0, 0.0, 0.0, 0.0, 0.0, 0.0, 0.0, 0.0, 1.0, 0.0, 0.0, 0.0, 0.0, 0.0, 0.0, 0.0, 0.0, 0.0, 0.0, 0.0, 0.0, 0.0, 0.0, 0.0, 0.0, 0.0, 0.0, 0.0, 0.0, 0.0, 0.0, 0.0, 0.0, 0.0, 0.0, 0.0, 0.0, 0.0, 0.0, 0.0, 0.0, 0.0, 0.0, 0.0, 0.0, 0.0, 0.0, 0.0, 0.0, 0.0, 0.0, 0.0, 0.0, 0.0, 0.0, 0.0, 0.0], [0.0, 0.0, 0.0, 0.047692516360630155, 0.0, 0.0, 5.890102531299347e-06, 0.0, 0.0, 0.012326414642988212, 0.0, 0.031240900296711907, 0.0, 0.0, 0.0, 0.0, 0.0, 0.06605347451527882, 0.0058844492572809725, 0.018306403154340713, 0.0, 0.0, 0.0, 0.0, 0.06640624999999999, 0.0, 0.019531249999999997, 0.0, 0.0, 0.02149119651650919, 0.0, 0.00390625, 0.0, 0.0, 0.0, 0.0, 1.0, 0.0, 0.0, 0.024893167683500327, 0.0, 0.00390919505126565, 0.0, 0.0, 4.908418776082788e-06, 0.015624999999999998, 0.0039062499999999996, 0.0, 0.0, 0.0, 0.0, 0.0, 0.0, 0.07222021602379053, 0.0, 0.04422748219733666, 0.0, 0.003906249999999999, 0.0, 0.0039062499999999996, 0.0, 0.02471895541039846, 0.0, 0.0, 0.0039062499999999996, 5.890102531299347e-06, 0.0, 0.0, 0.0, 0.03902920229490231, 0.0, 0.0, 0.0, 0.0, 0.0, 0.010974148730548233, 9.579025257562974e-06, 0.0, 0.0, 0.0, 0.0, 0.00390938516288654, 0.04682717068290196, 0.0], [0.0, 0.0, 0.0, 0.0, 0.0, 0.0, 0.0, 0.0, 0.0, 0.0, 0.0, 0.0, 0.0, 0.0, 0.0, 0.0, 0.0, 0.0, 0.0, 0.0, 0.0, 0.0, 0.0, 0.0, 0.0, 0.0, 0.0, 0.0, 0.0, 0.0, 0.0, 0.0, 0.0, 0.0, 0.0, 0.0, 0.0, 1.0, 0.0, 0.0, 0.0, 0.0, 0.0, 0.0, 0.0, 0.0, 0.0, 0.0, 0.0, 0.0, 0.0, 0.0, 0.0, 0.0, 0.0, 0.0, 0.0, 0.0, 0.0, 0.0, 0.0, 0.0, 0.0, 0.0, 0.0, 0.0, 0.0, 0.0, 0.0, 0.0, 0.0, 0.0, 0.0, 0.0, 0.0, 0.0, 0.0, 0.0, 0.0, 0.0, 0.0, 0.0, 0.0, 0.0], [0.0, 0.0, 0.0, 0.0, 0.0, 0.0, 0.0, 0.0, 0.0, 0.0, 0.0, 0.0, 0.0, 0.0, 0.0, 0.0, 0.0, 0.0, 0.0, 0.0, 0.0, 0.0, 0.0, 0.0, 0.0, 0.0, 0.0, 0.0, 0.0, 0.0, 0.0, 0.0, 0.0, 0.0, 0.0, 0.0, 0.0, 0.0, 1.0, 0.0, 0.0, 0.0, 0.0, 0.0, 0.0, 0.0, 0.0, 0.0, 0.0, 0.0, 0.0, 0.0, 0.0, 0.0, 0.0, 0.0, 0.0, 0.0, 0.0, 0.0, 0.0, 0.0, 0.0, 0.0, 0.0, 0.0, 0.0, 0.0, 0.0, 0.0, 0.0, 0.0, 0.0, 0.0, 0.0, 0.0, 0.0, 0.0, 0.0, 0.0, 0.0, 0.0, 0.0, 0.0], [0.0, 5.61380323394705e-08, 0.0, 0.6280068266800765, 0.0, 0.0, 0.22288765570807995, 0.012364128170926858, 1.1797736494969932e-07, 0.41331079271252547, 0.006786897182727525, 0.34233762103642945, 0.343302324859643, 0.0, 0.2320344831609839, 0.0, 0.0, 0.21276581407606532, 0.5098076597428672, 0.3609265982819194, 4.0086317691968337e-07, 0.1941850613453244, 0.31816291236560373, 0.0, 0.11414094623569082, 6.053710580521674e-10, 0.562288651612501, 5.045314523882089e-06, 0.0, 0.4625068614775395, 0.0009774284856944439, 0.19198709171639308, 0.003002538814777458, 7.191818526288923e-15, 0.0, 0.0, 0.024893167683500327, 0.0, 0.0, 1.0, 3.9347388517894286e-07, 0.2631261285369817, 0.4843305395833417, 1.5995310787491483e-06, 0.551616670905091, 0.0077846627611922225, 0.08997814942751092, 9.299778251795167e-10, 3.0435639594600602e-05, 0.0, 1.4992583813009526e-08, 3.0208614409678356e-05, 2.314370720292297e-15, 0.7202563149112119, 1.2099032192787312e-06, 0.3584508495508284, 0.0, 0.013242639100056176, 0.0, 0.4170943489591914, 2.0684176634347175e-09, 0.4969906435830544, 0.0, 1.2990822331639624e-14, 0.14388282123646878, 3.418997285679853e-05, 1.9061872208131823e-11, 3.2402411478010322e-15, 0.0, 0.4147006477315299, 3.0442213304686652e-05, 0.0, 1.1520339819116129e-15, 1.6275145236609262e-11, 0.0, 0.3774481796937082, 0.00015534075508345785, 1.5699568234715517e-05, 5.6037462109595975e-15, 0.0, 3.9347377234789344e-07, 0.43573960450884686, 0.6706562978845767, 0.0], [0.0, 0.0, 0.0, 1.514602806910709e-07, 0.0, 0.0, 0.0, 0.0, 0.0, 3.9598617855395515e-07, 5.960464477539063e-08, 1.7785520257872107e-07, 0.0, 0.0, 3.4859491092656357e-07, 0.0, 0.0, 4.3854586476623675e-07, 5.788264916357628e-07, 2.981838913677176e-07, 1.7881393432617188e-07, 0.0, 0.0, 0.0, 0.0, 0.0, 5.960464477539061e-08, 5.960464477539061e-08, 0.0, 2.228349892473386e-07, 0.0, 5.684341886080803e-14, 0.0, 0.0, 0.0, 0.0, 0.0, 0.0, 0.0, 3.9347388517894286e-07, 1.0, 0.0, 0.0, 0.0, 2.630452956117438e-07, 0.0, 0.0, 1.1569598103883075e-13, 0.0, 0.0, 0.0, 0.0, 0.0, 3.79812949116575e-07, 0.0, 7.979951931373348e-08, 0.0, 0.0, 0.0, 0.0, 0.0, 7.072187326239723e-08, 0.0, 0.0, 0.0, 0.0, 0.0, 0.0, 0.0, 2.465934097886425e-07, 0.0, 0.0, 0.0, 0.0, 0.0, 1.777961420491431e-07, 0.0, 4.768372434682533e-07, 0.0, 0.0, 7.152557373046875e-07, 1.3985367804861418e-07, 4.572568392095137e-07, 0.0], [0.0, 4.13940349197312e-09, 0.0, 0.20370361872806148, 0.0, 0.0, 0.19729942349817647, 0.00016723536281002804, 3.725290298461914e-09, 0.1666989727918134, 3.767161781872432e-09, 0.4690314586314332, 0.5341882025635613, 0.0, 0.3339562607995375, 0.0, 0.0, 0.17167115194862756, 0.5423523819491174, 0.3950602100560858, 1.7330540088128208e-10, 0.19084965373260834, 0.0818070773003057, 0.0, 0.01886259643021514, 7.2715539059418515e-12, 0.3901769310884211, 5.049556343332445e-09, 0.0, 0.4337484067380426, 0.00036487715522187935, 0.12729464593283213, 0.03161487715522188, 2.2204460492503128e-16, 0.0, 0.0, 0.00390919505126565, 0.0, 0.0, 0.2631261285369817, 0.0, 1.0, 0.0517754761711848, 4.547473508864641e-13, 0.4575621848892267, 0.01171875388611829, 0.011970766302225579, 7.268849664609033e-10, 2.578203425845825e-05, 0.0, 1.4901161193847656e-08, 2.4597240276381933e-05, 1.9984014443252814e-15, 0.23692464691401116, 0.0, 0.22