"{\"names\": [\"172.217.10.1\", \"104.88.86.240\", \"38.93.140.48\", \"192.168.10.15\", \"104.88.108.223\", \"195.142.105.15\", \"172.217.12.163\", \"206.217.206.48\", \"172.217.6.228\", \"178.255.83.1\", \"74.119.118.82\", \"192.168.10.9\", \"172.217.7.6\", \"35.186.227.40\", \"31.13.71.36\", \"206.126.112.142\", \"151.101.2.49\", \"192.168.10.25\", \"172.217.3.98\", \"192.168.10.16\", \"72.30.202.150\", \"172.217.12.132\", \"50.31.164.173\", \"162.208.20.178\", \"23.15.4.16\", \"216.58.217.99\", \"172.217.6.198\", \"172.217.12.174\", \"169.46.44.40\", \"192.168.10.17\", \"52.84.143.130\", \"104.19.195.102\", \"216.200.232.61\", \"104.97.73.166\", \"152.163.13.79\", \"192.229.163.25\", \"74.119.118.86\", \"54.225.188.92\", \"188.165.145.88\", \"192.168.10.14\", \"8.43.72.98\", \"199.96.57.6\", \"68.67.178.110\", \"104.88.70.158\", \"192.168.10.19\", \"69.172.216.56\", \"157.240.18.35\", \"172.217.11.34\", \"185.54.150.20\", \"69.169.85.7\", \"198.232.124.194\", \"74.119.118.72\", \"172.217.12.134\", \"192.168.10.5\", \"23.111.9.30\", \"192.168.10.8\", \"151.101.66.2\", \"68.67.178.199\", \"213.239.195.215\", \"138.108.7.20\", \"52.84.145.87\", \"192.168.10.50\", \"52.84.145.198\", \"52.40.24.51\", \"212.77.100.137\", \"185.54.150.115\", \"172.217.10.138\", \"152.163.66.165\", \"52.84.137.78\", \"192.168.10.51\", \"68.67.178.109\", \"129.146.14.96\", \"54.152.24.232\", \"172.217.10.33\", \"52.8.229.108\", \"192.168.10.12\", \"64.147.131.201\", \"172.217.12.206\", \"68.67.180.12\", \"172.217.10.134\", \"38.69.238.16\", \"172.217.10.142\", \"192.168.10.3\", \"172.217.6.202\"], \"funcEdges\": [[1.0, 0.0, 0.0, 0.0, 0.0, 0.0, 0.0, 0.0, 0.0, 0.0, 0.0, 0.0, 0.0, 0.0, 0.0, 0.0, 0.0, 0.0, 0.0, 0.0, 0.0, 0.0, 0.0, 0.0, 0.0, 0.0, 0.0, 0.0, 0.0, 0.0, 0.0, 0.0, 0.0, 0.0, 0.0, 0.0, 0.0, 0.0, 0.0, 0.0, 0.0, 0.0, 0.0, 0.0, 0.0, 0.0, 0.0, 0.0, 0.0, 0.0, 0.0, 0.0, 0.0, 0.0, 0.0, 0.0, 0.0, 0.0, 0.0, 0.0, 0.0, 0.0, 0.0, 0.0, 0.0, 0.0, 0.0, 0.0, 0.0, 0.0, 0.0, 0.0, 0.0, 0.0, 0.0, 0.0, 0.0, 0.0, 0.0, 0.0, 0.0, 0.0, 0.0, 0.0], [0.0, 1.0, 0.0, 1.146774271398654e-17, 0.0, 0.0, 0.0, 0.0, 7.405457315962359e-18, 1.2810919541708266e-17, 1.813091928051194e-18, 6.540916419802397e-18, 0.0, 0.0, 4.737995171219551e-18, 0.0, 0.0, 4.844278743061462e-18, 8.378312168063927e-18, 5.115890230165342e-18, 2.7956728898537244e-21, 2.063988030126509e-19, 0.0, 0.0, 3.962611292977152e-20, 3.319677625758101e-20, 1.8492605246650577e-18, 1.273978865909664e-17, 0.0, 6.605857866565133e-18, 0.0, 0.0, 0.0, 0.0, 0.0, 0.0, 0.0, 0.0, 0.0, 6.535327101530333e-18, 0.0, 4.818899896895885e-19, 0.0, 0.0, 1.0618756742671629e-17, 6.860225866639587e-18, 1.6774037339122353e-20, 5.1243512113316784e-20, 0.0, 0.0, 4.336808689942018e-19, 1.3552527156068805e-20, 0.0, 1.2598217271760466e-17, 0.0, 8.405039828850183e-18, 0.0, 0.0, 0.0, 0.0, 8.852473668688268e-20, 9.11900763924944e-18, 0.0, 0.0, 0.0, 0.0, 0.0, 0.0, 0.0, 8.284582158225683e-18, 0.0, 0.0, 0.0, 0.0, 0.0, 4.728397263119386e-18, 0.0, 7.479201459043526e-18, 0.0, 0.0, 0.0, 1.595128351475875e-19, 1.4949477439293637e-17, 0.0], [0.0, 0.0, 1.0, 5.193737273423738e-07, 0.0, 1.4444937227990548e-07, 9.807990008899536e-07, 0.0, 0.0, 5.533096571429805e-07, 0.0, 5.264552588461324e-07, 0.0, 4.76837158203125e-07, 0.0, 0.0, 0.0, 1.3403442245994562e-06, 0.0, 1.0335820844631927e-06, 0.0, 0.0, 0.0, 0.0, 0.0, 0.0, 0.0, 0.0, 0.0, 6.799340499558064e-07, 0.0, 1.1151883450854977e-06, 3.8152815055818096e-07, 0.0, 0.0, 0.0, 0.0, 0.0, 1.192092895507812e-07, 8.099232912200485e-07, 4.3122730177967036e-07, 2.4282957426509576e-08, 0.0, 0.0, 5.704861996758813e-07, 0.0, 9.507726423342961e-07, 2.148204946558132e-07, 0.0, 0.0, 0.0, 2.3841857910156245e-07, 0.0, 3.9800073971711786e-07, 0.0, 4.3187155391598496e-07, 0.0, 1.8629521327826122e-07, 0.0, 2.4282957426509573e-08, 0.0, 9.926834167624425e-07, 0.0, 0.0, 2.3841857910156245e-07, 0.0, 0.0, 0.0, 0.0, 5.391700057937137e-07, 1.395069590658072e-07, 0.0, 0.0, 0.0, 0.0, 5.329254233780563e-07, 0.0, 5.384600170975593e-07, 0.0, 2.4282957426509576e-08, 3.281847499856335e-07, 3.338906646145067e-08, 1.1424887445949097e-06, 0.0], [0.0, 1.146774271398654e-17, 5.193737273423738e-07, 1.0, 0.0, 3.742616579125752e-07, 0.0011376987826875675, 8.123404536289182e-13, 1.773327806982174e-17, 0.39807427596905753, 0.032731145321621725, 0.22004277459154067, 6.205282658724228e-10, 1.3339657247085373e-07, 1.0066533338138175e-09, 0.0, 1.5356745668392055e-08, 0.2893042562283, 5.928639730204985e-11, 0.6004716983944258, 0.0034905484982659975, 8.300465802793411e-10, 4.853413812399934e-10, 0.0, 0.10005965768279494, 9.381717473729044e-20, 6.081745407032247e-11, 0.002343080358604837, 2.24811514768736e-07, 0.6358451688580266, 0.03244089271151806, 1.7913808179599838e-05, 1.0710177047596683e-06, 3.1556858038789e-05, 0.0, 8.553190090384245e-06, 0.033196442342883936, 2.6577185660562416e-08, 1.8374072306002452e-07, 0.4433932199788107, 1.0107182872053494e-06, 0.12275681273834024, 5.52625887037366e-10, 5.993962596113771e-17, 0.4104091611668317, 1.6173260138654981e-10, 0.05786398024069431, 0.006651504546063074, 3.543174778414029e-15, 0.0029606547642664453, 0.024760031172757924, 8.36509929636604e-07, 7.999713479218926e-25, 0.5173814014617812, 1.8058432123209372e-16, 0.07561239816721316, 0.29589796997407825, 0.17985454893063807, 0.0, 0.14141519379504625, 0.13003531448786157, 0.585180640790187, 0.12013430779089271, 5.199774298575064e-10, 6.435989318653311e-07, 0.12013430779089673, 1.439122148756536e-09, 0.29565950200934615, 0.006380664709156336, 0.2260416383325995, 0.001380641065852312, 0.030386883193896982, 0.4803172911684721, 1.544805249924557e-10, 0.0, 0.3904103577126846, 0.5844380567976477, 0.28364714503270183, 0.33473106208567927, 2.054287610481369e-08, 3.7321374734333663e-07, 1.2848765761881822e-07, 0.5563443742541812, 0.15966434446735428], [0.0, 0.0, 0.0, 0.0, 1.0, 0.0, 0.0, 0.0, 0.0, 0.0, 0.0, 0.0, 0.0, 0.0, 0.0, 0.0, 0.0, 0.0, 0.0, 0.0, 0.0, 0.0, 0.0, 0.0, 0.0, 0.0, 0.0, 0.0, 0.0, 0.0, 0.0, 0.0, 0.0, 0.0, 0.0, 0.0, 0.0, 0.0, 0.0, 0.0, 0.0, 0.0, 0.0, 0.0, 0.0, 0.0, 0.0, 0.0, 0.0, 0.0, 0.0, 0.0, 0.0, 0.0, 0.0, 0.0, 0.0, 0.0, 0.0, 0.0, 0.0, 0.0, 0.0, 0.0, 0.0, 0.0, 0.0, 0.0, 0.0, 0.0, 0.0, 0.0, 0.0, 0.0, 0.0, 0.0, 0.0, 0.0, 0.0, 0.0, 0.0, 0.0, 0.0, 0.0], [0.0, 0.0, 1.4444937227990548e-07, 3.742616579125752e-07, 0.0, 1.0, 7.457903198386956e-08, 0.0, 0.0, 4.5974714961747707e-07, 9.446780766631942e-09, 1.3079797868580444e-07, 5.354911189882535e-10, 1.1920928955078121e-07, 8.80973020416951e-10, 0.0, 6.865351196866203e-09, 3.436449970872307e-07, 0.0, 2.526177445703858e-07, 4.70589057207025e-10, 1.7529038443871184e-09, 0.0, 0.0, 2.6163567519169793e-08, 0.0, 0.0, 0.0, 7.694926552389894e-08, 4.1260679894120265e-07, 2.0470574765143292e-09, 1.2027442029084242e-07, 1.4310957145661852e-07, 9.946885749175932e-09, 0.0, 0.0, 0.0, 2.3239194084347067e-08, 1.6620389091316745e-07, 2.462599337678847e-07, 4.3028039641448045e-07, 5.0060299269901515e-08, 0.0, 0.0, 2.2384370920331039e-07, 0.0, 7.629798351345425e-08, 3.093814171388177e-07, 0.0, 0.0, 2.411834626707031e-07, 2.0856606791452474e-07, 0.0, 5.60687868849927e-07, 0.0, 4.5394240504473487e-07, 0.0, 0.0, 0.0, 7.626768851356235e-08, 0.0, 3.25612112918709e-07, 0.0, 3.5125054233166015e-10, 5.799519674948194e-08, 0.0, 8.2405900688219e-10, 0.0, 9.757083767169176e-09, 2.955827054864331e-07, 2.164562245897061e-07, 0.0, 0.0, 0.0, 0.0, 3.0357548642784095e-07, 0.0, 1.2096332062975747e-07, 0.0, 2.292283230190649e-08, 2.496225414354069e-07, 2.243545247329155e-08, 2.462609980556087e-07, 0.0], [0.0, 0.0, 9.807990008899536e-07, 0.0011376987826875675, 0.0, 7.457903198386956e-08, 1.0, 2.842170943040401e-14, 0.0, 0.00047909019640610345, 7.475932977218553e-05, 0.0014070840777590822, 7.174824418466607e-11, 0.0, 1.4946806013004286e-11, 0.0, 3.924974763977818e-09, 0.0013304294653829567, 2.0314572044184978e-11, 0.0009123882059606017, 0.0004921363155566401, 5.759121979761466e-11, 4.5328382626075787e-10, 0.0, 0.0004884960119043649, 0.0, 2.4071152629969943e-11, 0.0008009834662665736, 0.0, 0.0007501215415087457, 1.7053025658242404e-13, 0.00019559792644082127, 2.0612035306175363e-06, 8.036418942894931e-05, 0.0, 6.810483548263881e-05, 2.361049111660062e-05, 1.9360150666196135e-08, 4.075729378641734e-08, 0.0019547483950951698, 3.826846508097982e-07, 0.0005474269025964423, 4.4174213455421796e-10, 0.0, 0.0008296293837991867, 1.4148701320757275e-10, 0.0006712609933624021, 0.0017342875911887036, 3.5376038820813573e-15, 0.001981010085694171, 3.1710056676734904e-06, 2.2853826319793125e-07, 0.0, 0.0009083597363664362, 0.0, 0.001648120639455578, 0.0, 3.490995612527098e-08, 0.0, 6.556303199150332e-08, 0.0, 0.0006247875962476411, 0.0, 0.0, 6.578445597920021e-07, 5.320294760840006e-15, 0.0, 6.760498733925945e-05, 4.535136015518852e-09, 0.001923695454831285, 0.00018902013657335826, 0.00048828125, 0.0, 1.5972050385783316e-10, 0.0, 0.0010292191299747543, 0.0007973599423601187, 1.430211331787926e-05, 0.0004882812500000001, 7.000969096008537e-08, 6.45215967844981e-08, 4.9533510486580665e-08, 0.0017686906443773113, 0.0], [0.0, 0.0, 0.0, 8.123404536289182e-13, 0.0, 0.0, 2.842170943040401e-14, 1.0, 0.0, 5.383985794832115e-13, 5.657705456670806e-13, 6.705577479320307e-13, 0.0, 0.0, 0.0, 0.0, 0.0, 5.363921130979267e-13, 1.7479427123173543e-13, 4.096747127008927e-13, 0.0, 0.0, 0.0, 0.0, 4.2241250265218146e-13, 0.0, 1.080024958355352e-12, 0.0, 0.0, 5.643767111655018e-13, 2.8421709430404004e-14, 0.0, 3.485743166464185e-13, 0.0, 0.0, 0.0, 0.0, 0.0, 0.0, 1.439373960127921e-12, 0.0, 1.946875858237362e-14, 0.0, 0.0, 5.369409952297588e-13, 0.0, 1.080024958355352e-12, 0.0, 0.0, 0.0, 0.0, 0.0, 0.0, 6.181232069236745e-13, 0.0, 2.8376830519534466e-13, 0.0, 0.0, 0.0, 1.080024958355352e-12, 0.0, 8.33834979136736e-13, 0.0, 0.0, 2.0605942026365823e-13, 0.0, 0.0, 0.0, 0.0, 5.180592625052655e-13, 0.0, 0.0, 0.0, 0.0, 0.0, 1.1014882539852609e-12, 0.0, 0.0, 0.0, 0.0, 0.0, 4.2632564145606e-13, 3.620809591730381e-13, 0.0], [0.0, 7.405457315962359e-18, 0.0, 1.773327806982174e-17, 0.0, 0.0, 0.0, 0.0, 1.0, 9.764111424850896e-18, 1.9816644871532334e-18, 1.360380243917408e-17, 0.0, 0.0, 1.419352073082178e-17, 0.0, 0.0, 1.0261032643758592e-17, 8.029639075516533e-18, 1.1361101806080397e-17, 0.0, 4.700357367751522e-19, 0.0, 0.0, 4.75881897304218e-19, 2.1577904567427658e-19, 2.949469915431512e-18, 1.1098490313576358e-17, 0.0, 7.208992591404827e-18, 0.0, 0.0, 0.0, 0.0, 0.0, 0.0, 0.0, 0.0, 0.0, 1.3734372908912985e-17, 0.0, 4.336808689942018e-19, 0.0, 1.8716647296100923e-19, 1.177403376968672e-17, 2.7711220014950935e-18, 0.0, 0.0, 0.0, 0.0, 5.210252230426727e-19, 0.0, 0.0, 3.3977765527928614e-18, 0.0, 1.4914451833464475e-17, 0.0, 0.0, 0.0, 0.0, 3.0107110893707175e-19, 9.15407299396572e-18, 0.0, 0.0, 0.0, 0.0, 0.0, 0.0, 0.0, 1.1755406334143385e-17, 0.0, 0.0, 0.0, 0.0, 0.0, 1.8173055890359028e-17, 0.0, 5.265591401270395e-18, 0.0, 0.0, 0.0, 0.0, 8.52885497458321e-18, 0.0], [0.0, 1.2810919541708266e-17, 5.533096571429805e-07, 0.39807427596905753, 0.0, 4.5974714961747707e-07, 0.00047909019640610345, 5.383985794832115e-13, 9.764111424850896e-18, 1.0, 0.034010317005094416, 0.4646216642749085, 9.720718022992117e-10, 1.9306572203133483e-07, 3.9807355119436494e-10, 0.0, 1.5707203051290808e-08, 0.47497096166461117, 1.6673100191763018e-11, 0.3054973902104242, 0.0018253198945896887, 5.405910089465511e-10, 1.365084677807977e-10, 0.0, 0.3240221599320104, 1.0617608086088974e-19, 5.115466802398704e-11, 0.0013601718480666255, 3.819712019634256e-09, 0.07522992621712424, 0.02665744974389061, 0.00021245934394357582, 9.465105619772553e-07, 7.279182283606085e-05, 0.0, 9.041034694209698e-05, 0.026436820754808507, 1.3609114090386478e-08, 2.615970814036982e-07, 0.33110874020824116, 7.54233495946876e-07, 0.3357520719674327, 2.3936833008849005e-10, 1.0845077020376582e-19, 0.5938991765907309, 3.1667418442343953e-10, 0.010955856356912763, 0.003196048994636256, 1.3924596806194586e-15, 0.0003768367015478749, 0.022496488913980654, 1.387035292416719e-06, 4.240405596414956e-25, 0.7138731058430432, 4.6666154463936694e-18, 0.0497738798727607, 0.20353808560949466, 0.232043492117056, 0.0, 0.1959454627415854, 0.18386408320191336, 0.29820681648374603, 0.33523919982740297, 3.669918287087958e-11, 1.035221990049367e-06, 0.3352391998274051, 1.8626451492328922e-09, 0.4767808533917518, 0.01583690552398321, 0.11577218058710122, 2.3082766232926877e-05, 0.016402771945607783, 0.2666440792501344, 2.611482737828796e-10, 0.0, 0.4177988930187701, 0.33686835524564696, 0.3669031402481314, 0.40197797962658655, 3.701301827483543e-08, 4.46067052267131e-07, 2.7149374880084566e-07, 0.6528846448661585, 0.03169299211826282], [0.0, 1.813091928051194e-18, 0.0, 0.032731145321621725, 0.0, 9.446780766631942e-09, 7.475932977218553e-05, 5.657705456670806e-13, 1.9816644871532334e-18, 0.034010317005094416, 1.0, 0.016668747004403225, 4.979077044224259e-11, 0.0, 5.820769779022704e-11, 0.0, 3.709300583444803e-09, 0.01948539551102446, 2.3704847353899074e-13, 0.02377869452561241, 6.961907693273526e-18, 5.378171787129667e-19, 0.0, 0.0, 7.53868207034242e-09, 6.943091329510995e-20, 5.264233417462917e-13, 3.051757812500876e-05, 0.0, 0.034534006173811325, 0.0, 3.7252902984619132e-09, 2.2179762029509481e-13, 3.0517578124999993e-05, 0.0, 3.0517578125e-05, 0.0, 7.754810152449208e-09, 0.0, 0.025289034299461312, 6.938893903907228e-18, 3.0517636332661354e-05, 0.0, 4.336808689942018e-19, 0.015461278144416253, 4.541139679721177e-19, 0.01565552377815412, 8.838538885188713e-09, 0.0, 0.0, 5.421010862427522e-19, 4.64847846474246e-21, 0.0, 0.05031079239158001, 0.0, 0.006378894200671442, 0.0, 0.0, 0.0, 5.264158624453674e-13, 1.8761767104420142e-19, 0.0364054244685138, 0.0, 0.0, 3.725517672137356e-09, 0.0, 1.2508477033893862e-21, 4.226617004355432e-05, 3.7252902984619132e-09, 0.011289677609590546, 6.606971297034264e-21, 0.015624999999999997, 0.015624999999999997, 5.820766091502508e-11, 0.0, 0.01933401804633344, 0.036860489038724284, 9.52582425453225e-19, 0.0, 0.0, 6.93889390390723e-18, 3.726311576948885e-09, 0.02376888641540529, 0.0], [0.0, 6.540916419802397e-18, 5.264552588461324e-07, 0.22004277459154067, 0.0, 1.3079797868580444e-07, 0.0014070840777590822, 6.705577479320307e-13, 1.360380243917408e-17, 0.4646216642749085, 0.016668747004403225, 1.0, 5.71399391653925e-10, 1.1920928955078121e-07, 5.644001655391762e-10, 0.0, 0.0, 0.2960567184214207, 3.2909552155473856e-11, 0.4340243770330793, 0.0025636482504471513, 7.972666339931452e-10, 1.1869473029518812e-10, 0.0, 0.2120465068929084, 1.6814080414193775e-19, 5.00661758997704e-11, 0.0017233550530619175, 0.0, 0.4272195434201126, 0.027996487543687033, 7.280135003998134e-05, 1.6078654431027728e-06, 8.237421187169156e-05, 0.0, 0.00011087015264451453, 0.03436406274271388, 0.0, 1.4442312731867344e-07, 0.346410458150085, 5.905584085796483e-07, 0.19067528383303525, 1.8932494274860662e-10, 1.0336943437137094e-16, 0.6605525377554489, 3.5393700104282003e-10, 0.06598486081619426, 0.0059399319551316125, 1.026232058931181e-15, 0.0028470559391906222, 0.027278938233501863, 1.1570178744586488e-06, 8.234180714832068e-25, 0.3019922100757676, 2.7980094125282157e-16, 0.08581957597918677, 0.16705491884322032, 0.5396223124041177, 0.0, 0.43148753262825806, 0.4312751833259831, 0.28226398416839976, 0.18749999999999997, 9.297704554745958e-10, 1.5315994638188983e-06, 0.1875000000000015, 1.7372906848447328e-09, 0.28410038955434014, 0.001124722192901668, 0.37450313104690947, 0.03337858572113534, 0.020334612200646637, 0.24536089439266512, 1.1978855807783898e-10, 0.0, 0.48758330724658494, 0.3851315047980988, 0.3275717078502062, 0.1731752805083513, 1.8111788625433632e-08, 4.4662660431428034e-07, 5.987657142051006e-08, 0.2668387116577555, 0.1590488564253444], [0.0, 0.0, 0.0, 6.205282658724228e-10, 0.0, 5.354911189882535e-10, 7.174824418466607e-11, 0.0, 0.0, 9.720718022992117e-10, 4.979077044224259e-11, 5.71399391653925e-10, 1.0, 0.0, 2.5607499199201234e-10, 0.0, 0.0, 6.277487289435129e-10, 6.113338641754783e-11, 9.08723737547975e-10, 3.6117796536738335e-10, 3.5565547104009086e-12, 1.182957198227654e-10, 0.0, 2.367863578866421e-10, 0.0, 5.103352568474015e-11, 1.941356547188999e-24, 0.0, 6.961255023251861e-10, 2.6829818249588453e-10, 1.6831719583526103e-11, 0.0, 0.0, 0.0, 0.0, 0.0, 0.0, 0.0, 5.960350326002847e-10, 0.0, 5.21586800855394e-10, 1.687062651846331e-10, 0.0, 7.567967129038216e-10, 3.019823347966529e-10, 8.710331888820861e-10, 2.6829818249588453e-10, 0.0, 0.0, 0.0, 0.0, 8.271806125530277e-25, 6.565658252376023e-10, 0.0, 4.1519337838969287e-10, 0.0, 4.643307225969836e-25, 0.0, 6.0190245760048e-11, 4.1359030627651375e-25, 8.608834183966691e-10, 0.0, 2.167683402548669e-10, 1.3878581722563344e-09, 0.0, 0.0, 4.135903062765138e-25, 0.0, 6.336359355271046e-10, 0.0, 0.0, 8.271806125530277e-25, 2.8289664957915785e-10, 0.0, 1.5241432464733637e-09, 0.0, 4.135903062765138e-25, 9.309241675663222e-25, 2.6829818249588453e-10, 0.0, 4.24628761171617e-10, 5.66333167185359e-10, 0.0], [0.0, 0.0, 4.76837158203125e-07, 1.3339657247085373e-07, 0.0, 1.1920928955078121e-07, 0.0, 0.0, 0.0, 1.9306572203133483e-07, 0.0, 1.1920928955078121e-07, 0.0, 1.0, 0.0, 0.0, 0.0, 3.67751067771768e-07, 0.0, 4.1366940366540386e-07, 0.0, 0.0, 0.0, 0.0, 0.0, 0.0, 0.0, 0.0, 0.0, 4.1723251342773443e-07, 0.0, 1.6151402867924765e-07, 1.4310957145661854e-07, 0.0, 0.0, 0.0, 0.0, 0.0, 1.1920928955078124e-07, 4.7058293784663567e-07, 1.7345734531129644e-07, 0.0, 0.0, 0.0, 4.757019580554848e-07, 0.0, 0.0, 1.5592741281519854e-07, 0.0, 0.0, 0.0, 0.0, 0.0, 1.2274542529734823e-07, 0.0, 1.166582327458863e-07, 0.0, 0.0, 0.0, 0.0, 0.0, 1.529805687849514e-08, 0.0, 0.0, 0.0, 0.0, 0.0, 0.0, 0.0, 1.1920928955078121e-07, 1.395069590658072e-07, 0.0, 0.0, 0.0, 0.0, 3.740618422282868e-07, 0.0, 1.1920928955078121e-07, 0.0, 0.0, 2.920019319991086e-07, 0.0, 1.8311132840626498e-07, 0.0], [0.0, 4.737995171219551e-18, 0.0, 1.0066533338138175e-09, 0.0, 8.80973020416951e-10, 1.4946806013004286e-11, 0.0, 1.419352073082178e-17, 3.9807355119436494e-10, 5.820769779022704e-11, 5.644001655391762e-10, 2.5607499199201234e-10, 0.0, 1.0, 0.0, 0.0, 1.3701526338544226e-09, 2.6313586973283508e-11, 6.1765058883462e-10, 2.2996420306190162e-17, 6.537944416883848e-10, 1.2503738856016524e-11, 0.0, 3.097702029569624e-11, 2.3205255238304702e-21, 2.6433516373446094e-11, 1.296868986279799e-16, 0.0, 4.873513250468019e-11, 5.522063572719424e-10, 2.910383045681311e-11, 0.0, 0.0, 0.0, 0.0, 0.0, 0.0, 5.522063572719423e-10, 8.777788653567494e-10, 4.0581788742747573e-17, 1.2618911694729904e-10, 2.441775450856757e-11, 7.940933880509065e-23, 2.386338971924339e-10, 3.477223870033799e-18, 1.1136528820364858e-09, 1.3529236581430228e-09, 8.419425216033333e-16, 0.0, 8.283095359079138e-10, 5.522073992623654e-10, 0.0, 3.4990383413042454e-10, 1.1102230246251565e-16, 6.853436080969744e-10, 0.0, 2.646977960169688e-23, 0.0, 1.455191522836685e-11, 0.0, 1.7415589730858116e-09, 0.0, 0.0, 1.98620700985681e-10, 8.881784197001254e-16, 1.840687857589196e-10, 0.0, 0.0, 2.0480881541672254e-09, 9.665285240290243e-16, 0.0, 0.0, 8.73114913713861e-11, 0.0, 1.6852290490114874e-09, 8.881784197001252e-16, 1.842797472384374e-17, 0.0, 1.8406878575731413e-10, 4.058177881658022e-17, 7.912659032913424e-10, 1.483016863310984e-09, 0.0], [0.0, 0.0, 0.0, 0.0, 0.0, 0.0, 0.0, 0.0, 0.0, 0.0, 0.0, 0.0, 0.0, 0.0, 0.0, 1.0, 0.0, 0.0, 0.0, 0.0, 0.0, 0.0, 0.0, 0.0, 0.0, 0.0, 0.0, 0.0, 0.0, 0.0, 0.0, 0.0, 0.0, 0.0, 0.0, 0.0, 0.0, 0.0, 0.0, 0.0, 0.0, 0.0, 0.0, 0.0, 0.0, 0.0, 0.0, 0.0, 0.0, 0.0, 0.0, 0.0, 0.0, 0.0, 0.0, 0.0, 0.0, 0.0, 0.0, 0.0, 0.0, 0.0, 0.0, 0.0, 0.0, 0.0, 0.0, 0.0, 0.0, 0.0, 0.0, 0.0, 0.0, 0.0, 0.0, 0.0, 0.0, 0.0, 0.0, 0.0, 0.0, 0.0, 0.0, 0.0], [0.0, 0.0, 0.0, 1.5356745668392055e-08, 0.0, 6.865351196866203e-09, 3.924974763977818e-09, 0.0, 0.0, 1.5707203051290808e-08, 3.709300583444803e-09, 0.0, 0.0, 0.0, 0.0, 0.0, 1.0, 1.6013190472031824e-08, 0.0, 2.316940016953854e-09, 0.0, 0.0, 0.0, 0.0, 2.1954194484984683e-08, 0.0, 0.0, 0.0, 0.0, 1.215356684950446e-08, 0.0, 0.0, 0.0, 1.8250120749944284e-08, 0.0, 0.0, 0.0, 1.9770964145772978e-08, 1.2166747166629525e-08, 1.2309584688462069e-08, 0.0, 0.0, 0.0, 0.0, 1.6692639398908734e-08, 0.0, 4.402348042563117e-09, 1.5456016425946295e-08, 0.0, 0.0, 1.2166747166629522e-08, 0.0, 0.0, 5.560541824633721e-09, 0.0, 5.154328316717413e-09, 0.0, 0.0, 0.0, 1.8250120749944287e-08, 0.0, 1.6296858569499725e-08, 0.0, 0.0, 1.8250120749944287e-08, 0.0, 0.0, 0.0, 0.0, 1.3565033920102701e-08, 0.0, 0.0, 0.0, 0.0, 0.0, 2.0698243550080817e-08, 0.0, 0.0, 0.0, 9.38960966188616e-09, 1.8250120749944287e-08, 1.2166747166629524e-08, 2.4790571246405946e-08, 0.0], [0.0, 4.844278743061462e-18, 1.3403442245994562e-06, 0.2893042562283, 0.0, 3.436449970872307e-07, 0.0013304294653829567, 5.363921130979267e-13, 1.0261032643758592e-17, 0.47497096166461117, 0.01948539551102446, 0.2960567184214207, 6.277487289435129e-10, 3.67751067771768e-07, 1.3701526338544226e-09, 0.0, 1.6013190472031824e-08, 1.0, 6.34608998437118e-11, 0.4100580872408097, 0.0015920483096476521, 8.102022676686258e-10, 3.4046968896750605e-10, 0.0, 0.4666269647931826, 5.526505621939321e-20, 3.726936697585514e-11, 0.0027188393509753024, 2.9576828688730902e-08, 0.2736622250646714, 0.02322488263479239, 7.631777425154431e-05, 1.0035888312966628e-06, 6.028196852475211e-05, 0.0, 3.135375923809731e-05, 0.023111046616700586, 3.131912855831742e-08, 1.1583445395895184e-07, 0.5928944397231816, 1.0045773799342654e-06, 0.46316183034385183, 3.719058458472254e-10, 1.5500944197479636e-16, 0.5258509512211917, 3.102703833553229e-10, 0.15519533645374045, 0.0073400596646700095, 2.5534194263615283e-15, 0.0021084594932989, 0.01703835641508435, 6.475419236885851e-07, 9.129907742997609e-25, 0.7340144038020668, 9.821607271136376e-17, 0.020983964549087315, 0.290236112355155, 0.0808987630583843, 0.0, 0.047414908430366505, 0.08939298603580699, 0.39861972263626977, 0.4604084169200537, 5.533060283559136e-10, 1.6786078734868461e-06, 0.46040841692005674, 5.039036741768413e-10, 0.37633664285644014, 0.019496893192200885, 0.1661877667448608, 0.08664995283281773, 0.04461535689112515, 0.32747078153880615, 4.1260491460916386e-10, 0.0, 0.5709083428742228, 0.3839823639341605, 0.5096504862436438, 0.697202823489525, 5.001777952854195e-08, 4.030887924495244e-07, 7.446242576603701e-08, 0.7409343070362129, 0.04046966139204358], [0.0, 8.378312168063927e-18, 0.0, 5.928639730204985e-11, 0.0, 0.0, 2.0314572044184978e-11, 1.7479427123173543e-13, 8.029639075516533e-18, 1.6673100191763018e-11, 2.3704847353899074e-13, 3.2909552155473856e-11, 6.113338641754783e-11, 0.0, 2.6313586973283508e-11, 0.0, 0.0, 6.34608998437118e-11, 1.0, 1.7310558936006386e-11, 2.6453709169259854e-17, 1.7469430154589655e-11, 1.522768999198406e-11, 0.0, 1.1567555029942121e-11, 0.0, 2.539217313037694e-11, 4.976428581881849e-16, 0.0, 5.188091273127187e-11, 4.263256414560601e-14, 1.4629634674864554e-11, 1.1400983741623942e-12, 2.5849394142282112e-26, 0.0, 0.0, 6.85040054060632e-13, 0.0, 0.0, 5.934942277880237e-11, 6.738427230573292e-17, 6.313812708821117e-11, 2.715429052657641e-11, 6.693544644038656e-18, 6.256846174668775e-11, 1.5939676563201165e-12, 1.6995078153325906e-11, 4.0399190144670917e-20, 0.0, 0.0, 0.0, 5.41580785627389e-20, 2.7376078254280596e-25, 8.092337836103778e-11, 1.1102230246251565e-16, 2.5002024516448325e-11, 0.0, 6.844137053256496e-13, 0.0, 6.344153396486996e-11, 4.135903062765139e-25, 3.920988364491511e-11, 0.0, 6.290949392486707e-25, 1.5230945705873527e-11, 1.7284294914737748e-15, 0.0, 4.1359030627651384e-25, 0.0, 3.334801877481289e-11, 1.166019941553539e-21, 0.0, 3.547183754676782e-25, 0.0, 0.0, 3.8356435644054704e-11, 3.63797653288463e-14, 1.6112668116270395e-14, 6.741175006514748e-25, 0.0, 6.738427231865762e-17, 7.191049032148223e-11, 7.263052147380448e-11, 0.0], [0.0, 5.115890230165342e-18, 1.0335820844631927e-06, 0.6004716983944258, 0.0, 2.526177445703858e-07, 0.0009123882059606017, 4.096747127008927e-13, 1.1361101806080397e-17, 0.3054973902104242, 0.02377869452561241, 0.4340243770330793, 9.08723737547975e-10, 4.1366940366540386e-07, 6.1765058883462e-10, 0.0, 2.316940016953854e-09, 0.4100580872408097, 1.7310558936006386e-11, 1.0, 0.0053382910099003585, 2.095050241129412e-10, 2.476543567981915e-10, 0.0, 0.24356720822489425, 3.5322756927444664e-20, 5.073927379591132e-11, 0.0032658610031321674, 8.956231044716024e-08, 0.6494544202897463, 0.01843714152567373, 5.769046533134942e-05, 1.6865543400092823e-06, 4.986661339685933e-05, 0.0, 6.103515625e-05, 0.018207034748300637, 3.0829705955020715e-08, 8.995748310455277e-08, 0.3071864935495334, 1.0036327612301297e-06, 0.23286037164233694, 3.6257339359833433e-10, 7.175492239743387e-17, 0.4477486920268599, 1.4728720796385154e-10, 0.06699318333897489, 0.004356651029228527, 2.023000781074676e-15, 0.0020042663205374926, 0.014263991362183636, 8.336809452449669e-07, 2.16335904846322e-25, 0.30946495888898, 1.3719453338116105e-16, 0.07056103876259708, 0.18888552069912132, 0.2601251754068195, 0.0, 0.006136316238262597, 0.046337526205111064, 0.503711295493803, 0.2316741021572968, 3.5828440542271897e-10, 1.575002506461586e-06, 0.23167410215729986, 1.5344763274344851e-09, 0.01632731119784176, 0.029020803477307767, 0.17434221715773168, 0.058669459902716936, 0.053283762487855046, 0.2927314653023833, 3.7357049068794786e-10, 0.0, 0.6956868719286954, 0.31630675058278535, 0.3580248763086911, 0.2643951604069897, 5.7358712278354474e-08, 1.8025634654289188e-07, 1.437877323960532e-07, 0.22742662625696508, 0.12358566170872488], [0.0, 2.7956728898537244e-21, 0.0, 0.0034905484982659975, 0.0, 4.70589057207025e-10, 0.0004921363155566401, 0.0, 0.0, 0.0018253198945896887, 6.961907693273526e-18, 0.0025636482504471513, 3.6117796536738335e-10, 0.0, 2.2996420306190162e-17, 0.0, 0.0, 0.0015920483096476521, 2.6453709169259854e-17, 0.0053382910099003585, 1.0, 3.488771096260931e-20, 0.0, 0.0, 0.0007578710132036611, 1.4793779007677321e-22, 6.938893903907228e-18, 0.001175155797683353, 0.0, 0.00353870375280228, 4.8029294528942214e-11, 1.3234889800848443e-23, 0.0, 0.0, 0.0, 0.0, 0.0, 0.0, 0.0, 0.003218411546112049, 2.0816681711721685e-17, 1.1457891282490184e-06, 2.91038304567337e-11, 3.970466940254533e-23, 0.0021848215359325587, 9.128829043369696e-21, 0.0004924904809901879, 0.001319049308882971, 0.0, 0.0015644032353440216, 3.9345598078109493e-07, 1.677403733912235e-20, 0.0, 0.002906950927080057, 0.0, 0.0015572198073700342, 0.0, 0.00020773883265600175, 0.0, 3.388131789017202e-21, 4.1359030627651384e-25, 0.002230306624750978, 0.0, 6.584076132586567e-11, 2.881757671736535e-10, 0.0, 0.0, 1.6543612251060553e-24, 0.0, 0.0036642508285552903, 0.0, 0.000741629520963026, 0.0, 0.0, 0.0, 0.0031419752304409623, 0.0026245239828012303, 3.5113697883040175e-06, 0.005780664781038491, 9.125565960499026e-10, 2.0816681711721685e-17, 2.8817577328196823e-10, 0.001626912866026735, 0.0], [0.0, 2.063988030126509e-19, 0.0, 8.300465802793411e-10, 0.0, 1.7529038443871184e-09, 5.759121979761466e-11, 0.0, 4.700357367751522e-19, 5.405910089465511e-10, 5.378171787129667e-19, 7.972666339931452e-10, 3.5565547104009086e-12, 0.0, 6.537944416883848e-10, 0.0, 0.0, 8.102022676686258e-10, 1.7469430154589655e-11, 2.095050241129412e-10, 3.488771096260931e-20, 1.0, 5.6872515169866516e-12, 0.0, 5.12599206398452e-19, 8.214405989672667e-20, 1.7469430510212326e-11, 2.641586258665783e-19, 0.0, 1.5220519349862264e-09, 1.8482763683049826e-09, 0.0, 0.0, 0.0, 0.0, 0.0, 0.0, 0.0, 1.8482763683049826e-09, 1.5749191458215996e-09, 0.0, 2.221782385984067e-11, 1.0897687065246666e-11, 4.336808689942018e-19, 5.392643096072682e-10, 3.811244331544069e-20, 8.628564556329055e-10, 3.521186134913758e-10, 0.0, 0.0, 1.729032731748565e-09, 1.84827636833001e-09, 1.8094575899597478e-25, 6.164273222403932e-10, 0.0, 1.8529211459176056e-09, 0.0, 0.0, 0.0, 1.746943011452297e-11, 7.486075495250706e-19, 6.56798918487106e-11, 0.0, 1.5879888938215712e-26, 5.939959210656779e-10, 0.0, 5.365963649928274e-10, 0.0, 0.0, 5.540657955210389e-10, 6.606971297034266e-21, 0.0, 0.0, 4.971127833812402e-22, 0.0, 8.693241598000994e-10, 0.0, 8.979573700429408e-19, 0.0, 5.365963649917691e-10, 1.587988893821571e-26, 1.6924353751527064e-09, 1.5996671401321105e-10, 0.0], [0.0, 0.0, 0.0, 4.853413812399934e-10, 0.0, 0.0, 4.5328382626075787e-10, 0.0, 0.0, 1.365084677807977e-10, 0.0, 1.1869473029518812e-10, 1.182957198227654e-10, 0.0, 1.2503738856016524e-11, 0.0, 0.0, 3.4046968896750605e-10, 1.522768999198406e-11, 2.476543567981915e-10, 0.0, 5.6872515169866516e-12, 1.0, 0.0, 1.164153218269348e-10, 0.0, 1.522194295515055e-11, 9.776703280306706e-26, 0.0, 3.109078989341386e-10, 0.0, 0.0, 0.0, 2.5849394142282115e-26, 0.0, 0.0, 0.0, 0.0, 0.0, 5.027003251441758e-10, 0.0, 4.715926893078816e-10, 5.214363683025148e-10, 0.0, 1.364690398135828e-10, 2.5590400851774445e-10, 1.1641532182693494e-10, 0.0, 0.0, 0.0, 0.0, 0.0, 2.5849394142282112e-26, 1.8053847855766593e-10, 0.0, 3.178710815147668e-10, 0.0, 0.0, 0.0, 1.5221942955150575e-11, 0.0, 2.4592209516908796e-10, 0.0, 2.0679515313825692e-25, 2.0011400645303218e-10, 0.0, 0.0, 0.0, 0.0, 2.1795284292625108e-10, 1.1983890950850296e-25, 0.0, 1.6437987715745563e-25, 1.164153218269348e-10, 0.0, 9.046734213411042e-11, 2.6577482504171822e-14, 1.77635683940025e-15, 0.0, 0.0, 0.0, 4.1686232043302697e-10, 1.1106359632981781e-10, 0.0], [0.0, 0.0, 0.0, 0.0, 0.0, 0.0, 0.0, 0.0, 0.0, 0.0, 0.0, 0.0, 0.0, 0.0, 0.0, 0.0, 0.0, 0.0, 0.0, 0.0, 0.0, 0.0, 0.0, 1.0, 0.0, 0.0, 0.0, 0.0, 0.0, 0.0, 0.0, 0.0, 0.0, 0.0, 0.0, 0.0, 0.0, 0.0, 0.0, 0.0, 0.0, 0.0, 0.0, 0.0, 0.0, 0.0, 0.0, 0.0, 0.0, 0.0, 0.0, 0.0, 0.0, 0.0, 0.0, 0.0, 0.0, 0.0, 0.0, 0.0, 0.0, 0.0, 0.0, 0.0, 0.0, 0.0, 0.0, 0.0, 0.0, 0.0, 0.0, 0.0, 0.0, 0.0, 0.0, 0.0, 0.0, 0.0, 0.0, 0.0, 0.0, 0.0, 0.0, 0.0], [0.0, 3.962611292977152e-20, 0.0, 0.10005965768279494, 0.0, 2.6163567519169793e-08, 0.0004884960119043649, 4.2241250265218146e-13, 4.75881897304218e-19, 0.3240221599320104, 7.53868207034242e-09, 0.2120465068929084, 2.367863578866421e-10, 0.0, 3.097702029569624e-11, 0.0, 2.1954194484984683e-08, 0.4666269647931826, 1.1567555029942121e-11, 0.24356720822489425, 0.0007578710132036611, 5.12599206398452e-19, 1.164153218269348e-10, 0.0, 1.0, 2.0380937900268086e-19, 1.1933224617394647e-11, 0.0019536454340924113, 0.0, 0.2905438734644177, 0.0, 5.5955512442331476e-09, 3.409767794100174e-07, 1.4901161193847656e-08, 0.0, 0.0, 7.730704965069888e-12, 1.9862003622450427e-08, 7.450580596923827e-09, 0.19244164160419763, 0.0, 0.5002668048249154, 1.164153218269348e-10, 3.999973027349757e-19, 0.2242909588808767, 2.5782498566486536e-10, 0.0021699517943389243, 0.0077465808386590635, 0.0, 0.004389333310239068, 1.3969838619346461e-08, 5.204340924109092e-07, 0.0, 0.44058041459331704, 0.0, 0.004915347946579913, 0.13783070107299528, 0.13783427190892514, 0.0, 0.1575094429077838, 0.10615454852771421, 0.07848545877597204, 0.4983109961869828, 0.0, 1.913639600246358e-06, 0.498310996186983, 0.0, 0.42348138804244073, 1.1169132149459112e-08, 0.006277366508208219, 3.4097406054507843e-07, 0.001953125, 0.13783070107299525, 6.859423205215792e-10, 0.0, 0.5061193101040478, 0.09398131020164359, 0.49935038939507603, 0.4096765063698884, 2.55552806172533e-09, 2.980232238769531e-08, 1.3215642904865128e-08, 0.4023863207256913, 0.0], [0.0, 3.319677625758101e-20, 0.0, 9.381717473729044e-20, 0.0, 0.0, 0.0, 0.0, 2.1577904567427658e-19, 1.0617608086088974e-19, 6.943091329510995e-20, 1.6814080414193775e-19, 0.0, 0.0, 2.3205255238304702e-21, 0.0, 0.0, 5.526505621939321e-20, 0.0, 3.5322756927444664e-20, 1.4793779007677321e-22, 8.214405989672667e-20, 0.0, 0.0, 2.0380937900268086e-19, 1.0, 0.0, 2.235245228826833e-21, 0.0, 2.0848457375624647e-19, 0.0, 5.293955920339377e-23, 0.0, 0.0, 0.0, 0.0, 0.0, 0.0, 0.0, 7.047446654785511e-20, 0.0, 8.465202881421255e-22, 0.0, 1.0707768118679936e-22, 1.0195244294775694e-19, 0.0, 1.6599307783506499e-21, 9.229305221889281e-22, 0.0, 0.0, 0.0, 0.0, 0.0, 6.966864892984262e-20, 0.0, 8.196232802827851e-20, 0.0, 4.290190798684972e-23, 0.0, 0.0, 9.938519914450457e-20, 1.4381226770890005e-19, 0.0, 0.0, 0.0, 0.0, 2.509347994737412e-21, 0.0, 0.0, 1.3855885972858455e-19, 0.0, 0.0, 0.0, 1.9693224564288326e-21, 0.0, 1.8698868327377063e-19, 0.0, 1.222730346640206e-21, 0.0, 0.0, 0.0, 3.071851682689439e-21, 1.6769641404764132e-19, 0.0], [0.0, 1.8492605246650577e-18, 0.0, 6.081745407032247e-11, 0.0, 0.0, 2.4071152629969943e-11, 1.080024958355352e-12, 2.949469915431512e-18, 5.115466802398704e-11, 5.264233417462917e-13, 5.00661758997704e-11, 5.103352568474015e-11, 0.0, 2.6433516373446094e-11, 0.0, 0.0, 3.726936697585514e-11, 2.539217313037694e-11, 5.073927379591132e-11, 6.938893903907228e-18, 1.7469430510212326e-11, 1.522194295515055e-11, 0.0, 1.1933224617394647e-11, 0.0, 1.0, 3.3319929500306215e-17, 0.0, 3.974815809389959e-11, 0.0, 2.3722661362850674e-11, 2.27373675443232e-13, 0.0, 0.0, 0.0, 2.27373675443232e-12, 0.0, 0.0, 6.545901433710253e-11, 6.938893903907227e-18, 4.542257300210431e-11, 3.607197654229967e-11, 1.0842021724855047e-19, 2.922517277752034e-11, 4.547498072452436e-13, 2.0835971504417507e-11, 0.0, 0.0, 0.0, 5.421010862427521e-19, 0.0, 0.0, 5.446189213443046e-11, 0.0, 2.6737980479956522e-11, 0.0, 4.54747350886464e-13, 0.0, 2.3506297702872714e-11, 8.610863530853667e-19, 8.274826302801282e-11, 0.0, 0.0, 1.5006662579253316e-11, 0.0, 0.0, 0.0, 0.0, 1.016440735463823e-10, 0.0, 0.0, 0.0, 0.0, 0.0, 9.04608635314088e-11, 0.0, 7.674888342756025e-18, 0.0, 0.0, 6.9388939039072276e-18, 3.473330065595784e-11, 3.717829582156027e-11, 0.0], [0.0, 1.273978865909664e-17, 0.0, 0.002343080358604837, 0.0, 0.0, 0.0008009834662665736, 0.0, 1.1098490313576358e-17, 0.0013601718480666255, 3.051757812500876e-05, 0.0017233550530619175, 1.941356547188999e-24, 0.0, 1.296868986279799e-16, 0.0, 0.0, 0.0027188393509753024, 4.976428581881849e-16, 0.0032658610031321674, 0.001175155797683353, 2.641586258665783e-19, 9.776703280306706e-26, 0.0, 0.0019536454340924113, 2.235245228826833e-21, 3.3319929500306215e-17, 1.0, 0.0, 0.003056801221906956, 0.0, 6.575507970529863e-05, 4.7683715820312495e-07, 3.0517578125e-05, 0.0, 4.57763671875e-05, 4.920346574815056e-05, 0.0, 0.0, 0.00118119681423563, 6.938893903907227e-18, 0.0004139839870209113, 0.0, 7.373741130167378e-17, 0.0029520022022262882, 5.85544245119983e-17, 0.0006790181346416266, 0.0009310631001032229, 0.0, 0.001058556608384188, 5.522762510686572e-06, 4.768371582031783e-07, 5.963338362927003e-25, 0.0029457094551983403, 1.1102230246251565e-16, 0.0007432866552703152, 0.0, 0.00038961485033183884, 0.0, 1.6949953708020077e-21, 5.632820303472011e-19, 0.0027429245356593215, 0.0, 1.7413395636817893e-24, 4.768371582031249e-07, 0.0, 3.3534755512637528e-21, 0.00012766217254091356, 0.0, 0.0014920669748254708, 7.655551109198033e-05, 0.0023640208112517443, 5.109627750359479e-25, 3.3556787310741236e-21, 0.0, 0.002737756277891835, 0.0013035306451036626, 8.975903325670228e-06, 0.00048828124999999995, 0.0, 6.9388939347364e-18, 3.4426652000238513e-16, 0.002147593358445767, 0.0], [0.0, 0.0, 0.0, 2.24811514768736e-07, 0.0, 7.694926552389894e-08, 0.0, 0.0, 0.0, 3.819712019634256e-09, 0.0, 0.0, 0.0, 0.0, 0.0, 0.0, 0.0, 2.9576828688730902e-08, 0.0, 8.956231044716024e-08, 0.0, 0.0, 0.0, 0.0, 0.0, 0.0, 0.0, 0.0, 1.0, 9.73339773330362e-08, 0.0, 0.0, 5.960464477539063e-08, 0.0, 0.0, 0.0, 0.0, 0.0, 0.0, 8.286006488997315e-08, 4.510164221187341e-08, 0.0, 0.0, 0.0, 0.0, 0.0, 0.0, 6.770632675255118e-08, 0.0, 0.0, 8.940696716308595e-08, 3.052637098619842e-08, 0.0, 0.0, 0.0, 3.8397316164825416e-08, 0.0, 0.0, 0.0, 0.0, 0.0, 5.272935252960818e-08, 0.0, 0.0, 0.0, 0.0, 0.0, 0.0, 0.0, 5.960464477539064e-08, 5.960464477539062e-08, 0.0, 0.0, 0.0, 0.0, 6.862624873971256e-08, 0.0, 0.0, 0.0, 0.0, 0.0, 5.960464477539063e-08, 3.3165228424171666e-08, 0.0], [0.0, 6.605857866565133e-18, 6.799340499558064e-07, 0.6358451688580266, 0.0, 4.1260679894120265e-07, 0.0007501215415087457, 5.643767111655018e-13, 7.208992591404827e-18, 0.07522992621712424, 0.034534006173811325, 0.4272195434201126, 6.961255023251861e-10, 4.1723251342773443e-07, 4.873513250468019e-11, 0.0, 1.215356684950446e-08, 0.2736622250646714, 5.188091273127187e-11, 0.6494544202897463, 0.00353870375280228, 1.5220519349862264e-09, 3.109078989341386e-10, 0.0, 0.2905438734644177, 2.0848457375624647e-19, 3.974815809389959e-11, 0.003056801221906956, 9.73339773330362e-08, 1.0, 0.010148055019679313, 7.188665825120251e-05, 1.2632311407535187e-06, 3.815519042697298e-05, 0.0, 4.712924358983819e-05, 0.014281803231031613, 1.9893895498669884e-08, 2.1830657772290908e-07, 0.5272281123761584, 7.67349199689753e-07, 0.2815904659084795, 3.433595790555063e-10, 1.35090253662239e-17, 0.342889222883049, 2.7213366003077228e-11, 0.09574379000094449, 0.005205140305284694, 8.419425216033333e-16, 0.00261989235035496, 0.005275397035688816, 9.676463035434347e-07, 6.447611699641234e-25, 0.39471948085484276, 1.2381800538303015e-16, 0.06414604498459706, 0.3082743978390568, 0.37514576621498713, 0.0, 0.3117771043611096, 0.26472644660702255, 0.5184615362326745, 0.27950849718747367, 8.754449856671831e-10, 2.8422350722060033e-06, 0.27950849718747556, 4.174168222973154e-21, 0.1323265520239888, 0.01410030605907664, 0.30399410620759604, 0.0732722336997658, 0.04109937788658664, 0.5002461425197879, 3.855623808585773e-10, 0.0, 0.57182554738751, 0.14011815412408768, 0.37036701239165204, 0.23073866972730916, 4.4488867864828265e-08, 4.904589693231338e-07, 1.7491311752684001e-07, 0.2193288962845278, 0.09447539677714271], [0.0, 0.0, 0.0, 0.03244089271151806, 0.0, 2.0470574765143292e-09, 1.7053025658242404e-13, 2.8421709430404004e-14, 0.0, 0.02665744974389061, 0.0, 0.027996487543687033, 2.6829818249588453e-10, 0.0, 5.522063572719424e-10, 0.0, 0.0, 0.02322488263479239, 4.263256414560601e-14, 0.01843714152567373, 4.8029294528942214e-11, 1.8482763683049826e-09, 0.0, 0.0, 0.0, 0.0, 0.0, 0.0, 0.0, 0.010148055019679313, 1.0, 0.0, 1.1368683772161603e-13, 0.0, 0.0, 0.0, 0.03542513088234266, 0.0, 1.862645149230957e-09, 0.009329842087670643, 0.0, 2.3287312094532215e-10, 0.0, 0.0, 0.004229538961330603, 0.0, 0.01560180598168756, 5.450729643878784e-10, 0.0, 0.0, 0.031250001629814506, 1.862645149230957e-09, 0.0, 0.034189377158078404, 0.0, 0.013903383954204207, 0.0, 0.0, 0.0, 0.0, 0.0, 0.020030262642667874, 0.0, 9.297704554745937e-10, 6.986198286540457e-10, 0.0, 4.6566128730773915e-10, 0.0, 0.00818596257580898, 0.011495004866563498, 0.0, 0.011896671681670011, 0.007812499999999999, 0.0, 0.0, 0.015470103897779206, 0.014630460180741659, 0.03680424915122353, 0.0, 6.984919309616089e-10, 0.0, 1.9648503748149783e-09, 0.02046058282292937, 0.04161281757649663], [0.0, 0.0, 1.1151883450854977e-06, 1.7913808179599838e-05, 0.0, 1.2027442029084242e-07, 0.00019559792644082127, 0.0, 0.0, 0.00021245934394357582, 3.7252902984619132e-09, 7.280135003998134e-05, 1.6831719583526103e-11, 1.6151402867924765e-07, 2.910383045681311e-11, 0.0, 0.0, 7.631777425154431e-05, 1.4629634674864554e-11, 5.769046533134942e-05, 1.3234889800848443e-23, 0.0, 0.0, 0.0, 5.5955512442331476e-09, 5.293955920339377e-23, 2.3722661362850674e-11, 6.575507970529863e-05, 0.0, 7.188665825120251e-05, 0.0, 1.0, 6.015922264631269e-07, 7.631257176399231e-06, 0.0, 0.0, 3.051757857974735e-05, 1.0140905583972043e-08, 2.422710430188715e-07, 5.337331814986181e-05, 3.505492123916171e-07, 9.401295991370115e-05, 9.655032811817901e-12, 5.293955920339377e-23, 0.00024898193485182557, 1.7356848541220237e-12, 6.19573785078816e-05, 1.9711333596498758e-07, 0.0, 7.62939453125e-06, 1.862645149230957e-09, 2.3841857910156245e-07, 0.0, 0.0002502910638072149, 0.0, 0.0001473326805548658, 0.0, 1.862956680256121e-07, 0.0, 4.092726157978177e-12, 0.0, 7.476468026831683e-05, 0.0, 0.0, 2.53320195042761e-07, 0.0, 0.0, 9.389486807878906e-05, 1.686437223147329e-08, 0.00020393624278783638, 8.716979749550927e-05, 0.0, 0.0, 0.0, 0.0, 0.00020060240174232555, 0.0, 8.213340592818538e-06, 0.0, 0.0, 2.930570048632631e-08, 5.595666152657961e-09, 9.936136131948492e-05, 0.0], [0.0, 0.0, 3.8152815055818096e-07, 1.0710177047596683e-06, 0.0, 1.4310957145661852e-07, 2.0612035306175363e-06, 3.485743166464185e-13, 0.0, 9.465105619