"{\"names\": [\"172.217.10.1\", \"104.88.86.240\", \"38.93.140.48\", \"192.168.10.15\", \"104.88.108.223\", \"195.142.105.15\", \"172.217.12.163\", \"206.217.206.48\", \"172.217.6.228\", \"178.255.83.1\", \"74.119.118.82\", \"192.168.10.9\", \"172.217.7.6\", \"35.186.227.40\", \"31.13.71.36\", \"206.126.112.142\", \"151.101.2.49\", \"192.168.10.25\", \"172.217.3.98\", \"192.168.10.16\", \"72.30.202.150\", \"172.217.12.132\", \"50.31.164.173\", \"162.208.20.178\", \"23.15.4.16\", \"216.58.217.99\", \"172.217.6.198\", \"172.217.12.174\", \"169.46.44.40\", \"192.168.10.17\", \"52.84.143.130\", \"104.19.195.102\", \"216.200.232.61\", \"104.97.73.166\", \"152.163.13.79\", \"192.229.163.25\", \"74.119.118.86\", \"54.225.188.92\", \"188.165.145.88\", \"192.168.10.14\", \"8.43.72.98\", \"199.96.57.6\", \"68.67.178.110\", \"104.88.70.158\", \"192.168.10.19\", \"69.172.216.56\", \"157.240.18.35\", \"172.217.11.34\", \"185.54.150.20\", \"69.169.85.7\", \"198.232.124.194\", \"74.119.118.72\", \"172.217.12.134\", \"192.168.10.5\", \"23.111.9.30\", \"192.168.10.8\", \"151.101.66.2\", \"68.67.178.199\", \"213.239.195.215\", \"138.108.7.20\", \"52.84.145.87\", \"192.168.10.50\", \"52.84.145.198\", \"52.40.24.51\", \"212.77.100.137\", \"185.54.150.115\", \"172.217.10.138\", \"152.163.66.165\", \"52.84.137.78\", \"192.168.10.51\", \"68.67.178.109\", \"129.146.14.96\", \"54.152.24.232\", \"172.217.10.33\", \"52.8.229.108\", \"192.168.10.12\", \"64.147.131.201\", \"172.217.12.206\", \"68.67.180.12\", \"172.217.10.134\", \"38.69.238.16\", \"172.217.10.142\", \"192.168.10.3\", \"172.217.6.202\"], \"funcEdges\": [[1.0, 0.0, 0.0, 0.0, 0.0, 0.0, 0.0, 0.0, 0.0, 0.0, 0.0, 0.0, 0.0, 0.0, 0.0, 0.0, 0.0, 0.0, 0.0, 0.0, 0.0, 0.0, 0.0, 0.0, 0.0, 0.0, 0.0, 0.0, 0.0, 0.0, 0.0, 0.0, 0.0, 0.0, 0.0, 0.0, 0.0, 0.0, 0.0, 0.0, 0.0, 0.0, 0.0, 0.0, 0.0, 0.0, 0.0, 0.0, 0.0, 0.0, 0.0, 0.0, 0.0, 0.0, 0.0, 0.0, 0.0, 0.0, 0.0, 0.0, 0.0, 0.0, 0.0, 0.0, 0.0, 0.0, 0.0, 0.0, 0.0, 0.0, 0.0, 0.0, 0.0, 0.0, 0.0, 0.0, 0.0, 0.0, 0.0, 0.0, 0.0, 0.0, 0.0, 0.0], [0.0, 1.0, 0.0, 3.152229114592926e-06, 0.0, 0.0, 0.0, 0.0, 2.0355966069748653e-06, 3.521438749652756e-06, 4.983789142797736e-07, 1.7979534149709248e-06, 0.0, 0.0, 1.302370195775609e-06, 0.0, 0.0, 1.3315852015460458e-06, 2.303012912480859e-06, 1.4062451986231075e-06, 7.684687124630756e-10, 5.673447096786444e-08, 0.0, 0.0, 1.089234298246217e-08, 9.125060374972142e-09, 5.083208624140943e-07, 3.5018864415213925e-06, 0.0, 1.815804383930981e-06, 0.0, 0.0, 0.0, 0.0, 0.0, 0.0, 0.0, 0.0, 0.0, 1.796417034863056e-06, 0.0, 1.3246091174313984e-07, 0.0, 0.0, 2.9188616277730645e-06, 1.885724527384978e-06, 4.6108122747784554e-09, 1.4085709354168028e-08, 0.0, 0.0, 1.1920928955078125e-07, 3.725290298461914e-09, 0.0, 3.462971594887267e-06, 0.0, 2.3103597559352944e-06, 0.0, 0.0, 0.0, 0.0, 2.433349433325904e-08, 2.5066137332832326e-06, 0.0, 0.0, 0.0, 0.0, 0.0, 0.0, 0.0, 2.277248603558682e-06, 0.0, 0.0, 0.0, 0.0, 0.0, 1.2997319428859948e-06, 0.0, 2.0558672426743954e-06, 0.0, 0.0, 0.0, 4.384655425607217e-08, 4.109281068419584e-06, 0.0], [0.0, 0.0, 1.0, 0.0, 0.0, 0.0, 0.0, 0.0, 0.0, 0.0, 0.0, 0.0, 0.0, 0.0, 0.0, 0.0, 0.0, 0.0, 0.0, 0.0, 0.0, 0.0, 0.0, 0.0, 0.0, 0.0, 0.0, 0.0, 0.0, 0.0, 0.0, 0.0, 0.0, 0.0, 0.0, 0.0, 0.0, 0.0, 0.0, 0.0, 0.0, 0.0, 0.0, 0.0, 0.0, 0.0, 0.0, 0.0, 0.0, 0.0, 0.0, 0.0, 0.0, 0.0, 0.0, 0.0, 0.0, 0.0, 0.0, 0.0, 0.0, 0.0, 0.0, 0.0, 0.0, 0.0, 0.0, 0.0, 0.0, 0.0, 0.0, 0.0, 0.0, 0.0, 0.0, 0.0, 0.0, 0.0, 0.0, 0.0, 0.0, 0.0, 0.0, 0.0], [0.0, 3.152229114592926e-06, 0.0, 1.0, 0.0, 0.0, 0.02519741157601172, 0.22329444361945652, 4.874486359088536e-06, 0.6524522770428962, 0.15585496133339294, 0.44226562694890004, 2.2280028815081185e-13, 0.0, 0.00031726844378688886, 0.0, 0.0, 0.2969115959309248, 0.5624393202825869, 0.35913878651488934, 7.323011482966144e-06, 1.6313938080913978e-07, 0.0055646744403809794, 0.0, 0.2933318986508562, 2.5788268627185908e-08, 0.7060037272381517, 8.207679775373952e-05, 0.0, 0.3502064468279332, 0.02173110122804125, 0.22069622783221793, 0.2279333772875108, 3.0310377322088763e-13, 0.0, 0.0, 0.22085329722335845, 0.0, 0.0, 0.3213430418865247, 4.846728982114269e-06, 0.22810150213376126, 0.0, 1.647607892720378e-05, 0.12631148167765752, 0.22075616920069696, 0.7059946943698721, 1.1724752931941702e-08, 0.0009739404670272193, 0.0, 7.450343188391729e-08, 0.0009666786511283489, 2.1989444973194025e-13, 0.5152291470279994, 4.963864024718086e-05, 0.5155759191325273, 0.0, 0.10900785343021485, 0.0, 0.705994689885019, 3.0916176088659704e-07, 0.17393733993415406, 0.0, 4.078337112806436e-13, 0.17077252526478787, 0.0010986328124999998, 9.224956235398811e-10, 6.72522026134853e-14, 0.0, 0.2866247797352546, 0.0009741509426222516, 0.0, 3.1707018860254804e-13, 9.261264371781387e-10, 0.0, 0.61476277917168, 0.013919698054015762, 0.0049286317875791175, 6.611725439026287e-14, 0.0, 4.846720711860643e-06, 0.617412160482253, 0.308862331596501, 0.0], [0.0, 0.0, 0.0, 0.0, 1.0, 0.0, 0.0, 0.0, 0.0, 0.0, 0.0, 0.0, 0.0, 0.0, 0.0, 0.0, 0.0, 0.0, 0.0, 0.0, 0.0, 0.0, 0.0, 0.0, 0.0, 0.0, 0.0, 0.0, 0.0, 0.0, 0.0, 0.0, 0.0, 0.0, 0.0, 0.0, 0.0, 0.0, 0.0, 0.0, 0.0, 0.0, 0.0, 0.0, 0.0, 0.0, 0.0, 0.0, 0.0, 0.0, 0.0, 0.0, 0.0, 0.0, 0.0, 0.0, 0.0, 0.0, 0.0, 0.0, 0.0, 0.0, 0.0, 0.0, 0.0, 0.0, 0.0, 0.0, 0.0, 0.0, 0.0, 0.0, 0.0, 0.0, 0.0, 0.0, 0.0, 0.0, 0.0, 0.0, 0.0, 0.0, 0.0, 0.0], [0.0, 0.0, 0.0, 0.0, 0.0, 1.0, 0.0, 0.0, 0.0, 0.0, 0.0, 0.0, 0.0, 0.0, 0.0, 0.0, 0.0, 0.0, 0.0, 0.0, 0.0, 0.0, 0.0, 0.0, 0.0, 0.0, 0.0, 0.0, 0.0, 0.0, 0.0, 0.0, 0.0, 0.0, 0.0, 0.0, 0.0, 0.0, 0.0, 0.0, 0.0, 0.0, 0.0, 0.0, 0.0, 0.0, 0.0, 0.0, 0.0, 0.0, 0.0, 0.0, 0.0, 0.0, 0.0, 0.0, 0.0, 0.0, 0.0, 0.0, 0.0, 0.0, 0.0, 0.0, 0.0, 0.0, 0.0, 0.0, 0.0, 0.0, 0.0, 0.0, 0.0, 0.0, 0.0, 0.0, 0.0, 0.0, 0.0, 0.0, 0.0, 0.0, 0.0, 0.0], [0.0, 0.0, 0.0, 0.02519741157601172, 0.0, 0.0, 1.0, 0.0078125, 0.0, 0.03859437612703921, 0.0, 0.02554903826323254, 0.0, 0.0, 0.00017711822512451455, 0.0, 0.0, 0.017317097597396372, 0.020386176335365228, 0.0264476286485374, 0.0, 0.0, 0.00602683050340103, 0.0, 0.0, 0.0, 0.0, 0.0, 0.0, 0.025558927583954477, 0.046875, 0.0, 0.03125000000000001, 0.0, 0.0, 0.0, 0.0001884832810015791, 0.0, 0.0, 0.04106995159099312, 0.0, 0.012653791454502992, 0.0, 0.0, 0.04565901646142302, 0.0, 0.0, 0.0, 0.0009724091507034925, 0.0, 0.0, 0.0009610334390918674, 0.0, 0.03213485174109311, 0.0, 0.007907230961338597, 0.0, 0.0, 0.0, 0.0, 0.0, 0.025151120047542705, 0.0, 0.0, 0.03515625, 0.00146243148818483, 0.0, 0.0, 0.0, 0.032593643572087896, 0.0009701377467105264, 0.0, 0.0, 0.0, 0.0, 0.01545397921286264, 0.013162898372474287, 0.017578125, 0.0, 0.0, 0.0, 0.05336258275779249, 0.01767944278856963, 0.0], [0.0, 0.0, 0.0, 0.22329444361945652, 0.0, 0.0, 0.0078125, 1.0, 0.0, 0.147993874629968, 0.15551782340353187, 0.18432151023663895, 0.0, 0.0, 0.0, 0.0, 0.0, 0.14744234134962741, 0.04804708342198127, 0.11261052755510592, 0.0, 0.0, 0.0, 0.0, 0.11611186459600849, 0.0, 0.29687499999999994, 0.0, 0.0, 0.15513468909311157, 0.007812499999999999, 0.0, 0.09581537857420261, 0.0, 0.0, 0.0, 0.0, 0.0, 0.0, 0.39565210146965946, 0.0, 0.005351531609920897, 0.0, 0.0, 0.14759321692118438, 0.0, 0.29687499999999994, 0.0, 0.0, 0.0, 0.0, 0.0, 0.0, 0.16990841335269266, 0.0, 0.07800163778914254, 0.0, 0.0, 0.0, 0.29687499999999994, 0.0, 0.2292028138017999, 0.0, 0.0, 0.056641182148168434, 0.0, 0.0, 0.0, 0.0, 0.14240304575039964, 0.0, 0.0, 0.0, 0.0, 0.0, 0.30277478577886957, 0.0, 0.0, 0.0, 0.0, 0.0, 0.11718749999999997, 0.09952805620176063, 0.0], [0.0, 2.0355966069748653e-06, 0.0, 4.874486359088536e-06, 0.0, 0.0, 0.0, 0.0, 1.0, 2.683938511631012e-06, 5.44715786493936e-07, 3.739384740959853e-06, 0.0, 0.0, 3.901485270654564e-06, 0.0, 0.0, 2.8205311762004206e-06, 2.2071703825937398e-06, 3.1229158850330776e-06, 0.0, 1.2920243951363477e-07, 0.0, 0.0, 1.30809419883523e-07, 5.9312892437318924e-08, 8.107441169481107e-07, 3.0507297876341274e-06, 0.0, 1.9815927947001614e-06, 0.0, 0.0, 0.0, 0.0, 0.0, 0.0, 0.0, 0.0, 0.0, 3.775275678390378e-06, 0.0, 1.1920928955078125e-07, 0.0, 5.144792833761299e-08, 3.2364217588994596e-06, 7.617202156574393e-07, 0.0, 0.0, 0.0, 0.0, 1.4321832277500064e-07, 0.0, 0.0, 9.339737070951013e-07, 0.0, 4.099653303199818e-06, 0.0, 0.0, 0.0, 0.0, 8.27577962659313e-08, 2.5162524245938927e-06, 0.0, 0.0, 0.0, 0.0, 0.0, 0.0, 0.0, 3.2313014884055735e-06, 0.0, 0.0, 0.0, 0.0, 0.0, 4.99537156591822e-06, 0.0, 1.4473947432035302e-06, 0.0, 0.0, 0.0, 0.0, 2.344393804042355e-06, 0.0], [0.0, 3.521438749652756e-06, 0.0, 0.6524522770428962, 0.0, 0.0, 0.03859437612703921, 0.147993874629968, 2.683938511631012e-06, 1.0, 0.08355821912232031, 0.607232777289993, 2.37948742359605e-13, 0.0, 0.0005510370737540748, 0.0, 0.0, 0.40555115886042836, 0.35994256735217306, 0.21161866326250622, 9.572934639806937e-06, 1.5359072498796093e-07, 0.006404624652170244, 0.0, 0.4122701460354407, 2.918545887455827e-08, 0.3592132009201167, 0.00018915498994274935, 0.0, 0.6269235476564827, 0.031720767347495404, 0.0072963550760773085, 0.28030890694948085, 1.4355748357969081e-13, 0.0, 0.0, 0.3944452685756228, 0.0, 0.0, 0.1536501484075687, 1.2671557713726565e-05, 0.020028427762754764, 0.0, 2.981072072007587e-08, 0.15138148866925216, 0.3940037809833598, 0.3592095669022415, 2.372377691896536e-08, 0.0003827564025125875, 0.0, 5.057952713275769e-07, 0.00046298691760062697, 1.1655938149361671e-13, 0.6376411392354762, 1.282749486417232e-06, 0.6705383582771871, 0.0, 0.13863074631602226, 0.0, 0.3592095647346058, 2.3591633482164562e-07, 0.4216003067981823, 0.0, 4.048977747342106e-13, 0.30710961437317097, 0.0005678766097236018, 5.319793493163595e-10, 1.0378140918593055e-13, 0.0, 0.34950899099002375, 0.0004294538468173879, 0.0, 9.471967530637024e-14, 2.9607567682927533e-10, 0.0, 0.6566303916710862, 0.011678697912450981, 0.004037943096470791, 2.0942998777533047e-13, 0.0, 1.2671554431338538e-05, 0.46511150118798367, 0.3300437255199508, 0.0], [0.0, 4.983789142797736e-07, 0.0, 0.15585496133339294, 0.0, 0.0, 0.0, 0.15551782340353187, 5.44715786493936e-07, 0.08355821912232031, 1.0, 0.15963609927716924, 0.0, 0.0, 1.0136606499668588e-05, 0.0, 0.0, 0.3869390808861325, 0.06515938825066794, 0.24901191848574616, 1.913674615064358e-06, 1.4783406040314748e-07, 0.0, 0.0, 0.09438202541923144, 1.9085024123770164e-08, 0.14470214634568668, 2.4075314489340207e-06, 0.0, 0.11250428556168253, 0.0, 0.0, 0.06096726563187572, 0.0, 0.0, 0.0, 0.0, 0.0, 0.0, 0.2171807098472808, 1.9073486328125e-06, 1.2054917701991783e-07, 0.0, 1.1920928955078125e-07, 0.1894214341406785, 1.2482589703021036e-07, 0.14470009422033042, 2.5167537379702424e-09, 0.0, 0.0, 1.4901161193847656e-07, 1.277764030862666e-09, 0.0, 0.14194562350578407, 0.0, 0.1913650784230339, 0.0, 0.0, 0.0, 0.1447000904511032, 5.1571952722338e-08, 0.2481119386514688, 0.0, 0.0, 0.062499999999999986, 0.0, 3.438303986133838e-10, 0.0, 0.0, 0.11417692384843606, 1.8161104413678634e-09, 0.0, 0.0, 4.2816990857987574e-10, 0.0, 0.20421379161508438, 0.0, 2.618438633002214e-07, 0.0, 0.0, 1.9073486328125004e-06, 0.280726892905652, 0.20377242300971699, 0.0], [0.0, 1.7979534149709248e-06, 0.0, 0.44226562694890004, 0.0, 0.0, 0.02554903826323254, 0.18432151023663895, 3.739384740959853e-06, 0.607232777289993, 0.15963609927716924, 1.0, 3.2973456974697913e-13, 0.0, 0.0004513074851325383, 0.0, 0.0, 0.4299961172931469, 0.27340928914376744, 0.28168702021780667, 1.6311184321984427e-05, 2.47505934638406e-07, 0.004059811453163943, 0.0, 0.2812126684644597, 4.6218192314416895e-08, 0.16714558610509325, 0.0002785343553215137, 0.0, 0.43209031158159217, 0.016779602320158283, 0.13848337648164386, 0.16809171339323, 3.3882550083191464e-13, 0.0, 0.0, 0.49970880949478114, 0.0, 0.0, 0.42189082003288014, 5.691366482519074e-06, 0.16955278884574748, 0.0, 2.8413973761987616e-05, 0.06447063385108018, 0.4992722743097276, 0.16713688595174603, 1.4991573484518667e-08, 0.0002820885203978347, 0.0, 2.4069543714584483e-07, 0.00034488625832975687, 2.2633943602916887e-13, 0.6808938689372819, 7.69110970925367e-05, 0.4533084098966268, 0.0, 0.10204038269050528, 0.0, 0.16713688257721407, 1.4299356720709382e-07, 0.3837680869798204, 0.0, 5.982812703438849e-13, 0.21543890020810996, 0.00039976308130596963, 6.760047241465193e-10, 3.8681812670454706e-13, 0.0, 0.34928194433970594, 0.00031163449293353755, 0.0, 2.5053698738548445e-13, 4.6076964179543915e-10, 0.0, 0.5292452663733533, 0.008878820613610405, 0.004520144850893401, 4.338398171384461e-13, 0.0, 5.691365578760574e-06, 0.3258499372129725, 0.3143455467631347, 0.0], [0.0, 0.0, 0.0, 2.2280028815081185e-13, 0.0, 0.0, 0.0, 0.0, 0.0, 2.37948742359605e-13, 0.0, 3.2973456974697913e-13, 1.0, 0.0, 0.0, 0.0, 0.0, 3.2174321701865563e-13, 1.7053025658242404e-13, 2.307798008072454e-13, 1.1368683772161605e-13, 0.0, 0.0, 0.0, 0.0, 0.0, 0.0, 5.336360243233428e-13, 0.0, 1.513465812333589e-13, 0.0, 0.0, 0.0, 0.0, 0.0, 0.0, 0.0, 0.0, 0.0, 1.5384610116742426e-13, 0.0, 0.0, 0.0, 0.0, 3.3363243183009954e-13, 0.0, 2.2737367544323206e-13, 0.0, 0.0, 0.0, 0.0, 0.0, 2.2737367544323206e-13, 3.479659161535085e-13, 0.0, 1.848072151982668e-13, 0.0, 1.2763425715725395e-13, 0.0, 5.6843418860808e-14, 1.13686837721616e-13, 3.999983163775772e-13, 0.0, 1.1368683772161603e-13, 0.0, 0.0, 0.0, 1.1368683772161602e-13, 0.0, 2.1264588430865249e-13, 0.0, 0.0, 2.2737367544323206e-13, 0.0, 0.0, 1.9378532427516487e-13, 0.0, 1.1368683772161602e-13, 2.5589048670421616e-13, 0.0, 0.0, 0.0, 4.2897312314670267e-13, 0.0], [0.0, 0.0, 0.0, 0.0, 0.0, 0.0, 0.0, 0.0, 0.0, 0.0, 0.0, 0.0, 0.0, 1.0, 0.0, 0.0, 0.0, 0.0, 0.0, 0.0, 0.0, 0.0, 0.0, 0.0, 0.0, 0.0, 0.0, 0.0, 0.0, 0.0, 0.0, 0.0, 0.0, 0.0, 0.0, 0.0, 0.0, 0.0, 0.0, 0.0, 0.0, 0.0, 0.0, 0.0, 0.0, 0.0, 0.0, 0.0, 0.0, 0.0, 0.0, 0.0, 0.0, 0.0, 0.0, 0.0, 0.0, 0.0, 0.0, 0.0, 0.0, 0.0, 0.0, 0.0, 0.0, 0.0, 0.0, 0.0, 0.0, 0.0, 0.0, 0.0, 0.0, 0.0, 0.0, 0.0, 0.0, 0.0, 0.0, 0.0, 0.0, 0.0, 0.0, 0.0], [0.0, 1.302370195775609e-06, 0.0, 0.00031726844378688886, 0.0, 0.0, 0.00017711822512451455, 0.0, 3.901485270654564e-06, 0.0005510370737540748, 1.0136606499668588e-05, 0.0004513074851325383, 0.0, 0.0, 1.0, 0.0, 0.0, 0.00044400733919442337, 0.00012827492312576314, 0.0003958580634506173, 6.321207880970051e-06, 2.8817576717365346e-10, 0.0, 0.0, 0.0, 6.378611990006489e-10, 3.3301919125838274e-06, 3.564806325291782e-05, 0.0, 0.001041280121828875, 0.0, 2.1827872842550278e-11, 0.0, 0.0, 0.0, 0.0, 0.0, 0.0, 0.0, 0.00041402788496223655, 1.1155037149650034e-05, 0.00030767874395260094, 0.0, 2.1827872842550274e-11, 6.496634630129617e-05, 9.558120193706062e-07, 6.078538818914084e-11, 1.4170840790713055e-10, 0.00023143139810547777, 0.0, 0.0, 0.00028642014652608056, 0.0, 0.00045886650991958545, 3.0517578125e-05, 0.0008060211107268063, 0.0, 7.275957614183424e-12, 0.0, 0.0, 0.0, 0.00040943875910535033, 0.0, 0.0, 0.0, 0.00024414062500000005, 4.4130235053955414e-10, 0.0, 0.0, 0.00016609733628527524, 0.0002656773376867718, 0.0, 0.0, 3.2572542936291287e-10, 0.0, 0.00014289759306531, 0.000244140625, 5.0654431213071035e-06, 0.0, 0.0, 1.1155034421165929e-05, 1.1414678847169212e-05, 0.0005433967393816625, 0.0], [0.0, 0.0, 0.0, 0.0, 0.0, 0.0, 0.0, 0.0, 0.0, 0.0, 0.0, 0.0, 0.0, 0.0, 0.0, 1.0, 0.0, 0.0, 0.0, 0.0, 0.0, 0.0, 0.0, 0.0, 0.0, 0.0, 0.0, 0.0, 0.0, 0.0, 0.0, 0.0, 0.0, 0.0, 0.0, 0.0, 0.0, 0.0, 0.0, 0.0, 0.0, 0.0, 0.0, 0.0, 0.0, 0.0, 0.0, 0.0, 0.0, 0.0, 0.0, 0.0, 0.0, 0.0, 0.0, 0.0, 0.0, 0.0, 0.0, 0.0, 0.0, 0.0, 0.0, 0.0, 0.0, 0.0, 0.0, 0.0, 0.0, 0.0, 0.0, 0.0, 0.0, 0.0, 0.0, 0.0, 0.0, 0.0, 0.0, 0.0, 0.0, 0.0, 0.0, 0.0], [0.0, 0.0, 0.0, 0.0, 0.0, 0.0, 0.0, 0.0, 0.0, 0.0, 0.0, 0.0, 0.0, 0.0, 0.0, 0.0, 1.0, 0.0, 0.0, 0.0, 0.0, 0.0, 0.0, 0.0, 0.0, 0.0, 0.0, 0.0, 0.0, 0.0, 0.0, 0.0, 0.0, 0.0, 0.0, 0.0, 0.0, 0.0, 0.0, 0.0, 0.0, 0.0, 0.0, 0.0, 0.0, 0.0, 0.0, 0.0, 0.0, 0.0, 0.0, 0.0, 0.0, 0.0, 0.0, 0.0, 0.0, 0.0, 0.0, 0.0, 0.0, 0.0, 0.0, 0.0, 0.0, 0.0, 0.0, 0.0, 0.0, 0.0, 0.0, 0.0, 0.0, 0.0, 0.0, 0.0, 0.0, 0.0, 0.0, 0.0, 0.0, 0.0, 0.0, 0.0], [0.0, 1.3315852015460458e-06, 0.0, 0.2969115959309248, 0.0, 0.0, 0.017317097597396372, 0.14744234134962741, 2.8205311762004206e-06, 0.40555115886042836, 0.3869390808861325, 0.4299961172931469, 3.2174321701865563e-13, 0.0, 0.00044400733919442337, 0.0, 0.0, 1.0, 0.20977807866706222, 0.48244425113781364, 2.3692039333045976e-06, 1.8948610307096467e-07, 0.0024742934672512206, 0.0, 0.199124499858413, 1.5191142980729295e-08, 0.19251522200394872, 0.00020496636117599184, 0.0, 0.5253647871247118, 0.012823305413296165, 0.22779291499132892, 0.1062065540156633, 4.361425612307605e-13, 0.0, 0.0, 0.22785551320778621, 0.0, 0.0, 0.49983245851415115, 1.4033467672519576e-05, 0.23013483730403528, 0.0, 4.260867096658944e-05, 0.15180959983813896, 0.2278023570510515, 0.1925055924348853, 1.519571797309654e-08, 0.000701878587468406, 0.0, 2.163272753147076e-07, 0.0006820338720012732, 2.5096099309870017e-13, 0.607849750738766, 2.6997428495159384e-05, 0.39779442525422404, 0.0, 0.07289373280059805, 0.0, 0.19250558704763177, 1.3563994480355366e-07, 0.7769892236047133, 0.0, 7.135086195484792e-13, 0.5188279582664782, 0.0008261462112865369, 5.70951925950787e-10, 3.1602391982523624e-13, 0.0, 0.26065913696513954, 0.0006828349533178228, 0.0, 3.045668485511299e-13, 4.63926213034473e-10, 0.0, 0.3347885118339827, 0.008745821383038428, 0.004224749864014711, 3.454824916135832e-13, 0.0, 1.4033463903041284e-05, 0.360827702606452, 0.2970580406514903, 0.0], [0.0, 2.303012912480859e-06, 0.0, 0.5624393202825869, 0.0, 0.0, 0.020386176335365228, 0.04804708342198127, 2.2071703825937398e-06, 0.35994256735217306, 0.06515938825066794, 0.27340928914376744, 1.7053025658242404e-13, 0.0, 0.00012827492312576314, 0.0, 0.0, 0.20977807866706222, 1.0, 0.1723201327212501, 7.27154020735145e-06, 1.2407755895225802e-08, 0.0015797334559266782, 0.0, 0.1946693677601166, 0.0, 0.518285377010615, 0.00013679102726439808, 0.0, 0.2235847771120928, 0.01171875, 0.038923491062808534, 0.0633878548000163, 7.105427357601001e-15, 0.0, 0.0, 0.18830237623299112, 0.0, 0.0, 0.30556707702530406, 1.852244773234441e-05, 0.04939301736537114, 0.0, 1.8399075417895674e-06, 0.04879126919754706, 0.1881464931057067, 0.5182817324137572, 1.1104844829199814e-08, 0.0, 0.0, 0.0, 1.4886859279434385e-08, 7.525079090871804e-14, 0.17648578660504044, 3.0517578125e-05, 0.23312280961284662, 0.0, 0.18813020680370215, 0.0, 0.5182817273399172, 1.1368683772161605e-13, 0.2625904525500179, 0.0, 1.7292430016973744e-13, 0.18665047640821894, 0.0004751070809165935, 0.0, 1.1368683772161603e-13, 0.0, 0.3020579557032023, 3.2051312098920203e-10, 0.0, 9.75042446031313e-14, 0.0, 0.0, 0.4582875893210615, 0.009999993748707171, 0.004429016487083729, 1.8530000761339795e-13, 0.0, 1.8522447735897125e-05, 0.5337096304038549, 0.3374001562815535, 0.0], [0.0, 1.4062451986231075e-06, 0.0, 0.35913878651488934, 0.0, 0.0, 0.0264476286485374, 0.11261052755510592, 3.1229158850330776e-06, 0.21161866326250622, 0.24901191848574616, 0.28168702021780667, 2.307798008072454e-13, 0.0, 0.0003958580634506173, 0.0, 0.0, 0.48244425113781364, 0.1723201327212501, 1.0, 7.912141047596533e-06, 3.379936974727489e-07, 0.005869168187379811, 0.0, 0.2617357069503406, 9.709445491707666e-09, 0.21601502332408706, 9.896287949097157e-05, 0.0, 0.2940636800313543, 0.019613863596781616, 0.4973466851858411, 0.15568373536206154, 1.0034757295997455e-13, 0.0, 0.0, 0.08580490093890289, 0.0, 0.0, 0.18057465019140095, 9.541884523766964e-06, 0.5078545407417661, 0.0, 1.9723842881535768e-05, 0.28056956980588943, 0.08560911373955864, 0.21601045800823318, 2.6613107127725924e-08, 0.0005560782204478841, 0.0, 2.5364832364959606e-08, 0.0006683200289322006, 5.946596072099334e-14, 0.3668570484516997, 3.771174617997229e-05, 0.5662504032892758, 0.0, 0.10773385169293404, 0.0, 0.21601044701950256, 1.5890468358658212e-07, 0.1944628260636572, 0.0, 3.6352493929848884e-13, 0.17821057317482103, 0.0008350860082037576, 2.176987713367978e-10, 8.027123506338973e-14, 0.0, 0.3509424457345841, 0.0006199145989080374, 0.0, 5.687544986058729e-14, 2.7273533073723404e-10, 0.0, 0.20276915459914807, 0.0033963861955690743, 0.012872266413800574, 2.4765268114184754e-13, 0.0, 9.541878862723061e-06, 0.3062875985137802, 0.2772076664286966, 0.0], [0.0, 7.684687124630756e-10, 0.0, 7.323011482966144e-06, 0.0, 0.0, 0.0, 0.0, 0.0, 9.572934639806937e-06, 1.913674615064358e-06, 1.6311184321984427e-05, 1.1368683772161605e-13, 0.0, 6.321207880970051e-06, 0.0, 0.0, 2.3692039333045976e-06, 7.27154020735145e-06, 7.912141047596533e-06, 1.0, 9.58986096746929e-09, 0.0, 0.0, 0.0, 4.0664830094224274e-11, 1.9073486328125e-06, 1.9095039334576852e-06, 0.0, 1.8996803239375037e-05, 0.0, 3.637978807091713e-12, 0.0, 0.0, 0.0, 0.0, 0.0, 0.0, 0.0, 1.2827621661429868e-05, 5.7220458984375e-06, 5.5457728282010265e-09, 0.0, 1.0913936421275139e-11, 1.4910979533654575e-05, 2.50931342029106e-09, 1.7833836535190012e-08, 7.462028412668417e-09, 0.0, 0.0, 0.0, 4.610812274778455e-09, 0.0, 8.618612544735367e-06, 0.0, 1.0577750347861595e-05, 0.0, 7.403591871340679e-12, 0.0, 9.313225746154787e-10, 1.1368683772161603e-13, 5.438117495633271e-06, 0.0, 1.1368683772161605e-13, 0.0, 0.0, 0.0, 4.547473508864641e-13, 0.0, 3.650182212142175e-06, 0.0, 0.0, 0.0, 0.0, 0.0, 1.2927322065434023e-05, 0.0, 3.831770068434458e-06, 3.000095361359776e-13, 0.0, 5.7220458984375e-06, 1.6790407837822546e-06, 7.328311744975496e-06, 0.0], [0.0, 5.673447096786444e-08, 0.0, 1.6313938080913978e-07, 0.0, 0.0, 0.0, 0.0, 1.2920243951363477e-07, 1.5359072498796093e-07, 1.4783406040314748e-07, 2.47505934638406e-07, 0.0, 0.0, 2.8817576717365346e-10, 0.0, 0.0, 1.8948610307096467e-07, 1.2407755895225802e-08, 3.379936974727489e-07, 9.58986096746929e-09, 1.0, 0.0, 0.0, 1.4090219695596194e-07, 2.2579587252294797e-08, 1.101605710816887e-07, 7.261137017940822e-08, 0.0, 2.2433894062738828e-07, 0.0, 0.0, 0.0, 0.0, 0.0, 0.0, 0.0, 0.0, 0.0, 8.393011034787184e-08, 0.0, 2.307809926293578e-08, 0.0, 1.1920928955078125e-07, 2.341283382764077e-07, 1.047626864707018e-08, 1.1452537963987969e-08, 1.537279966219862e-08, 0.0, 0.0, 2.980232238769532e-08, 6.87950671784757e-09, 4.9737991503207007e-14, 1.4905932506449375e-07, 0.0, 2.8191693692530576e-07, 0.0, 0.0, 0.0, 1.394309947204183e-09, 2.0577567633592823e-07, 1.3307261015169508e-07, 0.0, 4.3650306338399135e-15, 0.0, 0.0, 2.9091401812582266e-10, 0.0, 0.0, 1.1539902303249007e-07, 1.8161104413678639e-09, 0.0, 0.0, 1.3664532141094138e-10, 0.0, 1.2741035913708615e-07, 0.0, 2.4682864240234244e-07, 0.0, 0.0, 4.365030633839913e-15, 3.9017791698027254e-08, 2.3438778604088102e-07, 0.0], [0.0, 0.0, 0.0, 0.0055646744403809794, 0.0, 0.0, 0.00602683050340103, 0.0, 0.0, 0.006404624652170244, 0.0, 0.004059811453163943, 0.0, 0.0, 0.0, 0.0, 0.0, 0.0024742934672512206, 0.0015797334559266782, 0.005869168187379811, 0.0, 0.0, 1.0, 0.0, 0.0, 0.0, 0.0, 2.6873997345032462e-14, 0.0, 0.010096117831395333, 0.0, 0.0, 0.0, 7.105427357601002e-15, 0.0, 0.0, 0.0, 0.0, 0.0, 0.004668707252824116, 0.0, 3.552713678800501e-14, 0.0, 0.0, 0.003840474211161432, 1.1120607243804143e-14, 3.7106532881264006e-14, 0.0, 0.0, 0.0, 0.0, 0.0, 7.105427357601001e-15, 0.004377069357613016, 0.0, 0.005979766636638078, 0.0, 0.0, 0.0, 7.105427357601002e-15, 0.0, 0.006722612251873249, 0.0, 5.684341886080802e-14, 0.0, 0.0, 0.0, 0.0, 0.0, 0.004742105264156714, 3.2941068616148714e-14, 0.0, 4.518439657675324e-14, 0.0, 0.0, 0.006665224083170708, 0.00730556276258753, 0.0004882812499999999, 0.0, 0.0, 0.0, 0.006057824373090638, 0.006257679565861649, 0.0], [0.0, 0.0, 0.0, 0.0, 0.0, 0.0, 0.0, 0.0, 0.0, 0.0, 0.0, 0.0, 0.0, 0.0, 0.0, 0.0, 0.0, 0.0, 0.0, 0.0, 0.0, 0.0, 0.0, 1.0, 0.0, 0.0, 0.0, 0.0, 0.0, 0.0, 0.0, 0.0, 0.0, 0.0, 0.0, 0.0, 0.0, 0.0, 0.0, 0.0, 0.0, 0.0, 0.0, 0.0, 0.0, 0.0, 0.0, 0.0, 0.0, 0.0, 0.0, 0.0, 0.0, 0.0, 0.0, 0.0, 0.0, 0.0, 0.0, 0.0, 0.0, 0.0, 0.0, 0.0, 0.0, 0.0, 0.0, 0.0, 0.0, 0.0, 0.0, 0.0, 0.0, 0.0, 0.0, 0.0, 0.0, 0.0, 0.0, 0.0, 0.0, 0.0, 0.0, 0.0], [0.0, 1.089234298246217e-08, 0.0, 0.2933318986508562, 0.0, 0.0, 0.0, 0.11611186459600849, 1.30809419883523e-07, 0.4122701460354407, 0.09438202541923144, 0.2812126684644597, 0.0, 0.0, 0.0, 0.0, 0.0, 0.199124499858413, 0.1946693677601166, 0.2617357069503406, 0.0, 1.4090219695596194e-07, 0.0, 0.0, 1.0, 5.6022695515813336e-08, 0.1896616504702373, 4.712207090746265e-08, 0.0, 0.46091169271738697, 0.0, 0.12499999999999997, 0.2687528179240516, 0.0, 0.0, 0.0, 0.12499999999999999, 0.0, 0.0, 0.5317510598767009, 0.0, 0.125, 0.0, 1.0995042135903565e-07, 0.10559208892973976, 0.12499999999999997, 0.18966160334862817, 0.0, 0.0, 0.0, 3.1414406102581615e-08, 0.0, 0.0, 0.567455810484939, 0.0, 0.4527227821744819, 0.0, 0.5, 0.0, 0.18966160334862817, 6.605568789226927e-08, 0.31547442444363194, 0.0, 0.0, 0.16740003283124796, 0.0, 0.0, 0.0, 0.0, 0.5707301271188867, 0.0, 0.0, 0.0, 0.0, 0.0, 0.3363046849773731, 0.0, 7.07235756866026e-08, 0.0, 0.0, 0.0, 0.18092354884205678, 0.5132592520063632, 0.0], [0.0, 9.125060374972142e-09, 0.0, 2.5788268627185908e-08, 0.0, 0.0, 0.0, 0.0, 5.9312892437318924e-08, 2.918545887455827e-08, 1.9085024123770164e-08, 4.6218192314416895e-08, 0.0, 0.0, 6.378611990006489e-10, 0.0, 0.0, 1.5191142980729295e-08, 0.0, 9.709445491707666e-09, 4.0664830094224274e-11, 2.2579587252294797e-08, 0.0, 0.0, 5.6022695515813336e-08, 1.0, 0.0, 6.144195300064822e-10, 0.0, 5.730780326422902e-08, 0.0, 1.4551915228366852e-11, 0.0, 0.0, 0.0, 0.0, 0.0, 0.0, 0.0, 1.9371873857669357e-08, 0.0, 2.3268972499013925e-10, 0.0, 2.943328888504433e-11, 2.8024474125307002e-08, 0.0, 4.562782980249514e-10, 2.536932101940255e-10, 0.0, 0.0, 0.0, 0.0, 0.0, 1.9150372397451485e-08, 0.0, 2.2529633176670743e-08, 0.0, 1.1792786671329327e-11, 0.0, 0.0, 2.7318795522054035e-08, 3.9530815140692645e-08, 0.0, 0.0, 0.0, 0.0, 6.897643245875434e-10, 0.0, 0.0, 3.808676935074061e-08, 0.0, 0.0, 0.0, 5.413232349209741e-10, 0.0, 5.139905788050861e-08, 0.0, 3.361015584413714e-10, 0.0, 0.0, 0.0, 8.443841609800775e-10, 4.6096039295430044e-08, 0.0], [0.0, 5.083208624140943e-07, 0.0, 0.7060037272381517, 0.0, 0.0, 0.0, 0.29687499999999994, 8.107441169481107e-07, 0.3592132009201167, 0.14470214634568668, 0.16714558610509325, 0.0, 0.0, 3.3301919125838274e-06, 0.0, 0.0, 0.19251522200394872, 0.518285377010615, 0.21601502332408706, 1.9073486328125e-06, 1.101605710816887e-07, 0.0, 0.0, 0.1896616504702373, 0.0, 1.0, 9.158912480565812e-06, 0.0, 0.364825770378306, 0.0, 0.125, 0.062499999999999986, 0.0, 0.0, 0.0, 0.12499999999999999, 0.0, 0.0, 0.4691511138529779, 1.9073486328124996e-06, 0.12500011920928958, 0.0, 2.980232238769532e-08, 0.21578347037780476, 0.12500067519876001, 0.875, 0.0, 0.0, 0.0, 1.4901161193847654e-07, 0.0, 0.0, 0.12897204279105293, 0.0, 0.21807821382011422, 0.0, 0.12499999999999997, 0.0, 0.875, 2.3669361443414776e-07, 0.3985194534068724, 0.0, 0.0, 0.12499999999999999, 0.0, 0.0, 0.0, 0.0, 0.16638722799604488, 0.0, 0.0, 0.0, 0.0, 0.0, 0.5967448232160364, 0.0, 2.109657243685681e-06, 0.0, 0.0, 1.9073486328124998e-06, 0.6484375, 0.3626364044679825, 0.0], [0.0, 3.5018864415213925e-06, 0.0, 8.207679775373952e-05, 0.0, 0.0, 0.0, 0.0, 3.0507297876341274e-06, 0.00018915498994274935, 2.4075314489340207e-06, 0.0002785343553215137, 5.336360243233428e-13, 0.0, 3.564806325291782e-05, 0.0, 0.0, 0.00020496636117599184, 0.00013679102726439808, 9.896287949097157e-05, 1.9095039334576852e-06, 7.261137017940822e-08, 2.6873997345032462e-14, 0.0, 4.712207090746265e-08, 6.144195300064822e-10, 9.158912480565812e-06, 1.0, 0.0, 0.00020384015820492133, 0.0, 0.0, 0.0, 3.503216882386285e-13, 0.0, 0.0, 0.0, 0.0, 0.0, 0.00016145006476422685, 1.9073486328124996e-06, 1.6158580298663824e-07, 0.0, 2.026878528207294e-05, 0.00041199963947072965, 1.609531765216854e-05, 4.017935253943837e-09, 1.0110922495769329e-08, 0.0, 0.0, 1.7670856289008247e-07, 1.467944495104214e-08, 1.639189967600234e-13, 0.00020971428739196808, 3.0517578125e-05, 0.00012680469619339666, 0.0, 1.273058947476262e-13, 0.0, 4.65916779805825e-10, 1.5483378552100532e-07, 0.00017925993498486904, 0.0, 4.786557745436284e-13, 0.0, 0.0, 9.217963405192569e-10, 1.3916580250023014e-13, 0.0, 0.00018638210799431457, 1.8161346131315446e-09, 0.0, 1.404523781281793e-13, 9.224019459741529e-10, 0.0, 7.41431233122725e-05, 0.0, 6.490254630004071e-05, 2.332293891830856e-13, 0.0, 1.907348641286758e-06, 9.463126044915033e-05, 0.0002479460531396094, 0.0], [0.0, 0.0, 0.0, 0.0, 0.0, 0.0, 0.0, 0.0, 0.0, 0.0, 0.0, 0.0, 0.0, 0.0, 0.0, 0.0, 0.0, 0.0, 0.0, 0.0, 0.0, 0.0, 0.0, 0.0, 0.0, 0.0, 0.0, 0.0, 1.0, 0.0, 0.0, 0.0, 0.0, 0.0, 0.0, 0.0, 0.0, 0.0, 0.0, 0.0, 0.0, 0.0, 0.0, 0.0, 0.0, 0.0, 0.0, 0.0, 0.0, 0.0, 0.0, 0.0, 0.0, 0.0, 0.0, 0.0, 0.0, 0.0, 0.0, 0.0, 0.0, 0.0, 0.0, 0.0, 0.0, 0.0, 0.0, 0.0, 0.0, 0.0, 0.0, 0.0, 0.0, 0.0, 0.0, 0.0, 0.0, 0.0, 0.0, 0.0, 0.0, 0.0, 0.0, 0.0], [0.0, 1.815804383930981e-06, 0.0, 0.3502064468279332, 0.0, 0.0, 0.025558927583954477, 0.15513468909311157, 1.9815927947001614e-06, 0.6269235476564827, 0.11250428556168253, 0.43209031158159217, 1.513465812333589e-13, 0.0, 0.001041280121828875, 0.0, 0.0, 0.5253647871247118, 0.2235847771120928, 0.2940636800313543, 1.8996803239375037e-05, 2.2433894062738828e-07, 0.010096117831395333, 0.0, 0.46091169271738697, 5.730780326422902e-08, 0.364825770378306, 0.00020384015820492133, 0.0, 1.0, 0.021804539203857744, 0.125000000002526, 0.3169074513150528, 9.464828573659164e-14, 0.0, 0.0, 0.18771828852829422, 0.0, 0.0, 0.19956198406302, 7.130719655914835e-06, 0.14770980595877264, 0.0, 3.7133326175210287e-06, 0.21804837476645625, 0.18750407041754183, 0.36481984267716094, 1.1301080375269831e-08, 0.00023143139810547777, 0.0, 5.037418486308579e-07, 0.0002864205290965274, 1.7723060087850288e-13, 0.5476236584471289, 3.4034834161668253e-05, 0.36263735494339633, 0.0, 0.18750000000784953, 0.0, 0.3648198340523092, 1.4083615588989018e-07, 0.7580271388346225, 0.0, 6.372359284321173e-13, 0.47812891912178856, 0.0005051379315551021, 1.1473866243630164e-09, 1.7810635344104456e-13, 0.0, 0.3177048050592785, 0.00026567742681206586, 0.0, 1.7239927506612796e-13, 8.993231521639528e-10, 0.0, 0.3039890261781599, 0.011843045523057507, 0.005074836551953781, 1.3321052749654448e-13, 0.0, 7.130716225815746e-06, 0.39332737816787655, 0.5912977291996236, 0.0], [0.0, 0.0, 0.0, 0.02173110122804125, 0.0, 0.0, 0.046875, 0.007812499999999999, 0.0, 0.031720767347495404, 0.0, 0.016779602320158283, 0.0, 0.0, 0.0, 0.0, 0.0, 0.012823305413296165, 0.01171875, 0.019613863596781616, 0.0, 0.0, 0.0, 0.0, 0.0, 0.0, 0.0, 0.0, 0.0, 0.021804539203857744, 1.0, 0.0, 0.03125, 0.0, 0.0, 0.0, 0.0, 0.0, 0.0, 0.031277711542222204, 0.0, 0.011676068967100139, 0.0, 0.0, 0.042972965358340665, 0.0, 0.0, 0.0, 0.0, 0.0, 0.0, 0.0, 0.0, 0.02565518469799371, 0.0, 0.001760785946724506, 0.0, 0.0, 0.0, 0.0, 0.0, 0.017886712989210192, 0.0, 0.0, 0.03515624999999999, 0.0, 0.0, 0.0, 0.0, 0.02487073624310242, 0.0, 0.0, 0.0, 0.0, 0.0, 0.007812499999999998, 0.006751944840211311, 0.015624999999999997, 0.0, 0.0, 0.0, 0.046875, 0.009996529291002447, 0.0], [0.0, 0.0, 0.0, 0.22069622783221793, 0.0, 0.0, 0.0, 0.0, 0.0, 0.0072963550760773085, 0.0, 0.13848337648164386, 0.0, 0.0, 2.1827872842550278e-11, 0.0, 0.0, 0.22779291499132892, 0.038923491062808534, 0.4973466851858411, 3.637978807091713e-12, 0.0, 0.0, 0.0, 0.12499999999999997, 1.4551915228366852e-11, 0.125, 0.0, 0.0, 0.125000000002526, 0.0, 1.0, 0.0, 0.0, 0.0, 0.0, 0.125, 0.0, 0.0, 0.09162474621484415, 1.818989403545857e-12, 0.5000000000145519, 0.0, 1.4551915228366852e-11, 3.4864787535389497e-12, 0.125, 0.125, 6.161432560092729e-12, 0.0, 0.0, 0.0, 0.0, 0.0, 0.07350552180945802, 0.0, 0.23870728500505334, 0.0, 0.12499999999999999, 0.0, 0.125, 0.0, 0.006737191308630942, 0.0, 0.0, 0.125, 0.0, 0.0, 0.0, 0.0, 0.11934515602732952, 0.0, 0.0, 0.0, 0.0, 0.0, 0.042874646296985404, 0.0, 1.8189894035458565e-12, 0.0, 0.0, 0.0, 0.12500000000570213, 0.011999424059922728, 0.0], [0.0, 0.0, 0.0, 0.2279333772875108, 0.0, 0.0, 0.03125000000000001, 0.09581537857420261, 0.0, 0.28030890694948085, 0.06096726563187572, 0.16809171339323, 0.0, 0.0, 0.0, 0.0, 0.0, 0.1062065540156633, 0.0633878548000163, 0.15568373536206154, 0.0, 0.0, 0.0, 0.0, 0.2687528179240516, 0.0, 0.062499999999999986, 0.0, 0.0, 0.3169074513150528, 0.03125, 0.0, 1.0, 0.0, 0.0, 0.0, 0.0, 0.0, 0.0, 0.09608124207287866, 0.0, 0.01167606896710014, 0.0, 0.0, 0.13268239086427366, 0.0, 0.062499999999999986, 0.0, 0.0, 0.0, 0.0, 0.0, 0.0, 0.2852608964242961, 0.0, 0.24503983852993183, 0.0, 0.0, 0.0, 0.062499999999999986, 0.0, 0.1555265205256143, 0.0, 0.0, 0.04687500000000001, 0.0, 0.0, 0.0, 0.0, 0.10154011259053711, 0.0, 0.0, 0.0, 0.0, 0.0, 0.04717769614029216, 0.0, 0.0, 0.0, 0.0, 0.0, 0.09375, 0.19547525043570918, 0.0], [0.0, 0.0, 0.0, 3.0310377322088763e-13, 0.0, 0.0, 0.0, 0.0, 0.0, 1.4355748357969081e-13, 0.0, 3.3882550083191464e-13, 0.0, 0.0, 0.0, 0.0, 0.0, 4.361425612307605e-13, 7.105427357601001e-15, 1.0034757295997455e-13, 0.0, 0.0, 7.105427357601002e-15, 0.0, 0.0, 0.0, 0.0, 3.503216882386285e-13, 0.0, 9.464828573659164e-14, 0.0, 0.0, 0.0, 1.0, 0.0, 0.0, 0.0, 0.0, 0.0, 2.3013819284124555e-13, 0.0, 7.105427357601001e-15, 0.0, 0.0, 5.885944945756734e-13, 7.015685106829458e-15, 2.7927667567471404e-14, 0.0, 0.0, 0.0, 0.0, 0.0, 7.105427357601002e-15, 4.2165075977001667e-13, 0.0, 0.0, 0.0, 0.0, 0.0, 8.900058058428545e-13, 2.4020323235200483e-13, 2.1636600969724674e-13, 0.0, 9.157002627760541e-13, 0.0, 0.0, 0.0, 0.0, 0.0, 4.559294311092766e-13, 0.0, 0.0, 0.0, 0.0, 0.0, 2.32279045291233e-13, 0.0, 3.168871403606744e-13, 0.0, 0.0, 0.0, 0.0, 1.7222616220989346e-14, 0.0], [0.0, 0.0, 0.0, 0.0, 0.0, 0.0, 0.0, 0.0, 0.0, 0.0, 0.0, 0.0, 0.0, 0.0, 0.0, 0.0, 0.0, 0.0, 0.0, 0.0, 0.0, 0.0, 0.0, 0.0, 0.0, 0.0, 0.0, 0.0, 0.0, 0.0, 0.0, 0.0, 0.0, 0.0, 1.0, 0.0, 0.0, 0.0, 0.0, 0.0, 0.0, 0.0, 0.0, 0.0, 0.0, 0.0, 0.0, 0.0, 0.0, 0.0, 0.0, 0.0, 0.0, 0.0, 0.0, 0.0, 0.0, 0.0, 0.0, 0.0, 0.0, 0.0, 0.0, 0.0, 0.0, 0.0, 0.0, 0.0, 0.0, 0.0, 0.0, 0.0, 0.0, 0.0, 0.0, 0.0, 0.0, 0.0, 0.0, 0.0, 0.0, 0.0, 0.0, 0.0], [0.0, 0.0, 0.0, 0.0, 0.0, 0.0, 0.0, 0.0, 0.0, 0.0, 0.0, 0.0, 0.0, 0.0, 0.0, 0.0, 0.0, 0.0, 0.0, 0.0, 0.0, 0.0, 0.0, 0.0, 0.0, 0.0, 0.0, 0.0, 0.0, 0.0, 0.0, 0.0, 0.0, 0.0, 0.0, 1.0, 0.0, 0.0, 0.0, 0.0, 0.0, 0.0, 0.0, 0.0, 0.0, 0.0, 0.0, 0.0, 0.0, 0.0, 0.0, 0.0, 0.0, 0.0, 0.0, 0.0, 0.0, 0.0, 0.0, 0.0, 0.0, 0.0, 0.0, 0.0, 0.0, 0.0, 0.0, 0.0, 0.0, 0.0, 0.0, 0.0, 0.0, 0.0, 0.0, 0.0, 0.0, 0.0, 0.0, 0.0, 0.0, 0.0, 0.0, 0.0], [0.0, 0.0, 0.0, 0.22085329722335845, 0.0, 0.0, 0.0001884832810015791, 0.0, 0.0, 0.3944452685756228, 0.0, 0.49970880949478114, 0.0, 0.0, 0.0, 0.0, 0.0, 0.22785551320778621, 0.18830237623299112, 0.08580490093890289, 0.0, 0.0, 0.0, 0.0, 0.12499999999999999, 0.0, 0.12499999999999999, 0.0, 0.0, 0.18771828852829422, 0.0, 0.125, 0.0, 0.0, 0.0, 0.0, 1.0, 0.0, 0.0, 0.24913804496796796, 0.0, 0.1250942416405008, 0.0, 0.0, 0.00015706940083464921, 0.49999999999999994, 0.12499999999999999, 0.0, 0.0, 0.0, 0.0, 0.0, 0.0, 0.4359285806706788, 0.0, 0.3617618325219975, 0.0, 0.12499999999999997, 0.0, 0.12499999999999999, 0.0, 0.14550934876484797, 0.0, 0.0, 0.12499999999999999, 0.0001884832810015791, 0.0, 0.0, 0.0, 0.13090048468697904, 0.0, 0.0, 0.0, 0.0, 0.0, 0.257514178219374, 0.0003065288082420152, 0.0, 0.0, 0.0, 0.0, 0.12510032521236927, 0.20843993898212734, 0.0], [0.0, 0.0, 0.0, 0.0, 0.0, 0.0, 0.0, 0.0, 0.0, 0.0, 0.0, 0.0, 0.0, 0.0, 0.0, 0.0, 0.0, 0.0, 0.0, 0.0, 0.0, 0.0, 0.0, 0.0, 0.0, 0.0, 0.0, 0.0, 0.0, 0.0, 0.0, 0.0, 0.0, 0.0, 0.0, 0.0, 0.0, 1.0, 0.0, 0.0, 0.0, 0.0, 0.0, 0.0, 0.0, 0.0, 0.0, 0.0, 0.0, 0.0, 0.0, 0.0, 0.0, 0.0, 0.0, 0.0, 0.0, 0.0, 0.0, 0.0, 0.0, 0.0, 0.0, 0.0, 0.0, 0.0, 0.0, 0.0, 0.0, 0.0, 0.0, 0.0, 0.0, 0.0, 0.0, 0.0, 0.0, 0.0, 0.0, 0.0, 0.0, 0.0, 0.0, 0.0], [0.0, 0.0, 0.0, 0.0, 0.0, 0.0, 0.0, 0.0, 0.0, 0.0, 0.0, 0.0, 0.0, 0.0, 0.0, 0.0, 0.0, 0.0, 0.0, 0.0, 0.0, 0.0, 0.0, 0.0, 0.0, 0.0, 0.0, 0.0, 0.0, 0.0, 0.0, 0.0, 0.0, 0.0, 0.0, 0.0, 0.0, 0.0, 1.0, 0.0, 0.0, 0.0, 0.0, 0.0, 0.0, 0.0, 0.0, 0.0, 0.0, 0.0, 0.0, 0.0, 0.0, 0.0, 0.0, 0.0, 0.0, 0.0, 0.0, 0.0, 0.0, 0.0, 0.0, 0.0, 0.0, 0.0, 0.0, 0.0, 0.0, 0.0, 0.0, 0.0, 0.0, 0.0, 0.0, 0.0, 0.0, 0.0, 0.0, 0.0, 0.0, 0.0, 0.0, 0.0], [0.0, 1.796417034863056e-06, 0.0, 0.3213430418865247, 0.0, 0.0, 0.04106995159099312, 0.39565210146965946, 3.775275678390378e-06, 0.1536501484075687, 0.2171807098472808, 0.42189082003288014, 1.5384610116742426e-13, 0.0, 0.00041402788496223655, 0.0, 0.0, 0.49983245851415115, 0.30556707702530406, 0.18057465019140095, 1.2827621661429868e-05, 8.393011034787184e-08, 0.004668707252824116, 0.0, 0.5317510598767009, 1.9371873857669357e-08, 0.4691511138529779, 0.00016145006476422685, 0.0, 0.19956198406302, 0.031277711542222204, 0.09162474621484415, 0.09608124207287866, 2.3013819284124555e-13, 0.0, 0.0, 0.24913804496796796, 0.0, 0.0, 1.0, 1.2591164325726171e-05, 0.10675647801232542, 0.0, 5.1184994519972746e-05, 0.18144315283536994, 0.24910920835815112, 0.4691481776082608, 2.9759290405744533e-08, 0.0009739404670272193, 0.0, 4.797626820163048e-07, 0.0009666756611097074, 7.40598630493535e-14, 0.582924067669838, 3.87169030169194e-05, 0.36760050169786324, 0.0, 0.4237644512017976, 0.0, 0.4691481696972678, 6.618936522991096e-08, 0.3637350339567452, 0.0, 4.1570631461246797e-13, 0.21982596897902898, 0.001094079131417553, 6.099799106602184e-10, 1.0368771672963303e-13, 0.0, 0.5467966425861903, 0.0009741508257499729, 0.0, 3.686508742117161e-14, 5.208046475714964e-10, 0.0, 0.43764626186986844, 0.004970904162670651, 0.0005023861835108965, 1.7931987875070712e-13, 0.0, 1.259116071513259e-05, 0.28367057254585215, 0.25197443685397214, 0.0], [0.0, 0.0, 0.0, 4.846728982114269e-06, 0.0, 0.0, 0.0, 0.0, 0.0, 1.2671557713726565e-05, 1.9073486328125e-06, 5.691366482519074e-06, 0.0, 0.0, 1.1155037149650034e-05, 0.0, 0.0, 1.4033467672519576e-05, 1.852244773234441e-05, 9.541884523766964e-06, 5.7220458984375e-06, 0.0, 0.0, 0.0, 0.0, 0.0, 1.9073486328124996e-06, 1.9073486328124996e-06, 0.0, 7.130719655914835e-06, 0.0, 1.818989403545857e-12, 0.0, 0.0, 0.0, 0.0, 0.0, 0.0, 0.0, 1.2591164325726171e-05, 1.0, 0.0, 0.0, 0.0, 8.417449459575802e-06, 0.0, 0.0, 3.702271393242584e-12, 0.0, 0.0, 0.0, 0.0, 0.0, 1.21540143717304e-05, 0.0, 2.553584618039471e-06, 0.0, 0.0, 0.0, 0.0, 0.0, 2.2630999443967115e-06, 0.0, 0.0, 0.0, 0.0, 0.0, 0.0, 0.0, 7.89098911323656e-06, 0.0, 0.0, 0.0, 0.0, 0.0, 5.689476545572579e-06, 0.0, 1.5258791790984105e-05, 0.0, 0.0, 2.288818359375e-05, 4.475317697555654e-06, 1.4632218854704438e-05, 0.0], [0.0, 1.3246091174313984e-07, 0.0, 0.22810150213376126, 0.0, 0.0, 0.012653791454502992, 0.005351531609920897, 1.1920928955078125e-07, 0.020028427762754764, 1.2054917701991783e-07, 0.16955278884574748, 0.0, 0.0, 0.00030767874395260094, 0.0, 0.0, 0.23013483730403528, 0.04939301736537114, 0.5078545407417661, 5.5457728282010265e-09, 2.307809926293578e-08, 3.552713678800501e-14, 0.0, 0.125, 2.3268972499013925e-10, 0.12500011920928958, 1.6158580298663824e-07, 0.0, 0.14770980595877264, 0.011676068967100139, 0.5000000000145519, 0.01167606896710014, 7.105427357601001e-15, 0.0, 0.0, 0.1250942416405008, 0.0, 0.0, 0.10675647801232542, 0.0, 1.0, 0.0, 1.4551915228366852e-11, 0.014573624995061605, 0.1250001243557853, 0.1250000055421864, 2.3260318926748905e-08, 0.000825025096270664, 0.0, 4.76837158203125e-07, 0.0007871116888442218, 6.3948846218409e-14, 0.09240817770557586, 0.0, 0.2412151187357172, 0.0, 0.12499999999999996, 0.0, 0.1250000009313297, 0.0, 0.010526981235031325, 0.0, 1.2434497875801756e-13, 0.13667606896710013, 0.000942546924235162, 0.0, 0.0, 0.0, 0.14184629579555513, 0.0008060491503037446, 0.0, 4.518439657675324e-14, 0.0, 0.0, 0.04930151764636116, 0.0010552251882059334, 1.7541959459187955e-07, 0.0, 0.0, 3.5527136788005e-15, 0.13784929856598457, 0.03216581528992427, 0.0], [0.0, 0.0, 0.0, 0.0, 0.0, 0.0, 0.0, 0.0, 0.0, 0.0, 0.0, 0.0, 0.0, 0.0, 0.0, 0.0, 0.0, 0.0, 0.0, 0.0, 0.0, 0.0, 0.0, 0.0, 0.0, 0.0, 0.0, 0.0, 0.0, 0.0, 0.0, 0.0, 0.0, 0.0, 0.0, 0.0, 0.0, 0.0, 0.0, 0.0, 0.0, 0.0, 1.0, 0.0, 0.0, 0.0, 0.0, 0.0, 0.0, 0.0, 0.0, 0.0, 0.0, 0.0, 0.0, 0.0, 0.0, 0.0, 0.0, 0.0, 0.0, 0.0, 0.0, 0.0, 0.0, 0.0, 0.0, 0.0, 0.0, 0.0, 0.0, 0.0, 0.0, 0.0, 0.0, 0.0, 0.0, 0.0, 0.0, 0.0, 0.0, 0.0, 0.0, 0.0], [0.0, 0.0, 0.0, 1.647607892720378e-05, 0.0, 0.0, 0.0, 0.0, 5.144792833761299e-08, 2.981072072007587e-08, 1.1920928955078125e-07, 2.84139737619876