"{\"names\": [\"172.217.10.1\", \"104.88.86.240\", \"38.93.140.48\", \"192.168.10.15\", \"104.88.108.223\", \"195.142.105.15\", \"172.217.12.163\", \"206.217.206.48\", \"172.217.6.228\", \"178.255.83.1\", \"74.119.118.82\", \"192.168.10.9\", \"172.217.7.6\", \"35.186.227.40\", \"31.13.71.36\", \"206.126.112.142\", \"151.101.2.49\", \"192.168.10.25\", \"172.217.3.98\", \"192.168.10.16\", \"72.30.202.150\", \"172.217.12.132\", \"50.31.164.173\", \"162.208.20.178\", \"23.15.4.16\", \"216.58.217.99\", \"172.217.6.198\", \"172.217.12.174\", \"169.46.44.40\", \"192.168.10.17\", \"52.84.143.130\", \"104.19.195.102\", \"216.200.232.61\", \"104.97.73.166\", \"152.163.13.79\", \"192.229.163.25\", \"74.119.118.86\", \"54.225.188.92\", \"188.165.145.88\", \"192.168.10.14\", \"8.43.72.98\", \"199.96.57.6\", \"68.67.178.110\", \"104.88.70.158\", \"192.168.10.19\", \"69.172.216.56\", \"157.240.18.35\", \"172.217.11.34\", \"185.54.150.20\", \"69.169.85.7\", \"198.232.124.194\", \"74.119.118.72\", \"172.217.12.134\", \"192.168.10.5\", \"23.111.9.30\", \"192.168.10.8\", \"151.101.66.2\", \"68.67.178.199\", \"213.239.195.215\", \"138.108.7.20\", \"52.84.145.87\", \"192.168.10.50\", \"52.84.145.198\", \"52.40.24.51\", \"212.77.100.137\", \"185.54.150.115\", \"172.217.10.138\", \"152.163.66.165\", \"52.84.137.78\", \"192.168.10.51\", \"68.67.178.109\", \"129.146.14.96\", \"54.152.24.232\", \"172.217.10.33\", \"52.8.229.108\", \"192.168.10.12\", \"64.147.131.201\", \"172.217.12.206\", \"68.67.180.12\", \"172.217.10.134\", \"38.69.238.16\", \"172.217.10.142\", \"192.168.10.3\", \"172.217.6.202\"], \"funcEdges\": [[1.0, 0.0, 0.0, 0.0, 0.0, 0.0, 0.0, 0.0, 0.0, 0.0, 0.0, 0.0, 0.0, 0.0, 0.0, 0.0, 0.0, 0.0, 0.0, 0.0, 0.0, 0.0, 0.0, 0.0, 0.0, 0.0, 0.0, 0.0, 0.0, 0.0, 0.0, 0.0, 0.0, 0.0, 0.0, 0.0, 0.0, 0.0, 0.0, 0.0, 0.0, 0.0, 0.0, 0.0, 0.0, 0.0, 0.0, 0.0, 0.0, 0.0, 0.0, 0.0, 0.0, 0.0, 0.0, 0.0, 0.0, 0.0, 0.0, 0.0, 0.0, 0.0, 0.0, 0.0, 0.0, 0.0, 0.0, 0.0, 0.0, 0.0, 0.0, 0.0, 0.0, 0.0, 0.0, 0.0, 0.0, 0.0, 0.0, 0.0, 0.0, 0.0, 0.0, 0.0], [0.0, 1.0, 0.0, 1.2608916458371704e-05, 0.0, 0.0, 0.0, 0.0, 8.142386427899461e-06, 1.4085754998611024e-05, 1.9935156571190945e-06, 7.191813659883699e-06, 0.0, 0.0, 5.209480783102436e-06, 0.0, 0.0, 5.326340806184183e-06, 9.212051649923436e-06, 5.62498079449243e-06, 3.0738748498523025e-09, 2.2693788387145777e-07, 0.0, 0.0, 4.356937192984868e-08, 3.650024149988857e-08, 2.0332834496563773e-06, 1.400754576608557e-05, 0.0, 7.263217535723924e-06, 0.0, 0.0, 0.0, 0.0, 0.0, 0.0, 0.0, 0.0, 0.0, 7.185668139452224e-06, 0.0, 5.298436469725593e-07, 0.0, 0.0, 1.1675446511092258e-05, 7.542898109539912e-06, 1.8443249099113822e-08, 5.634283741667211e-08, 0.0, 0.0, 4.76837158203125e-07, 1.4901161193847656e-08, 0.0, 1.3851886379549067e-05, 0.0, 9.241439023741177e-06, 0.0, 0.0, 0.0, 0.0, 9.733397733303616e-08, 1.002645493313293e-05, 0.0, 0.0, 0.0, 0.0, 0.0, 0.0, 0.0, 9.108994414234728e-06, 0.0, 0.0, 0.0, 0.0, 0.0, 5.198927771543979e-06, 0.0, 8.223468970697582e-06, 0.0, 0.0, 0.0, 1.7538621702428867e-07, 1.6437124273678335e-05, 0.0], [0.0, 0.0, 1.0, 0.0, 0.0, 0.0, 0.0, 0.0, 0.0, 0.0, 0.0, 0.0, 0.0, 0.0, 0.0, 0.0, 0.0, 0.0, 0.0, 0.0, 0.0, 0.0, 0.0, 0.0, 0.0, 0.0, 0.0, 0.0, 0.0, 0.0, 0.0, 0.0, 0.0, 0.0, 0.0, 0.0, 0.0, 0.0, 0.0, 0.0, 0.0, 0.0, 0.0, 0.0, 0.0, 0.0, 0.0, 0.0, 0.0, 0.0, 0.0, 0.0, 0.0, 0.0, 0.0, 0.0, 0.0, 0.0, 0.0, 0.0, 0.0, 0.0, 0.0, 0.0, 0.0, 0.0, 0.0, 0.0, 0.0, 0.0, 0.0, 0.0, 0.0, 0.0, 0.0, 0.0, 0.0, 0.0, 0.0, 0.0, 0.0, 0.0, 0.0, 0.0], [0.0, 1.2608916458371704e-05, 0.0, 1.0, 0.0, 0.0, 0.10078964630404688, 0.18286843041849798, 1.9497945436354144e-05, 0.37627901081209547, 0.14755705129611318, 0.3541238490379114, 8.912011526032474e-13, 0.0, 0.0012690737751475554, 0.0, 0.0, 0.22145549868510628, 0.6903860499503981, 0.32250391580473375, 2.9292045931864577e-05, 6.525575232365591e-07, 0.022258697761523918, 0.0, 0.07854027242210433, 1.0315307450874363e-07, 0.3695799101986781, 0.0003283071910149581, 0.0, 0.7356082847691597, 0.086924404912165, 3.8776463490835774e-11, 0.262599132521662, 1.2124150928835505e-12, 0.0, 0.0, 0.0006282776033385969, 0.0, 0.0, 0.3529274600341479, 1.9386915928457076e-05, 0.029621097244949927, 0.0, 6.590431570881511e-05, 0.3997977174696379, 0.00023976551269270772, 0.3695437787255597, 4.6899011727766806e-08, 0.003895761868108877, 0.0, 2.9801372753566917e-07, 0.0038667146045133958, 8.79577798927761e-13, 0.629750564877092, 0.00019855456098872345, 0.5094434471784468, 0.0, 4.720924653474092e-11, 0.0, 0.3695437607861473, 1.2366470435463882e-06, 0.40399714932983943, 0.0, 1.6313348451225744e-12, 0.22561451949991188, 0.004394531249999999, 3.6899824941595243e-09, 2.690088104539412e-13, 0.0, 0.2757588628667455, 0.0038966037704890066, 0.0, 1.2682807544101921e-12, 3.704505748712555e-09, 0.0, 0.4752176982905091, 0.05567879221606305, 0.01971452715031647, 2.644690175610515e-13, 0.0, 1.9386882847442572e-05, 0.535200866338132, 0.3327281763099094, 0.0], [0.0, 0.0, 0.0, 0.0, 1.0, 0.0, 0.0, 0.0, 0.0, 0.0, 0.0, 0.0, 0.0, 0.0, 0.0, 0.0, 0.0, 0.0, 0.0, 0.0, 0.0, 0.0, 0.0, 0.0, 0.0, 0.0, 0.0, 0.0, 0.0, 0.0, 0.0, 0.0, 0.0, 0.0, 0.0, 0.0, 0.0, 0.0, 0.0, 0.0, 0.0, 0.0, 0.0, 0.0, 0.0, 0.0, 0.0, 0.0, 0.0, 0.0, 0.0, 0.0, 0.0, 0.0, 0.0, 0.0, 0.0, 0.0, 0.0, 0.0, 0.0, 0.0, 0.0, 0.0, 0.0, 0.0, 0.0, 0.0, 0.0, 0.0, 0.0, 0.0, 0.0, 0.0, 0.0, 0.0, 0.0, 0.0, 0.0, 0.0, 0.0, 0.0, 0.0, 0.0], [0.0, 0.0, 0.0, 0.0, 0.0, 1.0, 0.0, 0.0, 0.0, 0.0, 0.0, 0.0, 0.0, 0.0, 0.0, 0.0, 0.0, 0.0, 0.0, 0.0, 0.0, 0.0, 0.0, 0.0, 0.0, 0.0, 0.0, 0.0, 0.0, 0.0, 0.0, 0.0, 0.0, 0.0, 0.0, 0.0, 0.0, 0.0, 0.0, 0.0, 0.0, 0.0, 0.0, 0.0, 0.0, 0.0, 0.0, 0.0, 0.0, 0.0, 0.0, 0.0, 0.0, 0.0, 0.0, 0.0, 0.0, 0.0, 0.0, 0.0, 0.0, 0.0, 0.0, 0.0, 0.0, 0.0, 0.0, 0.0, 0.0, 0.0, 0.0, 0.0, 0.0, 0.0, 0.0, 0.0, 0.0, 0.0, 0.0, 0.0, 0.0, 0.0, 0.0, 0.0], [0.0, 0.0, 0.0, 0.10078964630404688, 0.0, 0.0, 1.0, 0.03125, 0.0, 0.15437750450815685, 0.0, 0.10219615305293016, 0.0, 0.0, 0.0007084729004980582, 0.0, 0.0, 0.06926839038958549, 0.08154470534146091, 0.1057905145941496, 0.0, 0.0, 0.02410732201360412, 0.0, 0.0, 0.0, 0.0, 0.0, 0.0, 0.10223571033581791, 0.1875, 0.0, 0.12500000000000003, 0.0, 0.0, 0.0, 0.0007539331240063164, 0.0, 0.0, 0.1642798063639725, 0.0, 0.05061516581801197, 0.0, 0.0, 0.18263606584569209, 0.0, 0.0, 0.0, 0.00388963660281397, 0.0, 0.0, 0.0038441337563674695, 0.0, 0.12853940696437244, 0.0, 0.03162892384535439, 0.0, 0.0, 0.0, 0.0, 0.0, 0.10060448019017082, 0.0, 0.0, 0.140625, 0.00584972595273932, 0.0, 0.0, 0.0, 0.13037457428835159, 0.0038805509868421054, 0.0, 0.0, 0.0, 0.0, 0.06181591685145056, 0.05265159348989715, 0.0703125, 0.0, 0.0, 0.0, 0.21345033103116995, 0.07071777115427852, 0.0], [0.0, 0.0, 0.0, 0.18286843041849798, 0.0, 0.0, 0.03125, 1.0, 0.0, 0.25838734971677646, 0.2593331685591217, 0.7372860409465558, 0.0, 0.0, 0.0, 0.0, 0.0, 0.3030928202148453, 0.19218833368792507, 0.3444937481171212, 0.0, 0.0, 0.0, 0.0, 0.20580104498952118, 0.0, 0.18749999999999997, 0.0, 0.0, 0.3705387563724464, 0.031249999999999997, 0.0, 0.13326151429681046, 0.0, 0.0, 0.0, 0.0, 0.0, 0.0, 0.5969600960471976, 0.0, 0.02140612643968359, 0.0, 0.0, 0.18212457722087458, 0.0, 0.18749999999999997, 0.0, 0.0, 0.0, 0.0, 0.0, 0.0, 0.4296336534107707, 0.0, 0.27296311068441864, 0.0, 0.0, 0.0, 0.18749999999999997, 0.0, 0.5339579367518594, 0.0, 0.0, 0.22656472859267374, 0.0, 0.0, 0.0, 0.0, 0.43251005872482806, 0.0, 0.0, 0.0, 0.0, 0.0, 0.5101861172931287, 0.0, 0.0, 0.0, 0.0, 0.0, 0.21874999999999997, 0.3057507573624221, 0.0], [0.0, 8.142386427899461e-06, 0.0, 1.9497945436354144e-05, 0.0, 0.0, 0.0, 0.0, 1.0, 1.0735754046524048e-05, 2.178863145975744e-06, 1.4957538963839412e-05, 0.0, 0.0, 1.5605941082618257e-05, 0.0, 0.0, 1.1282124704801683e-05, 8.828681530374959e-06, 1.249166354013231e-05, 0.0, 5.168097580545391e-07, 0.0, 0.0, 5.23237679534092e-07, 2.372515697492757e-07, 3.242976467792443e-06, 1.220291915053651e-05, 0.0, 7.926371178800645e-06, 0.0, 0.0, 0.0, 0.0, 0.0, 0.0, 0.0, 0.0, 0.0, 1.5101102713561513e-05, 0.0, 4.76837158203125e-07, 0.0, 2.0579171335045195e-07, 1.2945687035597838e-05, 3.0468808626297574e-06, 0.0, 0.0, 0.0, 0.0, 5.728732911000026e-07, 0.0, 0.0, 3.735894828380405e-06, 0.0, 1.6398613212799272e-05, 0.0, 0.0, 0.0, 0.0, 3.310311850637252e-07, 1.006500969837557e-05, 0.0, 0.0, 0.0, 0.0, 0.0, 0.0, 0.0, 1.2925205953622294e-05, 0.0, 0.0, 0.0, 0.0, 0.0, 1.998148626367288e-05, 0.0, 5.789578972814121e-06, 0.0, 0.0, 0.0, 0.0, 9.37757521616942e-06, 0.0], [0.0, 1.4085754998611024e-05, 0.0, 0.37627901081209547, 0.0, 0.0, 0.15437750450815685, 0.25838734971677646, 1.0735754046524048e-05, 1.0, 0.17124636187563352, 0.2862558316200142, 9.5179496943842e-13, 0.0, 0.002204148295016299, 0.0, 0.0, 0.1484220244990309, 0.22955325925198952, 0.2481782351820795, 3.829173855922775e-05, 6.143628999518437e-07, 0.025618498608680977, 0.0, 0.10144132702133572, 1.1674183549823308e-07, 0.05258952512536936, 0.0007566199597709974, 0.0, 0.4484698257333427, 0.12688306938998162, 3.3420262593497135e-11, 0.12727910279278165, 5.742299343187633e-13, 0.0, 0.0, 0.0017683796744877797, 0.0, 0.0, 0.18241950144549368, 5.068623085490626e-05, 0.0509282907801301, 0.0, 1.1924288288030347e-07, 0.2831245707938914, 2.429305435982857e-06, 0.0525749890538686, 9.489510767586144e-08, 0.00153102561005035, 0.0, 2.0231810853103074e-06, 0.0018519476704025079, 4.662375259744669e-13, 0.2677657458353956, 5.130997945668928e-06, 0.6980609307591077, 0.0, 1.1719914061025342e-10, 0.0, 0.05257498038332572, 9.436653392865825e-07, 0.0993592600355632, 0.0, 1.6195910989368425e-12, 0.17776332774068163, 0.0022715064388944073, 2.127917397265438e-09, 4.151256367437222e-13, 0.0, 0.6247386497024495, 0.0017178153872695516, 0.0, 3.7887870122548096e-13, 1.1843027073171013e-09, 0.0, 0.626684104690393, 0.046714791649803925, 0.016151772385883164, 8.377199511013219e-13, 0.0, 5.068621772535415e-05, 0.5442619402382852, 0.4735307228190605, 0.0], [0.0, 1.9935156571190945e-06, 0.0, 0.14755705129611318, 0.0, 0.0, 0.0, 0.2593331685591217, 2.178863145975744e-06, 0.17124636187563352, 1.0, 0.31410155484715185, 0.0, 0.0, 4.054642599867435e-05, 0.0, 0.0, 0.6834962419013914, 0.2606375530026718, 0.3299014967616377, 7.654698460257432e-06, 5.913362416125899e-07, 0.0, 0.0, 0.169600668329681, 7.634009649508066e-08, 0.2160704603277409, 9.630125795736083e-06, 0.0, 0.2686480797192272, 0.0, 0.0, 0.06249999999999998, 0.0, 0.0, 0.0, 0.0, 0.0, 0.0, 0.6351351224061537, 7.62939453125e-06, 4.821967080796713e-07, 0.0, 4.76837158203125e-07, 0.16533685880362167, 4.993035881208414e-07, 0.2160622518263159, 1.006701495188097e-08, 0.0, 0.0, 5.960464477539062e-07, 5.111056123450664e-09, 0.0, 0.3864134314956334, 0.0, 0.28393380434492643, 0.0, 0.0, 0.0, 0.21606223674940706, 2.06287810889352e-07, 0.5411023961562494, 0.0, 0.0, 0.24999999999999994, 0.0, 1.3753215944535353e-09, 0.0, 0.0, 0.33735049339083034, 7.264441765471454e-09, 0.0, 0.0, 1.712679634319503e-09, 0.0, 0.38658952877607133, 0.0, 1.0473754532008856e-06, 0.0, 0.0, 7.629394531250002e-06, 0.21606225898509357, 0.25989669757170997, 0.0], [0.0, 7.191813659883699e-06, 0.0, 0.3541238490379114, 0.0, 0.0, 0.10219615305293016, 0.7372860409465558, 1.4957538963839412e-05, 0.2862558316200142, 0.31410155484715185, 1.0, 1.3189382789879165e-12, 0.0, 0.001805229940530153, 0.0, 0.0, 0.30120717573572486, 0.33685775747621477, 0.39232083945627505, 6.524473728793771e-05, 9.90023738553624e-07, 0.016239245812655772, 0.0, 0.16960039490773823, 1.8487276925766758e-07, 0.18753482615203265, 0.0011141374212860547, 0.0, 0.3384439931242882, 0.06711840928063313, 4.181990670008091e-11, 0.11334985919797255, 1.3553020033276586e-12, 0.0, 0.0, 0.0017591772893480718, 0.0, 0.0, 0.715387670623191, 2.2765465930076296e-05, 0.12427764949823443, 0.0, 0.00011365589504795046, 0.2578825354043207, 1.3036549134039596e-05, 0.18750002553864376, 5.996629393807467e-08, 0.0011283540815913388, 0.0, 9.627817485833793e-07, 0.0013795450333190275, 9.053577441166755e-13, 0.44884164823850986, 0.0003076443883701468, 0.33062932943488255, 0.0, 1.1009608338301409e-10, 0.0, 0.18750001204051595, 5.719742688283753e-07, 0.6068546149356888, 0.0, 2.3931250813755397e-12, 0.30782209494768425, 0.0015990523252238785, 2.704018896586077e-09, 1.5472725068181882e-12, 0.0, 0.4762166591146495, 0.0012465379717341502, 0.0, 1.0021479495419378e-12, 1.8430785671817566e-09, 0.0, 0.44919085003079384, 0.03551528245444162, 0.018080579403573604, 1.7353592685537845e-12, 0.0, 2.2765462315042297e-05, 0.2633352362086022, 0.4156740236190538, 0.0], [0.0, 0.0, 0.0, 8.912011526032474e-13, 0.0, 0.0, 0.0, 0.0, 0.0, 9.5179496943842e-13, 0.0, 1.3189382789879165e-12, 1.0, 0.0, 0.0, 0.0, 0.0, 1.2869728680746225e-12, 6.821210263296962e-13, 9.231192032289817e-13, 4.547473508864642e-13, 0.0, 0.0, 0.0, 0.0, 0.0, 0.0, 2.134544097293371e-12, 0.0, 6.053863249334356e-13, 0.0, 0.0, 0.0, 0.0, 0.0, 0.0, 0.0, 0.0, 0.0, 6.153844046696971e-13, 0.0, 0.0, 0.0, 0.0, 1.3345297273203981e-12, 0.0, 9.094947017729282e-13, 0.0, 0.0, 0.0, 0.0, 0.0, 9.094947017729282e-13, 1.391863664614034e-12, 0.0, 7.392288607930672e-13, 0.0, 5.105370286290158e-13, 0.0, 2.27373675443232e-13, 4.54747350886464e-13, 1.5999932655103088e-12, 0.0, 4.547473508864641e-13, 0.0, 0.0, 0.0, 4.5474735088646407e-13, 0.0, 8.505835372346099e-13, 0.0, 0.0, 9.094947017729282e-13, 0.0, 0.0, 7.751412971006595e-13, 0.0, 4.5474735088646407e-13, 1.0235619468168647e-12, 0.0, 0.0, 0.0, 1.7158924925868107e-12, 0.0], [0.0, 0.0, 0.0, 0.0, 0.0, 0.0, 0.0, 0.0, 0.0, 0.0, 0.0, 0.0, 0.0, 1.0, 0.0, 0.0, 0.0, 0.0, 0.0, 0.0, 0.0, 0.0, 0.0, 0.0, 0.0, 0.0, 0.0, 0.0, 0.0, 0.0, 0.0, 0.0, 0.0, 0.0, 0.0, 0.0, 0.0, 0.0, 0.0, 0.0, 0.0, 0.0, 0.0, 0.0, 0.0, 0.0, 0.0, 0.0, 0.0, 0.0, 0.0, 0.0, 0.0, 0.0, 0.0, 0.0, 0.0, 0.0, 0.0, 0.0, 0.0, 0.0, 0.0, 0.0, 0.0, 0.0, 0.0, 0.0, 0.0, 0.0, 0.0, 0.0, 0.0, 0.0, 0.0, 0.0, 0.0, 0.0, 0.0, 0.0, 0.0, 0.0, 0.0, 0.0], [0.0, 5.209480783102436e-06, 0.0, 0.0012690737751475554, 0.0, 0.0, 0.0007084729004980582, 0.0, 1.5605941082618257e-05, 0.002204148295016299, 4.054642599867435e-05, 0.001805229940530153, 0.0, 0.0, 1.0, 0.0, 0.0, 0.0017760293567776935, 0.0005130996925030526, 0.0015834322538024691, 2.5284831523880205e-05, 1.1527030686946139e-09, 0.0, 0.0, 0.0, 2.5514447960025954e-09, 1.332076765033531e-05, 0.00014259225301167127, 0.0, 0.0041651204873155, 0.0, 8.731149137020111e-11, 0.0, 0.0, 0.0, 0.0, 0.0, 0.0, 0.0, 0.0016561115398489462, 4.462014859860014e-05, 0.0012307149758104038, 0.0, 8.73114913702011e-11, 0.00025986538520518466, 3.823248077482425e-06, 2.4314155275656334e-10, 5.668336316285222e-10, 0.0009257255924219111, 0.0, 0.0, 0.0011456805861043222, 0.0, 0.0018354660396783418, 0.0001220703125, 0.003224084442907225, 0.0, 2.9103830456733697e-11, 0.0, 0.0, 0.0, 0.0016377550364214013, 0.0, 0.0, 0.0, 0.0009765625000000002, 1.7652094021582165e-09, 0.0, 0.0, 0.000664389345141101, 0.0010627093507470872, 0.0, 0.0, 1.3029017174516515e-09, 0.0, 0.00057159037226124, 0.0009765625, 2.0261772485228414e-05, 0.0, 0.0, 4.4620137684663715e-05, 4.565871538867685e-05, 0.00217358695752665, 0.0], [0.0, 0.0, 0.0, 0.0, 0.0, 0.0, 0.0, 0.0, 0.0, 0.0, 0.0, 0.0, 0.0, 0.0, 0.0, 1.0, 0.0, 0.0, 0.0, 0.0, 0.0, 0.0, 0.0, 0.0, 0.0, 0.0, 0.0, 0.0, 0.0, 0.0, 0.0, 0.0, 0.0, 0.0, 0.0, 0.0, 0.0, 0.0, 0.0, 0.0, 0.0, 0.0, 0.0, 0.0, 0.0, 0.0, 0.0, 0.0, 0.0, 0.0, 0.0, 0.0, 0.0, 0.0, 0.0, 0.0, 0.0, 0.0, 0.0, 0.0, 0.0, 0.0, 0.0, 0.0, 0.0, 0.0, 0.0, 0.0, 0.0, 0.0, 0.0, 0.0, 0.0, 0.0, 0.0, 0.0, 0.0, 0.0, 0.0, 0.0, 0.0, 0.0, 0.0, 0.0], [0.0, 0.0, 0.0, 0.0, 0.0, 0.0, 0.0, 0.0, 0.0, 0.0, 0.0, 0.0, 0.0, 0.0, 0.0, 0.0, 1.0, 0.0, 0.0, 0.0, 0.0, 0.0, 0.0, 0.0, 0.0, 0.0, 0.0, 0.0, 0.0, 0.0, 0.0, 0.0, 0.0, 0.0, 0.0, 0.0, 0.0, 0.0, 0.0, 0.0, 0.0, 0.0, 0.0, 0.0, 0.0, 0.0, 0.0, 0.0, 0.0, 0.0, 0.0, 0.0, 0.0, 0.0, 0.0, 0.0, 0.0, 0.0, 0.0, 0.0, 0.0, 0.0, 0.0, 0.0, 0.0, 0.0, 0.0, 0.0, 0.0, 0.0, 0.0, 0.0, 0.0, 0.0, 0.0, 0.0, 0.0, 0.0, 0.0, 0.0, 0.0, 0.0, 0.0, 0.0], [0.0, 5.326340806184183e-06, 0.0, 0.22145549868510628, 0.0, 0.0, 0.06926839038958549, 0.3030928202148453, 1.1282124704801683e-05, 0.1484220244990309, 0.6834962419013914, 0.30120717573572486, 1.2869728680746225e-12, 0.0, 0.0017760293567776935, 0.0, 0.0, 1.0, 0.3933443280591543, 0.5874566598055851, 9.47681573321839e-06, 7.579444122838587e-07, 0.009897173869004882, 0.0, 0.21189428734611743, 6.076457192291718e-08, 0.22825627805530246, 0.0008198654447039674, 0.0, 0.45261903037115647, 0.05129322165318466, 4.807256668564958e-11, 0.10629672141413722, 1.744570244923042e-12, 0.0, 0.0, 0.00025039291390175744, 0.0, 0.0, 0.6822968916261756, 5.6133870690078304e-05, 0.00936768929889785, 0.0, 0.00017043468386635776, 0.29514450738637615, 3.776828696267778e-05, 0.22821775977904873, 6.078287189238617e-08, 0.002807514349873624, 0.0, 8.653091012588304e-07, 0.002728135488005093, 1.0038439723948007e-12, 0.625403672263467, 0.00010798971398063754, 0.20172041586150635, 0.0, 2.8874377791544078e-11, 0.0, 0.22821773823003455, 5.425597792142146e-07, 0.7620730187356095, 0.0, 2.8540344781939167e-12, 0.289415379628116, 0.0033045848451461477, 2.283807703803148e-09, 1.264095679300945e-12, 0.0, 0.42887029051720105, 0.002731339813271291, 0.0, 1.2182673942045195e-12, 1.855704852137892e-09, 0.0, 0.3730922487188946, 0.03498328553215371, 0.016898999456058845, 1.3819299664543328e-12, 0.0, 5.6133855612165136e-05, 0.20074131223858052, 0.3973075944982537, 0.0], [0.0, 9.212051649923436e-06, 0.0, 0.6903860499503981, 0.0, 0.0, 0.08154470534146091, 0.19218833368792507, 8.828681530374959e-06, 0.22955325925198952, 0.2606375530026718, 0.33685775747621477, 6.821210263296962e-13, 0.0, 0.0005130996925030526, 0.0, 0.0, 0.3933443280591543, 1.0, 0.660788540526527, 2.90861608294058e-05, 4.963102358090321e-08, 0.006318933823706713, 0.0, 0.02615664382616848, 0.0, 0.18751460766640282, 0.0005471641090575923, 0.0, 0.43590688037529307, 0.046875, 0.0, 0.2535514192000652, 2.8421709430404004e-14, 0.0, 0.0, 0.0006886777176664434, 0.0, 0.0, 0.23379358337615155, 7.408979092937764e-05, 0.04187810521025048, 0.0, 7.3596301671582695e-06, 0.19516507679018824, 6.514520852884265e-05, 0.18750002927897164, 4.4419379316799256e-08, 0.0, 0.0, 0.0, 5.954743711773754e-08, 3.0100316363487215e-13, 0.6150946601047091, 0.0001220703125, 0.4340904684704573, 0.0, 5.10537028629016e-13, 0.0, 0.1875000089836118, 4.547473508864642e-13, 0.3579059974557521, 0.0, 6.916972006789498e-13, 0.21032269543418058, 0.001900428323666374, 0.0, 4.547473508864641e-13, 0.0, 0.48585864350817276, 1.2820524839568081e-09, 0.0, 3.900169784125252e-13, 0.0, 0.0, 0.20733819815039956, 0.039999974994828685, 0.017716065948334917, 7.412000304535918e-13, 0.0, 7.40897909435885e-05, 0.24921162123936255, 0.3255986751717682, 0.0], [0.0, 5.62498079449243e-06, 0.0, 0.32250391580473375, 0.0, 0.0, 0.1057905145941496, 0.3444937481171212, 1.249166354013231e-05, 0.2481782351820795, 0.3299014967616377, 0.39232083945627505, 9.231192032289817e-13, 0.0, 0.0015834322538024691, 0.0, 0.0, 0.5874566598055851, 0.660788540526527, 1.0, 3.1648564190386134e-05, 1.3519747898909955e-06, 0.023476672749519242, 0.0, 0.1410192474332389, 3.883778196683066e-08, 0.1500795819542533, 0.00039585151796388626, 0.0, 0.3304839298932333, 0.07845545438712646, 3.003356123493189e-11, 0.16362537233393534, 4.013902918398982e-13, 0.0, 0.0, 0.0008325682619225749, 0.0, 0.0, 0.1994612184815087, 3.8167538095067855e-05, 0.0420314222537331, 0.0, 7.889537152614307e-05, 0.28604901690524587, 4.9419464545584016e-05, 0.15006132069083777, 1.064524285109037e-07, 0.0022243128817915365, 0.0, 1.0145932945983842e-07, 0.0026732801157288025, 2.3786384288397336e-13, 0.5907433146720029, 0.00015084698471988915, 0.2735623326050545, 0.0, 2.9679364022430103e-11, 0.0, 0.15006127673591527, 6.356187343463285e-07, 0.5549132298381994, 0.0, 1.4540997571939553e-12, 0.10481014346049171, 0.0033403440328150305, 8.707950853471912e-10, 3.210849402535589e-13, 0.0, 0.4645417734440235, 0.0024796583956321495, 0.0, 2.2750179944234917e-13, 1.0909413229489362e-09, 0.0, 0.09015117242357333, 0.013585544782276297, 0.051489065655202296, 9.906107245673902e-13, 0.0, 3.8167515450892244e-05, 0.15800867570201726, 0.16363887190721385, 0.0], [0.0, 3.0738748498523025e-09, 0.0, 2.9292045931864577e-05, 0.0, 0.0, 0.0, 0.0, 0.0, 3.829173855922775e-05, 7.654698460257432e-06, 6.524473728793771e-05, 4.547473508864642e-13, 0.0, 2.5284831523880205e-05, 0.0, 0.0, 9.47681573321839e-06, 2.90861608294058e-05, 3.1648564190386134e-05, 1.0, 3.835944386987716e-08, 0.0, 0.0, 0.0, 1.626593203768971e-10, 7.62939453125e-06, 7.638015733830741e-06, 0.0, 7.598721295750015e-05, 0.0, 1.4551915228366852e-11, 0.0, 0.0, 0.0, 0.0, 0.0, 0.0, 0.0, 5.131048664571947e-05, 2.288818359375e-05, 2.2183091312804106e-08, 0.0, 4.3655745685100555e-11, 5.96439181346183e-05, 1.003725368116424e-08, 7.133534614076005e-08, 2.984811365067367e-08, 0.0, 0.0, 0.0, 1.844324909911382e-08, 0.0, 3.447445017894147e-05, 0.0, 4.231100139144638e-05, 0.0, 2.9614367485362715e-11, 0.0, 3.725290298461915e-09, 4.547473508864641e-13, 2.1752469982533083e-05, 0.0, 4.547473508864642e-13, 0.0, 0.0, 0.0, 1.8189894035458565e-12, 0.0, 1.46007288485687e-05, 0.0, 0.0, 0.0, 0.0, 0.0, 5.170928826173609e-05, 0.0, 1.5327080273737833e-05, 1.2000381445439104e-12, 0.0, 2.288818359375e-05, 6.716163135129018e-06, 2.9313246979901983e-05, 0.0], [0.0, 2.2693788387145777e-07, 0.0, 6.525575232365591e-07, 0.0, 0.0, 0.0, 0.0, 5.168097580545391e-07, 6.143628999518437e-07, 5.913362416125899e-07, 9.90023738553624e-07, 0.0, 0.0, 1.1527030686946139e-09, 0.0, 0.0, 7.579444122838587e-07, 4.963102358090321e-08, 1.3519747898909955e-06, 3.835944386987716e-08, 1.0, 0.0, 0.0, 5.636087878238477e-07, 9.031834900917919e-08, 4.406422843267548e-07, 2.9044548071763286e-07, 0.0, 8.973557625095531e-07, 0.0, 0.0, 0.0, 0.0, 0.0, 0.0, 0.0, 0.0, 0.0, 3.3572044139148735e-07, 0.0, 9.231239705174312e-08, 0.0, 4.76837158203125e-07, 9.365133531056308e-07, 4.190507458828072e-08, 4.5810151855951876e-08, 6.149119864879448e-08, 0.0, 0.0, 1.1920928955078128e-07, 2.751802687139028e-08, 1.9895196601282803e-13, 5.96237300257975e-07, 0.0, 1.127667747701223e-06, 0.0, 0.0, 0.0, 5.577239788816732e-09, 8.231027053437129e-07, 5.322904406067803e-07, 0.0, 1.7460122535359654e-14, 0.0, 0.0, 1.1636560725032906e-09, 0.0, 0.0, 4.615960921299603e-07, 7.264441765471455e-09, 0.0, 0.0, 5.465812856437655e-10, 0.0, 5.096414365483446e-07, 0.0, 9.873145696093698e-07, 0.0, 0.0, 1.746012253535965e-14, 1.5607116679210902e-07, 9.375511441635241e-07, 0.0], [0.0, 0.0, 0.0, 0.022258697761523918, 0.0, 0.0, 0.02410732201360412, 0.0, 0.0, 0.025618498608680977, 0.0, 0.016239245812655772, 0.0, 0.0, 0.0, 0.0, 0.0, 0.009897173869004882, 0.006318933823706713, 0.023476672749519242, 0.0, 0.0, 1.0, 0.0, 0.0, 0.0, 0.0, 1.0749598938012985e-13, 0.0, 0.04038447132558133, 0.0, 0.0, 0.0, 2.842170943040401e-14, 0.0, 0.0, 0.0, 0.0, 0.0, 0.018674829011296464, 0.0, 1.4210854715202004e-13, 0.0, 0.0, 0.015361896844645728, 4.448242897521657e-14, 1.4842613152505602e-13, 0.0, 0.0, 0.0, 0.0, 0.0, 2.8421709430404004e-14, 0.017508277430452066, 0.0, 0.023919066546552313, 0.0, 0.0, 0.0, 2.842170943040401e-14, 0.0, 0.026890449007492996, 0.0, 2.2737367544323206e-13, 0.0, 0.0, 0.0, 0.0, 0.0, 0.018968421056626855, 1.3176427446459486e-13, 0.0, 1.8073758630701296e-13, 0.0, 0.0, 0.026660896332682833, 0.02922225105035012, 0.0019531249999999996, 0.0, 0.0, 0.0, 0.024231297492362552, 0.025030718263446595, 0.0], [0.0, 0.0, 0.0, 0.0, 0.0, 0.0, 0.0, 0.0, 0.0, 0.0, 0.0, 0.0, 0.0, 0.0, 0.0, 0.0, 0.0, 0.0, 0.0, 0.0, 0.0, 0.0, 0.0, 1.0, 0.0, 0.0, 0.0, 0.0, 0.0, 0.0, 0.0, 0.0, 0.0, 0.0, 0.0, 0.0, 0.0, 0.0, 0.0, 0.0, 0.0, 0.0, 0.0, 0.0, 0.0, 0.0, 0.0, 0.0, 0.0, 0.0, 0.0, 0.0, 0.0, 0.0, 0.0, 0.0, 0.0, 0.0, 0.0, 0.0, 0.0, 0.0, 0.0, 0.0, 0.0, 0.0, 0.0, 0.0, 0.0, 0.0, 0.0, 0.0, 0.0, 0.0, 0.0, 0.0, 0.0, 0.0, 0.0, 0.0, 0.0, 0.0, 0.0, 0.0], [0.0, 4.356937192984868e-08, 0.0, 0.07854027242210433, 0.0, 0.0, 0.0, 0.20580104498952118, 5.23237679534092e-07, 0.10144132702133572, 0.169600668329681, 0.16960039490773823, 0.0, 0.0, 0.0, 0.0, 0.0, 0.21189428734611743, 0.02615664382616848, 0.1410192474332389, 0.0, 5.636087878238477e-07, 0.0, 0.0, 1.0, 2.2409078206325334e-07, 1.8848643661548967e-07, 1.884882836298506e-07, 0.0, 0.09401333531778235, 0.0, 0.0, 0.0753778361444409, 0.0, 0.0, 0.0, 0.0, 0.0, 0.0, 0.19676370878401814, 0.0, 0.0, 0.0, 4.398016854361426e-07, 5.313072813409032e-07, 0.0, 0.0, 0.0, 0.0, 0.0, 1.2565762441032646e-07, 0.0, 0.0, 0.2370288610982319, 0.0, 0.04737832604663887, 0.0, 0.0, 0.0, 0.0, 2.6422275156907707e-07, 0.1946383553792534, 0.0, 0.0, 0.16960013132499205, 0.0, 0.0, 0.0, 0.0, 0.0820612159591454, 0.0, 0.0, 0.0, 0.0, 0.0, 0.19712699971385525, 0.0, 2.828943027464104e-07, 0.0, 0.0, 0.0, 0.0, 0.18175021941121125, 0.0], [0.0, 3.650024149988857e-08, 0.0, 1.0315307450874363e-07, 0.0, 0.0, 0.0, 0.0, 2.372515697492757e-07, 1.1674183549823308e-07, 7.634009649508066e-08, 1.8487276925766758e-07, 0.0, 0.0, 2.5514447960025954e-09, 0.0, 0.0, 6.076457192291718e-08, 0.0, 3.883778196683066e-08, 1.626593203768971e-10, 9.031834900917919e-08, 0.0, 0.0, 2.2409078206325334e-07, 1.0, 0.0, 2.457678120025929e-09, 0.0, 2.292312130569161e-07, 0.0, 5.820766091346741e-11, 0.0, 0.0, 0.0, 0.0, 0.0, 0.0, 0.0, 7.748749543067743e-08, 0.0, 9.30758899960557e-10, 0.0, 1.1773315554017733e-10, 1.1209789650122801e-07, 0.0, 1.8251131920998057e-09, 1.014772840776102e-09, 0.0, 0.0, 0.0, 0.0, 0.0, 7.660148958980594e-08, 0.0, 9.011853270668297e-08, 0.0, 4.717114668531731e-11, 0.0, 0.0, 1.0927518208821614e-07, 1.5812326056277058e-07, 0.0, 0.0, 0.0, 0.0, 2.7590572983501735e-09, 0.0, 0.0, 1.5234707740296245e-07, 0.0, 0.0, 0.0, 2.1652929396838966e-09, 0.0, 2.0559623152203445e-07, 0.0, 1.3444062337654857e-09, 0.0, 0.0, 0.0, 3.37753664392031e-09, 1.8438415718172018e-07, 0.0], [0.0, 2.0332834496563773e-06, 0.0, 0.3695799101986781, 0.0, 0.0, 0.0, 0.18749999999999997, 3.242976467792443e-06, 0.05258952512536936, 0.2160704603277409, 0.18753482615203265, 0.0, 0.0, 1.332076765033531e-05, 0.0, 0.0, 0.22825627805530246, 0.18751460766640282, 0.1500795819542533, 7.62939453125e-06, 4.406422843267548e-07, 0.0, 0.0, 1.8848643661548967e-07, 0.0, 1.0, 3.663564992226325e-05, 0.0, 0.459303081513224, 0.0, 0.0, 0.0, 0.0, 0.0, 0.0, 0.0, 0.0, 0.0, 0.037700696559378556, 7.629394531249998e-06, 4.7683715820312495e-07, 0.0, 1.1920928955078128e-07, 0.454885591047356, 2.7007950400992594e-06, 0.5, 0.0, 0.0, 0.0, 5.960464477539061e-07, 0.0, 0.0, 0.15154624836534514, 0.0, 0.08476013923233354, 0.0, 0.0, 0.0, 0.5, 9.46774457736591e-07, 0.40575584631409467, 0.0, 0.0, 0.0, 0.0, 0.0, 0.0, 0.0, 0.05106616361080948, 0.0, 0.0, 0.0, 0.0, 0.0, 0.14257900075921653, 0.0, 8.438628974742724e-06, 0.0, 0.0, 7.629394531249999e-06, 0.34375000000000006, 0.2902354107365972, 0.0], [0.0, 1.400754576608557e-05, 0.0, 0.0003283071910149581, 0.0, 0.0, 0.0, 0.0, 1.220291915053651e-05, 0.0007566199597709974, 9.630125795736083e-06, 0.0011141374212860547, 2.134544097293371e-12, 0.0, 0.00014259225301167127, 0.0, 0.0, 0.0008198654447039674, 0.0005471641090575923, 0.00039585151796388626, 7.638015733830741e-06, 2.9044548071763286e-07, 1.0749598938012985e-13, 0.0, 1.884882836298506e-07, 2.457678120025929e-09, 3.663564992226325e-05, 1.0, 0.0, 0.0008153606328196853, 0.0, 0.0, 0.0, 1.401286752954514e-12, 0.0, 0.0, 0.0, 0.0, 0.0, 0.0006458002590569074, 7.629394531249998e-06, 6.46343211946553e-07, 0.0, 8.107514112829176e-05, 0.0016479985578829186, 6.438127060867416e-05, 1.6071741015775347e-08, 4.0443689983077316e-08, 0.0, 0.0, 7.068342515603299e-07, 5.871777980416856e-08, 6.556759870400936e-13, 0.0008388571495678723, 0.0001220703125, 0.0005072187847735866, 0.0, 5.092235789905048e-13, 0.0, 1.8636671192233e-09, 6.193351420840213e-07, 0.0007170397399394762, 0.0, 1.9146230981745137e-12, 0.0, 0.0, 3.6871853620770277e-09, 5.566632100009206e-13, 0.0, 0.0007455284319772583, 7.264538452526178e-09, 0.0, 5.618095125127172e-13, 3.6896077838966118e-09, 0.0, 0.00029657249324909, 0.0, 0.00025961018520016284, 9.329175567323425e-13, 0.0, 7.629394565147032e-06, 0.00037852504179660133, 0.0009917842125584375, 0.0], [0.0, 0.0, 0.0, 0.0, 0.0, 0.0, 0.0, 0.0, 0.0, 0.0, 0.0, 0.0, 0.0, 0.0, 0.0, 0.0, 0.0, 0.0, 0.0, 0.0, 0.0, 0.0, 0.0, 0.0, 0.0, 0.0, 0.0, 0.0, 1.0, 0.0, 0.0, 0.0, 0.0, 0.0, 0.0, 0.0, 0.0, 0.0, 0.0, 0.0, 0.0, 0.0, 0.0, 0.0, 0.0, 0.0, 0.0, 0.0, 0.0, 0.0, 0.0, 0.0, 0.0, 0.0, 0.0, 0.0, 0.0, 0.0, 0.0, 0.0, 0.0, 0.0, 0.0, 0.0, 0.0, 0.0, 0.0, 0.0, 0.0, 0.0, 0.0, 0.0, 0.0, 0.0, 0.0, 0.0, 0.0, 0.0, 0.0, 0.0, 0.0, 0.0, 0.0, 0.0], [0.0, 7.263217535723924e-06, 0.0, 0.7356082847691597, 0.0, 0.0, 0.10223571033581791, 0.3705387563724464, 7.926371178800645e-06, 0.4484698257333427, 0.2686480797192272, 0.3384439931242882, 6.053863249334356e-13, 0.0, 0.0041651204873155, 0.0, 0.0, 0.45261903037115647, 0.43590688037529307, 0.3304839298932333, 7.598721295750015e-05, 8.973557625095531e-07, 0.04038447132558133, 0.0, 0.09401333531778235, 2.292312130569161e-07, 0.459303081513224, 0.0008153606328196853, 0.0, 1.0, 0.08721815681543098, 1.0104029476376648e-11, 0.2676298052602113, 3.7859314294636657e-13, 0.0, 0.0, 0.0008731541131769818, 0.0, 0.0, 0.23039707899894207, 2.852287862365934e-05, 0.09083922383509041, 0.0, 1.4853330470084115e-05, 0.463945208601962, 1.6281670167365916e-05, 0.45927937070864383, 4.5204321501079326e-08, 0.0009257255924219111, 0.0, 2.0149673945234315e-06, 0.0011456821163861096, 7.089224035140115e-13, 0.44727213559588275, 0.00013613933664667301, 0.5455874138182001, 0.0, 3.1398100994400593e-11, 0.0, 0.459279336209237, 5.633446235595607e-07, 0.5495743392596479, 0.0, 2.5489437137284694e-12, 0.16251567648715437, 0.0020205517262204082, 4.589546497452066e-09, 7.124254137641783e-13, 0.0, 0.3040591897434174, 0.0010627097072482634, 0.0, 6.895971002645119e-13, 3.597292608655811e-09, 0.0, 0.5078782835104203, 0.04737218209223003, 0.020299346207815126, 5.328421099861779e-13, 0.0, 2.8522864903262985e-05, 0.5733095126715063, 0.24517034116487052, 0.0], [0.0, 0.0, 0.0, 0.086924404912165, 0.0, 0.0, 0.1875, 0.031249999999999997, 0.0, 0.12688306938998162, 0.0, 0.06711840928063313, 0.0, 0.0, 0.0, 0.0, 0.0, 0.05129322165318466, 0.046875, 0.07845545438712646, 0.0, 0.0, 0.0, 0.0, 0.0, 0.0, 0.0, 0.0, 0.0, 0.08721815681543098, 1.0, 0.0, 0.125, 0.0, 0.0, 0.0, 0.0, 0.0, 0.0, 0.12511084616888882, 0.0, 0.046704275868400556, 0.0, 0.0, 0.17189186143336266, 0.0, 0.0, 0.0, 0.0, 0.0, 0.0, 0.0, 0.0, 0.10262073879197484, 0.0, 0.007043143786898024, 0.0, 0.0, 0.0, 0.0, 0.0, 0.07154685195684077, 0.0, 0.0, 0.14062499999999997, 0.0, 0.0, 0.0, 0.0, 0.09948294497240968, 0.0, 0.0, 0.0, 0.0, 0.0, 0.031249999999999993, 0.027007779360845245, 0.062499999999999986, 0.0, 0.0, 0.0, 0.1875, 0.039986117164009786, 0.0], [0.0, 0.0, 0.0, 3.8776463490835774e-11, 0.0, 0.0, 0.0, 0.0, 0.0, 3.3420262593497135e-11, 0.0, 4.181990670008091e-11, 0.0, 0.0, 8.731149137020111e-11, 0.0, 0.0, 4.807256668564958e-11, 0.0, 3.003356123493189e-11, 1.4551915228366852e-11, 0.0, 0.0, 0.0, 0.0, 5.820766091346741e-11, 0.0, 0.0, 0.0, 1.0104029476376648e-11, 0.0, 1.0, 0.0, 0.0, 0.0, 0.0, 0.0, 0.0, 0.0, 4.494742179799408e-11, 7.275957614183428e-12, 5.820766091346741e-11, 0.0, 5.820766091346741e-11, 1.3945915014155799e-11, 0.0, 0.0, 2.4645730240370916e-11, 0.0, 0.0, 0.0, 0.0, 0.0, 4.07466225999388e-11, 0.0, 2.26595014551777e-11, 0.0, 0.0, 0.0, 0.0, 0.0, 3.1094492489767826e-11, 0.0, 0.0, 0.0, 0.0, 0.0, 0.0, 0.0, 1.2718446590303211e-11, 0.0, 0.0, 0.0, 0.0, 0.0, 4.5432783721893616e-11, 0.0, 7.275957614183426e-12, 0.0, 0.0, 0.0, 2.2808495297687313e-11, 7.38161563875379e-11, 0.0], [0.0, 0.0, 0.0, 0.262599132521662, 0.0, 0.0, 0.12500000000000003, 0.13326151429681046, 0.0, 0.12727910279278165, 0.06249999999999998, 0.11334985919797255, 0.0, 0.0, 0.0, 0.0, 0.0, 0.10629672141413722, 0.2535514192000652, 0.16362537233393534, 0.0, 0.0, 0.0, 0.0, 0.0753778361444409, 0.0, 0.0, 0.0, 0.0, 0.2676298052602113, 0.125, 0.0, 1.0, 0.0, 0.0, 0.0, 0.0, 0.0, 0.0, 0.15434036266417853, 0.0, 0.04670427586840056, 0.0, 0.0, 0.12248127299323174, 0.0, 0.0, 0.0, 0.0, 0.0, 0.0, 0.0, 0.0, 0.14104358569718428, 0.0, 0.2383339851488487, 0.0, 0.0, 0.0, 0.0, 0.0, 0.060419963579162114, 0.0, 0.0, 0.18750000000000003, 0.0, 0.0, 0.0, 0.0, 0.2005072639469928, 0.0, 0.0, 0.0, 0.0, 0.0, 0.08087801135773026, 0.0, 0.0, 0.0, 0.0, 0.0, 0.12500000000000003, 0.02981476683664211, 0.0], [0.0, 0.0, 0.0, 1.2124150928835505e-12, 0.0, 0.0, 0.0, 0.0, 0.0, 5.742299343187633e-13, 0.0, 1.3553020033276586e-12, 0.0, 0.0, 0.0, 0.0, 0.0, 1.744570244923042e-12, 2.8421709430404004e-14, 4.013902918398982e-13, 0.0, 0.0, 2.842170943040401e-14, 0.0, 0.0, 0.0, 0.0, 1.401286752954514e-12, 0.0, 3.7859314294636657e-13, 0.0, 0.0, 0.0, 1.0, 0.0, 0.0, 0.0, 0.0, 0.0, 9.205527713649822e-13, 0.0, 2.8421709430404004e-14, 0.0, 0.0, 2.3543779783026934e-12, 2.806274042731783e-14, 1.1171067026988561e-13, 0.0, 0.0, 0.0, 0.0, 0.0, 2.842170943040401e-14, 1.6866030390800667e-12, 0.0, 0.0, 0.0, 0.0, 0.0, 3.560023223371418e-12, 9.608129294080193e-13, 8.654640387889869e-13, 0.0, 3.6628010511042166e-12, 0.0, 0.0, 0.0, 0.0, 0.0, 1.8237177244371065e-12, 0.0, 0.0, 0.0, 0.0, 0.0, 9.29116181164932e-13, 0.0, 1.2675485614426975e-12, 0.0, 0.0, 0.0, 0.0, 6.889046488395738e-14, 0.0], [0.0, 0.0, 0.0, 0.0, 0.0, 0.0, 0.0, 0.0, 0.0, 0.0, 0.0, 0.0, 0.0, 0.0, 0.0, 0.0, 0.0, 0.0, 0.0, 0.0, 0.0, 0.0, 0.0, 0.0, 0.0, 0.0, 0.0, 0.0, 0.0, 0.0, 0.0, 0.0, 0.0, 0.0, 1.0, 0.0, 0.0, 0.0, 0.0, 0.0, 0.0, 0.0, 0.0, 0.0, 0.0, 0.0, 0.0, 0.0, 0.0, 0.0, 0.0, 0.0, 0.0, 0.0, 0.0, 0.0, 0.0, 0.0, 0.0, 0.0, 0.0, 0.0, 0.0, 0.0, 0.0, 0.0, 0.0, 0.0, 0.0, 0.0, 0.0, 0.0, 0.0, 0.0, 0.0, 0.0, 0.0, 0.0, 0.0, 0.0, 0.0, 0.0, 0.0, 0.0], [0.0, 0.0, 0.0, 0.0, 0.0, 0.0, 0.0, 0.0, 0.0, 0.0, 0.0, 0.0, 0.0, 0.0, 0.0, 0.0, 0.0, 0.0, 0.0, 0.0, 0.0, 0.0, 0.0, 0.0, 0.0, 0.0, 0.0, 0.0, 0.0, 0.0, 0.0, 0.0, 0.0, 0.0, 0.0, 1.0, 0.0, 0.0, 0.0, 0.0, 0.0, 0.0, 0.0, 0.0, 0.0, 0.0, 0.0, 0.0, 0.0, 0.0, 0.0, 0.0, 0.0, 0.0, 0.0, 0.0, 0.0, 0.0, 0.0, 0.0, 0.0, 0.0, 0.0, 0.0, 0.0, 0.0, 0.0, 0.0, 0.0, 0.0, 0.0, 0.0, 0.0, 0.0, 0.0, 0.0, 0.0, 0.0, 0.0, 0.0, 0.0, 0.0, 0.0, 0.0], [0.0, 0.0, 0.0, 0.0006282776033385969, 0.0, 0.0, 0.0007539331240063164, 0.0, 0.0, 0.0017683796744877797, 0.0, 0.0017591772893480718, 0.0, 0.0, 0.0, 0.0, 0.0, 0.00025039291390175744, 0.0006886777176664434, 0.0008325682619225749, 0.0, 0.0, 0.0, 0.0, 0.0, 0.0, 0.0, 0.0, 0.0, 0.0008731541131769818, 0.0, 0.0, 0.0, 0.0, 0.0, 0.0, 1.0, 0.0, 0.0, 0.0001330649076422905, 0.0, 0.00037696656200315827, 0.0, 0.0, 0.0006282776033385969, 0.0, 0.0, 0.0, 0.0, 0.0, 0.0, 0.0, 0.0, 0.0, 0.0, 0.00040921094596755046, 0.0, 0.0, 0.0, 0.0, 0.0, 0.001141789563248425, 0.0, 0.0, 0.0, 0.0007539331240063164, 0.0, 0.0, 0.0, 0.0011854067176750448, 0.0, 0.0, 0.0, 0.0, 0.0, 0.0010652020224429595, 0.0012261152329680607, 0.0, 0.0, 0.0, 0.0, 0.0004013008494771924, 0.0017996890533474553, 0.0], [0.0, 0.0, 0.0, 0.0, 0.0, 0.0, 0.0, 0.0, 0.0, 0.0, 0.0, 0.0, 0.0, 0.0, 0.0, 0.0, 0.0, 0.0, 0.0, 0.0, 0.0, 0.0, 0.0, 0.0, 0.0, 0.0, 0.0, 0.0, 0.0, 0.0, 0.0, 0.0, 0.0, 0.0, 0.0, 0.0, 0.0, 1.0, 0.0, 0.0, 0.0, 0.0, 0.0, 0.0, 0.0, 0.0, 0.0, 0.0, 0.0, 0.0, 0.0, 0.0, 0.0, 0.0, 0.0, 0.0, 0.0, 0.0, 0.0, 0.0, 0.0, 0.0, 0.0, 0.0, 0.0, 0.0, 0.0, 0.0, 0.0, 0.0, 0.0, 0.0, 0.0, 0.0, 0.0, 0.0, 0.0, 0.0, 0.0, 0.0, 0.0, 0.0, 0.0, 0.0], [0.0, 0.0, 0.0, 0.0, 0.0, 0.0, 0.0, 0.0, 0.0, 0.0, 0.0, 0.0, 0.0, 0.0, 0.0, 0.0, 0.0, 0.0, 0.0, 0.0, 0.0, 0.0, 0.0, 0.0, 0.0, 0.0, 0.0, 0.0, 0.0, 0.0, 0.0, 0.0, 0.0, 0.0, 0.0, 0.0, 0.0, 0.0, 1.0, 0.0, 0.0, 0.0, 0.0, 0.0, 0.0, 0.0, 0.0, 0.0, 0.0, 0.0, 0.0, 0.0, 0.0, 0.0, 0.0, 0.0, 0.0, 0.0, 0.0, 0.0, 0.0, 0.0, 0.0, 0.0, 0.0, 0.0, 0.0, 0.0, 0.0, 0.0, 0.0, 0.0, 0.0, 0.0, 0.0, 0.0, 0.0, 0.0, 0.0, 0.0, 0.0, 0.0, 0.0, 0.0], [0.0, 7.185668139452224e-06, 0.0, 0.3529274600341479, 0.0, 0.0, 0.1642798063639725, 0.5969600960471976, 1.5101102713561513e-05, 0.18241950144549368, 0.6351351224061537, 0.715387670623191, 6.153844046696971e-13, 0.0, 0.0016561115398489462, 0.0, 0.0, 0.6822968916261756, 0.23379358337615155, 0.1994612184815087, 5.131048664571947e-05, 3.3572044139148735e-07, 0.018674829011296464, 0.0, 0.19676370878401814, 7.748749543067743e-08, 0.037700696559378556, 0.0006458002590569074, 0.0, 0.23039707899894207, 0.12511084616888882, 4.494742179799408e-11, 0.15434036266417853, 9.205527713649822e-13, 0.0, 0.0, 0.0001330649076422905, 0.0, 0.0, 1.0, 5.0364657302904686e-05, 0.06052692723487244, 0.0, 0.00020473997807989098, 0.21607957719092308, 1.771846837506718e-05, 0.03768895158050968, 1.1903716162297813e-07, 0.003895761868108877, 0.0, 1.9190507280652194e-06, 0.0038667026444388296, 2.96239452197414e-13, 0.5165722857175078, 0.0001548676120676776, 0.16882908865436996, 0.0, 4.045545625212331e-11, 0.0, 0.03768891993653776, 2.6475746091964383e-07, 0.39444333943070686, 0.0, 1.6628252584498719e-12, 0.3581881318830994, 0.004376316525670212, 2.4399196426408734e-09, 4.1475086691853213e-13, 0.0, 0.4721511081608458, 0.0038966033029998915, 0.0, 1.4746034968468645e-13, 2.0832185902859856e-09, 0.0, 0.3674561151408486, 0.019883616650682605, 0.002009544734043586, 7.172795150028285e-13, 0.0, 5.036464286053036e-05, 0.15000706651812362, 0.43070323090603746, 0.0], [0.0, 0.0, 0.0, 1.9386915928457076e-05, 0.0, 0.0, 0.0, 0.0, 0.0, 5.068623085490626e-05, 7.62939453125e-06, 2.2765465930076296e-05, 0.0, 0.0, 4.462014859860014e-05, 0.0, 0.0, 5.6133870690078304e-05, 7.408979092937764e-05, 3.8167538095067855e-05, 2.288818359375e-05, 0.0, 0.0, 0.0, 0.0, 0.0, 7.629394531249998e-06, 7.629394531249998e-06, 0.0, 2.852287862365934e-05, 0.0, 7.275957614183428e-12, 0.0, 0.0, 0.0, 0.0, 0.0, 0.0, 0.0, 5.0364657302904686e-05, 1.0, 0.0, 0.0, 0.0, 3.366979783830321e-05, 0.0, 0.0, 1.4809085572970336e-11, 0.0, 0.0, 0.0, 0.0, 0.0, 4.86160574869216e-05, 0.0, 1.0214338472157885e-05, 0.0, 0.0, 0.0, 0.0, 0.0, 9.052399777586846e-06, 0.0, 0.0, 0.0, 0.0, 0.0, 0.0, 0.0, 3.156395645294624e-05, 0.0, 0.0, 0.0, 0.0, 0.0, 2.2757906182290317e-05, 0.0, 6.103516716393642e-05, 0.0, 0.0, 9.1552734375e-05, 1.7901270790222616e-05, 5.852887541881775e-05, 0.0], [0.0, 5.298436469725593e-07, 0.0, 0.029621097244949927, 0.0, 0.0, 0.05061516581801197, 0.02140612643968359, 4.76837158203125e-07, 0.0509282907801301, 4.821967080796713e-07, 0.12427764949823443, 0.0, 0.0, 0.0012307149758104038, 0.0, 0.0, 0.00936768929889785, 0.04187810521025048, 0.0420314222537331, 2.2183091312804106e-08, 9.231239705174312e-08, 1.4210854715202004e-13, 0.0, 0.0, 9.30758899960557e-10, 4.7683715820312495e-07, 6.46343211946553e-07, 0.0, 0.09083922383509041, 0.046704275868400556, 5.820766091346741e-11, 0.04670427586840056, 2.8421709430404004e-14, 0.0, 0.0, 0.00037696656200315827, 0.0, 0.0, 0.06052692723487244, 0.0, 1.0, 0.0, 5.820766091346741e-11, 0.05829449998024642, 4.974231412279995e-07, 2.2168745503302914e-08, 9.304127570699562e-08, 0.003300100385082656, 0.0, 1.9073486328125e-06, 0.0031484467553768874, 2.55795384873636e-13, 0.07561062362521798, 0.0, 0.010031334945314892, 0.0, 0.0, 0.0, 3.725318720171344e-09, 0.0, 0.01515915973669601, 0.0, 4.973799150320702e-13, 0.046704275868400556, 0.003770187696940648, 0.0, 0.0, 0.0, 0.09000455908562095, 0.0032241966012149783, 0.0, 1.8073758630701296e-13, 0.0, 0.0, 0.02570748544293583, 0.0042209007528237336, 7.016783783675182e-07, 0.0, 0.0, 1.4210854715202e-14, 0.05139719426393814, 0.08066556499382237, 0.0], [0.0, 0.0, 0.0, 0.0, 0.0, 0.0, 0.0, 0.0, 0.0, 0.0, 0.0, 0.0, 0.0, 0.0, 0.0, 0.0, 0.0, 0.0, 0.0, 0.0, 0.0, 0.0, 0.0, 0.0, 0.0, 0.0, 0.0, 0.0, 0.0, 0.0, 0.0, 0.0, 0.0, 0.0, 0.0, 0.0, 0.0, 0.0, 0.0, 0.0, 0.0, 0.0, 1.0, 0.0, 0.0, 0.0, 0.0, 0.0, 0.0, 0.0, 0.0, 0.0, 0.0, 0.0, 0.0, 0.0, 0.0, 0.0, 0.0, 0.0, 0.0, 0.0, 0.0, 0.0, 0.0, 0.0, 0.0, 0.0, 0.0, 0.0, 0.0, 0.0, 0.0, 0.0, 0.0, 0.0, 0.0, 0.0, 0.0, 0.0, 0.0, 0.0, 0.0, 0.0], [0.0, 0.0, 0.0, 6.590431570881511e-05, 0.0, 0.0, 0.0, 0.0, 2.0579171335045195e-07, 1.1924288288030347e-07, 4.76837158203125e-07, 0.00011365589504795046, 0.0, 0.0, 8.73114913702011e-11, 0.0, 0.0, 0.00017043468386635776, 7.3596301671582695e-06, 7.889537152614307e-05, 4.3655745685100555e-11, 4.76837158203125e-07, 0.0, 0.0, 4.398016854361426e-07, 1.1773315554017733e-10, 1.1920928955078128e-07, 8.107514112829176e-05, 0.0, 1.4853330470084115e-05, 0.0, 5.820766091346741e-11, 0.0, 0.0, 0.0, 0.0, 0.0, 0.0, 0.0, 0.00020473997807989098, 0.0, 5.820766091346741e-11, 0.0, 1.0, 0.00012357973941011