"{\"names\": [\"172.217.10.1\", \"104.88.86.240\", \"38.93.140.48\", \"192.168.10.15\", \"104.88.108.223\", \"195.142.105.15\", \"172.217.12.163\", \"206.217.206.48\", \"172.217.6.228\", \"178.255.83.1\", \"74.119.118.82\", \"192.168.10.9\", \"172.217.7.6\", \"35.186.227.40\", \"31.13.71.36\", \"206.126.112.142\", \"151.101.2.49\", \"192.168.10.25\", \"172.217.3.98\", \"192.168.10.16\", \"72.30.202.150\", \"172.217.12.132\", \"50.31.164.173\", \"162.208.20.178\", \"23.15.4.16\", \"216.58.217.99\", \"172.217.6.198\", \"172.217.12.174\", \"169.46.44.40\", \"192.168.10.17\", \"52.84.143.130\", \"104.19.195.102\", \"216.200.232.61\", \"104.97.73.166\", \"152.163.13.79\", \"192.229.163.25\", \"74.119.118.86\", \"54.225.188.92\", \"188.165.145.88\", \"192.168.10.14\", \"8.43.72.98\", \"199.96.57.6\", \"68.67.178.110\", \"104.88.70.158\", \"192.168.10.19\", \"69.172.216.56\", \"157.240.18.35\", \"172.217.11.34\", \"185.54.150.20\", \"69.169.85.7\", \"198.232.124.194\", \"74.119.118.72\", \"172.217.12.134\", \"192.168.10.5\", \"23.111.9.30\", \"192.168.10.8\", \"151.101.66.2\", \"68.67.178.199\", \"213.239.195.215\", \"138.108.7.20\", \"52.84.145.87\", \"192.168.10.50\", \"52.84.145.198\", \"52.40.24.51\", \"212.77.100.137\", \"185.54.150.115\", \"172.217.10.138\", \"152.163.66.165\", \"52.84.137.78\", \"192.168.10.51\", \"68.67.178.109\", \"129.146.14.96\", \"54.152.24.232\", \"172.217.10.33\", \"52.8.229.108\", \"192.168.10.12\", \"64.147.131.201\", \"172.217.12.206\", \"68.67.180.12\", \"172.217.10.134\", \"38.69.238.16\", \"172.217.10.142\", \"192.168.10.3\", \"172.217.6.202\"], \"funcEdges\": [[1.0, 0.0, 0.0, 0.0, 0.0, 0.0, 0.0, 0.0, 0.0, 0.0, 0.0, 0.0, 0.0, 0.0, 0.0, 0.0, 0.0, 0.0, 0.0, 0.0, 0.0, 0.0, 0.0, 0.0, 0.0, 0.0, 0.0, 0.0, 0.0, 0.0, 0.0, 0.0, 0.0, 0.0, 0.0, 0.0, 0.0, 0.0, 0.0, 0.0, 0.0, 0.0, 0.0, 0.0, 0.0, 0.0, 0.0, 0.0, 0.0, 0.0, 0.0, 0.0, 0.0, 0.0, 0.0, 0.0, 0.0, 0.0, 0.0, 0.0, 0.0, 0.0, 0.0, 0.0, 0.0, 0.0, 0.0, 0.0, 0.0, 0.0, 0.0, 0.0, 0.0, 0.0, 0.0, 0.0, 0.0, 0.0, 0.0, 0.0, 0.0, 0.0, 0.0, 0.0], [0.0, 1.0, 0.0, 1.5391743723598272e-09, 0.0, 0.0, 0.0, 0.0, 9.93943655749446e-10, 1.7194525144788847e-09, 2.433490792381707e-10, 8.779069409037719e-10, 0.0, 0.0, 6.359229471560591e-10, 0.0, 0.0, 6.501880866924052e-10, 1.1245180236722944e-09, 6.866431633901892e-10, 3.7522886350736115e-13, 2.770237840227756e-11, 0.0, 0.0, 5.318526846905357e-12, 4.455595886216866e-12, 2.48203546100632e-10, 1.7099054890241175e-09, 0.0, 8.866232343412994e-10, 0.0, 0.0, 0.0, 0.0, 0.0, 0.0, 0.0, 0.0, 0.0, 8.771567553042266e-10, 0.0, 6.467817956208e-11, 0.0, 0.0, 1.4252254041860666e-09, 9.207639293871963e-10, 2.2513731810441677e-12, 6.877787770589857e-12, 0.0, 0.0, 5.820766091346741e-11, 1.8189894035458565e-12, 0.0, 1.6909040990660482e-09, 0.0, 1.1281053495777805e-09, 0.0, 0.0, 0.0, 0.0, 1.1881589029911641e-11, 1.2239324869547034e-09, 0.0, 0.0, 0.0, 0.0, 0.0, 0.0, 0.0, 1.1119377947063877e-09, 0.0, 0.0, 0.0, 0.0, 0.0, 6.346347377373022e-10, 0.0, 1.0038414270871071e-09, 0.0, 0.0, 0.0, 2.1409450320347738e-11, 2.00648489668925e-09, 0.0], [0.0, 0.0, 1.0, 0.0, 0.0, 0.0, 0.0, 0.0, 0.0, 0.0, 0.0, 0.0, 0.0, 0.0, 0.0, 0.0, 0.0, 0.0, 0.0, 0.0, 0.0, 0.0, 0.0, 0.0, 0.0, 0.0, 0.0, 0.0, 0.0, 0.0, 0.0, 0.0, 0.0, 0.0, 0.0, 0.0, 0.0, 0.0, 0.0, 0.0, 0.0, 0.0, 0.0, 0.0, 0.0, 0.0, 0.0, 0.0, 0.0, 0.0, 0.0, 0.0, 0.0, 0.0, 0.0, 0.0, 0.0, 0.0, 0.0, 0.0, 0.0, 0.0, 0.0, 0.0, 0.0, 0.0, 0.0, 0.0, 0.0, 0.0, 0.0, 0.0, 0.0, 0.0, 0.0, 0.0, 0.0, 0.0, 0.0, 0.0, 0.0, 0.0, 0.0, 0.0], [0.0, 1.5391743723598272e-09, 0.0, 1.0, 0.0, 0.26257987502275293, 0.36407763784714997, 0.00010903049004856276, 2.380120292523699e-09, 0.25149249362490766, 0.43757610105533856, 0.31926750625046657, 0.08328589400517653, 0.0, 0.13511072334811616, 0.0, 0.4281543512299711, 0.34535954186369777, 0.00795728554718646, 0.3485625648128591, 0.03263355072169476, 0.11140696613926276, 0.06514141749441374, 0.0, 0.46676694223650056, 1.259192804061812e-11, 0.008162780508063034, 4.007656140319313e-08, 0.0, 0.12513207138396792, 0.15457385379411173, 0.0011280872694789947, 0.0005788132825983153, 1.4799988926801154e-16, 0.0, 0.0, 0.0007451955681348462, 0.0, 0.08951118042152358, 0.6790358197265871, 2.366566885797983e-09, 0.07689368970275756, 0.07417219099213991, 8.04496041367372e-09, 0.23365040256059358, 0.021707382301632366, 0.47365358979208366, 0.3332403412682049, 4.755568686656344e-07, 0.0, 0.15782234446380178, 0.08951165243258369, 1.0737033678317395e-16, 0.42165629071997357, 2.423761730819378e-08, 0.3193256838759059, 0.0, 5.3226490932722096e-05, 0.0, 0.0050273671320048025, 1.509578910579087e-10, 0.559337634069313, 0.0, 0.06979018924675387, 0.27712374775263543, 5.364418029785155e-07, 0.19315570512058028, 3.283798955736587e-17, 0.0, 0.3902060282329773, 4.756596399522713e-07, 0.0, 1.548194280285879e-16, 0.020734025084734622, 0.0, 0.5233559437445287, 6.796727565437384e-06, 2.406558490028866e-06, 3.228381562024554e-17, 0.20816771953935675, 2.3665628475882046e-09, 0.17147364790939432, 0.773384428780727, 0.0], [0.0, 0.0, 0.0, 0.0, 1.0, 0.0, 0.0, 0.0, 0.0, 0.0, 0.0, 0.0, 0.0, 0.0, 0.0, 0.0, 0.0, 0.0, 0.0, 0.0, 0.0, 0.0, 0.0, 0.0, 0.0, 0.0, 0.0, 0.0, 0.0, 0.0, 0.0, 0.0, 0.0, 0.0, 0.0, 0.0, 0.0, 0.0, 0.0, 0.0, 0.0, 0.0, 0.0, 0.0, 0.0, 0.0, 0.0, 0.0, 0.0, 0.0, 0.0, 0.0, 0.0, 0.0, 0.0, 0.0, 0.0, 0.0, 0.0, 0.0, 0.0, 0.0, 0.0, 0.0, 0.0, 0.0, 0.0, 0.0, 0.0, 0.0, 0.0, 0.0, 0.0, 0.0, 0.0, 0.0, 0.0, 0.0, 0.0, 0.0, 0.0, 0.0, 0.0, 0.0], [0.0, 0.0, 0.0, 0.26257987502275293, 0.0, 1.0, 0.10243073604403036, 0.0, 0.0, 0.20600274149493747, 0.14558002162328554, 0.20533282773460737, 0.07187240135478104, 0.0, 0.11824219722966077, 0.0, 0.1690831826496243, 0.19664727992530184, 0.0, 0.4949300394635957, 0.06316139407998893, 0.23527077139610458, 0.0, 0.0, 0.13276109912599107, 0.0, 0.0, 0.0, 0.0, 0.2640995392651785, 0.27475140358316663, 0.0, 0.0, 0.0, 0.0, 0.0, 0.0, 0.0, 0.2237203672751838, 0.6143313298893247, 0.0, 0.05103103630798288, 0.0, 0.0, 0.18934704151161103, 0.0, 0.1560286699658322, 0.18148030824854566, 0.0, 0.0, 0.2476006311978158, 0.2237203672751838, 0.0, 0.3761573300694249, 0.0, 0.3960760400093016, 0.0, 0.0, 0.0, 0.0, 0.0, 0.42086665797295514, 0.0, 0.04714404975052325, 0.18714988210363823, 0.0, 0.1106033276416639, 0.0, 0.0, 0.37789230233772075, 0.0, 0.0, 0.0, 0.0, 0.0, 0.3022899833926612, 0.0, 0.0, 0.0, 0.16163436394964678, 0.0, 0.2614362828350979, 0.3213373473573065, 0.0], [0.0, 0.0, 0.0, 0.36407763784714997, 0.0, 0.10243073604403036, 1.0, 3.814697265625e-06, 0.0, 0.012844388951677107, 0.20001108125329825, 0.009919248120713025, 0.009629886322455093, 0.0, 0.0020061263439221737, 0.0, 0.22305090349011217, 0.24032872659795754, 0.0027265757050628234, 0.22083769946442725, 0.0, 0.00772976267398446, 0.060838725299865656, 0.0, 0.23111736197030017, 0.0, 0.0032307754163357905, 0.0, 0.0, 0.03988316350647108, 2.288818359375e-05, 0.0007720404443770457, 1.5258789062500003e-05, 0.0, 0.0, 0.0, 9.20328520515523e-08, 0.0, 0.0, 0.5113814275473137, 0.0, 0.06072293084786048, 0.05928962566173743, 0.0, 0.022966738430075267, 0.018990065454226407, 0.10620384798333446, 0.3363523356602417, 4.748091556169397e-07, 0.0, 0.0, 4.6925460893157587e-07, 0.0, 0.20851857014153335, 0.0, 0.3085341322717419, 0.0, 0.0, 0.0, 0.003550120749167903, 0.0, 0.3661437926002155, 0.0, 0.0, 0.02394627580898209, 7.14077875090249e-07, 0.0, 0.0, 0.0, 0.24068085723219332, 4.737000716359992e-07, 0.0, 0.0, 0.021437323142813602, 0.0, 0.2084233039158624, 6.42719647093471e-06, 8.58306884765625e-06, 0.0, 0.0, 0.0, 0.04937519942699357, 0.38808485237311463, 0.0], [0.0, 0.0, 0.0, 0.00010903049004856276, 0.0, 0.0, 3.814697265625e-06, 1.0, 0.0, 7.226263409666406e-05, 7.59364372087558e-05, 9.000073742023386e-05, 0.0, 0.0, 0.0, 0.0, 0.0, 7.199333073712276e-05, 2.346048995213929e-05, 5.498560915776656e-05, 0.0, 0.0, 0.0, 0.0, 5.669524638476977e-05, 0.0, 0.00014495849609374997, 0.0, 0.0, 7.574935990874588e-05, 3.8146972656249996e-06, 0.0, 4.678485281943487e-05, 0.0, 0.0, 0.0, 0.0, 0.0, 0.0, 0.00019318950267073216, 0.0, 2.613052543906688e-06, 0.0, 0.0, 7.206700044979706e-05, 0.0, 0.00014495849609374997, 0.0, 0.0, 0.0, 0.0, 0.0, 0.0, 8.296309245736946e-05, 0.0, 3.808673720172976e-05, 0.0, 0.0, 0.0, 0.00014495849609374997, 0.0, 0.00011191543642666011, 0.0, 0.0, 2.7656827220785368e-05, 0.0, 0.0, 0.0, 0.0, 6.953273718281232e-05, 0.0, 0.0, 0.0, 0.0, 0.0, 0.00014783925086858866, 0.0, 0.0, 0.0, 0.0, 0.0, 5.7220458984374986e-05, 4.859768369226593e-05, 0.0], [0.0, 9.93943655749446e-10, 0.0, 2.380120292523699e-09, 0.0, 0.0, 0.0, 0.0, 1.0, 1.31051685138233e-09, 2.6597450512399217e-10, 1.8258714555468032e-09, 0.0, 0.0, 1.905022104811799e-09, 0.0, 0.0, 1.3772124883791116e-09, 1.0777199133758495e-09, 1.5248612719888074e-09, 0.0, 6.308712866876698e-11, 0.0, 0.0, 6.387178705250146e-11, 2.896137326040963e-11, 3.958711508535697e-10, 1.4896141541182263e-09, 0.0, 9.675746067871882e-10, 0.0, 0.0, 0.0, 0.0, 0.0, 0.0, 0.0, 0.0, 0.0, 1.8433963273390518e-09, 0.0, 5.820766091346741e-11, 0.0, 2.5121058758600092e-11, 1.5802840619626268e-09, 3.7193369905148406e-10, 0.0, 0.0, 0.0, 0.0, 6.993082166748078e-11, 0.0, 0.0, 4.560418491675299e-10, 0.0, 2.001783839453036e-09, 0.0, 0.0, 0.0, 0.0, 4.0409080207974265e-11, 1.2286388791962366e-09, 0.0, 0.0, 0.0, 0.0, 0.0, 0.0, 0.0, 1.577783929885534e-09, 0.0, 0.0, 0.0, 0.0, 0.0, 2.4391462724210058e-09, 0.0, 7.067357144548487e-10, 0.0, 0.0, 0.0, 0.0, 1.1447235371300561e-09, 0.0], [0.0, 1.7194525144788847e-09, 0.0, 0.25149249362490766, 0.0, 0.20600274149493747, 0.012844388951677107, 7.226263409666406e-05, 1.31051685138233e-09, 1.0, 0.012669297710438432, 0.2749264849724423, 0.13046926875746537, 0.0, 0.05342852761819935, 0.0, 0.0, 0.18535870469531301, 0.0022378256264547966, 0.3315481998212848, 0.011655206655204944, 0.07255689699803376, 0.01832185639829987, 0.0, 0.03843281809591434, 1.4250712341092905e-11, 0.00686586331877379, 9.236083493298308e-08, 0.0, 0.10880985966816446, 0.0639403660077675, 0.004182025431111764, 0.0006059508264318643, 7.00964275291459e-17, 0.0, 0.0, 0.00019260022879669081, 0.0, 0.06249999999999999, 0.2951575055432978, 6.187284039905549e-09, 0.05961246105916107, 0.032127473419631174, 1.4556015976599545e-11, 0.3670747129031163, 0.042503289549567044, 0.09700016220621627, 0.1776978814639057, 1.8689277466434936e-07, 0.0, 0.09375000024697035, 0.06250022606783086, 5.691376049493004e-17, 0.3164750222836231, 6.263425226646641e-10, 0.22946408340283814, 0.0, 6.769079409962025e-05, 0.0, 0.0021636003356012507, 1.1519352286213165e-10, 0.2174147660381612, 0.0, 0.004925680944385975, 0.3709652008806833, 2.7728350084160246e-07, 0.25000000000025974, 5.067451620406765e-17, 0.0, 0.2447232655207935, 2.096942611413027e-07, 0.0, 4.6249841458188593e-17, 0.03505072797826007, 0.0, 0.22743042003085945, 5.702489215063956e-06, 1.9716519025736284e-06, 1.0226073621842308e-16, 0.2556995094073444, 6.187282437177021e-09, 0.08922794078854161, 0.23251644493160722, 0.0], [0.0, 2.433490792381707e-10, 0.0, 0.43757610105533856, 0.0, 0.14558002162328554, 0.20001108125329825, 7.59364372087558e-05, 2.6597450512399217e-10, 0.012669297710438432, 1.0, 7.794731410018029e-05, 0.006682804084127356, 0.0, 0.007812504949514893, 0.0, 0.49785389677903585, 0.16261211591923713, 3.181610754427146e-05, 0.3457094282172692, 9.344114331368935e-10, 7.218459980622436e-11, 0.0, 0.0, 0.5118247795956958, 9.31885943543465e-12, 7.065534489535482e-05, 1.1755524652998148e-09, 0.0, 0.010400007340714015, 0.0, 0.0, 2.9769172671814315e-05, 0.0, 0.0, 0.0, 0.0, 0.0, 0.0, 0.18358009320234536, 9.313225746154785e-10, 0.007812500058861903, 0.0, 5.820766091346741e-11, 0.029720332380887577, 6.09501450342824e-11, 0.20552550810340472, 0.15711711857755148, 0.0, 0.0, 7.275957614183426e-11, 6.239082181946611e-13, 0.0, 0.13341957115116276, 0.0, 0.08691928221247432, 0.0, 0.0, 0.0, 7.065434104057774e-05, 2.5181617540204103e-11, 0.25768290239948677, 0.0, 0.0, 3.0517578124999993e-05, 0.0, 1.6788593682294132e-13, 0.0, 0.0, 0.1311843796741661, 8.867726764491521e-13, 0.0, 0.0, 0.007812500000209067, 0.0, 0.2697165130573752, 0.0, 1.2785344887706124e-10, 0.0, 0.0, 9.313225746154787e-10, 0.0001370736781765879, 0.3198257936617256, 0.0], [0.0, 8.779069409037719e-10, 0.0, 0.31926750625046657, 0.0, 0.20533282773460737, 0.009919248120713025, 9.000073742023386e-05, 1.8258714555468032e-09, 0.2749264849724423, 7.794731410018029e-05, 1.0, 0.07669192812837197, 0.0, 0.07575250790149213, 0.0, 0.0, 0.09549775725759427, 0.004417045319805204, 0.26922595189432336, 0.008534369206003742, 0.10700731622476752, 0.01593093702579292, 0.0, 0.017870929504258712, 2.2567476716023875e-11, 0.006719768378915539, 1.3600310318433285e-07, 0.0, 0.13660650200739446, 0.2158349828457445, 0.002880401176553307, 0.0002041463444302881, 1.6544213907808332e-16, 0.0, 0.0, 0.00048813906713612355, 0.0, 0.09082678968054915, 0.28057281139482604, 2.7789875402925166e-09, 0.055234114598808316, 0.025410763669448055, 1.3874010625970516e-08, 0.31022573883051874, 0.047504620135100935, 0.12054522960155559, 0.08548150280447042, 1.3773853535050522e-07, 0.0, 0.1362401846383508, 0.09082695808204246, 1.1051730274861761e-16, 0.32675239255676586, 3.7554246627215184e-08, 0.13566198723052547, 0.0, 4.982440561059828e-05, 0.0, 0.002640951517646501, 6.982107773783878e-11, 0.11404820330105933, 0.0, 0.1247916780953254, 0.2935113551714416, 1.9519681704393049e-07, 0.23317520859542407, 1.8887603842995462e-16, 0.0, 0.10197989496108079, 1.5216527975270388e-07, 0.0, 1.2233251337181858e-16, 0.016077748105603595, 0.0, 0.23490723615370276, 4.335361627739455e-06, 2.2071019779752935e-06, 2.118358482121319e-16, 0.264425208595094, 2.7789870990041867e-09, 0.07674666325445179, 0.34108148092678325, 0.0], [0.0, 0.0, 0.0, 0.08328589400517653, 0.0, 0.07187240135478104, 0.009629886322455093, 0.0, 0.0, 0.13046926875746537, 0.006682804084127356, 0.07669192812837197, 1.0, 0.0, 0.03436980362278609, 0.0, 0.0, 0.08425500815368614, 0.008205184229909328, 0.1219668354333575, 0.04847648591527288, 0.0004773526927377079, 0.015877382746736134, 0.0, 0.03178092697693998, 0.0, 0.006849603869235468, 2.6056446500163222e-16, 0.0, 0.09343238332494519, 0.03601037248112699, 0.0022591151608339797, 0.0, 0.0, 0.0, 0.0, 0.0, 0.0, 0.0, 0.07999846788401614, 0.0, 0.07000619536559943, 0.022643371612446957, 0.0, 0.10157553536381922, 0.04053138287254209, 0.11690809562434845, 0.03601037248112699, 0.0, 0.0, 0.0, 0.0, 1.1102230246251565e-16, 0.08812277334583604, 0.0, 0.055726311928108875, 0.0, 6.23214146275654e-17, 0.0, 0.008078598033675275, 5.5511151231257815e-17, 0.11554581649007432, 0.0, 0.029094154131339176, 0.18627517066647784, 0.0, 0.0, 5.551115123125782e-17, 0.0, 0.08504517564560246, 0.0, 0.0, 1.1102230246251565e-16, 0.03796974556532672, 0.0, 0.2045670436881989, 0.0, 5.551115123125782e-17, 1.2494652671104305e-16, 0.03601037248112699, 0.0, 0.05699270756790905, 0.07601195099066305, 0.0], [0.0, 0.0, 0.0, 0.0, 0.0, 0.0, 0.0, 0.0, 0.0, 0.0, 0.0, 0.0, 0.0, 1.0, 0.0, 0.0, 0.0, 0.0, 0.0, 0.0, 0.0, 0.0, 0.0, 0.0, 0.0, 0.0, 0.0, 0.0, 0.0, 0.0, 0.0, 0.0, 0.0, 0.0, 0.0, 0.0, 0.0, 0.0, 0.0, 0.0, 0.0, 0.0, 0.0, 0.0, 0.0, 0.0, 0.0, 0.0, 0.0, 0.0, 0.0, 0.0, 0.0, 0.0, 0.0, 0.0, 0.0, 0.0, 0.0, 0.0, 0.0, 0.0, 0.0, 0.0, 0.0, 0.0, 0.0, 0.0, 0.0, 0.0, 0.0, 0.0, 0.0, 0.0, 0.0, 0.0, 0.0, 0.0, 0.0, 0.0, 0.0, 0.0, 0.0, 0.0], [0.0, 6.359229471560591e-10, 0.0, 0.13511072334811616, 0.0, 0.11824219722966077, 0.0020061263439221737, 0.0, 1.905022104811799e-09, 0.05342852761819935, 0.007812504949514893, 0.07575250790149213, 0.03436980362278609, 0.0, 1.0, 0.0, 0.0, 0.18389877352915648, 0.003531749859084509, 0.08289965873124486, 3.086527285629908e-09, 0.0877508045424435, 0.001678223420759857, 0.0, 0.004157665284298237, 3.1145566357453557e-13, 0.0035478465106947342, 1.7406280885213778e-08, 0.0, 0.0065411187585571245, 0.07411588266019639, 0.003906250000010658, 0.0, 0.0, 0.0, 0.0, 0.0, 0.0, 0.07411588266019638, 0.11781348499460081, 5.446795483227556e-09, 0.016936816574992773, 0.0032772955330016957, 1.0658141036401501e-14, 0.03202889950495406, 4.667050875833038e-10, 0.14947195960758913, 0.18158633955340522, 1.1300361235619032e-07, 0.0, 0.1111738239902946, 0.07411602251378356, 0.0, 0.04696329763547444, 1.4901161193847656e-08, 0.09198526197809831, 0.0, 3.5527136788005e-15, 0.0, 0.0019531249999999998, 0.0, 0.2337480885455908, 0.0, 0.0, 0.026658419220065465, 1.1920928955078128e-07, 0.024705294220280945, 0.0, 0.0, 0.27488973879603873, 1.2972526254236904e-07, 0.0, 0.0, 0.011718750000159046, 0.0, 0.2261876141179225, 1.1920928955078125e-07, 2.473360899075734e-09, 0.0, 0.02470529422006546, 5.446794150959926e-09, 0.1062019117836317, 0.19904715397928682, 0.0], [0.0, 0.0, 0.0, 0.0, 0.0, 0.0, 0.0, 0.0, 0.0, 0.0, 0.0, 0.0, 0.0, 0.0, 0.0, 1.0, 0.0, 0.0, 0.0, 0.0, 0.0, 0.0, 0.0, 0.0, 0.0, 0.0, 0.0, 0.0, 0.0, 0.0, 0.0, 0.0, 0.0, 0.0, 0.0, 0.0, 0.0, 0.0, 0.0, 0.0, 0.0, 0.0, 0.0, 0.0, 0.0, 0.0, 0.0, 0.0, 0.0, 0.0, 0.0, 0.0, 0.0, 0.0, 0.0, 0.0, 0.0, 0.0, 0.0, 0.0, 0.0, 0.0, 0.0, 0.0, 0.0, 0.0, 0.0, 0.0, 0.0, 0.0, 0.0, 0.0, 0.0, 0.0, 0.0, 0.0, 0.0, 0.0, 0.0, 0.0, 0.0, 0.0, 0.0, 0.0], [0.0, 0.0, 0.0, 0.4281543512299711, 0.0, 0.1690831826496243, 0.22305090349011217, 0.0, 0.0, 0.0, 0.49785389677903585, 0.0, 0.0, 0.0, 0.0, 0.0, 1.0, 0.1577919690422716, 0.0, 0.3109744249878278, 0.0, 0.0, 0.0, 0.0, 0.4971523610615961, 0.0, 0.0, 0.0, 0.0, 0.0, 0.0, 0.0, 0.0, 0.0, 0.0, 0.0, 0.0, 0.0, 0.0, 0.1883701206705248, 0.0, 0.0, 0.0, 0.0, 0.0, 0.0, 0.1826248616742059, 0.17630416552200917, 0.0, 0.0, 0.0, 0.0, 0.0, 0.07965662348464576, 0.0, 0.09650877238733192, 0.0, 0.0, 0.0, 0.0, 0.0, 0.24443058285371178, 0.0, 0.0, 0.0, 0.0, 0.0, 0.0, 0.0, 0.07965662348464576, 0.0, 0.0, 0.0, 0.0, 0.0, 0.23418040930962494, 0.0, 0.0, 0.0, 0.0, 0.0, 0.0, 0.2986349469725842, 0.0], [0.0, 6.501880866924052e-10, 0.0, 0.34535954186369777, 0.0, 0.19664727992530184, 0.24032872659795754, 7.199333073712276e-05, 1.3772124883791116e-09, 0.18535870469531301, 0.16261211591923713, 0.09549775725759427, 0.08425500815368614, 0.0, 0.18389877352915648, 0.0, 0.1577919690422716, 1.0, 0.008517577793858554, 0.18742139864090415, 0.07164536051087363, 0.10874350758693081, 0.04569706810608533, 0.0, 0.21709736970040455, 7.417550283559226e-12, 0.005002209759497508, 1.0008123104296477e-07, 0.0, 0.2630770661051599, 0.18945425906786226, 0.0007432301419333638, 0.00017392898145296063, 2.1296023497595727e-16, 0.0, 0.0, 0.0010320855393012316, 0.0, 0.11324562911763757, 0.39824221218657774, 6.852279136972449e-09, 0.11753033926200518, 0.049916357659532826, 2.0805015120405e-08, 0.1599176392712908, 0.04164378591964046, 0.7706821003031433, 0.6980653692849557, 3.4271415403730763e-07, 0.0, 0.06370066648429967, 0.11324596214198913, 1.225395474114747e-16, 0.2493413208357826, 1.3182338132402043e-08, 0.6779623922552296, 0.0, 3.5592642969042016e-05, 0.0, 0.00489464443981688, 6.623044179861018e-11, 0.6073475792335388, 0.0, 0.0742634780146343, 0.15395642576515572, 4.0339170472975436e-07, 0.0676328062788679, 1.5430855460216613e-16, 0.0, 0.30985706286577064, 3.3341550454971816e-07, 0.0, 1.4871428151910639e-16, 0.05537889420047598, 0.0, 0.3696829608901252, 4.2704205971867325e-06, 2.062866144538433e-06, 1.6869262285819492e-16, 0.14140318436292082, 6.852277296406877e-09, 0.1290729711272636, 0.5429798874456555, 0.0], [0.0, 1.1245180236722944e-09, 0.0, 0.00795728554718646, 0.0, 0.0, 0.0027265757050628234, 2.346048995213929e-05, 1.0777199133758495e-09, 0.0022378256264547966, 3.181610754427146e-05, 0.004417045319805204, 0.008205184229909328, 0.0, 0.003531749859084509, 0.0, 0.0, 0.008517577793858554, 1.0, 0.0023233838908008745, 3.550556741870825e-09, 0.0023447072248037122, 0.002043825953412439, 0.0, 0.0015525709546338035, 0.0, 0.003408079786541841, 6.679249378144438e-08, 0.0, 0.006963338233357585, 5.7220458984375e-06, 0.001963556327530339, 0.00015302141347657046, 3.4694469519536138e-18, 0.0, 0.0, 9.19445196450152e-05, 0.0, 0.0, 0.0079657446834823, 9.044163931808794e-09, 0.00847425596795496, 0.0036445871799290095, 8.983923543894372e-10, 0.008397796780095342, 0.00021393871733677087, 0.0022810407769218387, 5.422287514257722e-12, 0.0, 0.0, 0.0, 7.268974257536321e-12, 3.674355024839748e-17, 0.010861351985702854, 1.4901161193847656e-08, 0.003355714925997993, 0.0, 9.186045254087019e-05, 0.0, 0.008514978549599678, 5.551115123125784e-17, 0.005262661497964865, 0.0, 8.443569344225461e-17, 0.002044262927933701, 2.3198587935380543e-07, 0.0, 5.551115123125783e-17, 0.0, 0.00447589531325673, 1.565005473580088e-13, 0.0, 4.7609494435122704e-17, 0.0, 0.0, 0.005148113646323239, 4.8828094476109235e-06, 2.162605706583852e-06, 9.047851934247947e-17, 0.0, 9.044163933543518e-09, 0.009651662630315335, 0.009748303575669248, 0.0], [0.0, 6.866431633901892e-10, 0.0, 0.3485625648128591, 0.0, 0.4949300394635957, 0.22083769946442725, 5.498560915776656e-05, 1.5248612719888074e-09, 0.3315481998212848, 0.3457094282172692, 0.26922595189432336, 0.1219668354333575, 0.0, 0.08289965873124486, 0.0, 0.3109744249878278, 0.18742139864090415, 0.0023233838908008745, 1.0, 0.10259805815159709, 0.028119288341024184, 0.03323960509875462, 0.0, 0.35692525961512506, 4.740940181497884e-12, 0.006810110049257153, 4.832171850145096e-08, 0.0, 0.172486016742389, 0.09134534631867681, 0.002579453003967635, 0.0005639791500521062, 4.899783835936257e-17, 0.0, 0.0, 0.00028603754928657364, 0.0, 0.03986205025895504, 0.4888985739693136, 4.659123302620588e-09, 0.12829362778105993, 0.04866377712201818, 9.630782656999887e-09, 0.3832928206557161, 0.01976855441637166, 0.23343143818169593, 0.3781656046681374, 2.715225685780684e-07, 0.0, 0.039862050271340224, 0.03986237658709416, 2.903611363329753e-17, 0.4571946136412526, 1.8413938564439594e-08, 0.28024897315087294, 0.0, 5.260441977194045e-05, 0.0, 0.0020585988510837417, 7.75901775325108e-11, 0.35340969679468026, 0.0, 0.04808811887366822, 0.31717900306981295, 4.0775683994324103e-07, 0.20595392633804066, 3.9194938995795765e-17, 0.0, 0.29873393953659844, 3.026926752480651e-07, 0.0, 2.777121575223989e-17, 0.05013978250798152, 0.0, 0.45212841156732997, 1.658391697055212e-06, 6.2852863348635615e-06, 1.2092416071379274e-16, 0.2913444368903988, 4.659120538438995e-09, 0.2419292323162221, 0.3023993641675, 0.0], [0.0, 3.7522886350736115e-13, 0.0, 0.03263355072169476, 0.0, 0.06316139407998893, 0.0, 0.0, 0.0, 0.011655206655204944, 9.344114331368935e-10, 0.008534369206003742, 0.04847648591527288, 0.0, 3.086527285629908e-09, 0.0, 0.0, 0.07164536051087363, 3.550556741870825e-09, 0.10259805815159709, 1.0, 4.682549300522114e-12, 0.0, 0.0, 0.0, 1.9855874069445446e-14, 9.313225746154785e-10, 9.323749675086354e-10, 0.0, 0.014761177450787605, 0.006446382789117454, 1.7763568394002505e-15, 0.0, 0.0, 0.0, 0.0, 0.0, 0.0, 0.0, 0.07884445610647486, 2.7939677238464355e-09, 0.12248127299593964, 0.0039062499999999996, 5.329070518200751e-15, 0.10963685463060549, 1.225250693501494e-12, 0.12170558823584293, 0.03867829673834832, 0.0, 0.0, 0.0, 2.2513731810441673e-12, 0.0, 0.1338554878542027, 0.0, 0.05003892330049622, 0.0, 3.615035093428066e-15, 0.0, 4.547473508864642e-13, 5.551115123125783e-17, 0.0776154100131162, 0.0, 0.008836997394947957, 0.038678296734704756, 0.0, 0.0, 2.220446049250313e-16, 0.0, 0.013103817861546747, 0.0, 0.0, 0.0, 0.0, 0.0, 0.06245450445770121, 0.0, 1.8709814787277628e-09, 1.464890313163953e-16, 0.12248127299323171, 2.7939677238464355e-09, 0.03867829755454888, 0.05120138567666491, 0.0], [0.0, 2.770237840227756e-11, 0.0, 0.11140696613926276, 0.0, 0.23527077139610458, 0.00772976267398446, 0.0, 6.308712866876698e-11, 0.07255689699803376, 7.218459980622436e-11, 0.10700731622476752, 0.0004773526927377079, 0.0, 0.0877508045424435, 0.0, 0.0, 0.10874350758693081, 0.0023447072248037122, 0.028119288341024184, 4.682549300522114e-12, 1.0, 0.0007633299771745018, 0.0, 6.879990085740329e-11, 1.1025189088034569e-11, 0.0023447072725345792, 3.545477059541417e-11, 0.0, 0.20428635261185502, 0.24807145486998597, 0.0, 0.0, 0.0, 0.0, 0.0, 0.0, 0.0, 0.24807145486998597, 0.2113820695358758, 0.0, 0.0029820258395720054, 0.0014626627983523953, 5.820766091346741e-11, 0.07237883042697611, 5.1153655503272365e-12, 0.11581063306518138, 0.04726056028932261, 0.0, 0.0, 0.23206684489292587, 0.2480714548733451, 2.4286128663675296e-17, 0.08273547466822945, 0.0, 0.2486948663682175, 0.0, 0.0, 0.0, 0.002344707219426053, 1.0047640446090246e-10, 0.008815405859219656, 0.0, 2.1313626141796453e-18, 0.07972478296670263, 0.0, 0.07202074496239604, 0.0, 0.0, 0.07436545223734642, 8.867726764491523e-13, 0.0, 0.0, 6.672134834518622e-14, 0.0, 0.11667871362387827, 0.0, 1.2052179804801877e-10, 0.0, 0.07202074496225398, 2.131362614179645e-18, 0.2271548308398239, 0.02147036891047895, 0.0], [0.0, 0.0, 0.0, 0.06514141749441374, 0.0, 0.0, 0.060838725299865656, 0.0, 0.0, 0.01832185639829987, 0.0, 0.01593093702579292, 0.015877382746736134, 0.0, 0.001678223420759857, 0.0, 0.0, 0.04569706810608533, 0.002043825953412439, 0.03323960509875462, 0.0, 0.0007633299771745018, 1.0, 0.0, 0.015624999999999998, 0.0, 0.0020430545991859126, 1.3122069016129132e-17, 0.0, 0.041729351812193706, 0.0, 0.0, 0.0, 3.469446951953614e-18, 0.0, 0.0, 0.0, 0.0, 0.0, 0.06747129550571254, 0.0, 0.06329609930031375, 0.06998600465013476, 0.0, 0.01831656446612063, 0.03434685460934431, 0.015625000000000017, 0.0, 0.0, 0.0, 0.0, 0.0, 3.4694469519536138e-18, 0.024231464408586638, 0.0, 0.0426639343578148, 0.0, 0.0, 0.0, 0.002043054599185916, 0.0, 0.03300710487859476, 0.0, 2.7755575615628914e-17, 0.02685884728710332, 0.0, 0.0, 0.0, 0.0, 0.029253135388702292, 1.6084506160228865e-17, 0.0, 2.2062693640992794e-17, 0.015624999999999998, 0.0, 0.012142321119438972, 3.5671693176696925e-06, 2.3841857910156245e-07, 0.0, 0.0, 0.0, 0.05595031353732886, 0.014906703562897285, 0.0], [0.0, 0.0, 0.0, 0.0, 0.0, 0.0, 0.0, 0.0, 0.0, 0.0, 0.0, 0.0, 0.0, 0.0, 0.0, 0.0, 0.0, 0.0, 0.0, 0.0, 0.0, 0.0, 0.0, 1.0, 0.0, 0.0, 0.0, 0.0, 0.0, 0.0, 0.0, 0.0, 0.0, 0.0, 0.0, 0.0, 0.0, 0.0, 0.0, 0.0, 0.0, 0.0, 0.0, 0.0, 0.0, 0.0, 0.0, 0.0, 0.0, 0.0, 0.0, 0.0, 0.0, 0.0, 0.0, 0.0, 0.0, 0.0, 0.0, 0.0, 0.0, 0.0, 0.0, 0.0, 0.0, 0.0, 0.0, 0.0, 0.0, 0.0, 0.0, 0.0, 0.0, 0.0, 0.0, 0.0, 0.0, 0.0, 0.0, 0.0, 0.0, 0.0, 0.0, 0.0], [0.0, 5.318526846905357e-12, 0.0, 0.46676694223650056, 0.0, 0.13276109912599107, 0.23111736197030017, 5.669524638476977e-05, 6.387178705250146e-11, 0.03843281809591434, 0.5118247795956958, 0.017870929504258712, 0.03178092697693998, 0.0, 0.004157665284298237, 0.0, 0.4971523610615961, 0.21709736970040455, 0.0015525709546338035, 0.35692525961512506, 0.0, 6.879990085740329e-11, 0.015624999999999998, 0.0, 1.0, 2.735483179483073e-11, 0.0016016502958603788, 2.3008823685284498e-11, 0.0, 0.05052070046400626, 0.0, 0.0010221749085462014, 0.0003649198748490899, 0.0, 0.0, 0.0, 0.0010375976562499998, 0.0, 0.0, 0.21336544648969913, 0.0, 0.025691319259649147, 0.015624999999999998, 5.3686729179216625e-11, 0.027345964139353664, 0.0346046837975708, 0.25180736114214913, 0.16358537430947445, 0.0, 0.0, 1.533906547977618e-11, 0.0, 0.0, 0.18336805935121542, 0.0, 0.1461914200256017, 0.0, 0.000244140625, 0.0, 0.001288648118228421, 3.22537538536471e-11, 0.3271483815400408, 0.0, 0.0, 0.02515127119673119, 0.0, 0.0, 0.0, 0.0, 0.19484026298815843, 0.0, 0.0, 0.0, 0.09206561979945413, 0.0, 0.3105641343204469, 0.0, 3.453299594072393e-11, 0.0, 0.0, 0.0, 0.02377356475031769, 0.34965281136402215, 0.0], [0.0, 4.455595886216866e-12, 0.0, 1.259192804061812e-11, 0.0, 0.0, 0.0, 0.0, 2.896137326040963e-11, 1.4250712341092905e-11, 9.31885943543465e-12, 2.2567476716023875e-11, 0.0, 0.0, 3.1145566357453557e-13, 0.0, 0.0, 7.417550283559226e-12, 0.0, 4.740940181497884e-12, 1.9855874069445446e-14, 1.1025189088034569e-11, 0.0, 0.0, 2.735483179483073e-11, 1.0, 0.0, 3.0000953613597764e-13, 0.0, 2.7982325812611827e-11, 0.0, 7.105427357601002e-15, 0.0, 0.0, 0.0, 0.0, 0.0, 0.0, 0.0, 9.458922782065116e-12, 0.0, 1.1361802978034143e-13, 0.0, 1.4371723088400553e-14, 1.368382525649756e-11, 0.0, 2.2279213770749581e-13, 1.2387363779005152e-13, 0.0, 0.0, 0.0, 0.0, 0.0, 9.350767772193108e-12, 0.0, 1.1000797449546261e-11, 0.0, 5.758196616860023e-15, 0.0, 0.0, 1.3339255626002947e-11, 1.930215583041633e-11, 0.0, 0.0, 0.0, 0.0, 3.367989866150114e-13, 0.0, 0.0, 1.8597055347041314e-11, 0.0, 0.0, 0.0, 2.643179858012569e-13, 0.0, 2.5097196230717096e-11, 0.0, 1.6411208908270089e-13, 0.0, 0.0, 0.0, 4.1229695360355345e-13, 2.25078316872217e-11, 0.0], [0.0, 2.48203546100632e-10, 0.0, 0.008162780508063034, 0.0, 0.0, 0.0032307754163357905, 0.00014495849609374997, 3.958711508535697e-10, 0.00686586331877379, 7.065534489535482e-05, 0.006719768378915539, 0.006849603869235468, 0.0, 0.0035478465106947342, 0.0, 0.0, 0.005002209759497508, 0.003408079786541841, 0.006810110049257153, 9.313225746154785e-10, 0.0023447072725345792, 0.0020430545991859126, 0.0, 0.0016016502958603788, 0.0, 1.0, 4.4721252346512755e-09, 0.0, 0.005334907471548014, 0.0, 0.003184001710235201, 3.0517578124999993e-05, 0.0, 0.0, 0.0, 0.00030517578124999995, 0.0, 0.0, 0.008785760181445328, 9.313225746154783e-10, 0.00609651454825658, 0.0048414987359767575, 1.4551915228366855e-11, 0.003922536290606229, 6.103548593689454e-05, 0.0027965567559956597, 0.0, 0.0, 0.0, 7.275957614183425e-11, 0.0, 0.0, 0.007309751424864327, 0.0, 0.003588710991328114, 0.0, 6.1035156249999986e-05, 0.0, 0.0031549618713711948, 1.1557305392292371e-10, 0.01110628385956628, 0.0, 0.0, 0.00201416015625, 0.0, 0.0, 0.0, 0.0, 0.013642436616060336, 0.0, 0.0, 0.0, 0.0, 0.0, 0.012141451576103746, 0.0, 1.030106076018399e-09, 0.0, 0.0, 9.313225746154784e-10, 0.004661824699983571, 0.004989986396081713, 0.0], [0.0, 1.7099054890241175e-09, 0.0, 4.007656140319313e-08, 0.0, 0.0, 0.0, 0.0, 1.4896141541182263e-09, 9.236083493298308e-08, 1.1755524652998148e-09, 1.3600310318433285e-07, 2.6056446500163222e-16, 0.0, 1.7406280885213778e-08, 0.0, 0.0, 1.0008123104296477e-07, 6.679249378144438e-08, 4.832171850145096e-08, 9.323749675086354e-10, 3.545477059541417e-11, 1.3122069016129132e-17, 0.0, 2.3008823685284498e-11, 3.0000953613597764e-13, 4.4721252346512755e-09, 1.0, 0.0, 9.953132724849674e-08, 0.0, 0.0, 0.0, 1.7105551183526782e-16, 0.0, 0.0, 0.0, 0.0, 0.0, 7.883303943565764e-08, 9.313225746154783e-10, 7.889931786456945e-11, 0.0, 9.896867813512177e-09, 2.011716989603172e-07, 7.85904182234792e-09, 1.961882448214764e-12, 4.936973874887368e-12, 0.0, 0.0, 8.628347797367308e-11, 7.167697730001045e-12, 8.003857263673018e-17, 1.0239955439060942e-07, 1.4901161193847656e-08, 6.191635556318196e-08, 0.0, 6.216108141973936e-17, 0.0, 2.27498427639563e-13, 7.560243433642838e-11, 8.752926512933059e-08, 0.0, 2.3371863991388107e-16, 0.0, 0.0, 4.5009586939416843e-13, 6.79520520020655e-17, 0.0, 9.100688866909891e-08, 8.86784479068137e-13, 0.0, 6.858026275790005e-17, 4.5039157518269187e-13, 0.0, 3.620269692982056e-08, 0.0, 3.169069643556675e-08, 1.1388153768705352e-16, 0.0, 9.313225787532998e-10, 4.6206670141186686e-08, 1.210674087595749e-07, 0.0], [0.0, 0.0, 0.0, 0.0, 0.0, 0.0, 0.0, 0.0, 0.0, 0.0, 0.0, 0.0, 0.0, 0.0, 0.0, 0.0, 0.0, 0.0, 0.0, 0.0, 0.0, 0.0, 0.0, 0.0, 0.0, 0.0, 0.0, 0.0, 1.0, 0.0, 0.0, 0.0, 0.0, 0.0, 0.0, 0.0, 0.0, 0.0, 0.0, 0.0, 0.0, 0.0, 0.0, 0.0, 0.0, 0.0, 0.0, 0.0, 0.0, 0.0, 0.0, 0.0, 0.0, 0.0, 0.0, 0.0, 0.0, 0.0, 0.0, 0.0, 0.0, 0.0, 0.0, 0.0, 0.0, 0.0, 0.0, 0.0, 0.0, 0.0, 0.0, 0.0, 0.0, 0.0, 0.0, 0.0, 0.0, 0.0, 0.0, 0.0, 0.0, 0.0, 0.0, 0.0], [0.0, 8.866232343412994e-10, 0.0, 0.12513207138396792, 0.0, 0.2640995392651785, 0.03988316350647108, 7.574935990874588e-05, 9.675746067871882e-10, 0.10880985966816446, 0.010400007340714015, 0.13660650200739446, 0.09343238332494519, 0.0, 0.0065411187585571245, 0.0, 0.0, 0.2630770661051599, 0.006963338233357585, 0.172486016742389, 0.014761177450787605, 0.20428635261185502, 0.041729351812193706, 0.0, 0.05052070046400626, 2.7982325812611827e-11, 0.005334907471548014, 9.953132724849674e-08, 0.0, 1.0, 0.3160506289376462, 0.002345711787283848, 0.00027681027896242814, 4.621498326982014e-17, 0.0, 0.0, 0.0003357999455704561, 0.0, 0.19764235376052372, 0.255680905029229, 3.4817967069896657e-09, 0.07969553473149624, 0.04608494258786644, 1.8131506921489398e-09, 0.060964607189147216, 0.0036525161561654666, 0.28020219173562766, 0.18247032774229718, 1.1300361235619032e-07, 0.0, 0.19764235400649144, 0.19764249361429767, 8.653837933520648e-17, 0.06775031116084666, 1.6618571368002077e-08, 0.3077983002612328, 0.0, 9.155273437883278e-05, 0.0, 0.003463119389664624, 6.876765424311044e-11, 0.16280733039868794, 0.0, 0.11750023696524188, 0.07707598522140408, 2.466493806421397e-07, 5.602473751772541e-13, 8.696599289113504e-17, 0.0, 0.070475386707397, 1.2972530606057903e-07, 0.0, 8.41793335283828e-17, 0.051749306761108935, 0.0, 0.11866358071929275, 5.782737071805423e-06, 2.4779475351336823e-06, 6.504420287917211e-17, 0.013155292047718266, 3.481795032136595e-09, 0.29244916958709744, 0.22404944864798138, 0.0], [0.0, 0.0, 0.0, 0.15457385379411173, 0.0, 0.27475140358316663, 2.288818359375e-05, 3.8146972656249996e-06, 0.0, 0.0639403660077675, 0.0, 0.2158349828457445, 0.03601037248112699, 0.0, 0.07411588266019639, 0.0, 0.0, 0.18945425906786226, 5.7220458984375e-06, 0.09134534631867681, 0.006446382789117454, 0.24807145486998597, 0.0, 0.0, 0.0, 0.0, 0.0, 0.0, 0.0, 0.3160506289376462, 1.0, 0.0, 1.52587890625e-05, 0.0, 0.0, 0.0, 0.0, 0.0, 0.25, 0.2470107585594441, 0.0, 0.03125570120555035, 0.0, 0.0, 0.10486091642733406, 0.0, 0.14838641729759247, 0.07315845487436595, 0.0, 0.0, 0.21875, 0.25, 0.0, 0.10181572945491506, 0.0, 0.27473999864796195, 0.0, 0.0, 0.0, 0.0, 0.0, 0.040007790301819626, 0.0, 0.12479167809532513, 0.09376716613769531, 0.0, 0.062499999999999986, 0.0, 0.0, 0.10160328561422882, 0.0, 0.0, 0.0, 0.0, 0.0, 0.13249623731246585, 3.2968480665094293e-06, 7.629394531249998e-06, 0.0, 0.09375, 0.0, 0.2637177531676148, 0.109115400334755, 0.0], [0.0, 0.0, 0.0, 0.0011280872694789947, 0.0, 0.0, 0.0007720404443770457, 0.0, 0.0, 0.004182025431111764, 0.0, 0.002880401176553307, 0.0022591151608339797, 0.0, 0.003906250000010658, 0.0, 0.0, 0.0007432301419333638, 0.001963556327530339, 0.002579453003967635, 1.7763568394002505e-15, 0.0, 0.0, 0.0, 0.0010221749085462014, 7.105427357601002e-15, 0.003184001710235201, 0.0, 0.0, 0.002345711787283848, 0.0, 1.0, 0.0004532555564030741, 0.0, 0.0, 0.0, 6.103515625e-05, 0.0, 0.0, 0.002999798308068642, 8.881784197001254e-16, 0.001988978842700502, 0.0012958765677676502, 7.105427357601002e-15, 0.0017841578177693522, 0.00023295967764426945, 0.0015258789062500002, 3.0085119922327778e-15, 0.0, 0.0, 0.0, 0.0, 0.0, 0.004086423797750858, 0.0, 0.0032402412637938614, 0.0, 6.103515624999999e-05, 0.0, 0.00054931640625, 0.0, 0.0031870367156950708, 0.0, 0.0, 6.103515625e-05, 0.0, 0.0, 0.0, 0.0, 0.0032750607409491655, 0.0, 0.0, 0.0, 0.0, 0.0, 0.0034447390227151107, 0.0, 8.881784197001252e-16, 0.0, 0.0, 0.0, 0.0010375976562527842, 0.0033690648082484237, 0.0], [0.0, 0.0, 0.0, 0.0005788132825983153, 0.0, 0.0, 1.5258789062500003e-05, 4.678485281943487e-05, 0.0, 0.0006059508264318643, 2.9769172671814315e-05, 0.0002041463444302881, 0.0, 0.0, 0.0, 0.0, 0.0, 0.00017392898145296063, 0.00015302141347657046, 0.0005639791500521062, 0.0, 0.0, 0.0, 0.0, 0.0003649198748490899, 0.0, 3.0517578124999993e-05, 0.0, 0.0, 0.00027681027896242814, 1.52587890625e-05, 0.0004532555564030741, 1.0, 0.0, 0.0, 0.0, 0.0, 0.0, 0.0, 4.691466898089778e-05, 0.0, 0.0004939824555503418, 0.0, 0.0, 6.478632366419612e-05, 0.00012207031249999999, 3.0517578124999993e-05, 0.0, 0.0, 0.0, 0.0, 0.0, 0.0, 0.0005111765121381432, 0.0, 0.0005894315121964015, 0.0, 0.0, 0.0, 3.0517578124999993e-05, 0.0, 0.0005641483091823306, 0.0, 0.0, 2.2888183593750003e-05, 0.0, 0.0, 0.0, 0.0, 0.0005378613831008482, 0.0, 0.0, 0.0, 0.0, 0.0, 0.00046723405685301564, 0.0, 0.0, 0.0, 0.0, 0.0, 4.57763671875e-05, 0.0005002308857223468, 0.0], [0.0, 0.0, 0.0, 1.4799988926801154e-16, 0.0, 0.0, 0.0, 0.0, 0.0, 7.00964275291459e-17, 0.0, 1.6544213907808332e-16, 0.0, 0.0, 0.0, 0.0, 0.0, 2.1296023497595727e-16, 3.4694469519536138e-18, 4.899783835936257e-17, 0.0, 0.0, 3.469446951953614e-18, 0.0, 0.0, 0.0, 0.0, 1.7105551183526782e-16, 0.0, 4.621498326982014e-17, 0.0, 0.0, 0.0, 1.0, 0.0, 0.0, 0.0, 0.0, 0.0, 1.1237216447326443e-16, 0.0, 3.4694469519536138e-18, 0.0, 0.0, 2.87399655554528e-16, 3.4256274935690712e-18, 1.3636556429429396e-17, 0.0, 0.0, 0.0, 0.0, 0.0, 3.469446951953614e-18, 2.0588416004395345e-16, 0.0, 0.0, 0.0, 0.0, 0.0, 4.345731473842063e-16, 1.1728673454687736e-16, 1.0564746567248376e-16, 0.0, 4.471192689336202e-16, 0.0, 0.0, 0.0, 0.0, 0.0, 2.226217925338265e-16, 0.0, 0.0, 0.0, 0.0, 0.0, 1.1341750258360987e-16, 0.0, 1.5473004900423554e-16, 0.0, 0.0, 0.0, 0.0, 8.409480576654954e-18, 0.0], [0.0, 0.0, 0.0, 0.0, 0.0, 0.0, 0.0, 0.0, 0.0, 0.0, 0.0, 0.0, 0.0, 0.0, 0.0, 0.0, 0.0, 0.0, 0.0, 0.0, 0.0, 0.0, 0.0, 0.0, 0.0, 0.0, 0.0, 0.0, 0.0, 0.0, 0.0, 0.0, 0.0, 0.0, 1.0, 0.0, 0.0, 0.0, 0.0, 0.0, 0.0, 0.0, 0.0, 0.0, 0.0, 0.0, 0.0, 0.0, 0.0, 0.0, 0.0, 0.0, 0.0, 0.0, 0.0, 0.0, 0.0, 0.0, 0.0, 0.0, 0.0, 0.0, 0.0, 0.0, 0.0, 0.0, 0.0, 0.0, 0.0, 0.0, 0.0, 0.0, 0.0, 0.0, 0.0, 0.0, 0.0, 0.0, 0.0, 0.0, 0.0, 0.0, 0.0, 0.0], [0.0, 0.0, 0.0, 0.0, 0.0, 0.0, 0.0, 0.0, 0.0, 0.0, 0.0, 0.0, 0.0, 0.0, 0.0, 0.0, 0.0, 0.0, 0.0, 0.0, 0.0, 0.0, 0.0, 0.0, 0.0, 0.0, 0.0, 0.0, 0.0, 0.0, 0.0, 0.0, 0.0, 0.0, 0.0, 1.0, 0.0, 0.0, 0.0, 0.0, 0.0, 0.0, 0.0, 0.0, 0.0, 0.0, 0.0, 0.0, 0.0, 0.0, 0.0, 0.0, 0.0, 0.0, 0.0, 0.0, 0.0, 0.0, 0.0, 0.0, 0.0, 0.0, 0.0, 0.0, 0.0, 0.0, 0.0, 0.0, 0.0, 0.0, 0.0, 0.0, 0.0, 0.0, 0.0, 0.0, 0.0, 0.0, 0.0, 0.0, 0.0, 0.0, 0.0, 0.0], [0.0, 0.0, 0.0, 0.0007451955681348462, 0.0, 0.0, 9.20328520515523e-08, 0.0, 0.0, 0.00019260022879669081, 0.0, 0.00048813906713612355, 0.0, 0.0, 0.0, 0.0, 0.0, 0.0010320855393012316, 9.19445196450152e-05, 0.00028603754928657364, 0.0, 0.0, 0.0, 0.0, 0.0010375976562499998, 0.0, 0.00030517578124999995, 0.0, 0.0, 0.0003357999455704561, 0.0, 6.103515625e-05, 0.0, 0.0, 0.0, 0.0, 1.0, 0.0, 0.0, 0.0003889557450546926, 0.0, 6.108117267602577e-05, 0.0, 0.0, 7.669404337629356e-08, 0.00024414062499999997, 6.103515624999999e-05, 0.0, 0.0, 0.0, 0.0, 0.0, 0.0, 0.001128440875371727, 0.0, 0.0006910544093333853, 0.0, 6.1035156249999986e-05, 0.0, 6.103515624999999e-05, 0.0, 0.0003862336782874759, 0.0, 0.0, 6.103515624999999e-05, 9.20328520515523e-08, 0.0, 0.0, 0.0, 0.0006098312858578486, 0.0, 0.0, 0.0, 0.0, 0.0, 0.00017147107391481613, 1.4967226964942147e-07, 0.0, 0.0, 0.0, 0.0, 6.108414317010218e-05, 0.0007316745419203431, 0.0], [0.0, 0.0, 0.0, 0.0, 0.0, 0.0, 0.0, 0.0, 0.0, 0.0, 0.0, 0.0, 0.0, 0.0, 0.0, 0.0, 0.0, 0.0, 0.0, 0.0, 0.0, 0.0, 0.0, 0.0, 0.0, 0.0, 0.0, 0.0, 0.0, 0.0, 0.0, 0.0, 0.0, 0.0, 0.0, 0.0, 0.0, 1.0, 0.0, 0.0, 0.0, 0.0, 0.0, 0.0, 0.0, 0.0, 0.0, 0.0, 0.0, 0.0, 0.0, 0.0, 0.0, 0.0, 0.0, 0.0, 0.0, 0.0, 0.0, 0.0, 0.0, 0.0, 0.0, 0.0, 0.0, 0.0, 0.0, 0.0, 0.0, 0.0, 0.0, 0.0, 0.0, 0.0, 0.0, 0.0, 0.0, 0.0, 0.0, 0.0, 0.0, 0.0, 0.0, 0.0], [0.0, 0.0, 0.0, 0.08951118042152358, 0.0, 0.2237203672751838, 0.0, 0.0, 0.0, 0.06249999999999999, 0.0, 0.09082678968054915, 0.0, 0.0, 0.07411588266019638, 0.0, 0.0, 0.11324562911763757, 0.0, 0.03986205025895504, 0.0, 0.24807145486998597, 0.0, 0.0, 0.0, 0.0, 0.0, 0.0, 0.0, 0.19764235376052372, 0.25, 0.0, 0.0, 0.0, 0.0, 0.0, 0.0, 0.0, 1.0, 0.1958201588748386, 0.0, 0.0, 0.0, 0.0, 0.06249999999999998, 0.0, 0.12748126943439095, 0.04190845487436596, 0.0, 0.0, 0.21875000000000003, 0.25000000000000006, 0.0, 0.06833543516104665, 0.0, 0.24994403026772943, 0.0, 0.0, 0.0, 0.0, 0.0, 0.02248874993660744, 0.0, 0.0, 0.0625, 0.0, 0.0625, 0.0, 0.0, 0.06249999999999999, 0.0, 0.0, 0.0, 0.0, 0.0, 0.10099915255754083, 0.0, 0.0, 0.0, 0.06250000000000001, 0.0, 0.23244486498402103, 0.0025012662675332202, 0.0], [0.0, 8.771567553042266e-10, 0.0, 0.6790358197265871, 0.0, 0.6143313298893247, 0.5113814275473137, 0.00019318950267073216, 1.8433963273390518e-09, 0.2951575055432978, 0.18358009320234536, 0.28057281139482604, 0.07999846788401614, 0.0, 0.11781348499460081, 0.0, 0.1883701206705248, 0.39824221218657774, 0.0079657446834823, 0.4888985739693136, 0.07884445610647486, 0.2113820695358758, 0.06747129550571254, 0.0, 0.21336544648969913, 9.458922782065116e-12, 0.008785760181445328, 7.883303943565764e-08, 0.0, 0.255680905029229, 0.2470107585594441, 0.002999