"{\"names\": [\"172.217.10.1\", \"104.88.86.240\", \"38.93.140.48\", \"192.168.10.15\", \"104.88.108.223\", \"195.142.105.15\", \"172.217.12.163\", \"206.217.206.48\", \"172.217.6.228\", \"178.255.83.1\", \"74.119.118.82\", \"192.168.10.9\", \"172.217.7.6\", \"35.186.227.40\", \"31.13.71.36\", \"206.126.112.142\", \"151.101.2.49\", \"192.168.10.25\", \"172.217.3.98\", \"192.168.10.16\", \"72.30.202.150\", \"172.217.12.132\", \"50.31.164.173\", \"162.208.20.178\", \"23.15.4.16\", \"216.58.217.99\", \"172.217.6.198\", \"172.217.12.174\", \"169.46.44.40\", \"192.168.10.17\", \"52.84.143.130\", \"104.19.195.102\", \"216.200.232.61\", \"104.97.73.166\", \"152.163.13.79\", \"192.229.163.25\", \"74.119.118.86\", \"54.225.188.92\", \"188.165.145.88\", \"192.168.10.14\", \"8.43.72.98\", \"199.96.57.6\", \"68.67.178.110\", \"104.88.70.158\", \"192.168.10.19\", \"69.172.216.56\", \"157.240.18.35\", \"172.217.11.34\", \"185.54.150.20\", \"69.169.85.7\", \"198.232.124.194\", \"74.119.118.72\", \"172.217.12.134\", \"192.168.10.5\", \"23.111.9.30\", \"192.168.10.8\", \"151.101.66.2\", \"68.67.178.199\", \"213.239.195.215\", \"138.108.7.20\", \"52.84.145.87\", \"192.168.10.50\", \"52.84.145.198\", \"52.40.24.51\", \"212.77.100.137\", \"185.54.150.115\", \"172.217.10.138\", \"152.163.66.165\", \"52.84.137.78\", \"192.168.10.51\", \"68.67.178.109\", \"129.146.14.96\", \"54.152.24.232\", \"172.217.10.33\", \"52.8.229.108\", \"192.168.10.12\", \"64.147.131.201\", \"172.217.12.206\", \"68.67.180.12\", \"172.217.10.134\", \"38.69.238.16\", \"172.217.10.142\", \"192.168.10.3\", \"172.217.6.202\"], \"funcEdges\": [[1.0, 0.0, 0.0, 0.0, 0.0, 0.0, 0.0, 0.0, 0.0, 0.0, 0.0, 0.0, 0.0, 0.0, 0.0, 0.0, 0.0, 0.0, 0.0, 0.0, 0.0, 0.0, 0.0, 0.0, 0.0, 0.0, 0.0, 0.0, 0.0, 0.0, 0.0, 0.0, 0.0, 0.0, 0.0, 0.0, 0.0, 0.0, 0.0, 0.0, 0.0, 0.0, 0.0, 0.0, 0.0, 0.0, 0.0, 0.0, 0.0, 0.0, 0.0, 0.0, 0.0, 0.0, 0.0, 0.0, 0.0, 0.0, 0.0, 0.0, 0.0, 0.0, 0.0, 0.0, 0.0, 0.0, 0.0, 0.0, 0.0, 0.0, 0.0, 0.0, 0.0, 0.0, 0.0, 0.0, 0.0, 0.0, 0.0, 0.0, 0.0, 0.0, 0.0, 0.0], [0.0, 1.0, 0.0, 3.0061999460152874e-12, 0.0, 0.0, 0.0, 0.0, 1.9412962026356366e-12, 3.3583056923415717e-12, 4.752911703870522e-13, 1.7146619939526795e-12, 0.0, 0.0, 1.242037006164178e-12, 0.0, 0.0, 1.2698986068211039e-12, 2.19632426498495e-12, 1.3410999284964633e-12, 7.328688740378147e-16, 5.410620781694836e-14, 0.0, 0.0, 1.0387747747862025e-14, 8.702335715267317e-15, 4.847725509777969e-13, 3.3396591582502294e-12, 0.0, 1.7316860045728503e-12, 0.0, 0.0, 0.0, 0.0, 0.0, 0.0, 0.0, 0.0, 0.0, 1.7131967877035676e-12, 0.0, 1.263245694571875e-13, 0.0, 0.0, 2.7836433675509114e-12, 1.7983670495843678e-12, 4.39721324422689e-15, 1.3433179239433315e-14, 0.0, 0.0, 1.1368683772161603e-13, 3.552713678800501e-15, 0.0, 3.3025470684883755e-12, 0.0, 2.2033307608941024e-12, 0.0, 0.0, 0.0, 0.0, 2.3206228574046174e-14, 2.390493138583405e-12, 0.0, 0.0, 0.0, 0.0, 0.0, 0.0, 0.0, 2.1717535052859134e-12, 0.0, 0.0, 0.0, 0.0, 0.0, 1.2395209721431683e-12, 0.0, 1.960627787279506e-12, 0.0, 0.0, 0.0, 4.1815332656929176e-14, 3.918915813846191e-12, 0.0], [0.0, 0.0, 1.0, 0.13615070638043925, 0.0, 0.03786653624694354, 0.257110573289296, 0.0, 0.0, 0.14504680676208948, 0.0, 0.13800708737496054, 0.0, 0.125, 0.0, 0.0, 0.0, 0.35136319641339986, 0.0, 0.2709473419495192, 0.0, 0.0, 0.0, 0.0, 0.0, 0.0, 0.0, 0.0, 0.0, 0.1782406315916149, 0.0, 0.2923399335340927, 0.10001531549992379, 0.0, 0.0, 0.0, 0.0, 0.0, 0.031249999999999986, 0.2123165312535884, 0.1130436497977299, 0.006365631591614926, 0.0, 0.0, 0.14954953432783422, 0.0, 0.24923934355208172, 0.056313903751053496, 0.0, 0.0, 0.0, 0.062499999999999986, 0.0, 0.10433350591240415, 0.0, 0.11321253662975196, 0.0, 0.04883617238961651, 0.0, 0.0063656315916149255, 0.0, 0.26022600160377374, 0.0, 0.0, 0.062499999999999986, 0.0, 0.0, 0.0, 0.0, 0.14134018199878728, 0.03657091227734696, 0.0, 0.0, 0.0, 0.0, 0.1397032021860172, 0.0, 0.14115406272202258, 0.0, 0.006365631591614926, 0.08603166310023391, 0.008752743438470524, 0.299496569463088, 0.0], [0.0, 3.0061999460152874e-12, 0.13615070638043925, 1.0, 0.0, 0.09811044805183411, 0.35746295201237704, 2.1295017587609913e-07, 4.64867244633535e-12, 0.5784088709595915, 0.0046633004667092064, 0.3325905198206098, 0.0001626677617288604, 0.03496911109379948, 0.0002638881315392894, 0.0, 0.004025678736494967, 0.45987881017620263, 1.5541573334348556e-05, 0.5269591627693833, 6.373740375331007e-05, 0.00021759173074074759, 0.00012722933104377683, 0.0, 0.0729648688346096, 2.4593609454332264e-14, 1.5942930679810613e-05, 0.4942160816822478, 0.05893298972753553, 0.28223914136434636, 0.0003019020581916245, 0.14816127431566867, 0.2807608651965185, 0.00341796875, 0.0, 0.0, 1.4554600940133714e-06, 0.006967049757802474, 0.04816652810584707, 0.43332182762201227, 0.2649537346811591, 0.06675362191962861, 0.00014486756053152326, 1.5712813307956484e-11, 0.3361530143406788, 4.2397231057875714e-05, 0.10215090826922196, 0.7685083227516503, 9.288220091125672e-10, 0.0, 0.06099248815329727, 0.21928605899465792, 2.0970768902963662e-19, 0.31738218234082727, 4.733909630506598e-11, 0.4047693808320837, 0.0, 0.05788001197531338, 0.0, 0.020257640954860656, 2.9483963097247795e-13, 0.41149161921243804, 0.0, 0.00013630896337256615, 0.16871559839490535, 1.0477378964424131e-09, 0.00037725723656363336, 6.413669835423021e-20, 0.0017468574085911718, 0.3550875755004365, 0.1896170758410357, 0.0, 3.0238169536833576e-19, 4.049614274362231e-05, 0.0, 0.46057548071458343, 1.327485852624489e-08, 0.2684062466232684, 6.305432738329208e-20, 0.00538519171362028, 0.09783574458357164, 0.03368226851882748, 0.46680225364399736, 0.0], [0.0, 0.0, 0.0, 0.0, 1.0, 0.0, 0.0, 0.0, 0.0, 0.0, 0.0, 0.0, 0.0, 0.0, 0.0, 0.0, 0.0, 0.0, 0.0, 0.0, 0.0, 0.0, 0.0, 0.0, 0.0, 0.0, 0.0, 0.0, 0.0, 0.0, 0.0, 0.0, 0.0, 0.0, 0.0, 0.0, 0.0, 0.0, 0.0, 0.0, 0.0, 0.0, 0.0, 0.0, 0.0, 0.0, 0.0, 0.0, 0.0, 0.0, 0.0, 0.0, 0.0, 0.0, 0.0, 0.0, 0.0, 0.0, 0.0, 0.0, 0.0, 0.0, 0.0, 0.0, 0.0, 0.0, 0.0, 0.0, 0.0, 0.0, 0.0, 0.0, 0.0, 0.0, 0.0, 0.0, 0.0, 0.0, 0.0, 0.0, 0.0, 0.0, 0.0, 0.0], [0.0, 0.0, 0.03786653624694354, 0.09811044805183411, 0.0, 1.0, 0.019550445760379502, 0.0, 0.0, 0.12051995678932391, 0.002476416897287964, 0.03428790532461152, 0.00014037578389605672, 0.03124999999999999, 0.0002309417914641812, 0.0, 0.001799710624151294, 0.090084474116435, 0.0, 0.06622222603265922, 0.00012336209781247837, 0.00045951322538301676, 0.0, 0.0, 0.006858622243745246, 0.0, 0.0, 0.0, 0.020171788261496962, 0.10816239670164263, 0.0005366238351233723, 0.031529217632722595, 0.037515315499923804, 0.0026075164178319754, 0.0, 0.0, 0.0, 0.006092015294047078, 0.04356935277954137, 0.06455556407764837, 0.11279542423767756, 0.013123007091809063, 0.0, 0.0, 0.0586792853053926, 0.0, 0.02000105859015095, 0.08110248221443822, 0.0, 0.0, 0.06322479763834879, 0.05467434330738517, 0.0, 0.14698096069179525, 0.0, 0.11899827782804698, 0.0, 0.0, 0.0, 0.019993116937699288, 0.0, 0.08535726172896205, 0.0, 9.207822216899072e-05, 0.015203092856696195, 0.0, 0.0002160221243001248, 0.0, 0.0025577609670607965, 0.07748523274703552, 0.056742700538843914, 0.0, 0.0, 0.0, 0.0, 0.07958049231413994, 0.0, 0.03170980872316714, 0.0, 0.006009082950950975, 0.0654370515020433, 0.0058813192531585404, 0.06455584307428949, 0.0], [0.0, 0.0, 0.257110573289296, 0.35746295201237704, 0.0, 0.019550445760379502, 1.0, 7.450580596923828e-09, 0.0, 0.21511859320479665, 0.001791801534377196, 0.4211144630508471, 1.8808371723545103e-05, 0.0, 3.9182155154729956e-06, 0.0, 0.001028908584528201, 0.47678921805295227, 5.325343173950827e-06, 0.5557526570416613, 0.0, 1.5097192722625898e-05, 0.00011882563535130011, 0.0, 0.0562985446578445, 0.0, 6.310108235030841e-06, 0.20837339358432053, 0.0, 0.1509314932664867, 4.470348358154297e-08, 0.24799738752406322, 0.5403321383302034, 0.0030447788188734926, 0.0, 0.0, 1.7975166416318808e-10, 0.00507514733623932, 0.010684280022346587, 0.20465685461582034, 0.10031848510188374, 0.09376833070613264, 0.00011580005012058091, 0.0, 0.11771380871850988, 3.708997159028595e-05, 0.2683120849283389, 0.19400228564518188, 9.273616320643353e-10, 0.0, 0.014763528818873491, 0.05990993446775849, 0.0, 0.4405563215539861, 0.0, 0.22329419308243434, 0.0, 0.009151435538503035, 0.0, 0.017186955458380646, 0.0, 0.48500094165080065, 0.0, 0.0, 0.1724500042821146, 1.3946833497856426e-09, 0.0, 0.0, 0.001188858695652174, 0.1833525600290487, 0.46577582187838257, 0.0, 0.0, 4.186977176330782e-05, 0.0, 0.3946162700176775, 1.2553118107294356e-08, 0.3136328625860867, 0.0, 0.018352620427040618, 0.01691394946747547, 0.012984912572994202, 0.42206022371844276, 0.0], [0.0, 0.0, 0.0, 2.1295017587609913e-07, 0.0, 0.0, 7.450580596923828e-09, 1.0, 0.0, 1.41137957220047e-07, 1.4831335392335117e-07, 1.7578269027389426e-07, 0.0, 0.0, 0.0, 0.0, 0.0, 1.406119740959429e-07, 4.582126943777205e-08, 1.0739376788626282e-07, 0.0, 0.0, 0.0, 0.0, 1.1073290309525346e-07, 0.0, 2.831220626831054e-07, 0.0, 0.0, 1.479479685717693e-07, 7.450580596923827e-09, 0.0, 9.137666566295873e-08, 0.0, 0.0, 0.0, 0.0, 0.0, 0.0, 3.7732324740377374e-07, 0.0, 5.10361824981775e-09, 0.0, 0.0, 1.4075586025350988e-07, 0.0, 2.831220626831054e-07, 0.0, 0.0, 0.0, 0.0, 0.0, 0.0, 1.6203728995579973e-07, 0.0, 7.438815859712843e-08, 0.0, 0.0, 0.0, 2.831220626831054e-07, 0.0, 2.1858483677082053e-07, 0.0, 0.0, 5.401724066559642e-08, 0.0, 0.0, 0.0, 0.0, 1.3580612731018032e-07, 0.0, 0.0, 0.0, 0.0, 0.0, 2.887485368527122e-07, 0.0, 0.0, 0.0, 0.0, 0.0, 1.117587089538574e-07, 9.49173509614569e-08, 0.0], [0.0, 1.9412962026356366e-12, 0.0, 4.64867244633535e-12, 0.0, 0.0, 0.0, 0.0, 1.0, 2.5596032253561133e-12, 5.194814553202972e-13, 3.56615518661485e-12, 0.0, 0.0, 3.720746298460545e-12, 0.0, 0.0, 2.6898681413654524e-12, 2.104921705812206e-12, 2.9782446718531395e-12, 0.0, 1.232170481811855e-13, 0.0, 0.0, 1.2474958408691692e-13, 5.656518214923756e-14, 7.731858415108783e-13, 2.9094026447621607e-12, 0.0, 1.889794153881227e-12, 0.0, 0.0, 0.0, 0.0, 0.0, 0.0, 0.0, 0.0, 0.0, 3.6003834518340856e-12, 0.0, 1.1368683772161603e-13, 0.0, 4.9064567887890804e-14, 3.0864923085207554e-12, 7.264330059599298e-13, 0.0, 0.0, 0.0, 0.0, 1.365836360692984e-13, 0.0, 0.0, 8.907067366553319e-13, 0.0, 3.909734061431711e-12, 0.0, 0.0, 0.0, 0.0, 7.892398478119974e-14, 2.3996853109301497e-12, 0.0, 0.0, 0.0, 0.0, 0.0, 0.0, 0.0, 3.0816092380576835e-12, 0.0, 0.0, 0.0, 0.0, 0.0, 4.763957563322277e-12, 0.0, 1.3803431922946264e-12, 0.0, 0.0, 0.0, 0.0, 2.235788158457141e-12, 0.0], [0.0, 3.3583056923415717e-12, 0.14504680676208948, 0.5784088709595915, 0.0, 0.12051995678932391, 0.21511859320479665, 1.41137957220047e-07, 2.5596032253561133e-12, 1.0, 0.0013670165843740817, 0.40532282638460193, 0.00025482279054192455, 0.05061102063618224, 0.0001043525930042956, 0.0, 0.0041175490366775775, 0.40525789137362517, 4.370753176669525e-06, 0.5237344994361397, 2.2764075498447156e-05, 0.0001417126894492847, 3.578487577792943e-05, 0.0, 0.16387938115684889, 2.783342254119708e-14, 1.3409889294480059e-05, 0.48992509215331903, 0.0010013145876750023, 0.42149068322936395, 0.00012488352735892089, 0.1637803373693027, 0.24812206475896562, 0.008052701848061363, 0.0, 0.0, 3.7617232186853675e-07, 0.003567547604110273, 0.06857610530749106, 0.31716937220735225, 0.19771778556149786, 0.16100594108184155, 6.274897152271714e-05, 2.842971870429599e-14, 0.3658952884156303, 8.301423740149813e-05, 0.07524943396266874, 0.6501568351506313, 3.6502495051630734e-10, 0.0, 0.07188986422854081, 0.3636029796952884, 1.1115968846666023e-19, 0.33168794694060433, 1.223325239579422e-12, 0.23245304548855744, 0.0, 0.19970685748516986, 0.0, 0.03998802899456503, 2.2498734934010088e-13, 0.3894262835187046, 0.0, 9.620470594503857e-06, 0.27137723335950126, 5.415693375812548e-10, 0.0004882812500005073, 9.897366446106963e-20, 0.0037211823319243005, 0.40411831573257895, 0.09464648559501035, 0.0, 9.03317215980246e-20, 6.84584530825392e-05, 0.0, 0.44763384469887263, 1.1137674248171788e-08, 0.23476929061430413, 1.9972800042660758e-19, 0.00970274066263846, 0.11693380134951478, 0.07117045728564889, 0.5160798372742008, 0.0], [0.0, 4.752911703870522e-13, 0.0, 0.0046633004667092064, 0.0, 0.002476416897287964, 0.001791801534377196, 1.4831335392335117e-07, 5.194814553202972e-13, 0.0013670165843740817, 1.0, 1.5224084785191463e-07, 1.3052351726811242e-05, 0.0, 1.5258798729521276e-05, 0.0, 0.0009723708921465544, 0.002852001603192283, 6.214083504740519e-08, 0.002226554829875093, 1.825022330345495e-12, 1.4098554649653194e-13, 0.0, 0.0, 0.0019762202726478434, 1.8200897334833302e-14, 1.379987204987399e-07, 2.2960009087887007e-12, 0.0, 0.0010805742983616533, 0.0, 0.0009765624999999998, 5.8142915374637335e-08, 0.0, 0.0, 0.0, 0.0, 0.002032876952603645, 0.0, 0.0011367138857513088, 1.8189894035458565e-12, 1.5258789177464655e-05, 0.0, 1.1368683772161603e-13, 0.001336959305291083, 1.1904325202008282e-13, 0.0016253004331283545, 0.00231696993751891, 0.0, 0.0, 1.4210854715202004e-13, 1.2185707386614475e-15, 0.0, 0.0021977629280689266, 0.0, 0.003843600831280497, 0.0, 0.0, 0.0, 1.379967598448784e-07, 4.918284675821114e-14, 0.001920646064503322, 0.0, 0.0, 0.000976622104644775, 0.0, 3.2790222035730726e-16, 0.0, 0.0009765624999999998, 0.0020475206583408017, 1.7319778836897501e-15, 0.0, 0.0, 1.5258789062908334e-05, 0.0, 0.0017455333988035458, 0.0, 2.497137673380102e-13, 0.0, 0.0, 1.818989403545857e-12, 0.0009768302220276885, 0.0023625908358263403, 0.0], [0.0, 1.7146619939526795e-12, 0.13800708737496054, 0.3325905198206098, 0.0, 0.03428790532461152, 0.4211144630508471, 1.7578269027389426e-07, 3.56615518661485e-12, 0.40532282638460193, 1.5224084785191463e-07, 1.0, 0.0001497889221257265, 0.03124999999999999, 0.0001479541169951018, 0.0, 0.0, 0.4190627801878833, 8.627041640244538e-06, 0.5831155367797318, 1.6668689855476058e-05, 0.00020899866450149905, 3.1115111378501795e-05, 0.0, 0.3258136981972078, 4.407710296098413e-14, 1.3124547615069412e-05, 0.17472936283306928, 0.0, 0.5367582469080494, 0.00042155270087059475, 0.14888301967205436, 0.4214922787167333, 3.231291778868815e-19, 0.0, 0.0, 9.533966155002413e-07, 0.0, 0.03785965628782633, 0.2210797497558089, 0.15481134345870332, 0.3025973573293904, 4.963039779189073e-05, 2.7097677003848663e-11, 0.3789778075172572, 9.278246120136901e-05, 0.11691801601274945, 0.3046101907269768, 2.690205768564555e-10, 0.0, 0.014624978023199167, 0.30330529368208803, 2.1585410693089377e-19, 0.511248735081318, 7.334813794377966e-11, 0.4508798431180309, 0.0, 0.08046201874538081, 0.0, 0.028334004259225824, 1.3636929245671636e-13, 0.382248395437784, 0.0, 0.00024373374627993243, 0.40149960984334127, 3.8124378328892673e-10, 0.00045542032928793763, 3.688985125585051e-19, 0.0, 0.5230211044253101, 0.3502155447608158, 0.0, 2.3893069017933316e-19, 3.140185176875702e-05, 0.0, 0.26354300533047237, 8.467503179178624e-09, 0.3888431861465174, 4.137418910393201e-19, 0.004747896717425674, 0.1170804845613627, 0.015696283938458188, 0.5172118942296571, 0.0], [0.0, 0.0, 0.0, 0.0001626677617288604, 0.0, 0.00014037578389605672, 1.8808371723545103e-05, 0.0, 0.0, 0.00025482279054192455, 1.3052351726811242e-05, 0.0001497889221257265, 1.0, 0.0, 6.712852270075408e-05, 0.0, 0.0, 0.00016456056280016824, 1.6025750449041657e-05, 0.00023821647545577636, 9.468063655326734e-05, 9.323294780033358e-07, 3.101051317721901e-05, 0.0, 6.20721230018359e-05, 0.0, 1.3378132557100523e-05, 5.089149707063129e-19, 0.0, 0.00018248512368153357, 7.033275875220115e-05, 4.412334298503867e-06, 0.0, 0.0, 0.0, 0.0, 0.0, 0.0, 0.0, 0.00015624700758596903, 0.0, 0.0001367308503234364, 4.422533518056046e-05, 0.0, 0.0001983897175074594, 7.916285717293377e-05, 0.00022833612426630557, 7.033275875220115e-05, 0.0, 0.0, 0.0, 0.0, 2.168404344971009e-19, 0.00017211479169108602, 0.0, 0.00010884045298458765, 0.0, 1.2172151294446368e-19, 0.0, 1.5778511784522022e-05, 1.0842021724855042e-19, 0.00022567542283217641, 0.0, 5.682451978777183e-05, 0.0003638186927079645, 0.0, 0.0, 1.0842021724855043e-19, 0.0, 0.0001661038586828173, 0.0, 0.0, 2.168404344971009e-19, 7.415965930727875e-05, 0.0, 0.00039954500720351346, 0.0, 1.0842021724855043e-19, 2.4403618498250596e-19, 7.033275875220115e-05, 0.0, 0.00011131388196857236, 0.00014846084177863876, 0.0], [0.0, 0.0, 0.125, 0.03496911109379948, 0.0, 0.03124999999999999, 0.0, 0.0, 0.0, 0.05061102063618224, 0.0, 0.03124999999999999, 0.0, 1.0, 0.0, 0.0, 0.0, 0.09640373590996235, 0.0, 0.10844095215446363, 0.0, 0.0, 0.0, 0.0, 0.0, 0.0, 0.0, 0.0, 0.0, 0.10937500000000001, 0.0, 0.0423399335340927, 0.03751531549992381, 0.0, 0.0, 0.0, 0.0, 0.0, 0.031249999999999997, 0.12336049365886846, 0.04547080232928449, 0.0, 0.0, 0.0, 0.12470241409249701, 0.0, 0.0, 0.040875435705027406, 0.0, 0.0, 0.0, 0.0, 0.0, 0.032176976769148054, 0.0, 0.03058125576493762, 0.0, 0.0, 0.0, 0.0, 0.0, 0.00401029382235623, 0.0, 0.0, 0.0, 0.0, 0.0, 0.0, 0.0, 0.03124999999999999, 0.03657091227734696, 0.0, 0.0, 0.0, 0.0, 0.09805806756909201, 0.0, 0.03124999999999999, 0.0, 0.0, 0.07654655446197432, 0.0, 0.04800153607373193, 0.0], [0.0, 1.242037006164178e-12, 0.0, 0.0002638881315392894, 0.0, 0.0002309417914641812, 3.9182155154729956e-06, 0.0, 3.720746298460545e-12, 0.0001043525930042956, 1.5258798729521276e-05, 0.0001479541169951018, 6.712852270075408e-05, 0.0, 1.0, 0.0, 0.0, 0.00035917729204913376, 6.897948943524432e-06, 0.0001619133959594626, 6.028373604745914e-12, 0.00017138829012195995, 3.2777801186715958e-06, 0.0, 8.120440008394995e-06, 6.083118429190148e-16, 6.929387716200653e-06, 3.399664235393316e-11, 0.0, 1.2775622575306884e-05, 0.00014475758332069608, 7.629394531270817e-06, 0.0, 0.0, 0.0, 0.0, 0.0, 0.0, 0.00014475758332069605, 0.00023010446288007972, 1.063827242817882e-11, 3.307971987303276e-05, 6.400967837893937e-06, 2.0816681711721682e-17, 6.255644434561339e-05, 9.115333741861403e-13, 0.0002919374211085725, 0.0003546608194402446, 2.2071018038318421e-10, 0.0, 0.00021713637498104414, 0.00014475785647223352, 0.0, 9.172519069428601e-05, 2.9103830456733704e-11, 0.00017965871480097326, 0.0, 6.938893903907227e-18, 0.0, 3.8146972656249996e-06, 0.0, 0.000456539235440607, 0.0, 0.0, 5.206722503919036e-05, 2.328306436538697e-10, 4.825252777398622e-05, 0.0, 0.0, 0.0005368940210860131, 2.5336965340306454e-10, 0.0, 0.0, 2.2888183594060637e-05, 0.0, 0.00044177268382406736, 2.3283064365386963e-10, 4.830783006007293e-12, 0.0, 4.8252527773565355e-05, 1.0638269826093606e-11, 0.00020742560895240566, 0.0003887639726157946, 0.0], [0.0, 0.0, 0.0, 0.0, 0.0, 0.0, 0.0, 0.0, 0.0, 0.0, 0.0, 0.0, 0.0, 0.0, 0.0, 1.0, 0.0, 0.0, 0.0, 0.0, 0.0, 0.0, 0.0, 0.0, 0.0, 0.0, 0.0, 0.0, 0.0, 0.0, 0.0, 0.0, 0.0, 0.0, 0.0, 0.0, 0.0, 0.0, 0.0, 0.0, 0.0, 0.0, 0.0, 0.0, 0.0, 0.0, 0.0, 0.0, 0.0, 0.0, 0.0, 0.0, 0.0, 0.0, 0.0, 0.0, 0.0, 0.0, 0.0, 0.0, 0.0, 0.0, 0.0, 0.0, 0.0, 0.0, 0.0, 0.0, 0.0, 0.0, 0.0, 0.0, 0.0, 0.0, 0.0, 0.0, 0.0, 0.0, 0.0, 0.0, 0.0, 0.0, 0.0, 0.0], [0.0, 0.0, 0.0, 0.004025678736494967, 0.0, 0.001799710624151294, 0.001028908584528201, 0.0, 0.0, 0.0041175490366775775, 0.0009723708921465544, 0.0, 0.0, 0.0, 0.0, 0.0, 1.0, 0.004197761803100311, 0.0, 0.0006073719238043512, 0.0, 0.0, 0.0, 0.0, 0.005755160359071825, 0.0, 0.0, 0.0, 0.0, 0.003185984628196497, 0.0, 0.0, 0.0, 0.004784159653873394, 0.0, 0.0, 0.0, 0.0051828396250295115, 0.0031894397692489303, 0.0032268837685722005, 0.0, 0.0, 0.0, 0.0, 0.004375875262587531, 0.0, 0.0011540491252696658, 0.0040517019699632655, 0.0, 0.0, 0.0031894397692489294, 0.0, 0.0, 0.0014576626760767822, 0.0, 0.0013511762422575694, 0.0, 0.0, 0.0, 0.004784159653873395, 0.0, 0.004272123692842936, 0.0, 0.0, 0.004784159653873395, 0.0, 0.0, 0.0, 0.0, 0.0035559922519514025, 0.0, 0.0, 0.0, 0.0, 0.0, 0.005425920357192386, 0.0, 0.0, 0.0, 0.0024614298352054857, 0.004784159653873395, 0.00318943976924893, 0.0064986995088178404, 0.0], [0.0, 1.2698986068211039e-12, 0.35136319641339986, 0.45987881017620263, 0.0, 0.090084474116435, 0.47678921805295227, 1.406119740959429e-07, 2.6898681413654524e-12, 0.40525789137362517, 0.002852001603192283, 0.4190627801878833, 0.00016456056280016824, 0.09640373590996235, 0.00035917729204913376, 0.0, 0.004197761803100311, 1.0, 1.6635894128629988e-05, 0.8328762783405846, 0.00013993234474780005, 0.00021238966325572424, 8.925208614469791e-05, 0.0, 0.3830264747028597, 1.4487402897576614e-14, 9.76994093651857e-06, 0.3417005747444951, 0.007753388179778674, 0.6181823607172934, 0.00037002784974191847, 0.2727771041595191, 0.26308479059143236, 0.0004889545937839649, 0.0, 0.0, 2.015792068947718e-06, 0.008210121636791561, 0.03036530709861547, 0.5561499189586852, 0.26334393268548806, 0.37094130292375393, 9.749288605377505e-05, 4.0634795157041016e-11, 0.26530954108850235, 8.133551937429777e-05, 0.2662364350653111, 0.4577557608506969, 6.693635821041165e-10, 0.0, 0.0474953018788533, 0.16974923004342046, 2.393350535380365e-19, 0.45705577658641683, 2.574675416484774e-11, 0.5827362106035235, 0.0, 0.011373870486583379, 0.0, 0.012687968339421471, 1.2935633163791052e-13, 0.6789358889053674, 0.0, 0.00014504585549733262, 0.4400369823873358, 7.878744233003015e-10, 0.00013209532476341388, 3.0138389570735572e-19, 0.0005605694066748931, 0.2723926552026821, 0.19558285570817957, 0.0, 2.9045758109200466e-19, 0.00010816190273530465, 0.0, 0.45774521861043277, 8.340665228880337e-09, 0.33235015144075186, 3.2947777901991196e-19, 0.013111860796730102, 0.10566730840788813, 0.019519878140012006, 0.4485949339481978, 0.0], [0.0, 2.19632426498495e-12, 0.0, 1.5541573334348556e-05, 0.0, 0.0, 5.325343173950827e-06, 4.582126943777205e-08, 2.104921705812206e-12, 4.370753176669525e-06, 6.214083504740519e-08, 8.627041640244538e-06, 1.6025750449041657e-05, 0.0, 6.897948943524432e-06, 0.0, 0.0, 1.6635894128629988e-05, 1.0, 4.537859161720458e-06, 6.934681136466455e-12, 4.5795062984447505e-06, 3.99184756525867e-06, 0.0, 3.0323651457691475e-06, 0.0, 6.656405833089533e-06, 1.3045408941688355e-10, 0.0, 1.3600269987026534e-05, 1.1175870895385742e-08, 3.835070952207694e-06, 2.988699481964267e-07, 6.776263578034402e-21, 0.0, 0.0, 1.795791399316703e-07, 0.0, 0.0, 1.5558095084926368e-05, 1.7664382679314052e-11, 1.655128118741203e-05, 7.118334335798847e-06, 1.7546725671668695e-12, 1.6401946836123714e-05, 4.178490572983806e-07, 4.455157767425466e-06, 1.0590405301284613e-14, 0.0, 0.0, 0.0, 1.4197215346750627e-14, 7.176474657890133e-20, 2.1213578097075888e-05, 2.9103830456733704e-11, 6.55413071483983e-06, 0.0, 1.794149463688871e-07, 0.0, 1.663081747968687e-05, 1.0842021724855047e-19, 1.0278635738212626e-05, 0.0, 1.6491346375440353e-19, 3.99270103112051e-06, 4.5309742061290123e-10, 0.0, 1.0842021724855044e-19, 0.0, 8.741983033704551e-06, 3.0566513155861095e-16, 0.0, 9.298729381859903e-20, 0.0, 0.0, 1.0054909465475076e-05, 9.536737202365085e-09, 4.223839270671586e-09, 1.7671585809078021e-19, 0.0, 1.7664382682702183e-11, 1.8850903574834638e-05, 1.9039655421229e-05, 0.0], [0.0, 1.3410999284964633e-12, 0.2709473419495192, 0.5269591627693833, 0.0, 0.06622222603265922, 0.5557526570416613, 1.0739376788626282e-07, 2.9782446718531395e-12, 0.5237344994361397, 0.002226554829875093, 0.5831155367797318, 0.00023821647545577636, 0.10844095215446363, 0.0001619133959594626, 0.0, 0.0006073719238043512, 0.8328762783405846, 4.537859161720458e-06, 1.0, 0.00020038683232733806, 5.492048504106286e-05, 6.492110370850512e-05, 0.0, 0.29971430255257187, 9.259648791988054e-15, 1.3300996189955378e-05, 0.36578147601886574, 0.023478222309860373, 0.625896130148466, 0.00017840887952866565, 0.20872913636006135, 0.4421201009073933, 0.003188534656596526, 0.0, 0.0, 5.586670884503391e-07, 0.00808182243787295, 0.02358181445095988, 0.4984497627553303, 0.2630963065599111, 0.27103493784585314, 9.504643969144176e-05, 1.8810122376952904e-11, 0.3197397473596245, 3.86104578444759e-05, 0.2306737956954263, 0.46642340404922555, 5.303175167540399e-10, 0.0, 0.06574708592971058, 0.2185444577102966, 5.671115944003424e-20, 0.4428522375989066, 3.596472375867108e-11, 0.4554755583422766, 0.0, 0.13660620880139981, 0.0, 0.03223546628050131, 1.5154331549318515e-13, 0.5576127702553001, 0.0, 9.392210717513324e-05, 0.412877457053866, 7.964000780141426e-10, 0.00040225376237898566, 7.65526152261636e-20, 0.001038303154547756, 0.39695188173069856, 0.28772941223138226, 0.0, 5.424065576609353e-20, 9.79292627109014e-05, 0.0, 0.5192451384947299, 3.239046283310961e-09, 0.35328400221035894, 2.3618000139412645e-19, 0.015036242271496955, 0.04725311970813985, 0.03769309132123097, 0.30631604570790955, 0.0], [0.0, 7.328688740378147e-16, 0.0, 6.373740375331007e-05, 0.0, 0.00012336209781247837, 0.0, 0.0, 0.0, 2.2764075498447156e-05, 1.825022330345495e-12, 1.6668689855476058e-05, 9.468063655326734e-05, 0.0, 6.028373604745914e-12, 0.0, 0.0, 0.00013993234474780005, 6.934681136466455e-12, 0.00020038683232733806, 1.0, 9.145604102582254e-15, 0.0, 0.0, 0.0, 3.878100404188564e-17, 1.8189894035458565e-12, 1.8210448584153034e-12, 0.0, 2.8830424708569542e-05, 1.2590591384995028e-05, 3.469446951953614e-18, 0.0, 0.0, 0.0, 0.0, 0.0, 0.0, 0.0, 0.00015399307833295872, 5.4569682106375694e-12, 0.0002392212363201946, 7.629394531249999e-06, 1.0408340855860843e-17, 0.00021413448170040135, 2.3930677607451056e-15, 0.00023770622702313073, 7.554354831708656e-05, 0.0, 0.0, 0.0, 4.397213244226889e-15, 0.0, 0.00026143649971523966, 0.0, 9.773227207128167e-05, 0.0, 7.060615416851691e-18, 0.0, 8.881784197001254e-16, 1.0842021724855044e-19, 0.00015159259768186757, 0.0, 1.725976053700773e-05, 7.554354830997023e-05, 0.0, 0.0, 4.336808689942018e-19, 0.0, 2.559339426083349e-05, 0.0, 0.0, 0.0, 0.0, 0.0, 0.00012198145401894768, 0.0, 3.654260700640162e-12, 2.861113892898346e-19, 0.00023922123631490568, 5.4569682106375694e-12, 7.554354991122828e-05, 0.00010000270639973615, 0.0], [0.0, 5.410620781694836e-14, 0.0, 0.00021759173074074759, 0.0, 0.00045951322538301676, 1.5097192722625898e-05, 0.0, 1.232170481811855e-13, 0.0001417126894492847, 1.4098554649653194e-13, 0.00020899866450149905, 9.323294780033358e-07, 0.0, 0.00017138829012195995, 0.0, 0.0, 0.00021238966325572424, 4.5795062984447505e-06, 5.492048504106286e-05, 9.145604102582254e-15, 1.0, 1.4908788616689488e-06, 0.0, 1.343748063621158e-13, 2.1533572437567517e-14, 4.5795063916691e-06, 6.92475988191683e-14, 0.0, 0.00039899678244502933, 0.00048451456029294135, 0.0, 0.0, 0.0, 0.0, 0.0, 0.0, 0.0, 0.00048451456029294135, 0.0004128556045622574, 0.0, 5.824269217914073e-06, 2.856763278032022e-06, 1.1368683772161603e-13, 0.00014136490317768772, 9.990948340482884e-15, 0.0002261926427054324, 9.230578181508322e-05, 0.0, 0.0, 0.00045325555643149583, 0.0004845145602995021, 4.743384504624081e-20, 0.00016159272396138564, 0.0, 0.0004857321608754248, 0.0, 0.0, 0.0, 4.57950628794151e-06, 1.962429774627001e-13, 1.721758956878839e-05, 0.0, 4.16281760581962e-21, 0.00015571246673184107, 0.0, 0.00014066551750467976, 0.0, 0.0, 0.00014524502390106722, 1.7319778836897505e-15, 0.0, 0.0, 1.3031513348669184e-16, 0.0, 0.00022788811254663725, 0.0, 2.3539413681253666e-13, 0.0, 0.0001406655175044023, 4.162817605819619e-21, 0.00044366177898403107, 4.19343142782792e-05, 0.0], [0.0, 0.0, 0.0, 0.00012722933104377683, 0.0, 0.0, 0.00011882563535130011, 0.0, 0.0, 3.578487577792943e-05, 0.0, 3.1115111378501795e-05, 3.101051317721901e-05, 0.0, 3.2777801186715958e-06, 0.0, 0.0, 8.925208614469791e-05, 3.99184756525867e-06, 6.492110370850512e-05, 0.0, 1.4908788616689488e-06, 1.0, 0.0, 3.0517578124999997e-05, 0.0, 3.9903410140349855e-06, 2.562904104712721e-20, 0.0, 8.150264025819083e-05, 0.0, 0.0, 0.0, 6.776263578034403e-21, 0.0, 0.0, 0.0, 0.0, 0.0, 0.0001317798740345948, 0.0, 0.0001236251939459253, 0.00013669141533229445, 0.0, 3.577453997289185e-05, 6.70837004088756e-05, 3.0517578125000034e-05, 0.0, 0.0, 0.0, 0.0, 0.0, 6.776263578034402e-21, 4.732707892302078e-05, 0.0, 8.332799679260703e-05, 0.0, 0.0, 0.0, 3.990341014034992e-06, 0.0, 6.44670017160054e-05, 0.0, 5.421010862427522e-20, 5.245868610762367e-05, 0.0, 0.0, 0.0, 0.0, 5.7135030056059164e-05, 3.1415051094197e-20, 0.0, 4.309119851756405e-20, 3.0517578124999997e-05, 0.0, 2.3715470936404242e-05, 6.967127573573618e-09, 4.6566128730773915e-10, 0.0, 0.0, 0.0, 0.00010927795612759542, 2.911465539628376e-05, 0.0], [0.0, 0.0, 0.0, 0.0, 0.0, 0.0, 0.0, 0.0, 0.0, 0.0, 0.0, 0.0, 0.0, 0.0, 0.0, 0.0, 0.0, 0.0, 0.0, 0.0, 0.0, 0.0, 0.0, 1.0, 0.0, 0.0, 0.0, 0.0, 0.0, 0.0, 0.0, 0.0, 0.0, 0.0, 0.0, 0.0, 0.0, 0.0, 0.0, 0.0, 0.0, 0.0, 0.0, 0.0, 0.0, 0.0, 0.0, 0.0, 0.0, 0.0, 0.0, 0.0, 0.0, 0.0, 0.0, 0.0, 0.0, 0.0, 0.0, 0.0, 0.0, 0.0, 0.0, 0.0, 0.0, 0.0, 0.0, 0.0, 0.0, 0.0, 0.0, 0.0, 0.0, 0.0, 0.0, 0.0, 0.0, 0.0, 0.0, 0.0, 0.0, 0.0, 0.0, 0.0], [0.0, 1.0387747747862025e-14, 0.0, 0.0729648688346096, 0.0, 0.006858622243745246, 0.0562985446578445, 1.1073290309525346e-07, 1.2474958408691692e-13, 0.16387938115684889, 0.0019762202726478434, 0.3258136981972078, 6.20721230018359e-05, 0.0, 8.120440008394995e-06, 0.0, 0.005755160359071825, 0.3830264747028597, 3.0323651457691475e-06, 0.29971430255257187, 0.0, 1.343748063621158e-13, 3.0517578124999997e-05, 0.0, 1.0, 5.342740584927877e-14, 3.1282232341023023e-06, 0.1364286747210103, 0.0, 0.4948522864436384, 0.0, 0.0014668401853682542, 0.0893850168616596, 0.00390625, 0.0, 0.0, 2.026557922363281e-06, 0.005206705077603645, 0.0019531249999999998, 0.2865879855086632, 0.0, 0.49872050664835416, 3.0517578124999997e-05, 1.0485689292815747e-13, 0.1465222386470816, 6.758727304213047e-05, 0.004889522802344653, 0.21389908696210036, 0.0, 0.0, 0.0036621093750299587, 0.13642867472096537, 0.0, 0.1321306579297147, 0.0, 0.4721484911347446, 0.0, 4.76837158203125e-07, 0.0, 0.0019556418908559144, 6.29956129954045e-14, 0.12810862732212885, 0.0, 0.0, 0.5016491393669813, 0.0, 0.0, 0.0, 0.0029279209781878095, 0.15705244767309803, 0.08938430412752904, 0.0, 0.0, 0.00017981566367080885, 0.0, 0.06371677863138685, 0.0, 0.14223380334789057, 0.0, 0.0006699163482129249, 0.007812499999999999, 0.003464401493652964, 0.16125119213365383, 0.0], [0.0, 8.702335715267317e-15, 0.0, 2.4593609454332264e-14, 0.0, 0.0, 0.0, 0.0, 5.656518214923756e-14, 2.783342254119708e-14, 1.8200897334833302e-14, 4.407710296098413e-14, 0.0, 0.0, 6.083118429190148e-16, 0.0, 0.0, 1.4487402897576614e-14, 0.0, 9.259648791988054e-15, 3.878100404188564e-17, 2.1533572437567517e-14, 0.0, 0.0, 5.342740584927877e-14, 1.0, 0.0, 5.859561252655813e-16, 0.0, 5.4652980102757475e-14, 0.0, 1.3877787807814457e-17, 0.0, 0.0, 0.0, 0.0, 0.0, 0.0, 0.0, 1.847445855872093e-14, 0.0, 2.2191021441472935e-16, 0.0, 2.806977165703233e-17, 2.6726221204096796e-14, 0.0, 4.3514089395995276e-16, 2.4194069880869437e-16, 0.0, 0.0, 0.0, 0.0, 0.0, 1.8263218305064664e-14, 0.0, 2.1485932518645042e-14, 0.0, 1.1246477767304732e-17, 0.0, 0.0, 2.6053233644537006e-14, 3.7699523106281895e-14, 0.0, 0.0, 0.0, 0.0, 6.578105207324442e-16, 0.0, 0.0, 3.632237372469007e-14, 0.0, 0.0, 0.0, 5.162460660180799e-16, 0.0, 4.901796138811933e-14, 0.0, 3.2053142398965017e-16, 0.0, 0.0, 0.0, 8.052674875069403e-16, 4.3960608764104886e-14, 0.0], [0.0, 4.847725509777969e-13, 0.0, 1.5942930679810613e-05, 0.0, 0.0, 6.310108235030841e-06, 2.831220626831054e-07, 7.731858415108783e-13, 1.3409889294480059e-05, 1.379987204987399e-07, 1.3124547615069412e-05, 1.3378132557100523e-05, 0.0, 6.929387716200653e-06, 0.0, 0.0, 9.76994093651857e-06, 6.656405833089533e-06, 1.3300996189955378e-05, 1.8189894035458565e-12, 4.5795063916691e-06, 3.9903410140349855e-06, 0.0, 3.1282232341023023e-06, 0.0, 1.0, 8.734619598928272e-12, 0.0, 1.0419741155367215e-05, 0.0, 6.218753340303127e-06, 5.960464477539061e-08, 0.0, 0.0, 0.0, 5.960464477539061e-07, 0.0, 0.0, 1.7159687854385405e-05, 1.818989403545856e-12, 1.1907254977063632e-05, 9.456052218704604e-06, 2.8421709430404014e-14, 7.661203692590291e-06, 1.1920993347049714e-07, 5.462024914054023e-06, 0.0, 0.0, 0.0, 1.4210854715202e-13, 0.0, 0.0, 1.4276858251688138e-05, 0.0, 7.0092011549377225e-06, 0.0, 1.1920928955078122e-07, 0.0, 6.162034905021865e-06, 2.2572862094321037e-13, 2.1691960663215392e-05, 0.0, 0.0, 3.933906555175781e-06, 0.0, 0.0, 0.0, 0.0, 2.6645384015742843e-05, 0.0, 0.0, 0.0, 0.0, 0.0, 2.3713772609577628e-05, 0.0, 2.0119259297234355e-12, 0.0, 0.0, 1.8189894035458563e-12, 9.105126367155413e-06, 9.746067179847095e-06, 0.0], [0.0, 3.3396591582502294e-12, 0.0, 0.4942160816822478, 0.0, 0.0, 0.20837339358432053, 0.0, 2.9094026447621607e-12, 0.48992509215331903, 2.2960009087887007e-12, 0.17472936283306928, 5.089149707063129e-19, 0.0, 3.399664235393316e-11, 0.0, 0.0, 0.3417005747444951, 1.3045408941688355e-10, 0.36578147601886574, 1.8210448584153034e-12, 6.92475988191683e-14, 2.562904104712721e-20, 0.0, 0.1364286747210103, 5.859561252655813e-16, 8.734619598928272e-12, 1.0, 0.0, 0.16137430628637284, 0.0, 0.0, 0.12499999999999999, 3.3409279655325746e-19, 0.0, 0.0, 0.0, 0.0, 0.0, 0.12249473603049864, 1.818989403545856e-12, 0.1250000000001541, 0.0, 1.932981994826597e-11, 0.13275195646675902, 1.534969105927328e-11, 3.831801656669461e-15, 0.48598228939664634, 0.0, 0.0, 1.6852241791733023e-13, 0.12500000000001396, 1.5632533718111363e-19, 0.16597981550855692, 2.9103830456733704e-11, 0.04563992881355222, 0.0, 1.2140836214792844e-19, 0.0, 4.443328664835215e-16, 1.4766100456333667e-13, 0.1706295467277063, 0.0, 4.56481718581799e-19, 0.12499999999999997, 0.0, 8.790934949104852e-16, 1.3271885156653418e-19, 0.0, 0.08883141447951828, 0.12500000000000172, 0.0, 1.3394582569902354e-19, 8.796710452786951e-16, 0.0, 0.21493589186667802, 0.0, 0.0906565782200471, 2.224248782950264e-19, 0.0, 1.8189894116275387e-12, 9.024740261950525e-11, 0.2525599551083854, 0.0], [0.0, 0.0, 0.0, 0.05893298972753553, 0.0, 0.020171788261496962, 0.0, 0.0, 0.0, 0.0010013145876750023, 0.0, 0.0, 0.0, 0.0, 0.0, 0.0, 0.0, 0.007753388179778674, 0.0, 0.023478222309860373, 0.0, 0.0, 0.0, 0.0, 0.0, 0.0, 0.0, 0.0, 1.0, 0.025515518153991442, 0.0, 0.0, 0.015625, 0.0, 0.0, 0.0, 0.0, 0.0, 0.0, 0.02172126885051712, 0.011823124895989343, 0.0, 0.0, 0.0, 0.0, 0.0, 0.0, 0.017748807320220775, 0.0, 0.0, 0.023437500000000003, 0.008002304995805998, 0.0, 0.0, 0.0, 0.010065626048711994, 0.0, 0.0, 0.0, 0.0, 0.0, 0.013822683389521606, 0.0, 0.0, 0.0, 0.0, 0.0, 0.0, 0.0, 0.015625000000000003, 0.015624999999999998, 0.0, 0.0, 0.0, 0.0, 0.01798995934962321, 0.0, 0.0, 0.0, 0.0, 0.0, 0.015625, 0.008694065640026057, 0.0], [0.0, 1.7316860045728503e-12, 0.1782406315916149, 0.28223914136434636, 0.0, 0.10816239670164263, 0.1509314932664867, 1.479479685717693e-07, 1.889794153881227e-12, 0.42149068322936395, 0.0010805742983616533, 0.5367582469080494, 0.00018248512368153357, 0.10937500000000001, 1.2775622575306884e-05, 0.0, 0.003185984628196497, 0.6181823607172934, 1.3600269987026534e-05, 0.625896130148466, 2.8830424708569542e-05, 0.00039899678244502933, 8.150264025819083e-05, 0.0, 0.4948522864436384, 5.4652980102757475e-14, 1.0419741155367215e-05, 0.16137430628637284, 0.025515518153991442, 1.0, 0.0006172863846438402, 0.07980478534643937, 0.3311484641616904, 0.002154239288405762, 0.0, 0.0, 6.558592686922971e-07, 0.005215065341603318, 0.05722775951059428, 0.4977349898636344, 0.20115598860347061, 0.4881848236171995, 9.000965349192664e-05, 3.541309945603398e-12, 0.540834257100107, 7.133820617510677e-06, 0.1020366281265925, 0.5184656998306705, 2.2071018038318421e-10, 0.0, 0.07126246511446, 0.25366267259609016, 1.6902027213907516e-19, 0.2882180570683256, 3.2458147203129056e-11, 0.6559841824908136, 0.0, 0.06692382245896436, 0.0, 0.0255985031934637, 1.3431182469357508e-13, 0.25985810528963876, 0.0, 0.00022949265032273805, 0.7450748707683705, 4.817370715666791e-10, 1.0942331546430744e-15, 1.6985545486549813e-19, 0.0008346741704021253, 0.4378783792525124, 0.08037188682338162, 0.0, 1.6441276079762265e-19, 0.00010107286476779089, 0.0, 0.4280202909248244, 1.1294408343369967e-08, 0.3784318008764016, 1.2703945874838302e-19, 0.01166248977755754, 0.12857087605424358, 0.04585242428095595, 0.3885005906238195, 0.0], [0.0, 0.0, 0.0, 0.0003019020581916245, 0.0, 0.0005366238351233723, 4.470348358154297e-08, 7.450580596923827e-09, 0.0, 0.00012488352735892089, 0.0, 0.00042155270087059475, 7.033275875220115e-05, 0.0, 0.00014475758332069608, 0.0, 0.0, 0.00037002784974191847, 1.1175870895385742e-08, 0.00017840887952866565, 1.2590591384995028e-05, 0.00048451456029294135, 0.0, 0.0, 0.0, 0.0, 0.0, 0.0, 0.0, 0.0006172863846438402, 1.0, 0.0, 2.9802322387695312e-08, 0.0, 0.0, 0.0, 0.0, 0.0, 0.00048828125, 0.00048244288781141426, 0.0, 6.104629141709053e-05, 0.0, 0.0, 0.00020480647739713683, 0.0, 0.0002898172212843603, 0.000142887607176496, 0.0, 0.0, 0.00042724609375, 0.00048828125, 0.0, 0.00019885884659163097, 0.0, 0.0005366015598593007, 0.0, 0.0, 0.0, 0.0, 0.0, 7.814021543324146e-05, 0.0, 0.0002437337462799319, 0.00018313899636268616, 0.0, 0.00012207031249999997, 0.0, 0.0, 0.00019844391721529067, 0.0, 0.0, 0.0, 0.0, 0.0, 0.00025878171350090986, 6.439156379901229e-09, 1.4901161193847653e-08, 0.0, 0.00018310546875, 0.0, 0.0005150737366554977, 0.00021311601627881836, 0.0], [0.0, 0.0, 0.2923399335340927, 0.14816127431566867, 0.0, 0.031529217632722595, 0.24799738752406322, 0.0, 0.0, 0.1637803373693027, 0.0009765624999999998, 0.14888301967205436, 4.412334298503867e-06, 0.0423399335340927, 7.629394531270817e-06, 0.0, 0.0, 0.2727771041595191, 3.835070952207694e-06, 0.20872913636006135, 3.469446951953614e-18, 0.0, 0.0, 0.0, 0.0014668401853682542, 1.3877787807814457e-17, 6.218753340303127e-06, 0.0, 0.0, 0.07980478534643937, 0.0, 1.0, 0.15770379261394993, 0.00048828124999999995, 0.0, 0.0, 1.1920928955078125e-07, 0.0026583775534047673, 0.06350990030113905, 0.12180465305646407, 0.09189437273318807, 3.884724302149418e-06, 2.531008921421192e-06, 1.3877787807814457e-17, 0.054263380021356944, 4.5499937039896377e-07, 0.24175503157011782, 0.0516720783432057, 0.0, 0.0, 0.00048828125, 0.062499999999999986, 0.0, 0.09536347957613998, 0.0, 0.1653928618745642, 0.0, 0.04883629159890606, 0.0, 1.0728836059570312e-06, 0.0, 0.2777069783603239, 0.0, 0.0, 0.06640636920928954, 0.0, 0.0, 0.0, 0.004420893994247334, 0.1552045974027062, 0.09465152380328072, 0.0, 0.0, 0.0, 0.0, 0.07399039418516662, 0.0, 0.153077956363823, 0.0, 0.0, 0.007682313548287524, 0.0014668703079223685, 0.2961100570497538, 0.0], [0.0, 0.0, 0.10001531549992379, 0.2807608651965185, 0.0, 0.037515315499923804, 0.5403321383302034, 9.137666566295873e-08, 0.0, 0.24812206475896562, 5.8142915374637335e-08, 0.4214922787167333, 0.0, 0.03751531549992381, 0.0, 0.0, 0.0, 0.26308479059143236, 2.988699481964267e-07, 0.4421201009073933, 0.0, 0.0, 0.0, 0.0, 0.0893850168616596, 0.0, 5.960464477539061e-08, 0.12499999999999999, 0.015625, 0.3311484641616904, 2.9802322387695312e-08, 0.15770379261394993, 1.0, 0.0, 0.0, 0.0, 0.0, 0.0, 0.037515315499923804, 0.3244784709720375, 0.1852932947044038, 0.1250009648094835, 0.0, 0.0, 0.3916416581553712, 2.3841857910156247e-07, 0.08213162913583288, 0.32046487659171086, 0.0, 0.0, 0.05468749999999999, 0.20950633873846647, 0.0, 0.30509152589451927, 0.0, 0.2742237777860728, 0.0, 0.06692364364503003, 0.0, 5.960464477539061e-08, 0.0, 0.10037383625238114, 0.0, 0.0, 0.3750000447034836, 0.0, 0.0, 0.0, 0.0, 0.31631993369434064, 0.636720137534376, 0.0, 0.0, 0.0, 0.0, 0.4696769609935194, 0.0, 0.31667468377289043, 0.0, 0.0, 0.03938287736328778, 0.06250008940696715, 0.37318958826012427, 0.0], [0.0, 0.0, 0.0, 0.00341796875, 0.0, 0.0026075164178319754, 0.0030447788188734926, 0.0, 0.0, 0.008052701848061363, 0.0, 3.231291778868815e-19, 0.0, 0.0, 0.0, 0.0, 0.004784159653873394, 0.0004889545937839649, 6.776263578034402e-21, 0.003188534656596526, 0.0, 0.0, 6.776263578034403e-21, 0.0, 0.00390625, 0.0, 0.0, 3.3409279655325746e-19, 0.0, 0.002154239288405762, 0.0, 0.00048828124999999995, 0.0, 1.0, 0.0, 0.0, 0.0, 0.0031738281250000004, 0.0019531249999999998, 0.0011855270798577524, 0.0, 6.776263578034402e-21, 0.0, 0.0, 0.0026796653928517007, 6.690678698377092e-21, 0.004150390625, 0.002422439337169941, 0.0, 0.0, 0.003662109374999999, 0.0, 6.776263578034403e-21, 0.0019933998557805817, 0.0, 0.006552824141652664, 0.0, 0.0, 0.0, 0.0078125, 2.2907565341186984e-19, 0.00789606121719627, 0.0, 8.73279822135977e-19, 0.0078125, 0.0, 0.0, 0.0, 0.0019513584781878104, 0.0033609907607809342, 0.0, 0.0, 0.0, 0.0, 0.0, 0.00157037158