"{\"names\": [\"172.217.10.1\", \"104.88.86.240\", \"38.93.140.48\", \"192.168.10.15\", \"104.88.108.223\", \"195.142.105.15\", \"172.217.12.163\", \"206.217.206.48\", \"172.217.6.228\", \"178.255.83.1\", \"74.119.118.82\", \"192.168.10.9\", \"172.217.7.6\", \"35.186.227.40\", \"31.13.71.36\", \"206.126.112.142\", \"151.101.2.49\", \"192.168.10.25\", \"172.217.3.98\", \"192.168.10.16\", \"72.30.202.150\", \"172.217.12.132\", \"50.31.164.173\", \"162.208.20.178\", \"23.15.4.16\", \"216.58.217.99\", \"172.217.6.198\", \"172.217.12.174\", \"169.46.44.40\", \"192.168.10.17\", \"52.84.143.130\", \"104.19.195.102\", \"216.200.232.61\", \"104.97.73.166\", \"152.163.13.79\", \"192.229.163.25\", \"74.119.118.86\", \"54.225.188.92\", \"188.165.145.88\", \"192.168.10.14\", \"8.43.72.98\", \"199.96.57.6\", \"68.67.178.110\", \"104.88.70.158\", \"192.168.10.19\", \"69.172.216.56\", \"157.240.18.35\", \"172.217.11.34\", \"185.54.150.20\", \"69.169.85.7\", \"198.232.124.194\", \"74.119.118.72\", \"172.217.12.134\", \"192.168.10.5\", \"23.111.9.30\", \"192.168.10.8\", \"151.101.66.2\", \"68.67.178.199\", \"213.239.195.215\", \"138.108.7.20\", \"52.84.145.87\", \"192.168.10.50\", \"52.84.145.198\", \"52.40.24.51\", \"212.77.100.137\", \"185.54.150.115\", \"172.217.10.138\", \"152.163.66.165\", \"52.84.137.78\", \"192.168.10.51\", \"68.67.178.109\", \"129.146.14.96\", \"54.152.24.232\", \"172.217.10.33\", \"52.8.229.108\", \"192.168.10.12\", \"64.147.131.201\", \"172.217.12.206\", \"68.67.180.12\", \"172.217.10.134\", \"38.69.238.16\", \"172.217.10.142\", \"192.168.10.3\", \"172.217.6.202\"], \"funcEdges\": [[1.0, 0.0, 0.0, 0.0, 0.0, 0.0, 0.0, 0.0, 0.0, 0.0, 0.0, 0.0, 0.0, 0.0, 0.0, 0.0, 0.0, 0.0, 0.0, 0.0, 0.0, 0.0, 0.0, 0.0, 0.0, 0.0, 0.0, 0.0, 0.0, 0.0, 0.0, 0.0, 0.0, 0.0, 0.0, 0.0, 0.0, 0.0, 0.0, 0.0, 0.0, 0.0, 0.0, 0.0, 0.0, 0.0, 0.0, 0.0, 0.0, 0.0, 0.0, 0.0, 0.0, 0.0, 0.0, 0.0, 0.0, 0.0, 0.0, 0.0, 0.0, 0.0, 0.0, 0.0, 0.0, 0.0, 0.0, 0.0, 0.0, 0.0, 0.0, 0.0, 0.0, 0.0, 0.0, 0.0, 0.0, 0.0, 0.0, 0.0, 0.0, 0.0, 0.0, 0.0], [0.0, 1.0, 0.0, 2.866935678496635e-18, 0.0, 0.0, 0.0, 0.0, 1.8513643289905897e-18, 3.2027298854270665e-18, 4.532729820127985e-19, 1.6352291049505992e-18, 0.0, 0.0, 1.1844987928048877e-18, 0.0, 0.0, 1.2110696857653655e-18, 2.0945780420159817e-18, 1.2789725575413354e-18, 6.989182224634311e-22, 5.1599700753162726e-20, 0.0, 0.0, 9.90652823244288e-21, 8.299194064395253e-21, 4.623151311662644e-19, 3.18494716477416e-18, 0.0, 1.6514644666412833e-18, 0.0, 0.0, 0.0, 0.0, 0.0, 0.0, 0.0, 0.0, 0.0, 1.6338317753825832e-18, 0.0, 1.2047249742239713e-19, 0.0, 0.0, 2.654689185667907e-18, 1.7150564666598967e-18, 4.193509334780588e-21, 1.2810878028329196e-20, 0.0, 0.0, 1.0842021724855044e-19, 3.3881317890172014e-21, 0.0, 3.1495543179401164e-18, 0.0, 2.101259957212546e-18, 0.0, 0.0, 0.0, 0.0, 2.213118417172067e-20, 2.27975190981236e-18, 0.0, 0.0, 0.0, 0.0, 0.0, 0.0, 0.0, 2.0711455395564207e-18, 0.0, 0.0, 0.0, 0.0, 0.0, 1.1820993157798465e-18, 0.0, 1.8698003647608815e-18, 0.0, 0.0, 0.0, 3.9878208786896873e-20, 3.737369359823409e-18, 0.0], [0.0, 0.0, 1.0, 1.2984343183559346e-07, 0.0, 3.611234306997637e-08, 2.451997502224884e-07, 0.0, 0.0, 1.3832741428574512e-07, 0.0, 1.316138147115331e-07, 0.0, 1.1920928955078125e-07, 0.0, 0.0, 0.0, 3.3508605614986406e-07, 0.0, 2.583955211157982e-07, 0.0, 0.0, 0.0, 0.0, 0.0, 0.0, 0.0, 0.0, 0.0, 1.699835124889516e-07, 0.0, 2.7879708627137443e-07, 9.538203763954524e-08, 0.0, 0.0, 0.0, 0.0, 0.0, 2.98023223876953e-08, 2.0248082280501213e-07, 1.0780682544491759e-07, 6.070739356627394e-09, 0.0, 0.0, 1.4262154991897031e-07, 0.0, 2.3769316058357402e-07, 5.37051236639533e-08, 0.0, 0.0, 0.0, 5.960464477539061e-08, 0.0, 9.950018492927947e-08, 0.0, 1.0796788847899624e-07, 0.0, 4.6573803319565306e-08, 0.0, 6.070739356627393e-09, 0.0, 2.4817085419061064e-07, 0.0, 0.0, 5.960464477539061e-08, 0.0, 0.0, 0.0, 0.0, 1.3479250144842843e-07, 3.48767397664518e-08, 0.0, 0.0, 0.0, 0.0, 1.3323135584451408e-07, 0.0, 1.3461500427438982e-07, 0.0, 6.070739356627394e-09, 8.204618749640838e-08, 8.347266615362667e-09, 2.856221861487274e-07, 0.0], [0.0, 2.866935678496635e-18, 1.2984343183559346e-07, 1.0, 0.0, 9.35654144781438e-08, 0.00028442469567189186, 2.0308511340722955e-13, 4.433319517455435e-18, 0.2675675186633035, 0.008182786330405431, 0.16955447169219504, 1.551320664681057e-10, 3.334914311771343e-08, 2.516633334534544e-10, 0.0, 3.839186417098014e-09, 0.5381644402143833, 1.4821599325512463e-11, 0.1969864712264632, 0.0008726371245664994, 2.0751164506983527e-10, 1.2133534530999835e-10, 0.0, 0.025014914420698735, 2.345429368432261e-20, 1.5204363517580617e-11, 0.0005857700896512092, 5.6202878692184e-08, 0.7056487926755286, 0.008110223177879515, 4.4784520448999595e-06, 2.677544261899171e-07, 7.88921450969725e-06, 0.0, 2.1382975225960614e-06, 0.008299110585720984, 6.644296415140604e-09, 4.593518076500613e-08, 0.32274556968698814, 2.5267957180133736e-07, 0.22800300638166437, 0.4356745088280031, 1.4984906490284428e-17, 0.6636700194988996, 4.0433150346637453e-11, 0.014465995060173577, 0.0016628761365157685, 0.0357330438722435, 0.0007401636910666113, 0.006190007793189481, 0.04354670416606556, 1.9999283698047315e-25, 0.5471532853383376, 4.514608030802343e-17, 0.4187325781522235, 0.5897466836693093, 0.18953018610972755, 0.0, 0.5103081414005758, 0.03250882862196539, 0.7919956576422041, 0.17304042359877833, 1.299943574643766e-10, 1.6089973296633277e-07, 0.05738400511365596, 3.59780537189134e-10, 0.27808887398821247, 0.001595166177289084, 0.6169742501253865, 0.000345160266463078, 0.0075967207984742454, 0.12007932279211803, 3.8620131248113926e-11, 0.0, 0.6882240515392023, 0.5385846224561608, 0.15100946874411855, 0.1791953452342817, 5.135719026203423e-09, 9.330343683583416e-08, 3.2121914404704554e-08, 0.4304081343782331, 0.03991608611683857], [0.0, 0.0, 0.0, 0.0, 1.0, 0.0, 0.0, 0.0, 0.0, 0.0, 0.0, 0.0, 0.0, 0.0, 0.0, 0.0, 0.0, 0.0, 0.0, 0.0, 0.0, 0.0, 0.0, 0.0, 0.0, 0.0, 0.0, 0.0, 0.0, 0.0, 0.0, 0.0, 0.0, 0.0, 0.0, 0.0, 0.0, 0.0, 0.0, 0.0, 0.0, 0.0, 0.0, 0.0, 0.0, 0.0, 0.0, 0.0, 0.0, 0.0, 0.0, 0.0, 0.0, 0.0, 0.0, 0.0, 0.0, 0.0, 0.0, 0.0, 0.0, 0.0, 0.0, 0.0, 0.0, 0.0, 0.0, 0.0, 0.0, 0.0, 0.0, 0.0, 0.0, 0.0, 0.0, 0.0, 0.0, 0.0, 0.0, 0.0, 0.0, 0.0, 0.0, 0.0], [0.0, 0.0, 3.611234306997637e-08, 9.35654144781438e-08, 0.0, 1.0, 1.864475799596739e-08, 0.0, 0.0, 1.1493678740436927e-07, 2.3616951916579856e-09, 3.269949467145111e-08, 1.3387277974706337e-10, 2.9802322387695303e-08, 2.2024325510423774e-10, 0.0, 1.7163377992165508e-09, 8.591124927180767e-08, 0.0, 6.315443614259645e-08, 1.1764726430175626e-10, 4.382259610967796e-10, 0.0, 0.0, 6.540891879792448e-09, 0.0, 0.0, 0.0, 1.9237316380974734e-08, 1.0315169973530066e-07, 5.117643691285823e-10, 3.0068605072710604e-08, 3.577739286415463e-08, 2.486721437293983e-09, 0.0, 0.0, 0.0, 5.809798521086767e-09, 4.155097272829186e-08, 6.156498344197118e-08, 1.0757009910362011e-07, 1.2515074817475379e-08, 0.0, 0.0, 5.5960927300827596e-08, 0.0, 1.9074495878363563e-08, 7.734535428470442e-08, 0.0, 0.0, 6.029586566767577e-08, 5.2141516978631185e-08, 0.0, 1.4017196721248174e-07, 0.0, 1.1348560126118372e-07, 0.0, 0.0, 0.0, 1.9066922128390587e-08, 0.0, 8.140302822967725e-08, 0.0, 8.781263558291504e-11, 1.4498799187370486e-08, 0.0, 2.060147517205475e-10, 0.0, 2.439270941792294e-09, 7.389567637160827e-08, 5.411405614742652e-08, 0.0, 0.0, 0.0, 0.0, 7.589387160696024e-08, 0.0, 3.024083015743937e-08, 0.0, 5.7307080754766225e-09, 6.240563535885172e-08, 5.608863118322888e-09, 6.156524951390218e-08, 0.0], [0.0, 0.0, 2.451997502224884e-07, 0.00028442469567189186, 0.0, 1.864475799596739e-08, 1.0, 7.105427357601002e-15, 0.0, 0.00011977254910152586, 1.8689832443046383e-05, 0.00035177101943977056, 1.793706104616652e-11, 0.0, 3.7367015032510715e-12, 0.0, 9.812436909944544e-10, 0.0003326073663457392, 5.0786430110462446e-12, 0.00022809705149015044, 0.00012303407888916002, 1.4397804949403665e-11, 1.1332095656518947e-10, 0.0, 0.00012212400297609123, 0.0, 6.017788157492486e-12, 0.0002002458665666434, 0.0, 0.00018753038537718642, 4.263256414560601e-14, 4.8899481610205317e-05, 5.153008826543841e-07, 2.0091047357237328e-05, 0.0, 1.7026208870659703e-05, 5.902622779150155e-06, 4.840037666549034e-09, 1.0189323446604335e-08, 0.0004886870987737924, 9.567116270244955e-08, 0.00013685672564911058, 1.1043553363855449e-10, 0.0, 0.00020740734594979667, 3.537175330189319e-11, 0.00016781524834060053, 0.0004335718977971759, 8.844009705203393e-16, 0.0004952525214235428, 7.927514169183726e-07, 5.713456579948281e-08, 0.0, 0.00022708993409160905, 0.0, 0.0004120301598638945, 0.0, 8.727489031317744e-09, 0.0, 1.639075799787583e-08, 0.0, 0.00015619689906191028, 0.0, 0.0, 1.6446113994800053e-07, 1.3300736902100015e-15, 0.0, 1.6901246834814862e-05, 1.133784003879713e-09, 0.00048092386370782126, 4.7255034143339564e-05, 0.0001220703125, 0.0, 3.993012596445829e-11, 0.0, 0.0002573047824936886, 0.00019933998559002968, 3.575528329469815e-06, 0.00012207031250000003, 1.750242274002134e-08, 1.6130399196124524e-08, 1.2383377621645166e-08, 0.00044217266109432783, 0.0], [0.0, 0.0, 0.0, 2.0308511340722955e-13, 0.0, 0.0, 7.105427357601002e-15, 1.0, 0.0, 1.3459964487080287e-13, 1.4144263641677014e-13, 1.6763943698300768e-13, 0.0, 0.0, 0.0, 0.0, 0.0, 1.3409802827448167e-13, 4.3698567807933857e-14, 1.0241867817522318e-13, 0.0, 0.0, 0.0, 0.0, 1.0560312566304536e-13, 0.0, 2.70006239588838e-13, 0.0, 0.0, 1.4109417779137545e-13, 7.105427357601001e-15, 0.0, 8.714357916160462e-14, 0.0, 0.0, 0.0, 0.0, 0.0, 0.0, 3.5984349003198027e-13, 0.0, 4.867189645593405e-15, 0.0, 0.0, 1.342352488074397e-13, 0.0, 2.70006239588838e-13, 0.0, 0.0, 0.0, 0.0, 0.0, 0.0, 1.5453080173091863e-13, 0.0, 7.094207629883617e-14, 0.0, 0.0, 0.0, 2.70006239588838e-13, 0.0, 2.08458744784184e-13, 0.0, 0.0, 5.1514855065914557e-14, 0.0, 0.0, 0.0, 0.0, 1.2951481562631637e-13, 0.0, 0.0, 0.0, 0.0, 0.0, 2.753720634963152e-13, 0.0, 0.0, 0.0, 0.0, 0.0, 1.06581410364015e-13, 9.052023979325952e-14, 0.0], [0.0, 1.8513643289905897e-18, 0.0, 4.433319517455435e-18, 0.0, 0.0, 0.0, 0.0, 1.0, 2.441027856212724e-18, 4.954161217883083e-19, 3.40095060979352e-18, 0.0, 0.0, 3.548380182705445e-18, 0.0, 0.0, 2.565258160939648e-18, 2.0074097688791333e-18, 2.840275451520099e-18, 0.0, 1.1750893419378805e-19, 0.0, 0.0, 1.189704743260545e-19, 5.3944761418569145e-20, 7.37367478857878e-19, 2.7746225783940894e-18, 0.0, 1.8022481478512067e-18, 0.0, 0.0, 0.0, 0.0, 0.0, 0.0, 0.0, 0.0, 0.0, 3.4335932272282463e-18, 0.0, 1.0842021724855044e-19, 0.0, 4.679161824025231e-20, 2.94350844242168e-18, 6.927805003737734e-19, 0.0, 0.0, 0.0, 0.0, 1.3025630576066818e-19, 0.0, 0.0, 8.494441381982153e-19, 0.0, 3.728612958366119e-18, 0.0, 0.0, 0.0, 0.0, 7.526777723426794e-20, 2.28851824849143e-18, 0.0, 0.0, 0.0, 0.0, 0.0, 0.0, 0.0, 2.9388515835358462e-18, 0.0, 0.0, 0.0, 0.0, 0.0, 4.543263972589757e-18, 0.0, 1.3163978503175987e-18, 0.0, 0.0, 0.0, 0.0, 2.1322137436458024e-18, 0.0], [0.0, 3.2027298854270665e-18, 1.3832741428574512e-07, 0.2675675186633035, 0.0, 1.1493678740436927e-07, 0.00011977254910152586, 1.3459964487080287e-13, 2.441027856212724e-18, 1.0, 0.008502579251273604, 0.14629559245437787, 2.430179505748029e-10, 4.826643050783371e-08, 9.951838779859124e-11, 0.0, 3.926800762822702e-09, 0.2899652502624671, 4.1682750479407545e-12, 0.2502249988843679, 0.0004563299736474222, 1.3514775223663778e-10, 3.4127116945199426e-11, 0.0, 0.0810055399830026, 2.6544020215222435e-20, 1.278866700599676e-11, 0.00034004296201665637, 9.54928004908564e-10, 0.1524906992208578, 0.006664362435972652, 5.3114835985893954e-05, 2.3662764049431383e-07, 1.819795570901521e-05, 0.0, 2.2602586735524246e-05, 0.006609205188702127, 3.4022785225966196e-09, 6.539927035092455e-08, 0.11630122472762094, 1.88558373986719e-07, 0.12796056330813935, 5.984208252212251e-11, 2.7112692550941455e-20, 0.31926912699970367, 7.916854610585988e-11, 0.002738964089228191, 0.000799012248659064, 0.11742643348965492, 9.420917538696872e-05, 0.005624122228495163, 0.10813464947319094, 1.060101399103739e-25, 0.37655186669741125, 1.1666538615984174e-18, 0.012443469968190174, 0.1774493391866821, 0.20658696347171304, 0.0, 0.16229053386278527, 0.04596602080047834, 0.24159407156724333, 0.10818397084403128, 9.174795717719895e-12, 2.5880549751234174e-07, 0.21037461774115968, 4.656612873082231e-10, 0.36181895305567435, 0.003959226380995802, 0.15550786293108373, 5.770691558231719e-06, 0.004100692986401946, 0.0666610198125336, 6.52870684457199e-11, 0.0, 0.2156217605704759, 0.27406431548787435, 0.21829060284634128, 0.2133296977155641, 9.253254568708858e-09, 1.1151676306678274e-07, 6.787343720021142e-08, 0.2096176765501796, 0.007923248029565705], [0.0, 4.532729820127985e-19, 0.0, 0.008182786330405431, 0.0, 2.3616951916579856e-09, 1.8689832443046383e-05, 1.4144263641677014e-13, 4.954161217883083e-19, 0.008502579251273604, 1.0, 0.004167186751100806, 1.2447692610560648e-11, 0.0, 1.455192444755676e-11, 0.0, 9.273251458612007e-10, 0.004871348877756115, 5.926211838474769e-14, 0.005944673631403103, 1.7404769233183814e-18, 1.3445429467824168e-19, 0.0, 0.0, 1.884670517585605e-09, 1.7357728323777487e-20, 1.3160583543657292e-13, 7.62939453125219e-06, 0.0, 0.008633501543452831, 0.0, 9.313225746154783e-10, 5.5449405073773703e-14, 7.629394531249998e-06, 0.0, 7.62939453125e-06, 0.0, 1.938702538112302e-09, 0.0, 0.006322258574865328, 1.734723475976807e-18, 7.629409083165338e-06, 0.0, 1.0842021724855044e-19, 0.0038653195361040634, 1.1352849199302942e-19, 0.00391388094453853, 2.2096347212971783e-09, 0.0, 0.0, 1.3552527156068805e-19, 1.162119616185615e-21, 0.0, 0.012577698097895003, 0.0, 0.0015947235501678604, 0.0, 0.0, 0.0, 1.3160396561134186e-13, 4.6904417761050356e-20, 0.00910135611712845, 0.0, 0.0, 9.31379418034339e-10, 0.0, 3.1271192584734655e-22, 1.056654251088858e-05, 9.313225746154783e-10, 0.0028224194023976365, 1.651742824258566e-21, 0.003906249999999999, 0.003906249999999999, 1.455191522875627e-11, 0.0, 0.00483350451158336, 0.009215122259681071, 2.3814560636330626e-19, 0.0, 0.0, 1.7347234759768075e-18, 9.315778942372212e-10, 0.005942221603851322, 0.0], [0.0, 1.6352291049505992e-18, 1.316138147115331e-07, 0.16955447169219504, 0.0, 3.269949467145111e-08, 0.00035177101943977056, 1.6763943698300768e-13, 3.40095060979352e-18, 0.14629559245437787, 0.004167186751100806, 1.0, 1.4284984791348124e-10, 2.9802322387695303e-08, 1.4110004138479406e-10, 0.0, 0.0, 0.25549012294321205, 8.227388038868464e-12, 0.5784696300676657, 0.0006409120626117878, 1.993166584982863e-10, 2.967368257379703e-11, 0.0, 0.0530116267232271, 4.203520103548444e-20, 1.25165439749426e-11, 0.00043083876326547937, 0.0, 0.5256616092694539, 0.006999121885921758, 1.8200337509995336e-05, 4.019663607756932e-07, 2.059355296792289e-05, 0.0, 2.7717538161128632e-05, 0.00859101568567847, 0.0, 3.610578182966836e-08, 0.6536310821391114, 1.4763960214491207e-07, 0.1617776871051684, 0.14071837872377468, 2.5842358592842735e-17, 0.41269398135039526, 8.848425026070501e-11, 0.016496215204048564, 0.0014849829887829031, 0.11595268339946027, 0.0007117639847976556, 0.006819734558375466, 0.11713644138608302, 2.058545178708017e-25, 0.7066917926933244, 6.995023531320539e-17, 0.2045765502298384, 0.4106998406810677, 0.13490557810102943, 0.0, 0.36514634416108527, 0.10781879583149577, 0.3139117638848315, 0.13732100639311703, 2.3244261386864894e-10, 3.8289986595472456e-07, 0.16098386614690996, 4.343226712111832e-10, 0.07102509738858503, 0.000281180548225417, 0.3257661496691441, 0.008344646430283835, 0.005083653050161659, 0.06134022359816628, 2.9947139519459744e-11, 0.0, 0.3510259882414051, 0.4715092672436435, 0.31011065925637077, 0.24629021623266392, 4.527947156358408e-09, 1.1165665107857008e-07, 1.4969142855127514e-08, 0.6757016955808811, 0.0397622141063361], [0.0, 0.0, 0.0, 1.551320664681057e-10, 0.0, 1.3387277974706337e-10, 1.793706104616652e-11, 0.0, 0.0, 2.430179505748029e-10, 1.2447692610560648e-11, 1.4284984791348124e-10, 1.0, 0.0, 6.401874799800309e-11, 0.0, 0.0, 1.5693718223587822e-10, 1.5283346604386956e-11, 2.2718093438699376e-10, 9.029449134184584e-11, 8.891386776002271e-13, 2.957392995569135e-11, 0.0, 5.919658947166052e-11, 0.0, 1.2758381421185038e-11, 4.853391367972497e-25, 0.0, 1.7403137558129651e-10, 6.707454562397113e-11, 4.207929895881526e-12, 0.0, 0.0, 0.0, 0.0, 0.0, 0.0, 0.0, 1.4900875815007117e-10, 0.0, 1.303967002138485e-10, 4.217656629615828e-11, 0.0, 1.891991782259554e-10, 7.549558369916322e-11, 2.1775829722052152e-10, 6.707454562397113e-11, 0.0, 0.0, 0.0, 0.0, 2.0679515313825692e-25, 1.6414145630940058e-10, 0.0, 1.0379834459742322e-10, 0.0, 1.160826806492459e-25, 0.0, 1.5047561440012e-11, 1.0339757656912844e-25, 2.1522085459916726e-10, 0.0, 5.4192085063716725e-11, 3.469645430640836e-10, 0.0, 0.0, 1.0339757656912845e-25, 0.0, 1.5840898388177615e-10, 0.0, 0.0, 2.0679515313825692e-25, 7.072416239478946e-11, 0.0, 3.8103581161834093e-10, 0.0, 1.0339757656912845e-25, 2.3273104189158054e-25, 6.707454562397113e-11, 0.0, 1.0615719029290425e-10, 1.4158329179633976e-10, 0.0], [0.0, 0.0, 1.1920928955078125e-07, 3.334914311771343e-08, 0.0, 2.9802322387695303e-08, 0.0, 0.0, 0.0, 4.826643050783371e-08, 0.0, 2.9802322387695303e-08, 0.0, 1.0, 0.0, 0.0, 0.0, 9.1937766942942e-08, 0.0, 1.0341735091635097e-07, 0.0, 0.0, 0.0, 0.0, 0.0, 0.0, 0.0, 0.0, 0.0, 1.0430812835693361e-07, 0.0, 4.0378507169811913e-08, 3.5777392864154636e-08, 0.0, 0.0, 0.0, 0.0, 0.0, 2.980232238769531e-08, 1.1764573446165892e-07, 4.336433632782411e-08, 0.0, 0.0, 0.0, 1.189254895138712e-07, 0.0, 0.0, 3.8981853203799635e-08, 0.0, 0.0, 0.0, 0.0, 0.0, 3.068635632433706e-08, 0.0, 2.9164558186471575e-08, 0.0, 0.0, 0.0, 0.0, 0.0, 3.824514219623785e-09, 0.0, 0.0, 0.0, 0.0, 0.0, 0.0, 0.0, 2.9802322387695303e-08, 3.48767397664518e-08, 0.0, 0.0, 0.0, 0.0, 9.35154605570717e-08, 0.0, 2.9802322387695303e-08, 0.0, 0.0, 7.300048299977715e-08, 0.0, 4.5777832101566246e-08, 0.0], [0.0, 1.1844987928048877e-18, 0.0, 2.516633334534544e-10, 0.0, 2.2024325510423774e-10, 3.7367015032510715e-12, 0.0, 3.548380182705445e-18, 9.951838779859124e-11, 1.455192444755676e-11, 1.4110004138479406e-10, 6.401874799800309e-11, 0.0, 1.0, 0.0, 0.0, 3.4253815846360565e-10, 6.578396743320877e-12, 1.54412647208655e-10, 5.7491050765475404e-18, 1.634486104220962e-10, 3.125934714004131e-12, 0.0, 7.74425507392406e-12, 5.801313809576176e-22, 6.6083790933615234e-12, 3.242172465699497e-17, 0.0, 1.2183783126170048e-11, 1.380515893179856e-10, 7.275957614203278e-12, 0.0, 0.0, 0.0, 0.0, 0.0, 0.0, 1.3805158931798558e-10, 2.1944471633918735e-10, 1.0145447185686893e-17, 3.154727923682476e-11, 6.104438627141892e-12, 1.985233470127266e-23, 5.965847429810848e-11, 8.693059675084498e-19, 2.7841322050912144e-10, 3.382309145357557e-10, 2.1048563040083333e-16, 0.0, 2.0707738397697844e-10, 1.3805184981559135e-10, 0.0, 8.747595853260614e-11, 2.7755575615628914e-17, 1.713359020242436e-10, 0.0, 6.61744490042422e-24, 0.0, 3.6379788070917125e-12, 0.0, 4.353897432714529e-10, 0.0, 0.0, 4.965517524642025e-11, 2.2204460492503136e-16, 4.60171964397299e-11, 0.0, 0.0, 5.120220385418064e-10, 2.4163213100725607e-16, 0.0, 0.0, 2.1827872842846525e-11, 0.0, 4.2130726225287185e-10, 2.220446049250313e-16, 4.606993680960935e-18, 0.0, 4.601719643932853e-11, 1.0145444704145056e-17, 1.978164758228356e-10, 3.70754215827746e-10, 0.0], [0.0, 0.0, 0.0, 0.0, 0.0, 0.0, 0.0, 0.0, 0.0, 0.0, 0.0, 0.0, 0.0, 0.0, 0.0, 1.0, 0.0, 0.0, 0.0, 0.0, 0.0, 0.0, 0.0, 0.0, 0.0, 0.0, 0.0, 0.0, 0.0, 0.0, 0.0, 0.0, 0.0, 0.0, 0.0, 0.0, 0.0, 0.0, 0.0, 0.0, 0.0, 0.0, 0.0, 0.0, 0.0, 0.0, 0.0, 0.0, 0.0, 0.0, 0.0, 0.0, 0.0, 0.0, 0.0, 0.0, 0.0, 0.0, 0.0, 0.0, 0.0, 0.0, 0.0, 0.0, 0.0, 0.0, 0.0, 0.0, 0.0, 0.0, 0.0, 0.0, 0.0, 0.0, 0.0, 0.0, 0.0, 0.0, 0.0, 0.0, 0.0, 0.0, 0.0, 0.0], [0.0, 0.0, 0.0, 3.839186417098014e-09, 0.0, 1.7163377992165508e-09, 9.812436909944544e-10, 0.0, 0.0, 3.926800762822702e-09, 9.273251458612007e-10, 0.0, 0.0, 0.0, 0.0, 0.0, 1.0, 4.003297618007956e-09, 0.0, 5.792350042384635e-10, 0.0, 0.0, 0.0, 0.0, 5.488548621246171e-09, 0.0, 0.0, 0.0, 0.0, 3.038391712376115e-09, 0.0, 0.0, 0.0, 4.562530187486071e-09, 0.0, 0.0, 0.0, 4.9427410364432445e-09, 3.0416867916573813e-09, 3.077396172115517e-09, 0.0, 0.0, 0.0, 0.0, 4.1731598497271835e-09, 0.0, 1.1005870106407793e-09, 3.864004106486574e-09, 0.0, 0.0, 3.0416867916573805e-09, 0.0, 0.0, 1.3901354561584303e-09, 0.0, 1.2885820791793532e-09, 0.0, 0.0, 0.0, 4.562530187486072e-09, 0.0, 4.074214642374931e-09, 0.0, 0.0, 4.562530187486072e-09, 0.0, 0.0, 0.0, 0.0, 3.3912584800256753e-09, 0.0, 0.0, 0.0, 0.0, 0.0, 5.174560887520204e-09, 0.0, 0.0, 0.0, 2.34740241547154e-09, 4.562530187486072e-09, 3.041686791657381e-09, 6.197642811601487e-09, 0.0], [0.0, 1.2110696857653655e-18, 3.3508605614986406e-07, 0.5381644402143833, 0.0, 8.591124927180767e-08, 0.0003326073663457392, 1.3409802827448167e-13, 2.565258160939648e-18, 0.2899652502624671, 0.004871348877756115, 0.25549012294321205, 1.5693718223587822e-10, 9.1937766942942e-08, 3.4253815846360565e-10, 0.0, 4.003297618007956e-09, 1.0, 1.586522496092795e-11, 0.4686038799542657, 0.00039801207741191303, 2.0255056691715645e-10, 8.511742224187651e-11, 0.0, 0.11665674119829565, 1.3816264054848302e-20, 9.317341743963785e-12, 0.0006797098377438256, 7.394207172182726e-09, 0.4663887339761832, 0.005806220658698098, 1.907944356288608e-05, 2.508972078241657e-07, 1.5070492131188028e-05, 0.0, 7.838439809524327e-06, 0.0057777616541751465, 7.829782139579355e-09, 2.895861348973796e-08, 0.4435363043971671, 2.5114434498356634e-07, 0.1503120057571501, 0.49993753783034955, 3.875236049369909e-17, 0.6458659604490108, 7.756759583883073e-11, 0.03879883411343511, 0.0018350149161675024, 0.19033801605919107, 0.000527114873324725, 0.0042595891037710875, 0.1788746476220736, 2.282476935749402e-25, 0.3283808619266045, 2.455401817784094e-17, 0.4824628485896513, 0.5897573399117554, 0.025978282126460594, 0.0, 0.697070942589868, 0.022348246508951747, 0.6232527049923288, 0.27954706606390406, 1.383265070889784e-10, 4.1965196837171154e-07, 0.3164778018952724, 1.2597591854421032e-10, 0.24441336631467586, 0.004874223298050221, 0.5384512626480903, 0.021662488208204433, 0.011153839222781287, 0.08186769538470154, 1.0315122865229096e-10, 0.0, 0.6782782838941053, 0.6499772659120591, 0.14467339564650453, 0.3330403348108041, 1.2504444882135488e-08, 1.007721981123811e-07, 1.8615606441509253e-08, 0.6706054335681658, 0.010117415348010896], [0.0, 2.0945780420159817e-18, 0.0, 1.4821599325512463e-11, 0.0, 0.0, 5.0786430110462446e-12, 4.3698567807933857e-14, 2.0074097688791333e-18, 4.1682750479407545e-12, 5.926211838474769e-14, 8.227388038868464e-12, 1.5283346604386956e-11, 0.0, 6.578396743320877e-12, 0.0, 0.0, 1.586522496092795e-11, 1.0, 4.3276397340015965e-12, 6.6134272923149635e-18, 4.367357538647414e-12, 3.806922497996015e-12, 0.0, 2.8918887574855304e-12, 0.0, 6.348043282594235e-12, 1.2441071454704623e-16, 0.0, 1.2970228182817968e-11, 1.0658141036401503e-14, 3.657408668716139e-12, 2.8502459354059856e-13, 6.462348535570528e-27, 0.0, 0.0, 1.71260013515158e-13, 0.0, 0.0, 1.4837355694700592e-11, 1.684606807643323e-17, 1.5784531772052793e-11, 6.788572631644103e-12, 1.673386161009664e-18, 1.5642115436671938e-11, 3.984919140800291e-13, 4.2487695383314765e-12, 1.0099797536167729e-20, 0.0, 0.0, 0.0, 1.3539519640684726e-20, 6.844019563570149e-26, 2.0230844590259445e-11, 2.7755575615628914e-17, 6.250506129112081e-12, 0.0, 1.711034263314124e-13, 0.0, 1.586038349121749e-11, 1.0339757656912848e-25, 9.802470911228777e-12, 0.0, 1.5727373481216768e-25, 3.807736426468382e-12, 4.321073728684437e-16, 0.0, 1.0339757656912846e-25, 0.0, 8.337004693703223e-12, 2.9150498538838477e-22, 0.0, 8.867959386691955e-26, 0.0, 0.0, 9.589108911013676e-12, 9.094941332211575e-15, 4.028167029067599e-15, 1.685293751628687e-25, 0.0, 1.6846068079664405e-17, 1.7977622580370558e-11, 1.815763036845112e-11, 0.0], [0.0, 1.2789725575413354e-18, 2.583955211157982e-07, 0.1969864712264632, 0.0, 6.315443614259645e-08, 0.00022809705149015044, 1.0241867817522318e-13, 2.840275451520099e-18, 0.2502249988843679, 0.005944673631403103, 0.5784696300676657, 2.2718093438699376e-10, 1.0341735091635097e-07, 1.54412647208655e-10, 0.0, 5.792350042384635e-10, 0.4686038799542657, 4.3276397340015965e-12, 1.0, 0.0013345727524750896, 5.23762560282353e-11, 6.191358919954788e-11, 0.0, 0.06089180205622356, 8.830689231861166e-21, 1.268481844897783e-11, 0.0008164652507830418, 2.239057761179006e-08, 0.45341629383605075, 0.004609285381418433, 1.4422616332837355e-05, 4.2163858500232056e-07, 1.2466653349214832e-05, 0.0, 1.52587890625e-05, 0.004551758687075159, 7.707426488755179e-09, 2.248937077613819e-08, 0.477860424111187, 2.509081903075324e-07, 0.18083254699346182, 0.1901800913551071, 1.7938730599358467e-17, 0.4168804311495752, 3.6821801990962885e-11, 0.016748295834743722, 0.0010891627573071318, 0.10088839291024838, 0.0005010665801343731, 0.003565997840545909, 0.09176784263032432, 5.40839762115805e-26, 0.5812855426788953, 3.429863334529026e-17, 0.3105821546285102, 0.410757182384002, 0.08194404613899833, 0.0, 0.2885477186848479, 0.011584381551277766, 0.3183102121925837, 0.13086043112103732, 8.957110135567974e-11, 3.937506266153965e-07, 0.16785141540673243, 3.836190818586213e-10, 0.135269269757661, 0.007255200869326942, 0.2758304165919798, 0.014667364975679234, 0.013320940621963762, 0.07318286632559583, 9.339262267198697e-11, 0.0, 0.4449596549733954, 0.45758361199410036, 0.26286193002193076, 0.071839130357263, 1.4339678069588618e-08, 4.506408663572297e-08, 3.59469330990133e-08, 0.4909760798167927, 0.03089641542718122], [0.0, 6.989182224634311e-22, 0.0, 0.0008726371245664994, 0.0, 1.1764726430175626e-10, 0.00012303407888916002, 0.0, 0.0, 0.0004563299736474222, 1.7404769233183814e-18, 0.0006409120626117878, 9.029449134184584e-11, 0.0, 5.7491050765475404e-18, 0.0, 0.0, 0.00039801207741191303, 6.6134272923149635e-18, 0.0013345727524750896, 1.0, 8.721927740652327e-21, 0.0, 0.0, 0.00018946775330091526, 3.6984447519193304e-23, 1.734723475976807e-18, 0.00029378894942083824, 0.0, 0.00088467593820057, 1.2007323632235553e-11, 3.308722450212111e-24, 0.0, 0.0, 0.0, 0.0, 0.0, 0.0, 0.0, 0.0008046028865280122, 5.204170427930421e-18, 2.864472820622546e-07, 7.275957614183425e-12, 9.926167350636332e-24, 0.0005462053839831397, 2.282207260842424e-21, 0.00012312262024754699, 0.00032976232722074273, 0.0, 0.0003911008088360054, 9.836399519527373e-08, 4.1935093347805874e-21, 0.0, 0.0007267377317700142, 0.0, 0.00038930495184250855, 0.0, 5.193470816400044e-05, 0.0, 8.470329472543005e-22, 1.0339757656912846e-25, 0.0005575766561877445, 0.0, 1.6460190331466416e-11, 7.204394179341338e-11, 0.0, 0.0, 4.1359030627651384e-25, 0.0, 0.0009160627071388226, 0.0, 0.0001854073802407565, 0.0, 0.0, 0.0, 0.0007854938076102406, 0.0006561309957003076, 8.778424470760044e-07, 0.0014451661952596228, 2.2813914901247566e-10, 5.204170427930421e-18, 7.204394332049206e-11, 0.00040672821650668376, 0.0], [0.0, 5.1599700753162726e-20, 0.0, 2.0751164506983527e-10, 0.0, 4.382259610967796e-10, 1.4397804949403665e-11, 0.0, 1.1750893419378805e-19, 1.3514775223663778e-10, 1.3445429467824168e-19, 1.993166584982863e-10, 8.891386776002271e-13, 0.0, 1.634486104220962e-10, 0.0, 0.0, 2.0255056691715645e-10, 4.367357538647414e-12, 5.23762560282353e-11, 8.721927740652327e-21, 1.0, 1.4218128792466629e-12, 0.0, 1.28149801599613e-19, 2.0536014974181668e-20, 4.3673576275530816e-12, 6.603965646664457e-20, 0.0, 3.805129837465566e-10, 4.6206909207624564e-10, 0.0, 0.0, 0.0, 0.0, 0.0, 0.0, 0.0, 4.6206909207624564e-10, 3.937297864553999e-10, 0.0, 5.554455964960168e-12, 2.7244217663116665e-12, 1.0842021724855044e-19, 1.3481607740181705e-10, 9.528110828860172e-21, 2.1571411390822639e-10, 8.802965337284395e-11, 0.0, 0.0, 4.3225818293714126e-10, 4.620690920825025e-10, 4.5236439748993695e-26, 1.541068305600983e-10, 0.0, 4.632302864794014e-10, 0.0, 0.0, 0.0, 4.367357528630743e-12, 1.8715188738126765e-19, 1.641997296217765e-11, 0.0, 3.969972234553928e-27, 1.4849898026641948e-10, 0.0, 1.3414909124820686e-10, 0.0, 0.0, 1.3851644888025973e-10, 1.6517428242585664e-21, 0.0, 0.0, 1.2427819584531006e-22, 0.0, 2.1733103995002484e-10, 0.0, 2.244893425107352e-19, 0.0, 1.3414909124794227e-10, 3.969972234553927e-27, 4.231088437881766e-10, 3.999167850330276e-11, 0.0], [0.0, 0.0, 0.0, 1.2133534530999835e-10, 0.0, 0.0, 1.1332095656518947e-10, 0.0, 0.0, 3.4127116945199426e-11, 0.0, 2.967368257379703e-11, 2.957392995569135e-11, 0.0, 3.125934714004131e-12, 0.0, 0.0, 8.511742224187651e-11, 3.806922497996015e-12, 6.191358919954788e-11, 0.0, 1.4218128792466629e-12, 1.0, 0.0, 2.91038304567337e-11, 0.0, 3.805485738787637e-12, 2.4441758200766764e-26, 0.0, 7.772697473353465e-11, 0.0, 0.0, 0.0, 6.462348535570529e-27, 0.0, 0.0, 0.0, 0.0, 0.0, 1.2567508128604394e-10, 0.0, 1.178981723269704e-10, 1.303590920756287e-10, 0.0, 3.41172599533957e-11, 6.397600212943611e-11, 2.9103830456733736e-11, 0.0, 0.0, 0.0, 0.0, 0.0, 6.462348535570528e-27, 4.513461963941648e-11, 0.0, 7.94677703786917e-11, 0.0, 0.0, 0.0, 3.805485738787644e-12, 0.0, 6.148052379227199e-11, 0.0, 5.169878828456423e-26, 5.0028501613258046e-11, 0.0, 0.0, 0.0, 0.0, 5.448821073156277e-11, 2.995972737712574e-26, 0.0, 4.109496928936391e-26, 2.91038304567337e-11, 0.0, 2.2616835533527605e-11, 6.6443706260429556e-15, 4.440892098500625e-16, 0.0, 0.0, 0.0, 1.0421558010825674e-10, 2.7765899082454452e-11, 0.0], [0.0, 0.0, 0.0, 0.0, 0.0, 0.0, 0.0, 0.0, 0.0, 0.0, 0.0, 0.0, 0.0, 0.0, 0.0, 0.0, 0.0, 0.0, 0.0, 0.0, 0.0, 0.0, 0.0, 1.0, 0.0, 0.0, 0.0, 0.0, 0.0, 0.0, 0.0, 0.0, 0.0, 0.0, 0.0, 0.0, 0.0, 0.0, 0.0, 0.0, 0.0, 0.0, 0.0, 0.0, 0.0, 0.0, 0.0, 0.0, 0.0, 0.0, 0.0, 0.0, 0.0, 0.0, 0.0, 0.0, 0.0, 0.0, 0.0, 0.0, 0.0, 0.0, 0.0, 0.0, 0.0, 0.0, 0.0, 0.0, 0.0, 0.0, 0.0, 0.0, 0.0, 0.0, 0.0, 0.0, 0.0, 0.0, 0.0, 0.0, 0.0, 0.0, 0.0, 0.0], [0.0, 9.90652823244288e-21, 0.0, 0.025014914420698735, 0.0, 6.540891879792448e-09, 0.00012212400297609123, 1.0560312566304536e-13, 1.189704743260545e-19, 0.0810055399830026, 1.884670517585605e-09, 0.0530116267232271, 5.919658947166052e-11, 0.0, 7.74425507392406e-12, 0.0, 5.488548621246171e-09, 0.11665674119829565, 2.8918887574855304e-12, 0.06089180205622356, 0.00018946775330091526, 1.28149801599613e-19, 2.91038304567337e-11, 0.0, 1.0, 5.0952344750670214e-20, 2.9833061543486617e-12, 0.0004884113585231028, 0.0, 0.07263596836610442, 0.0, 1.3988878110582869e-09, 8.524419485250435e-08, 3.725290298461914e-09, 0.0, 0.0, 1.932676241267472e-12, 4.965500905612607e-09, 1.8626451492309568e-09, 0.04811041040104941, 0.0, 0.12506670120622884, 2.91038304567337e-11, 9.999932568374393e-20, 0.05607273972021917, 6.445624641621634e-11, 0.0005424879485847311, 0.0019366452096647659, 0.0, 0.001097333327559767, 3.4924596548366153e-09, 1.301085231027273e-07, 0.0, 0.11014510364832926, 0.0, 0.0012288369866449783, 0.03445767526824882, 0.034458567977231284, 0.0, 0.03937736072694595, 0.026538637131928552, 0.01962136469399301, 0.1245777490467457, 0.0, 4.784099000615895e-07, 0.12457774904674575, 0.0, 0.10587034701061018, 2.792283037364778e-09, 0.0015693416270520547, 8.524351513626961e-08, 0.00048828125, 0.03445767526824881, 1.714855801303948e-10, 0.0, 0.12652982752601194, 0.023495327550410897, 0.12483759734876901, 0.1024191265924721, 6.388820154313325e-10, 7.450580596923827e-09, 3.303910726216282e-09, 0.10059658018142283, 0.0], [0.0, 8.299194064395253e-21, 0.0, 2.345429368432261e-20, 0.0, 0.0, 0.0, 0.0, 5.3944761418569145e-20, 2.6544020215222435e-20, 1.7357728323777487e-20, 4.203520103548444e-20, 0.0, 0.0, 5.801313809576176e-22, 0.0, 0.0, 1.3816264054848302e-20, 0.0, 8.830689231861166e-21, 3.6984447519193304e-23, 2.0536014974181668e-20, 0.0, 0.0, 5.0952344750670214e-20, 1.0, 0.0, 5.588113072067083e-22, 0.0, 5.212114343906162e-20, 0.0, 1.3234889800848443e-23, 0.0, 0.0, 0.0, 0.0, 0.0, 0.0, 0.0, 1.7618616636963777e-20, 0.0, 2.1163007203553138e-22, 0.0, 2.676942029669984e-23, 2.5488110736939236e-20, 0.0, 4.1498269458766247e-22, 2.3073263054723203e-22, 0.0, 0.0, 0.0, 0.0, 0.0, 1.7417162232460655e-20, 0.0, 2.0490582007069628e-20, 0.0, 1.072547699671243e-23, 0.0, 0.0, 2.4846299786126142e-20, 3.5953066927225013e-20, 0.0, 0.0, 0.0, 0.0, 6.27336998684353e-22, 0.0, 0.0, 3.4639714932146136e-20, 0.0, 0.0, 0.0, 4.923306141072082e-22, 0.0, 4.674717081844266e-20, 0.0, 3.056825866600515e-22, 0.0, 0.0, 0.0, 7.679629206723598e-22, 4.192410351191033e-20, 0.0], [0.0, 4.623151311662644e-19, 0.0, 1.5204363517580617e-11, 0.0, 0.0, 6.017788157492486e-12, 2.70006239588838e-13, 7.37367478857878e-19, 1.278866700599676e-11, 1.3160583543657292e-13, 1.25165439749426e-11, 1.2758381421185038e-11, 0.0, 6.6083790933615234e-12, 0.0, 0.0, 9.317341743963785e-12, 6.348043282594235e-12, 1.268481844897783e-11, 1.734723475976807e-18, 4.3673576275530816e-12, 3.805485738787637e-12, 0.0, 2.9833061543486617e-12, 0.0, 1.0, 8.329982375076554e-18, 0.0, 9.937039523474898e-12, 0.0, 5.9306653407126685e-12, 5.6843418860808e-14, 0.0, 0.0, 0.0, 5.6843418860808e-13, 0.0, 0.0, 1.6364753584275632e-11, 1.7347234759768067e-18, 1.1355643250526078e-11, 9.017994135574917e-12, 2.7105054312137617e-20, 7.306293194380084e-12, 1.136874518113109e-13, 5.208992876104377e-12, 0.0, 0.0, 0.0, 1.3552527156068803e-19, 0.0, 0.0, 1.3615473033607614e-11, 0.0, 6.6844951199891305e-12, 0.0, 1.13686837721616e-13, 0.0, 5.8765744257181786e-12, 2.1527158827134168e-19, 2.0687065757003204e-11, 0.0, 0.0, 3.751665644813329e-12, 0.0, 0.0, 0.0, 0.0, 2.5411018386595576e-11, 0.0, 0.0, 0.0, 0.0, 0.0, 2.26152158828522e-11, 0.0, 1.9187220856890063e-18, 0.0, 0.0, 1.7347234759768069e-18, 8.68332516398946e-12, 9.294573955390067e-12, 0.0], [0.0, 3.18494716477416e-18, 0.0, 0.0005857700896512092, 0.0, 0.0, 0.0002002458665666434, 0.0, 2.7746225783940894e-18, 0.00034004296201665637, 7.62939453125219e-06, 0.00043083876326547937, 4.853391367972497e-25, 0.0, 3.242172465699497e-17, 0.0, 0.0, 0.0006797098377438256, 1.2441071454704623e-16, 0.0008164652507830418, 0.00029378894942083824, 6.603965646664457e-20, 2.4441758200766764e-26, 0.0, 0.0004884113585231028, 5.588113072067083e-22, 8.329982375076554e-18, 1.0, 0.0, 0.000764200305476739, 0.0, 1.6438769926324658e-05, 1.1920928955078124e-07, 7.62939453125e-06, 0.0, 1.1444091796875e-05, 1.230086643703764e-05, 0.0, 0.0, 0.0002952992035589075, 1.7347234759768067e-18, 0.00010349599675522782, 0.0, 1.8434352825418445e-17, 0.0007380005505565721, 1.4638606127999574e-17, 0.00016975453366040665, 0.00023276577502580572, 0.0, 0.000264639152096047, 1.380690627671643e-06, 1.1920928955079456e-07, 1.4908345907317508e-25, 0.0007364273637995851, 2.7755575615628914e-17, 0.0001858216638175788, 0.0, 9.740371258295971e-05, 0.0, 4.237488427005019e-22, 1.4082050758680026e-19, 0.0006857311339148304, 0.0, 4.353348909204473e-25, 1.1920928955078122e-07, 0.0, 8.383688878159382e-22, 3.191554313522839e-05, 0.0, 0.0003730167437063677, 1.9138877772995083e-05, 0.0005910052028129361, 1.2774069375898699e-25, 8.389196827685309e-22, 0.0, 0.0006844390694729588, 0.00032588266127591564, 2.243975831417557e-06, 0.00012207031249999999, 0.0, 1.7347234836841e-18, 8.606663000059628e-17, 0.0005368983396114418, 0.0], [0.0, 0.0, 0.0, 5.6202878692184e-08, 0.0, 1.9237316380974734e-08, 0.0, 0.0, 0.0, 9.54928004908564e-10, 0.0, 0.0, 0.0, 0.0, 0.0, 0.0, 0.0, 7.394207172182726e-09, 0.0, 2.239057761179006e-08, 0.0, 0.0, 0.0, 0.0, 0.0, 0.0, 0.0, 0.0, 1.0, 2.433349433325905e-08, 0.0, 0.0, 1.4901161193847656e-08, 0.0, 0.0, 0.0, 0.0, 0.0, 0.0, 2.0715016222493287e-08, 1.1275410552968352e-08, 0.0, 0.0, 0.0, 0.0, 0.0, 0.0, 1.6926581688137794e-08, 0.0, 0.0, 2.2351741790771488e-08, 7.631592746549605e-09, 0.0, 0.0, 0.0, 9.599329041206354e-09, 0.0, 0.0, 0.0, 0.0, 0.0, 1.3182338132402045e-08, 0.0, 0.0, 0.0, 0.0, 0.0, 0.0, 0.0, 1.490116119384766e-08, 1.4901161193847655e-08, 0.0, 0.0, 0.0, 0.0, 1.715656218492814e-08, 0.0, 0.0, 0.0, 0.0, 0.0, 1.4901161193847656e-08, 8.291307106042917e-09, 0.0], [0.0, 1.6514644666412833e-18, 1.699835124889516e-07, 0.7056487926755286, 0.0, 1.0315169973530066e-07, 0.00018753038537718642, 1.4109417779137545e-13, 1.8022481478512067e-18, 0.1524906992208578, 0.008633501543452831, 0.5256616092694539, 1.7403137558129651e-10, 1.0430812835693361e-07, 1.2183783126170048e-11, 0.0, 3.038391712376115e-09, 0.4663887339761832, 1.2970228182817968e-11, 0.45341629383605075, 0.00088467593820057, 3.805129837465566e-10, 7.772697473353465e-11, 0.0, 0.07263596836610442, 5.212114343906162e-20, 9.937039523474898e-12, 0.000764200305476739, 2.433349433325905e-08, 1.0, 0.0025370137549198283, 1.7971664562800628e-05, 3.158077851883797e-07, 9.538797606743245e-06, 0.0, 1.1782310897459547e-05, 0.0035704508077579033, 4.973473874667471e-09, 5.457664443072727e-08, 0.21332765350195124, 1.9183729992243825e-07, 0.13015247988301182, 0.36701263728252953, 3.377256341555975e-18, 0.3493268401544257, 6.803341500769307e-12, 0.023935947500236122, 0.0013012850763211735, 0.06237321560655091, 0.00065497308758874, 0.001318849258922204, 0.06799173158107098, 1.6119029249103085e-25, 0.6656911759999977, 3.095450134575754e-17, 0.29875938390912316, 0.6938997619798815, 0.15714099552625874, 0.0, 0.5099024144860987, 0.06618161165175564, 0.790516153855175, 0.1675579312579864, 2.1886124641679578e-10, 7.105587680515008e-07, 0.12603229713614084, 1.0435420557432884e-21, 0.14241746149559736, 0.00352507651476916, 0.7714958888228863, 0.01831805842494145, 0.01027484447164666, 0.12506153562994698, 9.639059521464433e-11, 0.0, 0.7708387929166788, 0.5847267283851662, 0.34241027842134075, 0.17956930246180075, 1.1122216966207066e-08, 1.2261474233078345e-07, 4.3728279381710004e-08, 0.4477840857204799, 0.02361884919428568], [0.0, 0.0, 0.0, 0.008110223177879515, 0.0, 5.117643691285823e-10, 4.263256414560601e-14, 7.105427357601001e-15, 0.0, 0.006664362435972652, 0.0, 0.006999121885921758, 6.707454562397113e-11, 0.0, 1.380515893179856e-10, 0.0, 0.0, 0.005806220658698098, 1.0658141036401503e-14, 0.004609285381418433, 1.2007323632235553e-11, 4.6206909207624564e-10, 0.0, 0.0, 0.0, 0.0, 0.0, 0.0, 0.0, 0.0025370137549198283, 1.0, 0.0, 2.842170943040401e-14, 0.0, 0.0, 0.0, 0.008856282720585666, 0.0, 4.656612873077393e-10, 0.0023324605219176607, 0.0, 5.821828023633054e-11, 0.0, 0.0, 0.0010573847403326508, 0.0, 0.00390045149542189, 1.362682410969696e-10, 0.0, 0.0, 0.007812500407453626, 4.656612873077393e-10, 0.0, 0.008547344289519601, 0.0, 0.0034758459885510518, 0.0, 0.0, 0.0, 0.0, 0.0, 0.0050075656606669685, 0.0, 2.3244261386864842e-10, 1.7465495716351143e-10, 0.0, 1.1641532182693479e-10, 0.0, 0.002046490643952245, 0.0028737512166408744, 0.0, 0.002974167920417503, 0.0019531249999999998, 0.0, 0.0, 0.0038675259744448015, 0.0036576150451854148, 0.009201062287805883, 0.0, 1.7462298274040222e-10, 0.0, 4.912125937037446e-10, 0.005115145705732342, 0.010403204394124158], [0.0, 0.0, 2.7879708627137443e-07, 4.4784520448999595e-06, 0.0, 3.0068605072710604e-08, 4.8899481610205317e-05, 0.0, 0.0, 5.3114835985893954e-05, 9.313225746154783e-10, 1.8200337509995336e-05, 4.207929895881526e-12, 4.0378507169811913e-08, 7.275957614203278e-12, 0.0, 0.0, 1.907944356288608e-05, 3.657408668716139e-12, 1.4422616332837355e-05, 3.308722450212111e-24, 0.0, 0.0, 0.0, 1.3988878110582869e-09, 1.3234889800848443e-23, 5.9306653407126685e-12, 1.6438769926324658e-05, 0.0, 1.7971664562800628e-05, 0.0, 1.0, 1.5039805661578172e-07, 1.9078142940998077e-06, 0.0, 0.0, 7.629394644936838e-06, 2.535226395993011e-09, 6.056776075471788e-08, 1.3343329537465452e-05, 8.763730309790427e-08, 2.3503239978425286e-05, 2.4137582029544753e-12, 1.3234889800848443e-23, 6.224548371295639e-05, 4.339212135305059e-13, 1.54893446269704e-05, 4.9278333991246894e-08, 0.0, 1.9073486328125e-06, 4.656612873077393e-10, 5.960464477539061e-08, 0.0, 6.257276595180373e-05, 0.0, 3.683317013871645e-05, 0.0, 4.657391700640303e-08, 0.0, 1.0231815394945443e-12, 0.0, 1.869117006707921e-05, 0.0, 0.0, 6.333004876069025e-08, 0.0, 0.0, 2.3473717019697265e-05, 4.2160930578683225e-09, 5.0984060696959095e-05, 2.1792449373877316e-05, 0.0, 0.0, 0.0, 0.0, 5.015060043558139e-05, 0.0, 2.0533351482046346e-06, 0.0, 0.0, 7.326425121581578e-09, 1.3989165381644902e-09, 2.484034032987123e-