"{\"names\": [\"172.217.10.1\", \"104.88.86.240\", \"38.93.140.48\", \"192.168.10.15\", \"104.88.108.223\", \"195.142.105.15\", \"172.217.12.163\", \"206.217.206.48\", \"172.217.6.228\", \"178.255.83.1\", \"74.119.118.82\", \"192.168.10.9\", \"172.217.7.6\", \"35.186.227.40\", \"31.13.71.36\", \"206.126.112.142\", \"151.101.2.49\", \"192.168.10.25\", \"172.217.3.98\", \"192.168.10.16\", \"72.30.202.150\", \"172.217.12.132\", \"50.31.164.173\", \"162.208.20.178\", \"23.15.4.16\", \"216.58.217.99\", \"172.217.6.198\", \"172.217.12.174\", \"169.46.44.40\", \"192.168.10.17\", \"52.84.143.130\", \"104.19.195.102\", \"216.200.232.61\", \"104.97.73.166\", \"152.163.13.79\", \"192.229.163.25\", \"74.119.118.86\", \"54.225.188.92\", \"188.165.145.88\", \"192.168.10.14\", \"8.43.72.98\", \"199.96.57.6\", \"68.67.178.110\", \"104.88.70.158\", \"192.168.10.19\", \"69.172.216.56\", \"157.240.18.35\", \"172.217.11.34\", \"185.54.150.20\", \"69.169.85.7\", \"198.232.124.194\", \"74.119.118.72\", \"172.217.12.134\", \"192.168.10.5\", \"23.111.9.30\", \"192.168.10.8\", \"151.101.66.2\", \"68.67.178.199\", \"213.239.195.215\", \"138.108.7.20\", \"52.84.145.87\", \"192.168.10.50\", \"52.84.145.198\", \"52.40.24.51\", \"212.77.100.137\", \"185.54.150.115\", \"172.217.10.138\", \"152.163.66.165\", \"52.84.137.78\", \"192.168.10.51\", \"68.67.178.109\", \"129.146.14.96\", \"54.152.24.232\", \"172.217.10.33\", \"52.8.229.108\", \"192.168.10.12\", \"64.147.131.201\", \"172.217.12.206\", \"68.67.180.12\", \"172.217.10.134\", \"38.69.238.16\", \"172.217.10.142\", \"192.168.10.3\", \"172.217.6.202\"], \"funcEdges\": [[1.0, 0.0, 0.0, 0.0, 0.0, 0.0, 0.0, 0.0, 0.0, 0.0, 0.0, 0.0, 0.0, 0.0, 0.0, 0.0, 0.0, 0.0, 0.0, 0.0, 0.0, 0.0, 0.0, 0.0, 0.0, 0.0, 0.0, 0.0, 0.0, 0.0, 0.0, 0.0, 0.0, 0.0, 0.0, 0.0, 0.0, 0.0, 0.0, 0.0, 0.0, 0.0, 0.0, 0.0, 0.0, 0.0, 0.0, 0.0, 0.0, 0.0, 0.0, 0.0, 0.0, 0.0, 0.0, 0.0, 0.0, 0.0, 0.0, 0.0, 0.0, 0.0, 0.0, 0.0, 0.0, 0.0, 0.0, 0.0, 0.0, 0.0, 0.0, 0.0, 0.0, 0.0, 0.0, 0.0, 0.0, 0.0, 0.0, 0.0, 0.0, 0.0, 0.0, 0.0], [0.0, 1.0, 0.0, 5.73387135699327e-18, 0.0, 0.0, 0.0, 0.0, 3.7027286579811794e-18, 6.405459770854133e-18, 9.06545964025597e-19, 3.2704582099011983e-18, 0.0, 0.0, 2.3689975856097754e-18, 0.0, 0.0, 2.422139371530731e-18, 4.1891560840319634e-18, 2.557945115082671e-18, 1.3978364449268622e-21, 1.0319940150632545e-19, 0.0, 0.0, 1.981305646488576e-20, 1.6598388128790506e-20, 9.246302623325288e-19, 6.36989432954832e-18, 0.0, 3.3029289332825666e-18, 0.0, 0.0, 0.0, 0.0, 0.0, 0.0, 0.0, 0.0, 0.0, 3.2676635507651664e-18, 0.0, 2.4094499484479426e-19, 0.0, 0.0, 5.309378371335814e-18, 3.4301129333197934e-18, 8.387018669561176e-21, 2.5621756056658392e-20, 0.0, 0.0, 2.168404344971009e-19, 6.776263578034403e-21, 0.0, 6.299108635880233e-18, 0.0, 4.202519914425092e-18, 0.0, 0.0, 0.0, 0.0, 4.426236834344134e-20, 4.55950381962472e-18, 0.0, 0.0, 0.0, 0.0, 0.0, 0.0, 0.0, 4.1422910791128415e-18, 0.0, 0.0, 0.0, 0.0, 0.0, 2.364198631559693e-18, 0.0, 3.739600729521763e-18, 0.0, 0.0, 0.0, 7.975641757379375e-20, 7.474738719646819e-18, 0.0], [0.0, 0.0, 1.0, 2.596868636711869e-07, 0.0, 7.222468613995274e-08, 4.903995004449768e-07, 0.0, 0.0, 2.7665482857149024e-07, 0.0, 2.632276294230662e-07, 0.0, 2.384185791015625e-07, 0.0, 0.0, 0.0, 6.701721122997281e-07, 0.0, 5.167910422315964e-07, 0.0, 0.0, 0.0, 0.0, 0.0, 0.0, 0.0, 0.0, 0.0, 3.399670249779032e-07, 0.0, 5.575941725427489e-07, 1.9076407527909048e-07, 0.0, 0.0, 0.0, 0.0, 0.0, 5.96046447753906e-08, 4.0496164561002427e-07, 2.1561365088983518e-07, 1.2141478713254788e-08, 0.0, 0.0, 2.8524309983794063e-07, 0.0, 4.7538632116714805e-07, 1.074102473279066e-07, 0.0, 0.0, 0.0, 1.1920928955078122e-07, 0.0, 1.9900036985855893e-07, 0.0, 2.1593577695799248e-07, 0.0, 9.314760663913061e-08, 0.0, 1.2141478713254787e-08, 0.0, 4.963417083812213e-07, 0.0, 0.0, 1.1920928955078122e-07, 0.0, 0.0, 0.0, 0.0, 2.6958500289685685e-07, 6.97534795329036e-08, 0.0, 0.0, 0.0, 0.0, 2.6646271168902817e-07, 0.0, 2.6923000854877964e-07, 0.0, 1.2141478713254788e-08, 1.6409237499281676e-07, 1.6694533230725334e-08, 5.712443722974548e-07, 0.0], [0.0, 5.73387135699327e-18, 2.596868636711869e-07, 1.0, 0.0, 1.871308289562876e-07, 0.0005688493913437837, 4.061702268144591e-13, 8.86663903491087e-18, 0.535135037326607, 0.016365572660810863, 0.11715493323096343, 3.102641329362114e-10, 6.669828623542686e-08, 5.033266669069088e-10, 0.0, 7.678372834196028e-09, 0.1975261590263872, 2.9643198651024926e-11, 0.3277257838933667, 0.0017452742491329987, 4.1502329013967054e-10, 2.426706906199967e-10, 0.0, 0.05002982884139747, 4.690858736864522e-20, 3.0408727035161235e-11, 0.0011715401793024184, 1.12405757384368e-07, 0.4866092757778981, 0.01622044635575903, 8.956904089799919e-06, 5.355088523798342e-07, 1.57784290193945e-05, 0.0, 4.276595045192123e-06, 0.016598221171441968, 1.3288592830281208e-08, 9.187036153001226e-08, 0.60970028769641, 5.053591436026747e-07, 0.45600601276332875, 2.76312943518683e-10, 2.9969812980568856e-17, 0.540481239537491, 8.086630069327491e-11, 0.028931990120347154, 0.003325752273031537, 0.071466087744487, 0.0014803273821332227, 0.012380015586378962, 0.08709340833213113, 3.999856739609463e-25, 0.5407475767607733, 9.029216061604686e-17, 0.03780619908360658, 0.3081443499589253, 0.3790603722194551, 0.0, 0.14926726542145835, 0.06501765724393078, 0.5966367469586447, 0.34608084719755666, 2.599887149287532e-10, 3.2179946593266554e-07, 0.11476801022731192, 7.19561074378268e-10, 0.5561777479764249, 0.003190332354578168, 0.27321618413818594, 0.000690320532926156, 0.015193441596948491, 0.24015864558423605, 7.724026249622785e-11, 0.0, 0.4327729319074016, 0.4250639652047782, 0.3020189374882371, 0.3583906904685634, 1.0271438052406845e-08, 1.8660687367166832e-07, 6.424382880940911e-08, 0.35177679436346027, 0.07983217223367714], [0.0, 0.0, 0.0, 0.0, 1.0, 0.0, 0.0, 0.0, 0.0, 0.0, 0.0, 0.0, 0.0, 0.0, 0.0, 0.0, 0.0, 0.0, 0.0, 0.0, 0.0, 0.0, 0.0, 0.0, 0.0, 0.0, 0.0, 0.0, 0.0, 0.0, 0.0, 0.0, 0.0, 0.0, 0.0, 0.0, 0.0, 0.0, 0.0, 0.0, 0.0, 0.0, 0.0, 0.0, 0.0, 0.0, 0.0, 0.0, 0.0, 0.0, 0.0, 0.0, 0.0, 0.0, 0.0, 0.0, 0.0, 0.0, 0.0, 0.0, 0.0, 0.0, 0.0, 0.0, 0.0, 0.0, 0.0, 0.0, 0.0, 0.0, 0.0, 0.0, 0.0, 0.0, 0.0, 0.0, 0.0, 0.0, 0.0, 0.0, 0.0, 0.0, 0.0, 0.0], [0.0, 0.0, 7.222468613995274e-08, 1.871308289562876e-07, 0.0, 1.0, 3.728951599193478e-08, 0.0, 0.0, 2.2987357480873854e-07, 4.723390383315971e-09, 6.539898934290222e-08, 2.6774555949412674e-10, 5.9604644775390605e-08, 4.404865102084755e-10, 0.0, 3.4326755984331016e-09, 1.7182249854361534e-07, 0.0, 1.263088722851929e-07, 2.352945286035125e-10, 8.764519221935592e-10, 0.0, 0.0, 1.3081783759584896e-08, 0.0, 0.0, 0.0, 3.847463276194947e-08, 2.0630339947060132e-07, 1.0235287382571646e-09, 6.013721014542121e-08, 7.155478572830926e-08, 4.973442874587966e-09, 0.0, 0.0, 0.0, 1.1619597042173534e-08, 8.310194545658372e-08, 1.2312996688394236e-07, 2.1514019820724023e-07, 2.5030149634950758e-08, 0.0, 0.0, 1.1192185460165519e-07, 0.0, 3.8148991756727125e-08, 1.5469070856940884e-07, 0.0, 0.0, 1.2059173133535154e-07, 1.0428303395726237e-07, 0.0, 2.803439344249635e-07, 0.0, 2.2697120252236743e-07, 0.0, 0.0, 0.0, 3.8133844256781174e-08, 0.0, 1.628060564593545e-07, 0.0, 1.7562527116583008e-10, 2.899759837474097e-08, 0.0, 4.12029503441095e-10, 0.0, 4.878541883584588e-09, 1.4779135274321655e-07, 1.0822811229485305e-07, 0.0, 0.0, 0.0, 0.0, 1.5178774321392048e-07, 0.0, 6.048166031487874e-08, 0.0, 1.1461416150953245e-08, 1.2481127071770345e-07, 1.1217726236645776e-08, 1.2313049902780436e-07, 0.0], [0.0, 0.0, 4.903995004449768e-07, 0.0005688493913437837, 0.0, 3.728951599193478e-08, 1.0, 1.4210854715202004e-14, 0.0, 0.00023954509820305173, 3.7379664886092766e-05, 0.0007035420388795411, 3.587412209233304e-11, 0.0, 7.473403006502143e-12, 0.0, 1.962487381988909e-09, 0.0006652147326914784, 1.0157286022092489e-11, 0.00045619410298030087, 0.00024606815777832003, 2.879560989880733e-11, 2.2664191313037893e-10, 0.0, 0.00024424800595218246, 0.0, 1.2035576314984972e-11, 0.0004004917331332868, 0.0, 0.00037506077075437285, 8.526512829121202e-14, 9.779896322041063e-05, 1.0306017653087682e-06, 4.0182094714474656e-05, 0.0, 3.4052417741319406e-05, 1.180524555830031e-05, 9.680075333098068e-09, 2.037864689320867e-08, 0.0009773741975475849, 1.913423254048991e-07, 0.00027371345129822115, 2.2087106727710898e-10, 0.0, 0.00041481469189959334, 7.074350660378638e-11, 0.00033563049668120106, 0.0008671437955943518, 1.7688019410406786e-15, 0.0009905050428470855, 1.5855028338367452e-06, 1.1426913159896563e-07, 0.0, 0.0004541798681832181, 0.0, 0.000824060319727789, 0.0, 1.745497806263549e-08, 0.0, 3.278151599575166e-08, 0.0, 0.00031239379812382056, 0.0, 0.0, 3.2892227989600105e-07, 2.660147380420003e-15, 0.0, 3.3802493669629724e-05, 2.267568007759426e-09, 0.0009618477274156425, 9.451006828667913e-05, 0.000244140625, 0.0, 7.986025192891658e-11, 0.0, 0.0005146095649873772, 0.00039867997118005937, 7.15105665893963e-06, 0.00024414062500000005, 3.500484548004268e-08, 3.226079839224905e-08, 2.4766755243290333e-08, 0.0008843453221886557, 0.0], [0.0, 0.0, 0.0, 4.061702268144591e-13, 0.0, 0.0, 1.4210854715202004e-14, 1.0, 0.0, 2.6919928974160574e-13, 2.828852728335403e-13, 3.3527887396601537e-13, 0.0, 0.0, 0.0, 0.0, 0.0, 2.6819605654896334e-13, 8.739713561586771e-14, 2.0483735635044636e-13, 0.0, 0.0, 0.0, 0.0, 2.1120625132609073e-13, 0.0, 5.40012479177676e-13, 0.0, 0.0, 2.821883555827509e-13, 1.4210854715202002e-14, 0.0, 1.7428715832320924e-13, 0.0, 0.0, 0.0, 0.0, 0.0, 0.0, 7.196869800639605e-13, 0.0, 9.73437929118681e-15, 0.0, 0.0, 2.684704976148794e-13, 0.0, 5.40012479177676e-13, 0.0, 0.0, 0.0, 0.0, 0.0, 0.0, 3.0906160346183726e-13, 0.0, 1.4188415259767233e-13, 0.0, 0.0, 0.0, 5.40012479177676e-13, 0.0, 4.16917489568368e-13, 0.0, 0.0, 1.0302971013182911e-13, 0.0, 0.0, 0.0, 0.0, 2.5902963125263275e-13, 0.0, 0.0, 0.0, 0.0, 0.0, 5.507441269926304e-13, 0.0, 0.0, 0.0, 0.0, 0.0, 2.1316282072803e-13, 1.8104047958651904e-13, 0.0], [0.0, 3.7027286579811794e-18, 0.0, 8.86663903491087e-18, 0.0, 0.0, 0.0, 0.0, 1.0, 4.882055712425448e-18, 9.908322435766167e-19, 6.80190121958704e-18, 0.0, 0.0, 7.09676036541089e-18, 0.0, 0.0, 5.130516321879296e-18, 4.0148195377582665e-18, 5.680550903040198e-18, 0.0, 2.350178683875761e-19, 0.0, 0.0, 2.37940948652109e-19, 1.0788952283713829e-19, 1.474734957715756e-18, 5.549245156788179e-18, 0.0, 3.604496295702413e-18, 0.0, 0.0, 0.0, 0.0, 0.0, 0.0, 0.0, 0.0, 0.0, 6.867186454456493e-18, 0.0, 2.168404344971009e-19, 0.0, 9.358323648050462e-20, 5.88701688484336e-18, 1.3855610007475468e-18, 0.0, 0.0, 0.0, 0.0, 2.6051261152133636e-19, 0.0, 0.0, 1.6988882763964307e-18, 0.0, 7.457225916732237e-18, 0.0, 0.0, 0.0, 0.0, 1.5053555446853587e-19, 4.57703649698286e-18, 0.0, 0.0, 0.0, 0.0, 0.0, 0.0, 0.0, 5.8777031670716925e-18, 0.0, 0.0, 0.0, 0.0, 0.0, 9.086527945179514e-18, 0.0, 2.6327957006351974e-18, 0.0, 0.0, 0.0, 0.0, 4.264427487291605e-18, 0.0], [0.0, 6.405459770854133e-18, 2.7665482857149024e-07, 0.535135037326607, 0.0, 2.2987357480873854e-07, 0.00023954509820305173, 2.6919928974160574e-13, 4.882055712425448e-18, 1.0, 0.017005158502547208, 0.29259118490875574, 4.860359011496058e-10, 9.653286101566742e-08, 1.9903677559718247e-10, 0.0, 7.853601525645404e-09, 0.5799305005249342, 8.336550095881509e-12, 0.5004499977687358, 0.0009126599472948444, 2.7029550447327555e-10, 6.825423389039885e-11, 0.0, 0.1620110799660052, 5.308804043044487e-20, 2.557733401199352e-11, 0.0006800859240333127, 1.909856009817128e-09, 0.3049813984417156, 0.013328724871945304, 0.00010622967197178791, 4.7325528098862765e-07, 3.639591141803042e-05, 0.0, 4.520517347104849e-05, 0.013218410377404254, 6.804557045193239e-09, 1.307985407018491e-07, 0.2326024494552419, 3.77116747973438e-07, 0.2559211266162787, 1.1968416504424503e-10, 5.422538510188291e-20, 0.6385382539994073, 1.5833709221171977e-10, 0.005477928178456382, 0.001598024497318128, 0.23485286697930985, 0.00018841835077393744, 0.011248244456990327, 0.2162692989463819, 2.120202798207478e-25, 0.7531037333948225, 2.3333077231968347e-18, 0.02488693993638035, 0.3548986783733642, 0.4131739269434261, 0.0, 0.32458106772557055, 0.09193204160095668, 0.48318814313448666, 0.21636794168806256, 1.834959143543979e-11, 5.176109950246835e-07, 0.42074923548231935, 9.313225746164461e-10, 0.7236379061113487, 0.007918452761991605, 0.31101572586216747, 1.1541383116463438e-05, 0.008201385972803892, 0.1333220396250672, 1.305741368914398e-10, 0.0, 0.4312435211409518, 0.5481286309757487, 0.43658120569268255, 0.4266593954311282, 1.8506509137417716e-08, 2.230335261335655e-07, 1.3574687440042283e-07, 0.4192353531003592, 0.01584649605913141], [0.0, 9.06545964025597e-19, 0.0, 0.016365572660810863, 0.0, 4.723390383315971e-09, 3.7379664886092766e-05, 2.828852728335403e-13, 9.908322435766167e-19, 0.017005158502547208, 1.0, 0.008334373502201613, 2.4895385221121295e-11, 0.0, 2.910384889511352e-11, 0.0, 1.8546502917224014e-09, 0.00974269775551223, 1.1852423676949537e-13, 0.011889347262806205, 3.480953846636763e-18, 2.6890858935648335e-19, 0.0, 0.0, 3.76934103517121e-09, 3.4715456647554973e-20, 2.6321167087314584e-13, 1.525878906250438e-05, 0.0, 0.017267003086905663, 0.0, 1.8626451492309566e-09, 1.1089881014754741e-13, 1.5258789062499997e-05, 0.0, 1.52587890625e-05, 0.0, 3.877405076224604e-09, 0.0, 0.012644517149730656, 3.469446951953614e-18, 1.5258818166330677e-05, 0.0, 2.168404344971009e-19, 0.007730639072208127, 2.2705698398605884e-19, 0.00782776188907706, 4.419269442594357e-09, 0.0, 0.0, 2.710505431213761e-19, 2.32423923237123e-21, 0.0, 0.025155396195790006, 0.0, 0.003189447100335721, 0.0, 0.0, 0.0, 2.632079312226837e-13, 9.380883552210071e-20, 0.0182027122342569, 0.0, 0.0, 1.862758836068678e-09, 0.0, 6.254238516946931e-22, 2.113308502177716e-05, 1.8626451492309566e-09, 0.005644838804795273, 3.303485648517132e-21, 0.007812499999999998, 0.007812499999999998, 2.910383045751254e-11, 0.0, 0.00966700902316672, 0.018430244519362142, 4.762912127266125e-19, 0.0, 0.0, 3.469446951953615e-18, 1.8631557884744424e-09, 0.011884443207702645, 0.0], [0.0, 3.2704582099011983e-18, 2.632276294230662e-07, 0.11715493323096343, 0.0, 6.539898934290222e-08, 0.0007035420388795411, 3.3527887396601537e-13, 6.80190121958704e-18, 0.29259118490875574, 0.008334373502201613, 1.0, 2.856996958269625e-10, 5.9604644775390605e-08, 2.822000827695881e-10, 0.0, 0.0, 0.24467042699455238, 1.6454776077736928e-11, 0.4794779067385584, 0.0012818241252235756, 3.986333169965726e-10, 5.934736514759406e-11, 0.0, 0.1060232534464542, 8.407040207096888e-20, 2.50330879498852e-11, 0.0008616775265309587, 0.0, 0.6631418046398584, 0.013998243771843517, 3.640067501999067e-05, 8.039327215513864e-07, 4.118710593584578e-05, 0.0, 5.5435076322257264e-05, 0.01718203137135694, 0.0, 7.221156365933672e-08, 0.37918131282582623, 2.9527920428982413e-07, 0.3235553742103368, 9.466247137430331e-11, 5.168471718568547e-17, 0.49694293554439106, 1.7696850052141001e-10, 0.03299243040809713, 0.0029699659775658063, 0.23190536679892054, 0.0014235279695953111, 0.013639469116750931, 0.23427288277216604, 4.117090357416034e-25, 0.48548704575440677, 1.3990047062641078e-16, 0.042909787989593384, 0.5399629240092485, 0.26981115620205887, 0.0, 0.44885593096928367, 0.21563759166299154, 0.4623962962331748, 0.27464201278623407, 4.648852277372979e-10, 7.657997319094491e-07, 0.3219677322938199, 8.686453424223664e-10, 0.14205019477717007, 0.000562361096450834, 0.6436870301110931, 0.01668929286056767, 0.010167306100323318, 0.12268044719633256, 5.989427903891949e-11, 0.0, 0.5984551046892468, 0.5348923508397783, 0.6202213185127415, 0.49258043246532784, 9.055894312716816e-09, 2.2331330215714017e-07, 2.993828571025503e-08, 0.6260138488668533, 0.0795244282126722], [0.0, 0.0, 0.0, 3.102641329362114e-10, 0.0, 2.6774555949412674e-10, 3.587412209233304e-11, 0.0, 0.0, 4.860359011496058e-10, 2.4895385221121295e-11, 2.856996958269625e-10, 1.0, 0.0, 1.2803749599600617e-10, 0.0, 0.0, 3.1387436447175644e-10, 3.056669320877391e-11, 4.543618687739875e-10, 1.8058898268369167e-10, 1.7782773552004543e-12, 5.91478599113827e-11, 0.0, 1.1839317894332104e-10, 0.0, 2.5516762842370076e-11, 9.706782735944995e-25, 0.0, 3.4806275116259303e-10, 1.3414909124794227e-10, 8.415859791763051e-12, 0.0, 0.0, 0.0, 0.0, 0.0, 0.0, 0.0, 2.9801751630014234e-10, 0.0, 2.60793400427697e-10, 8.435313259231656e-11, 0.0, 3.783983564519108e-10, 1.5099116739832644e-10, 4.3551659444104303e-10, 1.3414909124794227e-10, 0.0, 0.0, 0.0, 0.0, 4.1359030627651384e-25, 3.2828291261880115e-10, 0.0, 2.0759668919484643e-10, 0.0, 2.321653612984918e-25, 0.0, 3.0095122880024e-11, 2.0679515313825687e-25, 4.3044170919833453e-10, 0.0, 1.0838417012743345e-10, 6.939290861281672e-10, 0.0, 0.0, 2.067951531382569e-25, 0.0, 3.168179677635523e-10, 0.0, 0.0, 4.1359030627651384e-25, 1.4144832478957892e-10, 0.0, 7.620716232366819e-10, 0.0, 2.067951531382569e-25, 4.654620837831611e-25, 1.3414909124794227e-10, 0.0, 2.123143805858085e-10, 2.831665835926795e-10, 0.0], [0.0, 0.0, 2.384185791015625e-07, 6.669828623542686e-08, 0.0, 5.9604644775390605e-08, 0.0, 0.0, 0.0, 9.653286101566742e-08, 0.0, 5.9604644775390605e-08, 0.0, 1.0, 0.0, 0.0, 0.0, 1.83875533885884e-07, 0.0, 2.0683470183270193e-07, 0.0, 0.0, 0.0, 0.0, 0.0, 0.0, 0.0, 0.0, 0.0, 2.0861625671386721e-07, 0.0, 8.075701433962383e-08, 7.155478572830927e-08, 0.0, 0.0, 0.0, 0.0, 0.0, 5.960464477539062e-08, 2.3529146892331784e-07, 8.672867265564822e-08, 0.0, 0.0, 0.0, 2.378509790277424e-07, 0.0, 0.0, 7.796370640759927e-08, 0.0, 0.0, 0.0, 0.0, 0.0, 6.137271264867411e-08, 0.0, 5.832911637294315e-08, 0.0, 0.0, 0.0, 0.0, 0.0, 7.64902843924757e-09, 0.0, 0.0, 0.0, 0.0, 0.0, 0.0, 0.0, 5.9604644775390605e-08, 6.97534795329036e-08, 0.0, 0.0, 0.0, 0.0, 1.870309211141434e-07, 0.0, 5.9604644775390605e-08, 0.0, 0.0, 1.460009659995543e-07, 0.0, 9.155566420313249e-08, 0.0], [0.0, 2.3689975856097754e-18, 0.0, 5.033266669069088e-10, 0.0, 4.404865102084755e-10, 7.473403006502143e-12, 0.0, 7.09676036541089e-18, 1.9903677559718247e-10, 2.910384889511352e-11, 2.822000827695881e-10, 1.2803749599600617e-10, 0.0, 1.0, 0.0, 0.0, 6.850763169272113e-10, 1.3156793486641754e-11, 3.0882529441731e-10, 1.1498210153095081e-17, 3.268972208441924e-10, 6.251869428008262e-12, 0.0, 1.548851014784812e-11, 1.1602627619152351e-21, 1.3216758186723047e-11, 6.484344931398995e-17, 0.0, 2.4367566252340095e-11, 2.761031786359712e-10, 1.4551915228406556e-11, 0.0, 0.0, 0.0, 0.0, 0.0, 0.0, 2.7610317863597117e-10, 4.388894326783747e-10, 2.0290894371373787e-17, 6.309455847364952e-11, 1.2208877254283785e-11, 3.970466940254532e-23, 1.1931694859621695e-10, 1.7386119350168997e-18, 5.568264410182429e-10, 6.764618290715114e-10, 4.2097126080166667e-16, 0.0, 4.141547679539569e-10, 2.761036996311827e-10, 0.0, 1.7495191706521227e-10, 5.551115123125783e-17, 3.426718040484872e-10, 0.0, 1.323488980084844e-23, 0.0, 7.275957614183425e-12, 0.0, 8.707794865429058e-10, 0.0, 0.0, 9.93103504928405e-11, 4.440892098500627e-16, 9.20343928794598e-11, 0.0, 0.0, 1.0240440770836127e-09, 4.832642620145121e-16, 0.0, 0.0, 4.365574568569305e-11, 0.0, 8.426145245057437e-10, 4.440892098500626e-16, 9.21398736192187e-18, 0.0, 9.203439287865706e-11, 2.029088940829011e-17, 3.956329516456712e-10, 7.41508431655492e-10, 0.0], [0.0, 0.0, 0.0, 0.0, 0.0, 0.0, 0.0, 0.0, 0.0, 0.0, 0.0, 0.0, 0.0, 0.0, 0.0, 1.0, 0.0, 0.0, 0.0, 0.0, 0.0, 0.0, 0.0, 0.0, 0.0, 0.0, 0.0, 0.0, 0.0, 0.0, 0.0, 0.0, 0.0, 0.0, 0.0, 0.0, 0.0, 0.0, 0.0, 0.0, 0.0, 0.0, 0.0, 0.0, 0.0, 0.0, 0.0, 0.0, 0.0, 0.0, 0.0, 0.0, 0.0, 0.0, 0.0, 0.0, 0.0, 0.0, 0.0, 0.0, 0.0, 0.0, 0.0, 0.0, 0.0, 0.0, 0.0, 0.0, 0.0, 0.0, 0.0, 0.0, 0.0, 0.0, 0.0, 0.0, 0.0, 0.0, 0.0, 0.0, 0.0, 0.0, 0.0, 0.0], [0.0, 0.0, 0.0, 7.678372834196028e-09, 0.0, 3.4326755984331016e-09, 1.962487381988909e-09, 0.0, 0.0, 7.853601525645404e-09, 1.8546502917224014e-09, 0.0, 0.0, 0.0, 0.0, 0.0, 1.0, 8.006595236015912e-09, 0.0, 1.158470008476927e-09, 0.0, 0.0, 0.0, 0.0, 1.0977097242492342e-08, 0.0, 0.0, 0.0, 0.0, 6.07678342475223e-09, 0.0, 0.0, 0.0, 9.125060374972142e-09, 0.0, 0.0, 0.0, 9.885482072886489e-09, 6.083373583314763e-09, 6.154792344231034e-09, 0.0, 0.0, 0.0, 0.0, 8.346319699454367e-09, 0.0, 2.2011740212815587e-09, 7.728008212973147e-09, 0.0, 0.0, 6.083373583314761e-09, 0.0, 0.0, 2.7802709123168606e-09, 0.0, 2.5771641583587063e-09, 0.0, 0.0, 0.0, 9.125060374972143e-09, 0.0, 8.148429284749862e-09, 0.0, 0.0, 9.125060374972143e-09, 0.0, 0.0, 0.0, 0.0, 6.7825169600513505e-09, 0.0, 0.0, 0.0, 0.0, 0.0, 1.0349121775040409e-08, 0.0, 0.0, 0.0, 4.69480483094308e-09, 9.125060374972143e-09, 6.083373583314762e-09, 1.2395285623202973e-08, 0.0], [0.0, 2.422139371530731e-18, 6.701721122997281e-07, 0.1975261590263872, 0.0, 1.7182249854361534e-07, 0.0006652147326914784, 2.6819605654896334e-13, 5.130516321879296e-18, 0.5799305005249342, 0.00974269775551223, 0.24467042699455238, 3.1387436447175644e-10, 1.83875533885884e-07, 6.850763169272113e-10, 0.0, 8.006595236015912e-09, 1.0, 3.17304499218559e-11, 0.5670187671521618, 0.0007960241548238261, 4.051011338343129e-10, 1.7023484448375303e-10, 0.0, 0.2333134823965913, 2.7632528109696605e-20, 1.863468348792757e-11, 0.0013594196754876512, 1.4788414344365451e-08, 0.1886586906625795, 0.011612441317396196, 3.815888712577216e-05, 5.017944156483314e-07, 3.0140984262376056e-05, 0.0, 1.5676879619048654e-05, 0.011555523308350293, 1.565956427915871e-08, 5.791722697947592e-08, 0.38443730924632324, 5.022886899671327e-07, 0.3006240115143002, 1.859529229236127e-10, 7.750472098739818e-17, 0.3763748595307583, 1.5513519167766145e-10, 0.07759766822687023, 0.0036700298323350047, 0.38067603211838213, 0.00105422974664945, 0.008519178207542175, 0.3577492952441472, 4.564953871498804e-25, 0.5608501409961701, 4.910803635568188e-17, 0.010491982274543657, 0.17963960434876464, 0.05195656425292119, 0.0, 0.3942668097049899, 0.044696493017903495, 0.3566828165224076, 0.5590941321278081, 2.766530141779568e-10, 8.393039367434231e-07, 0.6329556037905448, 2.5195183708842063e-10, 0.4888267326293517, 0.009748446596100442, 0.11761543154361752, 0.04332497641640887, 0.022307678445562574, 0.16373539076940308, 2.0630245730458193e-10, 0.0, 0.37039757704002163, 0.42788842780352565, 0.28934679129300905, 0.6660806696216082, 2.5008889764270976e-08, 2.015443962247622e-07, 3.7231212883018506e-08, 0.48456475960658685, 0.02023483069602179], [0.0, 4.1891560840319634e-18, 0.0, 2.9643198651024926e-11, 0.0, 0.0, 1.0157286022092489e-11, 8.739713561586771e-14, 4.0148195377582665e-18, 8.336550095881509e-12, 1.1852423676949537e-13, 1.6454776077736928e-11, 3.056669320877391e-11, 0.0, 1.3156793486641754e-11, 0.0, 0.0, 3.17304499218559e-11, 1.0, 8.655279468003193e-12, 1.3226854584629927e-17, 8.734715077294827e-12, 7.61384499599203e-12, 0.0, 5.783777514971061e-12, 0.0, 1.269608656518847e-11, 2.4882142909409246e-16, 0.0, 2.5940456365635936e-11, 2.1316282072803006e-14, 7.314817337432277e-12, 5.700491870811971e-13, 1.2924697071141056e-26, 0.0, 0.0, 3.42520027030316e-13, 0.0, 0.0, 2.9674711389401185e-11, 3.369213615286646e-17, 3.1569063544105586e-11, 1.3577145263288206e-11, 3.346772322019328e-18, 3.1284230873343876e-11, 7.969838281600582e-13, 8.497539076662953e-12, 2.0199595072335458e-20, 0.0, 0.0, 0.0, 2.707903928136945e-20, 1.3688039127140298e-25, 4.046168918051889e-11, 5.551115123125783e-17, 1.2501012258224162e-11, 0.0, 3.422068526628248e-13, 0.0, 3.172076698243498e-11, 2.0679515313825696e-25, 1.9604941822457555e-11, 0.0, 3.1454746962433535e-25, 7.615472852936763e-12, 8.642147457368874e-16, 0.0, 2.0679515313825692e-25, 0.0, 1.6674009387406447e-11, 5.830099707767695e-22, 0.0, 1.773591877338391e-25, 0.0, 0.0, 1.9178217822027352e-11, 1.818988266442315e-14, 8.056334058135197e-15, 3.370587503257374e-25, 0.0, 3.369213615932881e-17, 3.5955245160741116e-11, 3.631526073690224e-11, 0.0], [0.0, 2.557945115082671e-18, 5.167910422315964e-07, 0.3277257838933667, 0.0, 1.263088722851929e-07, 0.00045619410298030087, 2.0483735635044636e-13, 5.680550903040198e-18, 0.5004499977687358, 0.011889347262806205, 0.4794779067385584, 4.543618687739875e-10, 2.0683470183270193e-07, 3.0882529441731e-10, 0.0, 1.158470008476927e-09, 0.5670187671521618, 8.655279468003193e-12, 1.0, 0.0026691455049501793, 1.047525120564706e-10, 1.2382717839909576e-10, 0.0, 0.12178360411244712, 1.7661378463722332e-20, 2.536963689795566e-11, 0.0016329305015660837, 4.478115522358012e-08, 0.6810496239897763, 0.009218570762836865, 2.884523266567471e-05, 8.432771700046411e-07, 2.4933306698429664e-05, 0.0, 3.0517578125e-05, 0.009103517374150319, 1.5414852977510358e-08, 4.497874155227638e-08, 0.40354892533918785, 5.018163806150648e-07, 0.36166509398692365, 1.8128669679916717e-10, 3.5877461198716933e-17, 0.23931350590884282, 7.364360398192577e-11, 0.033496591669487444, 0.0021783255146142636, 0.20177678582049677, 0.0010021331602687463, 0.007131995681091818, 0.18353568526064865, 1.08167952423161e-25, 0.5487034789842686, 6.859726669058052e-17, 0.03528051938129854, 0.44115418223907654, 0.16388809227799667, 0.0, 0.19673525484076837, 0.023168763102555532, 0.5860015924495956, 0.26172086224207464, 1.7914220271135949e-10, 7.87501253230793e-07, 0.33570283081346486, 7.672381637172426e-10, 0.270538539515322, 0.014510401738653884, 0.4338825304683817, 0.029334729951358468, 0.026641881243927523, 0.14636573265119165, 1.8678524534397393e-10, 0.0, 0.6320325633547839, 0.614797687048316, 0.5257238600438615, 0.143678260714526, 2.8679356139177237e-08, 9.012817327144594e-08, 7.18938661980266e-08, 0.3528711112424245, 0.06179283085436244], [0.0, 1.3978364449268622e-21, 0.0, 0.0017452742491329987, 0.0, 2.352945286035125e-10, 0.00024606815777832003, 0.0, 0.0, 0.0009126599472948444, 3.480953846636763e-18, 0.0012818241252235756, 1.8058898268369167e-10, 0.0, 1.1498210153095081e-17, 0.0, 0.0, 0.0007960241548238261, 1.3226854584629927e-17, 0.0026691455049501793, 1.0, 1.7443855481304654e-20, 0.0, 0.0, 0.00037893550660183053, 7.396889503838661e-23, 3.469446951953614e-18, 0.0005875778988416765, 0.0, 0.00176935187640114, 2.4014647264471107e-11, 6.617444900424222e-24, 0.0, 0.0, 0.0, 0.0, 0.0, 0.0, 0.0, 0.0016092057730560244, 1.0408340855860843e-17, 5.728945641245092e-07, 1.455191522836685e-11, 1.9852334701272664e-23, 0.0010924107679662794, 4.564414521684848e-21, 0.00024624524049509397, 0.0006595246544414855, 0.0, 0.0007822016176720108, 1.9672799039054747e-07, 8.387018669561175e-21, 0.0, 0.0014534754635400285, 0.0, 0.0007786099036850171, 0.0, 0.00010386941632800087, 0.0, 1.694065894508601e-21, 2.0679515313825692e-25, 0.001115153312375489, 0.0, 3.292038066293283e-11, 1.4408788358682676e-10, 0.0, 0.0, 8.271806125530277e-25, 0.0, 0.0018321254142776452, 0.0, 0.000370814760481513, 0.0, 0.0, 0.0, 0.0015709876152204811, 0.0013122619914006151, 1.7556848941520088e-06, 0.0028903323905192456, 4.562782980249513e-10, 1.0408340855860843e-17, 1.4408788664098412e-10, 0.0008134564330133675, 0.0], [0.0, 1.0319940150632545e-19, 0.0, 4.1502329013967054e-10, 0.0, 8.764519221935592e-10, 2.879560989880733e-11, 0.0, 2.350178683875761e-19, 2.7029550447327555e-10, 2.6890858935648335e-19, 3.986333169965726e-10, 1.7782773552004543e-12, 0.0, 3.268972208441924e-10, 0.0, 0.0, 4.051011338343129e-10, 8.734715077294827e-12, 1.047525120564706e-10, 1.7443855481304654e-20, 1.0, 2.8436257584933258e-12, 0.0, 2.56299603199226e-19, 4.1072029948363337e-20, 8.734715255106163e-12, 1.3207931293328914e-19, 0.0, 7.610259674931132e-10, 9.241381841524913e-10, 0.0, 0.0, 0.0, 0.0, 0.0, 0.0, 0.0, 9.241381841524913e-10, 7.874595729107998e-10, 0.0, 1.1108911929920336e-11, 5.448843532623333e-12, 2.168404344971009e-19, 2.696321548036341e-10, 1.9056221657720344e-20, 4.3142822781645277e-10, 1.760593067456879e-10, 0.0, 0.0, 8.645163658742825e-10, 9.24138184165005e-10, 9.047287949798739e-26, 3.082136611201966e-10, 0.0, 9.264605729588028e-10, 0.0, 0.0, 0.0, 8.734715057261486e-12, 3.743037747625353e-19, 3.28399459243553e-11, 0.0, 7.939944469107856e-27, 2.9699796053283896e-10, 0.0, 2.682981824964137e-10, 0.0, 0.0, 2.7703289776051946e-10, 3.303485648517133e-21, 0.0, 0.0, 2.485563916906201e-22, 0.0, 4.346620799000497e-10, 0.0, 4.489786850214704e-19, 0.0, 2.6829818249588453e-10, 7.939944469107855e-27, 8.462176875763532e-10, 7.998335700660553e-11, 0.0], [0.0, 0.0, 0.0, 2.426706906199967e-10, 0.0, 0.0, 2.2664191313037893e-10, 0.0, 0.0, 6.825423389039885e-11, 0.0, 5.934736514759406e-11, 5.91478599113827e-11, 0.0, 6.251869428008262e-12, 0.0, 0.0, 1.7023484448375303e-10, 7.61384499599203e-12, 1.2382717839909576e-10, 0.0, 2.8436257584933258e-12, 1.0, 0.0, 5.82076609134674e-11, 0.0, 7.610971477575274e-12, 4.888351640153353e-26, 0.0, 1.554539494670693e-10, 0.0, 0.0, 0.0, 1.2924697071141057e-26, 0.0, 0.0, 0.0, 0.0, 0.0, 2.513501625720879e-10, 0.0, 2.357963446539408e-10, 2.607181841512574e-10, 0.0, 6.82345199067914e-11, 1.2795200425887222e-10, 5.820766091346747e-11, 0.0, 0.0, 0.0, 0.0, 0.0, 1.2924697071141056e-26, 9.026923927883296e-11, 0.0, 1.589355407573834e-10, 0.0, 0.0, 0.0, 7.610971477575287e-12, 0.0, 1.2296104758454398e-10, 0.0, 1.0339757656912846e-25, 1.0005700322651609e-10, 0.0, 0.0, 0.0, 0.0, 1.0897642146312554e-10, 5.991945475425148e-26, 0.0, 8.218993857872782e-26, 5.82076609134674e-11, 0.0, 4.523367106705521e-11, 1.3288741252085911e-14, 8.88178419700125e-16, 0.0, 0.0, 0.0, 2.0843116021651349e-10, 5.5531798164908903e-11, 0.0], [0.0, 0.0, 0.0, 0.0, 0.0, 0.0, 0.0, 0.0, 0.0, 0.0, 0.0, 0.0, 0.0, 0.0, 0.0, 0.0, 0.0, 0.0, 0.0, 0.0, 0.0, 0.0, 0.0, 1.0, 0.0, 0.0, 0.0, 0.0, 0.0, 0.0, 0.0, 0.0, 0.0, 0.0, 0.0, 0.0, 0.0, 0.0, 0.0, 0.0, 0.0, 0.0, 0.0, 0.0, 0.0, 0.0, 0.0, 0.0, 0.0, 0.0, 0.0, 0.0, 0.0, 0.0, 0.0, 0.0, 0.0, 0.0, 0.0, 0.0, 0.0, 0.0, 0.0, 0.0, 0.0, 0.0, 0.0, 0.0, 0.0, 0.0, 0.0, 0.0, 0.0, 0.0, 0.0, 0.0, 0.0, 0.0, 0.0, 0.0, 0.0, 0.0, 0.0, 0.0], [0.0, 1.981305646488576e-20, 0.0, 0.05002982884139747, 0.0, 1.3081783759584896e-08, 0.00024424800595218246, 2.1120625132609073e-13, 2.37940948652109e-19, 0.1620110799660052, 3.76934103517121e-09, 0.1060232534464542, 1.1839317894332104e-10, 0.0, 1.548851014784812e-11, 0.0, 1.0977097242492342e-08, 0.2333134823965913, 5.783777514971061e-12, 0.12178360411244712, 0.00037893550660183053, 2.56299603199226e-19, 5.82076609134674e-11, 0.0, 1.0, 1.0190468950134043e-19, 5.966612308697323e-12, 0.0009768227170462056, 0.0, 0.14527193673220884, 0.0, 2.7977756221165738e-09, 1.704883897050087e-07, 7.450580596923828e-09, 0.0, 0.0, 3.865352482534944e-12, 9.931001811225213e-09, 3.7252902984619136e-09, 0.09622082080209882, 0.0, 0.2501334024124577, 5.82076609134674e-11, 1.9999865136748785e-19, 0.11214547944043834, 1.2891249283243268e-10, 0.0010849758971694622, 0.0038732904193295318, 0.0, 0.002194666655119534, 6.9849193096732305e-09, 2.602170462054546e-07, 0.0, 0.22029020729665852, 0.0, 0.0024576739732899565, 0.06891535053649764, 0.06891713595446257, 0.0, 0.0787547214538919, 0.053077274263857104, 0.03924272938798602, 0.2491554980934914, 0.0, 9.56819800123179e-07, 0.2491554980934915, 0.0, 0.21174069402122037, 5.584566074729556e-09, 0.0031386832541041095, 1.7048703027253922e-07, 0.0009765625, 0.06891535053649762, 3.429711602607896e-10, 0.0, 0.2530596550520239, 0.046990655100821795, 0.24967519469753802, 0.2048382531849442, 1.277764030862665e-09, 1.4901161193847655e-08, 6.607821452432564e-09, 0.20119316036284565, 0.0], [0.0, 1.6598388128790506e-20, 0.0, 4.690858736864522e-20, 0.0, 0.0, 0.0, 0.0, 1.0788952283713829e-19, 5.308804043044487e-20, 3.4715456647554973e-20, 8.407040207096888e-20, 0.0, 0.0, 1.1602627619152351e-21, 0.0, 0.0, 2.7632528109696605e-20, 0.0, 1.7661378463722332e-20, 7.396889503838661e-23, 4.1072029948363337e-20, 0.0, 0.0, 1.0190468950134043e-19, 1.0, 0.0, 1.1176226144134165e-21, 0.0, 1.0424228687812324e-19, 0.0, 2.6469779601696886e-23, 0.0, 0.0, 0.0, 0.0, 0.0, 0.0, 0.0, 3.5237233273927554e-20, 0.0, 4.2326014407106276e-22, 0.0, 5.353884059339968e-23, 5.097622147387847e-20, 0.0, 8.299653891753249e-22, 4.614652610944641e-22, 0.0, 0.0, 0.0, 0.0, 0.0, 3.483432446492131e-20, 0.0, 4.0981164014139255e-20, 0.0, 2.145095399342486e-23, 0.0, 0.0, 4.9692599572252285e-20, 7.190613385445003e-20, 0.0, 0.0, 0.0, 0.0, 1.254673997368706e-21, 0.0, 0.0, 6.927942986429227e-20, 0.0, 0.0, 0.0, 9.846612282144163e-22, 0.0, 9.349434163688532e-20, 0.0, 6.11365173320103e-22, 0.0, 0.0, 0.0, 1.5359258413447196e-21, 8.384820702382066e-20, 0.0], [0.0, 9.246302623325288e-19, 0.0, 3.0408727035161235e-11, 0.0, 0.0, 1.2035576314984972e-11, 5.40012479177676e-13, 1.474734957715756e-18, 2.557733401199352e-11, 2.6321167087314584e-13, 2.50330879498852e-11, 2.5516762842370076e-11, 0.0, 1.3216758186723047e-11, 0.0, 0.0, 1.863468348792757e-11, 1.269608656518847e-11, 2.536963689795566e-11, 3.469446951953614e-18, 8.734715255106163e-12, 7.610971477575274e-12, 0.0, 5.966612308697323e-12, 0.0, 1.0, 1.6659964750153107e-17, 0.0, 1.9874079046949796e-11, 0.0, 1.1861330681425337e-11, 1.13686837721616e-13, 0.0, 0.0, 0.0, 1.13686837721616e-12, 0.0, 0.0, 3.2729507168551265e-11, 3.4694469519536134e-18, 2.2711286501052155e-11, 1.8035988271149835e-11, 5.421010862427523e-20, 1.461258638876017e-11, 2.273749036226218e-13, 1.0417985752208753e-11, 0.0, 0.0, 0.0, 2.7105054312137606e-19, 0.0, 0.0, 2.723094606721523e-11, 0.0, 1.3368990239978261e-11, 0.0, 2.27373675443232e-13, 0.0, 1.1753148851436357e-11, 4.3054317654268336e-19, 4.137413151400641e-11, 0.0, 0.0, 7.503331289626658e-12, 0.0, 0.0, 0.0, 0.0, 5.082203677319115e-11, 0.0, 0.0, 0.0, 0.0, 0.0, 4.52304317657044e-11, 0.0, 3.837444171378013e-18, 0.0, 0.0, 3.4694469519536138e-18, 1.736665032797892e-11, 1.8589147910780134e-11, 0.0], [0.0, 6.36989432954832e-18, 0.0, 0.0011715401793024184, 0.0, 0.0, 0.0004004917331332868, 0.0, 5.549245156788179e-18, 0.0006800859240333127, 1.525878906250438e-05, 0.0008616775265309587, 9.706782735944995e-25, 0.0, 6.484344931398995e-17, 0.0, 0.0, 0.0013594196754876512, 2.4882142909409246e-16, 0.0016329305015660837, 0.0005875778988416765, 1.3207931293328914e-19, 4.888351640153353e-26, 0.0, 0.0009768227170462056, 1.1176226144134165e-21, 1.6659964750153107e-17, 1.0, 0.0, 0.001528400610953478, 0.0, 3.2877539852649316e-05, 2.3841857910156247e-07, 1.52587890625e-05, 0.0, 2.288818359375e-05, 2.460173287407528e-05, 0.0, 0.0, 0.000590598407117815, 3.4694469519536134e-18, 0.00020699199351045564, 0.0, 3.686870565083689e-17, 0.0014760011011131441, 2.927721225599915e-17, 0.0003395090673208133, 0.00046553155005161145, 0.0, 0.000529278304192094, 2.761381255343286e-06, 2.3841857910158913e-07, 2.9816691814635016e-25, 0.0014728547275991702, 5.551115123125783e-17, 0.0003716433276351576, 0.0, 0.00019480742516591942, 0.0, 8.474976854010038e-22, 2.8164101517360053e-19, 0.0013714622678296607, 0.0, 8.706697818408946e-25, 2.3841857910156245e-07, 0.0, 1.6767377756318764e-21, 6.383108627045678e-05, 0.0, 0.0007460334874127354, 3.8277755545990165e-05, 0.0011820104056258721, 2.5548138751797397e-25, 1.6778393655370618e-21, 0.0, 0.0013688781389459175, 0.0006517653225518313, 4.487951662835114e-06, 0.00024414062499999997, 0.0, 3.4694469673682e-18, 1.7213326000119256e-16, 0.0010737966792228836, 0.0], [0.0, 0.0, 0.0, 1.12405757384368e-07, 0.0, 3.847463276194947e-08, 0.0, 0.0, 0.0, 1.909856009817128e-09, 0.0, 0.0, 0.0, 0.0, 0.0, 0.0, 0.0, 1.4788414344365451e-08, 0.0, 4.478115522358012e-08, 0.0, 0.0, 0.0, 0.0, 0.0, 0.0, 0.0, 0.0, 1.0, 4.86669886665181e-08, 0.0, 0.0, 2.9802322387695312e-08, 0.0, 0.0, 0.0, 0.0, 0.0, 0.0, 4.143003244498657e-08, 2.2550821105936704e-08, 0.0, 0.0, 0.0, 0.0, 0.0, 0.0, 3.385316337627559e-08, 0.0, 0.0, 4.4703483581542975e-08, 1.526318549309921e-08, 0.0, 0.0, 0.0, 1.9198658082412708e-08, 0.0, 0.0, 0.0, 0.0, 0.0, 2.636467626480409e-08, 0.0, 0.0, 0.0, 0.0, 0.0, 0.0, 0.0, 2.980232238769532e-08, 2.980232238769531e-08, 0.0, 0.0, 0.0, 0.0, 3.431312436985628e-08, 0.0, 0.0, 0.0, 0.0, 0.0, 2.9802322387695312e-08, 1.6582614212085833e-08, 0.0], [0.0, 3.3029289332825666e-18, 3.399670249779032e-07, 0.4866092757778981, 0.0, 2.0630339947060132e-07, 0.00037506077075437285, 2.821883555827509e-13, 3.604496295702413e-18, 0.3049813984417156, 0.017267003086905663, 0.6631418046398584, 3.4806275116259303e-10, 2.0861625671386721e-07, 2.4367566252340095e-11, 0.0, 6.07678342475223e-09, 0.1886586906625795, 2.5940456365635936e-11, 0.6810496239897763, 0.00176935187640114, 7.610259674931132e-10, 1.554539494670693e-10, 0.0, 0.14527193673220884, 1.0424228687812324e-19, 1.9874079046949796e-11, 0.001528400610953478, 4.86669886665181e-08, 1.0, 0.005074027509839657, 3.5943329125601255e-05, 6.316155703767594e-07, 1.907759521348649e-05, 0.0, 2.3564621794919095e-05, 0.007140901615515807, 9.946947749334942e-09, 1.0915328886145454e-07, 0.37165709441676653, 3.836745998448765e-07, 0.26030495976602364, 1.7167978952775314e-10, 6.75451268311195e-18, 0.1793311383350298, 1.3606683001538614e-11, 0.047871895000472245, 0.002602570152642347, 0.12474643121310182, 0.00130994617517748, 0.002637698517844408, 0.13598346316214197, 3.223805849820617e-25, 0.659054047496761, 6.190900269151508e-17, 0.03207302249229853, 0.6537742495663839, 0.3142819910525175, 0.0, 0.28577955457881826, 0.13236322330351127, 0.6930875629919582, 0.3351158625159728, 4.3772249283359155e-10, 1.4211175361030017e-06, 0.2520645942722817, 2.087084111486577e-21, 0.28483492299119473, 0.00705015302953832, 0.6516341037506534, 0.0366361168498829, 0.02054968894329332, 0.25012307125989397, 1.9278119042928865e-10, 0.0, 0.702954843879535, 0.5135409548696275, 0.6848205568426815, 0.3591386049236015, 2.2244433932414133e-08, 2.452294846615669e-07, 8.745655876342001e-08, 0.5731420868717898, 0.04723769838857136], [0.0, 0.0, 0.0, 0.01622044635575903, 0.0, 1.0235287382571646e-09, 8.526512829121202e-14, 1.4210854715202002e-14, 0.0, 0.013328724871945304, 0.0, 0.013998243771843517, 1.3414909124794227e-10, 0.0, 2.761031786359712e-10, 0.0, 0.0, 0.011612441317396196, 2.1316282072803006e-14, 0.009218570762836865, 2.4014647264471107e-11, 9.241381841524913e-10, 0.0, 0.0, 0.0, 0.0, 0.0, 0.0, 0.0, 0.005074027509839657, 1.0, 0.0, 5.684341886080802e-14, 0.0, 0.0, 0.0, 0.01771256544117133, 0.0, 9.313225746154785e-10, 0.0046649210438353215, 0.0, 1.1643656047266108e-10, 0.0, 0.0, 0.0021147694806653017, 0.0, 0.00780090299084378, 2.725364821939392e-10, 0.0, 0.0, 0.015625000814907253, 9.313225746154785e-10, 0.0, 0.017094688579039202, 0.0, 0.0069516919771021035, 0.0, 0.0, 0.0, 0.0, 0.0, 0.010015131321333937, 0.0, 4.6488522773729684e-10, 3.4930991432702285e-10, 0.0, 2.3283064365386958e-10, 0.0, 0.00409298128790449, 0.005747502433281749, 0.0, 0.005948335840835006, 0.0039062499999999996, 0.0, 0.0, 0.007735051948889603, 0.0073152300903708296, 0.018402124575611765, 0.0, 3.4924596548080444e-10, 0.0, 9.824251874074892e-10, 0.010230291411464684, 0.020806408788248316], [0.0, 0.0, 5.575941725427489e-07, 8.956904089799919e-06, 0.0, 6.013721014542121e-08, 9.779896322041063e-05, 0.0, 0.0, 0.00010622967197178791, 1.8626451492309566e-09, 3.640067501999067e-05, 8.415859791763051e-12, 8.075701433962383e-08, 1.4551915228406556e-11, 0.0, 0.0, 3.815888712577216e-05, 7.314817337432277e-12, 2.884523266567471e-05, 6.617444900424222e-24, 0.0, 0.0, 0.0, 2.7977756221165738e-09, 2.6469779601696886e-23, 1.1861330681425337e-11, 3.2877539852649316e-05, 0.0, 3.5943329125601255e-05, 0.0, 1.0, 3.0079611323156343e-07, 3.8156285881996155e-06, 0.0, 0.0, 1.5258789289873675e-05, 5.070452791986022e-09, 1.2113552150943575e-07, 2.6686659074930904e-05, 1.7527460619580854e-07, 4.700647995685057e-05, 4.8275164059089505e-12, 2.6469779601696886e-23, 0.00012449096742591278, 8.678424270610118e-13, 3.09786892539408e-05, 9.855666798249379e-08, 0.0, 3.814697265625e-06, 9.313225746154785e-10, 1.1920928955078122e-07, 0.0, 0.00012514553190360746, 0.0, 7.36663402774329e-05, 0.0, 9.314783401280605e-08, 0.0, 2.0463630789890885e-12, 0.0, 3.738234013415842e-05, 0.0, 0.0, 1.266600975213805e-07, 0.0, 0.0, 4.694743403939453e-05, 8.432186115736645e-09, 0.00010196812139391819, 4.358489874775463e-05, 0.0, 0.0, 0.0, 0.0, 0.00010030120087116278, 0.0, 4.106670296409269e-06, 0.0, 0.0, 1.4652850243163155e-08, 2.7978330763289804e-09, 4.968068065974246e-05, 0.0], [0.0, 0.0, 1.9076407527909048e-07, 5.355088523798342e-07, 0.0, 7.155478572830926e-08, 1.0306017653087682