"{\"names\": [\"172.217.10.1\", \"104.88.86.240\", \"38.93.140.48\", \"192.168.10.15\", \"104.88.108.223\", \"195.142.105.15\", \"172.217.12.163\", \"206.217.206.48\", \"172.217.6.228\", \"178.255.83.1\", \"74.119.118.82\", \"192.168.10.9\", \"172.217.7.6\", \"35.186.227.40\", \"31.13.71.36\", \"206.126.112.142\", \"151.101.2.49\", \"192.168.10.25\", \"172.217.3.98\", \"192.168.10.16\", \"72.30.202.150\", \"172.217.12.132\", \"50.31.164.173\", \"162.208.20.178\", \"23.15.4.16\", \"216.58.217.99\", \"172.217.6.198\", \"172.217.12.174\", \"169.46.44.40\", \"192.168.10.17\", \"52.84.143.130\", \"104.19.195.102\", \"216.200.232.61\", \"104.97.73.166\", \"152.163.13.79\", \"192.229.163.25\", \"74.119.118.86\", \"54.225.188.92\", \"188.165.145.88\", \"192.168.10.14\", \"8.43.72.98\", \"199.96.57.6\", \"68.67.178.110\", \"104.88.70.158\", \"192.168.10.19\", \"69.172.216.56\", \"157.240.18.35\", \"172.217.11.34\", \"185.54.150.20\", \"69.169.85.7\", \"198.232.124.194\", \"74.119.118.72\", \"172.217.12.134\", \"192.168.10.5\", \"23.111.9.30\", \"192.168.10.8\", \"151.101.66.2\", \"68.67.178.199\", \"213.239.195.215\", \"138.108.7.20\", \"52.84.145.87\", \"192.168.10.50\", \"52.84.145.198\", \"52.40.24.51\", \"212.77.100.137\", \"185.54.150.115\", \"172.217.10.138\", \"152.163.66.165\", \"52.84.137.78\", \"192.168.10.51\", \"68.67.178.109\", \"129.146.14.96\", \"54.152.24.232\", \"172.217.10.33\", \"52.8.229.108\", \"192.168.10.12\", \"64.147.131.201\", \"172.217.12.206\", \"68.67.180.12\", \"172.217.10.134\", \"38.69.238.16\", \"172.217.10.142\", \"192.168.10.3\", \"172.217.6.202\"], \"funcEdges\": [[1.0, 0.0, 0.0, 0.0, 0.0, 0.0, 0.0, 0.0, 0.0, 0.0, 0.0, 0.0, 0.0, 0.0, 0.0, 0.0, 0.0, 0.0, 0.0, 0.0, 0.0, 0.0, 0.0, 0.0, 0.0, 0.0, 0.0, 0.0, 0.0, 0.0, 0.0, 0.0, 0.0, 0.0, 0.0, 0.0, 0.0, 0.0, 0.0, 0.0, 0.0, 0.0, 0.0, 0.0, 0.0, 0.0, 0.0, 0.0, 0.0, 0.0, 0.0, 0.0, 0.0, 0.0, 0.0, 0.0, 0.0, 0.0, 0.0, 0.0, 0.0, 0.0, 0.0, 0.0, 0.0, 0.0, 0.0, 0.0, 0.0, 0.0, 0.0, 0.0, 0.0, 0.0, 0.0, 0.0, 0.0, 0.0, 0.0, 0.0, 0.0, 0.0, 0.0, 0.0], [0.0, 1.0, 0.0, 0.206584487253962, 0.0, 0.0, 0.0, 0.0, 0.13340485923470477, 0.230781009897243, 0.032661760526239245, 0.11783067500353453, 0.0, 0.0, 0.08535213315035031, 0.0, 0.0, 0.08726676776852166, 0.15093025423234557, 0.09215968533696398, 5.0362365539980124e-05, 0.003718150289349964, 0.0, 0.0, 0.0007138405896986408, 0.0005980199567341743, 0.033313316039170086, 0.22949962983154598, 0.0, 0.11900055610530078, 0.0, 0.0, 0.0, 0.0, 0.0, 0.0, 0.0, 0.0, 0.0, 0.11772998679678524, 0.0, 0.008680958311998412, 0.0, 0.0, 0.19129051563773555, 0.12358284262670192, 0.00030217419323988085, 0.0009231210482347559, 0.0, 0.0, 0.0078125, 0.000244140625, 0.0, 0.22694930644253192, 0.0, 0.15141173696497545, 0.0, 0.0, 0.0, 0.0, 0.0015947198846244645, 0.16427343762444993, 0.0, 0.0, 0.0, 0.0, 0.0, 0.0, 0.0, 0.14924176448282178, 0.0, 0.0, 0.0, 0.0, 0.0, 0.08517923260897656, 0.0, 0.13473331561590918, 0.0, 0.0, 0.0, 0.0028735277797259456, 0.26930584409994585, 0.0], [0.0, 0.0, 1.0, 0.0, 0.0, 0.0, 0.0, 0.0, 0.0, 0.0, 0.0, 0.0, 0.0, 0.0, 0.0, 0.0, 0.0, 0.0, 0.0, 0.0, 0.0, 0.0, 0.0, 0.0, 0.0, 0.0, 0.0, 0.0, 0.0, 0.0, 0.0, 0.0, 0.0, 0.0, 0.0, 0.0, 0.0, 0.0, 0.0, 0.0, 0.0, 0.0, 0.0, 0.0, 0.0, 0.0, 0.0, 0.0, 0.0, 0.0, 0.0, 0.0, 0.0, 0.0, 0.0, 0.0, 0.0, 0.0, 0.0, 0.0, 0.0, 0.0, 0.0, 0.0, 0.0, 0.0, 0.0, 0.0, 0.0, 0.0, 0.0, 0.0, 0.0, 0.0, 0.0, 0.0, 0.0, 0.0, 0.0, 0.0, 0.0, 0.0, 0.0, 0.0], [0.0, 0.206584487253962, 0.0, 1.0, 0.0, 0.0, 0.0, 0.0, 0.3194543380292263, 0.3936915262435897, 0.16236452902503828, 0.767841628480135, 1.4601439684251605e-08, 0.0, 0.3159402371013244, 0.0, 0.0, 0.8140576160157378, 0.4121148787638843, 0.4900197062382555, 0.11629670637085995, 0.010691502460707785, 2.382980016391483e-09, 0.0, 0.0019405894103668197, 0.0016900599727512557, 0.59252820636988, 0.6757959784246151, 0.0, 0.35512117199716753, 0.0, 6.353135778338533e-07, 0.0, 1.986420888180409e-08, 0.0, 0.0, 0.0, 0.0, 0.0, 0.4312489102784773, 0.12313857926796595, 0.002054384762379655, 0.0, 0.0011217737611328923, 0.3630633911850445, 0.03660393540440731, 0.0005501507985240774, 0.0007683934081477314, 0.0, 0.0, 0.004882656911944404, 0.0006983911228539651, 1.4411002657632436e-08, 0.7037741313820143, 0.0, 0.706996055299866, 0.0, 7.734762952251952e-07, 0.0, 0.0002562314659927866, 0.020261225161464023, 0.43827448406303837, 0.0, 2.672779010248826e-08, 0.0, 0.0, 6.0456673184309646e-05, 4.4074403504773725e-09, 0.0, 0.7319693179485882, 4.616601086173808e-05, 0.0, 2.0779511880256588e-08, 6.06946221869065e-05, 0.0, 0.442883173795404, 0.0, 0.11720691445589788, 4.3330603837202675e-09, 0.0, 0.12313803726862434, 0.0024839731369384367, 0.3606259817528148, 0.0], [0.0, 0.0, 0.0, 0.0, 1.0, 0.0, 0.0, 0.0, 0.0, 0.0, 0.0, 0.0, 0.0, 0.0, 0.0, 0.0, 0.0, 0.0, 0.0, 0.0, 0.0, 0.0, 0.0, 0.0, 0.0, 0.0, 0.0, 0.0, 0.0, 0.0, 0.0, 0.0, 0.0, 0.0, 0.0, 0.0, 0.0, 0.0, 0.0, 0.0, 0.0, 0.0, 0.0, 0.0, 0.0, 0.0, 0.0, 0.0, 0.0, 0.0, 0.0, 0.0, 0.0, 0.0, 0.0, 0.0, 0.0, 0.0, 0.0, 0.0, 0.0, 0.0, 0.0, 0.0, 0.0, 0.0, 0.0, 0.0, 0.0, 0.0, 0.0, 0.0, 0.0, 0.0, 0.0, 0.0, 0.0, 0.0, 0.0, 0.0, 0.0, 0.0, 0.0, 0.0], [0.0, 0.0, 0.0, 0.0, 0.0, 1.0, 0.0, 0.0, 0.0, 0.0, 0.0, 0.0, 0.0, 0.0, 0.0, 0.0, 0.0, 0.0, 0.0, 0.0, 0.0, 0.0, 0.0, 0.0, 0.0, 0.0, 0.0, 0.0, 0.0, 0.0, 0.0, 0.0, 0.0, 0.0, 0.0, 0.0, 0.0, 0.0, 0.0, 0.0, 0.0, 0.0, 0.0, 0.0, 0.0, 0.0, 0.0, 0.0, 0.0, 0.0, 0.0, 0.0, 0.0, 0.0, 0.0, 0.0, 0.0, 0.0, 0.0, 0.0, 0.0, 0.0, 0.0, 0.0, 0.0, 0.0, 0.0, 0.0, 0.0, 0.0, 0.0, 0.0, 0.0, 0.0, 0.0, 0.0, 0.0, 0.0, 0.0, 0.0, 0.0, 0.0, 0.0, 0.0], [0.0, 0.0, 0.0, 0.0, 0.0, 0.0, 1.0, 0.0, 0.0, 0.0, 0.0, 0.0, 0.0, 0.0, 0.0, 0.0, 0.0, 0.0, 0.0, 0.0, 0.0, 0.0, 0.0, 0.0, 0.0, 0.0, 0.0, 0.0, 0.0, 0.0, 0.0, 0.0, 0.0, 0.0, 0.0, 0.0, 0.0, 0.0, 0.0, 0.0, 0.0, 0.0, 0.0, 0.0, 0.0, 0.0, 0.0, 0.0, 0.0, 0.0, 0.0, 0.0, 0.0, 0.0, 0.0, 0.0, 0.0, 0.0, 0.0, 0.0, 0.0, 0.0, 0.0, 0.0, 0.0, 0.0, 0.0, 0.0, 0.0, 0.0, 0.0, 0.0, 0.0, 0.0, 0.0, 0.0, 0.0, 0.0, 0.0, 0.0, 0.0, 0.0, 0.0, 0.0], [0.0, 0.0, 0.0, 0.0, 0.0, 0.0, 0.0, 1.0, 0.0, 0.0, 0.0, 0.0, 0.0, 0.0, 0.0, 0.0, 0.0, 0.0, 0.0, 0.0, 0.0, 0.0, 0.0, 0.0, 0.0, 0.0, 0.0, 0.0, 0.0, 0.0, 0.0, 0.0, 0.0, 0.0, 0.0, 0.0, 0.0, 0.0, 0.0, 0.0, 0.0, 0.0, 0.0, 0.0, 0.0, 0.0, 0.0, 0.0, 0.0, 0.0, 0.0, 0.0, 0.0, 0.0, 0.0, 0.0, 0.0, 0.0, 0.0, 0.0, 0.0, 0.0, 0.0, 0.0, 0.0, 0.0, 0.0, 0.0, 0.0, 0.0, 0.0, 0.0, 0.0, 0.0, 0.0, 0.0, 0.0, 0.0, 0.0, 0.0, 0.0, 0.0, 0.0, 0.0], [0.0, 0.13340485923470477, 0.0, 0.3194543380292263, 0.0, 0.0, 0.0, 0.0, 1.0, 0.17589459429825, 0.03569849378366659, 0.24506431838354492, 0.0, 0.0, 0.2556877386976175, 0.0, 0.0, 0.18484633116347077, 0.14464911819366333, 0.20466341544152777, 0.0, 0.008467411075965568, 0.0, 0.0, 0.008572726141486563, 0.003887129718772133, 0.053132926448311385, 0.19993262736239018, 0.0, 0.12986566539346978, 0.0, 0.0, 0.0, 0.0, 0.0, 0.0, 0.0, 0.0, 0.0, 0.24741646685899182, 0.0, 0.0078125, 0.0, 0.003371691431533805, 0.21210213639123499, 0.049920096053325945, 0.0, 0.0, 0.0, 0.0, 0.009385956001382442, 0.0, 0.0, 0.061208900868184556, 0.0, 0.2686748788785033, 0.0, 0.0, 0.0, 0.0, 0.005423614936084073, 0.16490511889818535, 0.0, 0.0, 0.0, 0.0, 0.0, 0.0, 0.0, 0.21176657434414767, 0.0, 0.0, 0.0, 0.0, 0.0, 0.32737667094401646, 0.0, 0.09485646189058655, 0.0, 0.0, 0.0, 0.0, 0.15364219234171977, 0.0], [0.0, 0.230781009897243, 0.0, 0.3936915262435897, 0.0, 0.0, 0.0, 0.0, 0.17589459429825, 1.0, 0.19389603059052568, 0.4123679567711109, 1.5594208779279074e-08, 0.0, 0.4388581256559146, 0.0, 0.0, 0.5044347883706585, 0.4902816146185008, 0.6405167322226473, 0.10379936366823429, 0.010065721752811008, 5.495244201489508e-09, 0.0, 0.005525380500426995, 0.0019126982328030507, 0.2384254224089965, 0.2673129156280022, 0.0, 0.3389995853767002, 0.0, 5.475575823318571e-07, 0.0, 9.408183243878617e-09, 0.0, 0.0, 0.0, 0.0, 0.0, 0.6946942450016929, 0.4478325472176721, 0.033168902171903956, 0.0, 0.001953675393110892, 0.516771889246328, 0.03980174026314313, 0.0002664269405483859, 0.0015547614441613138, 0.0, 0.0, 0.033147798901724077, 0.000244140625, 7.638835625565665e-09, 0.3605429184302257, 0.0, 0.3799725871052971, 0.0, 1.920190719758392e-06, 0.0, 0.00012436876606088026, 0.015461012918871368, 0.3607567660346319, 0.0, 2.6535380564981227e-08, 0.0, 0.0, 3.4863798636796935e-05, 6.801418432409144e-09, 0.0, 0.5012330697367796, 2.1005944012724097e-05, 0.0, 6.20754864087828e-09, 1.9403615556683388e-05, 0.0, 0.3425445983071314, 0.0, 0.248028111200693, 1.3725203678844058e-08, 0.0, 0.4478323321030904, 0.0013000850646260518, 0.6728325667848623, 0.0], [0.0, 0.032661760526239245, 0.0, 0.16236452902503828, 0.0, 0.0, 0.0, 0.0, 0.03569849378366659, 0.19389603059052568, 1.0, 0.23537839473874267, 0.0, 0.0, 0.16431264356228076, 0.0, 0.0, 0.08141441954997697, 0.38285547902303924, 0.2241682663936756, 0.12541457957285776, 0.009688452982580673, 0.0, 0.0, 0.00879828482394671, 0.0012507561409754015, 0.13476562499999997, 0.15777998103733998, 0.0, 0.22871921562728806, 0.0, 0.0, 0.0, 0.0, 0.0, 0.0, 0.0, 0.0, 0.0, 0.11291453264437593, 0.125, 0.007900310865177335, 0.0, 0.0078125, 0.14112362729346845, 0.008180589987771866, 0.0002775376523216559, 0.0001649379729716178, 0.0, 0.0, 0.009765625, 8.373954352661568e-05, 0.0, 0.13807904919165379, 0.0, 0.4206499115803983, 0.0, 0.0, 0.0, 3.0517578124999997e-05, 0.0033798194936111433, 0.34847434662326415, 0.0, 0.0, 0.0, 0.0, 2.2533269003526722e-05, 0.0, 0.0, 0.06255117008756618, 0.0001190206138854843, 0.0, 0.0, 2.8060543128690737e-05, 0.0, 0.1371881135132474, 0.0, 0.01716019942524331, 0.0, 0.0, 0.12500000000000003, 0.0003948270660598525, 0.1371886791026158, 0.0], [0.0, 0.11783067500353453, 0.0, 0.767841628480135, 0.0, 0.0, 0.0, 0.0, 0.24506431838354492, 0.4123679567711109, 0.23537839473874267, 1.0, 2.1609484762938025e-08, 0.0, 0.28191967362949416, 0.0, 0.0, 0.776639475617543, 0.32240610938743075, 0.5977462021751399, 0.17547407127355294, 0.016220548932462577, 5.885807709496269e-09, 0.0, 0.004318539713794536, 0.0030289554515176256, 0.5705916749033446, 0.6170706143336541, 0.0, 0.6905631838514652, 0.0, 6.851773513741256e-07, 0.0, 2.2205268022520358e-08, 0.0, 0.0, 0.0, 0.0, 0.0, 0.5041124946654041, 0.1751926347975415, 0.010248157674366529, 0.0, 0.0017333528741802502, 0.36367381242497526, 0.06882264583823801, 0.00041842513957021177, 0.0009824877598814154, 0.0, 0.0, 0.015774216168790087, 0.000961951885345507, 1.4833381279607611e-08, 0.7636896825498194, 0.0, 0.7750671595323437, 0.0, 1.8038142301473028e-06, 0.0, 0.00019727181349832003, 0.0093712264204841, 0.6521407965969912, 0.0, 3.920896133325684e-08, 0.0, 0.0, 4.430264560166629e-05, 2.5350512751709196e-08, 0.0, 0.5650762002131605, 0.00011898546206371493, 0.0, 1.641919200529511e-08, 3.01969992447059e-05, 0.0, 0.4639866687890792, 0.0, 0.30066495506816726, 2.8432126255985205e-08, 0.0, 0.17519257556882445, 0.0017702657819861727, 0.10748593627921643, 0.0], [0.0, 0.0, 0.0, 1.4601439684251605e-08, 0.0, 0.0, 0.0, 0.0, 0.0, 1.5594208779279074e-08, 0.0, 2.1609484762938025e-08, 1.0, 0.0, 0.0, 0.0, 0.0, 2.1085763470534616e-08, 1.1175870895385742e-08, 1.5124385025703636e-08, 7.45058059692383e-09, 0.0, 0.0, 0.0, 0.0, 0.0, 0.0, 3.4972370490054593e-08, 0.0, 9.918649547709409e-09, 0.0, 0.0, 0.0, 0.0, 0.0, 0.0, 0.0, 0.0, 0.0, 1.0082458086108317e-08, 0.0, 0.0, 0.0, 0.0, 2.1864935052417403e-08, 0.0, 1.4901161193847656e-08, 0.0, 0.0, 0.0, 0.0, 0.0, 1.4901161193847656e-08, 2.2804294281036332e-08, 0.0, 1.2111525655233613e-08, 0.0, 8.364638677057795e-09, 0.0, 3.7252902984619132e-09, 7.4505805969238265e-09, 2.62142896621209e-08, 0.0, 7.450580596923828e-09, 0.0, 0.0, 0.0, 7.450580596923827e-09, 0.0, 1.393596067405185e-08, 0.0, 0.0, 1.4901161193847656e-08, 0.0, 0.0, 1.2699915011697205e-08, 0.0, 7.450580596923827e-09, 1.677003893664751e-08, 0.0, 0.0, 0.0, 2.8113182598542306e-08, 0.0], [0.0, 0.0, 0.0, 0.0, 0.0, 0.0, 0.0, 0.0, 0.0, 0.0, 0.0, 0.0, 0.0, 1.0, 0.0, 0.0, 0.0, 0.0, 0.0, 0.0, 0.0, 0.0, 0.0, 0.0, 0.0, 0.0, 0.0, 0.0, 0.0, 0.0, 0.0, 0.0, 0.0, 0.0, 0.0, 0.0, 0.0, 0.0, 0.0, 0.0, 0.0, 0.0, 0.0, 0.0, 0.0, 0.0, 0.0, 0.0, 0.0, 0.0, 0.0, 0.0, 0.0, 0.0, 0.0, 0.0, 0.0, 0.0, 0.0, 0.0, 0.0, 0.0, 0.0, 0.0, 0.0, 0.0, 0.0, 0.0, 0.0, 0.0, 0.0, 0.0, 0.0, 0.0, 0.0, 0.0, 0.0, 0.0, 0.0, 0.0, 0.0, 0.0, 0.0, 0.0], [0.0, 0.08535213315035031, 0.0, 0.3159402371013244, 0.0, 0.0, 0.0, 0.0, 0.2556877386976175, 0.4388581256559146, 0.16431264356228076, 0.28191967362949416, 0.0, 0.0, 1.0, 0.0, 0.0, 0.4193371387591525, 0.2785884820371164, 0.5469424501575055, 0.1642666796872534, 1.8885887077492553e-05, 0.0, 0.0, 0.0, 4.180287153770652e-05, 0.2182474571830937, 0.33623147334322234, 0.0, 0.2821545657941621, 0.0, 1.430511474609375e-06, 0.0, 0.0, 0.0, 0.0, 0.0, 0.0, 0.0, 0.5892884962458335, 0.4810565146394647, 9.5367431640625e-07, 0.0, 1.4305114746093748e-06, 0.19177140324401978, 0.06264009650147205, 3.983631200363534e-06, 9.287002220601708e-06, 0.0, 0.0, 0.0, 0.0, 0.0, 0.22778179835303386, 0.0, 0.30296621004285484, 0.0, 4.768371582031249e-07, 0.0, 0.0, 0.0, 0.21562303281027287, 0.0, 0.0, 0.0, 0.0, 2.892119084496022e-05, 0.0, 0.0, 0.3254454915910334, 0.0, 0.0, 0.0, 2.1346741738727858e-05, 0.0, 0.23618641755806277, 0.0, 0.08196888039798225, 0.0, 0.0, 0.48105633582553037, 1.886569809539964e-05, 0.5114793955826757, 0.0], [0.0, 0.0, 0.0, 0.0, 0.0, 0.0, 0.0, 0.0, 0.0, 0.0, 0.0, 0.0, 0.0, 0.0, 0.0, 1.0, 0.0, 0.0, 0.0, 0.0, 0.0, 0.0, 0.0, 0.0, 0.0, 0.0, 0.0, 0.0, 0.0, 0.0, 0.0, 0.0, 0.0, 0.0, 0.0, 0.0, 0.0, 0.0, 0.0, 0.0, 0.0, 0.0, 0.0, 0.0, 0.0, 0.0, 0.0, 0.0, 0.0, 0.0, 0.0, 0.0, 0.0, 0.0, 0.0, 0.0, 0.0, 0.0, 0.0, 0.0, 0.0, 0.0, 0.0, 0.0, 0.0, 0.0, 0.0, 0.0, 0.0, 0.0, 0.0, 0.0, 0.0, 0.0, 0.0, 0.0, 0.0, 0.0, 0.0, 0.0, 0.0, 0.0, 0.0, 0.0], [0.0, 0.0, 0.0, 0.0, 0.0, 0.0, 0.0, 0.0, 0.0, 0.0, 0.0, 0.0, 0.0, 0.0, 0.0, 0.0, 1.0, 0.0, 0.0, 0.0, 0.0, 0.0, 0.0, 0.0, 0.0, 0.0, 0.0, 0.0, 0.0, 0.0, 0.0, 0.0, 0.0, 0.0, 0.0, 0.0, 0.0, 0.0, 0.0, 0.0, 0.0, 0.0, 0.0, 0.0, 0.0, 0.0, 0.0, 0.0, 0.0, 0.0, 0.0, 0.0, 0.0, 0.0, 0.0, 0.0, 0.0, 0.0, 0.0, 0.0, 0.0, 0.0, 0.0, 0.0, 0.0, 0.0, 0.0, 0.0, 0.0, 0.0, 0.0, 0.0, 0.0, 0.0, 0.0, 0.0, 0.0, 0.0, 0.0, 0.0, 0.0, 0.0, 0.0, 0.0], [0.0, 0.08726676776852166, 0.0, 0.8140576160157378, 0.0, 0.0, 0.0, 0.0, 0.18484633116347077, 0.5044347883706585, 0.08141441954997697, 0.776639475617543, 2.1085763470534616e-08, 0.0, 0.4193371387591525, 0.0, 0.0, 1.0, 0.2833485793048733, 0.6192394932985146, 0.14087332557233861, 0.01241816125085874, 5.28598892643811e-09, 0.0, 0.003093854373110056, 0.000995566746385075, 0.631533756142504, 0.7514526143117173, 0.0, 0.4561950177082734, 0.0, 7.876209325776827e-07, 0.0, 2.858303889281912e-08, 0.0, 0.0, 0.0, 0.0, 0.0, 0.45053063344636735, 0.21435099075138025, 0.012881896670661377, 0.0, 0.0021606891857321136, 0.33494791108451566, 0.05031782013365123, 0.00045031800123015005, 0.000995866573084855, 0.0, 0.0, 0.014177224315024677, 3.8258180980632606e-05, 1.6446979643716414e-08, 0.7297068416258894, 0.0, 0.6373516638999049, 0.0, 4.730778057366582e-07, 0.0, 9.725895300845672e-05, 0.008889299422645693, 0.4473062816207686, 0.0, 4.676050089072913e-08, 0.0, 0.0, 3.741790541911078e-05, 2.0710943609666682e-08, 0.0, 0.7833301336556228, 2.075908445705781e-05, 0.0, 1.9960092986646848e-08, 3.040386829742722e-05, 0.0, 0.3075649298005999, 0.0, 0.326445210503864, 2.264154057038779e-08, 0.0, 0.21435074371485088, 0.0012801466680073042, 0.24698688700298468, 0.0], [0.0, 0.15093025423234557, 0.0, 0.4121148787638843, 0.0, 0.0, 0.0, 0.0, 0.14464911819366333, 0.4902816146185008, 0.38285547902303924, 0.32240610938743075, 1.1175870895385742e-08, 0.0, 0.2785884820371164, 0.0, 0.0, 0.2833485793048733, 1.0, 0.5313295927141989, 0.18846467917996867, 0.0008131546903495182, 2.9048929677981913e-09, 0.0, 0.0, 0.0, 0.23933200634439192, 0.26207727767758443, 0.0, 0.19816821458830922, 0.0, 0.0, 0.0, 4.656612873077392e-10, 0.0, 0.0, 0.0, 0.0, 0.0, 0.4446973245756631, 0.22160131510697959, 0.0012095756411084392, 0.0, 0.0, 0.3895149687279946, 0.06733909653655791, 0.000479706671915525, 0.000727767110726439, 0.0, 0.0, 0.0, 0.0009756252097370119, 4.931635832993745e-09, 0.5681781694594491, 0.0, 0.6239902305837386, 0.0, 8.364638677057798e-09, 0.0, 0.00014718749632175066, 7.45058059692383e-09, 0.21418637130173449, 0.0, 1.1332766935923913e-08, 0.0, 0.0, 0.0, 7.450580596923828e-09, 0.0, 0.32378372094739927, 2.1005147897148345e-05, 0.0, 6.390038174310813e-09, 0.0, 0.0, 0.3238029311206079, 0.0, 0.17285203623123904, 1.2143821298951648e-08, 0.0, 0.22160131533981026, 0.00046999600608097413, 0.3540664860736162, 0.0], [0.0, 0.09215968533696398, 0.0, 0.4900197062382555, 0.0, 0.0, 0.0, 0.0, 0.20466341544152777, 0.6405167322226473, 0.2241682663936756, 0.5977462021751399, 1.5124385025703636e-08, 0.0, 0.5469424501575055, 0.0, 0.0, 0.6192394932985146, 0.5313295927141989, 1.0, 0.1856075044814299, 0.02215075495757407, 2.469667640226643e-09, 0.0, 0.003747492616410315, 0.0006363182197445536, 0.3001541354792695, 0.37279673613430686, 0.0, 0.32157696871646396, 0.0, 4.920698672731241e-07, 0.0, 6.576378541504892e-09, 0.0, 0.0, 0.0, 0.0, 0.0, 0.6835752926197195, 0.40338856334035417, 0.0014854268518627036, 0.0, 0.0016629651305949194, 0.36223059492431386, 0.02912649286736766, 0.0009615956790134538, 0.0017441165887226461, 0.0, 0.0, 0.0016623096538699927, 0.0004163963898502311, 3.8971612018110195e-09, 0.40343334122174246, 0.0, 0.32783414456823384, 0.0, 4.862667001434948e-07, 0.0, 0.00024143822881896843, 0.010413977343530246, 0.329992540156887, 0.0, 2.3823970421865764e-08, 0.0, 0.0, 1.4267106678328381e-05, 5.260655661114309e-09, 0.0, 0.4798111736596288, 5.314787648710669e-05, 0.0, 3.727389482063449e-09, 1.787398263519537e-05, 0.0, 0.42659244763600956, 0.0, 0.24619897348764658, 1.623016611131212e-08, 0.0, 0.40338819233818096, 0.001969786869197777, 0.46516739767435583, 0.0], [0.0, 5.0362365539980124e-05, 0.0, 0.11629670637085995, 0.0, 0.0, 0.0, 0.0, 0.0, 0.10379936366823429, 0.12541457957285776, 0.17547407127355294, 7.45058059692383e-09, 0.0, 0.1642666796872534, 0.0, 0.0, 0.14087332557233861, 0.18846467917996867, 0.1856075044814299, 1.0, 0.0006284811283640674, 0.0, 0.0, 0.0, 2.665010305055082e-06, 0.125, 0.12514124978308286, 0.0, 0.36997449709568253, 0.0, 2.384185791015625e-07, 0.0, 0.0, 0.0, 0.0, 0.0, 0.0, 0.0, 0.13714454252201957, 0.125, 0.00036344776806898247, 0.0, 7.152557373046875e-07, 0.13630237280065935, 0.0001644503643121949, 0.0011687583111702126, 0.0004890314940526374, 0.0, 0.0, 0.0, 0.0003021741932398808, 0.0, 0.12537545996740698, 0.0, 0.10971474151220337, 0.0, 4.852017968801827e-07, 0.0, 6.103515625000001e-05, 7.450580596923828e-09, 0.0956354601824033, 0.0, 7.45058059692383e-09, 0.0, 0.0, 0.0, 2.9802322387695312e-08, 0.0, 0.09435974771196425, 0.0, 0.0, 0.0, 0.0, 0.0, 0.12548032252452643, 0.0, 0.0011188832049206854, 1.9661424960207427e-08, 0.0, 0.12500000000000003, 5.228053993889135e-05, 0.21287432782576227, 0.0], [0.0, 0.003718150289349964, 0.0, 0.010691502460707785, 0.0, 0.0, 0.0, 0.0, 0.008467411075965568, 0.010065721752811008, 0.009688452982580673, 0.016220548932462577, 0.0, 0.0, 1.8885887077492553e-05, 0.0, 0.0, 0.01241816125085874, 0.0008131546903495182, 0.02215075495757407, 0.0006284811283640674, 1.0, 0.0, 0.0, 0.009234166379705921, 0.0014797758301663918, 0.007219483186409551, 0.004758658756077697, 0.0, 0.014702276812956518, 0.0, 0.0, 0.0, 0.0, 0.0, 0.0, 0.0, 0.0, 0.0, 0.005500443711758129, 0.0, 0.0015124463132957593, 0.0, 0.0078125, 0.015343834777282656, 0.0006865727420543913, 0.0007505535280079155, 0.0010074717986618487, 0.0, 0.0, 0.0019531250000000004, 0.00045085535226085835, 3.2596290111541744e-09, 0.009768751927426662, 0.0, 0.018475708378336838, 0.0, 0.0, 0.0, 9.137749669997334e-05, 0.013485714724351392, 0.008721046578901489, 0.0, 2.8606664761933257e-10, 0.0, 0.0, 1.9065341091893914e-05, 0.0, 0.0, 0.007562790373457269, 0.00011902061388548433, 0.0, 0.0, 8.955187783987455e-06, 0.0, 0.008349965296408078, 0.0, 0.016176161908479914, 0.0, 0.0, 2.860666476193325e-10, 0.002557069996721914, 0.015360837945975179, 0.0], [0.0, 0.0, 0.0, 2.382980016391483e-09, 0.0, 0.0, 0.0, 0.0, 0.0, 5.495244201489508e-09, 0.0, 5.885807709496269e-09, 0.0, 0.0, 0.0, 0.0, 0.0, 5.28598892643811e-09, 2.9048929677981913e-09, 2.469667640226643e-09, 0.0, 0.0, 1.0, 0.0, 0.0, 0.0, 0.0, 1.7612142900040474e-09, 0.0, 6.551508843680701e-10, 0.0, 0.0, 0.0, 4.656612873077393e-10, 0.0, 0.0, 0.0, 0.0, 0.0, 1.0412502929101649e-09, 0.0, 2.3283064365386963e-09, 0.0, 0.0, 2.193456530511917e-10, 7.288001163299483e-10, 2.431813738906518e-09, 0.0, 0.0, 0.0, 0.0, 0.0, 4.656612873077392e-10, 7.450580596923826e-09, 0.0, 0.0, 0.0, 0.0, 0.0, 4.656612873077393e-10, 0.0, 5.097276135069001e-09, 0.0, 3.725290298461914e-09, 0.0, 0.0, 0.0, 0.0, 0.0, 1.452373986464007e-09, 2.158825872827922e-09, 0.0, 2.9612046140541004e-09, 0.0, 0.0, 9.161474962358206e-09, 0.0, 0.0, 0.0, 0.0, 0.0, 0.0, 5.420292238923904e-09, 0.0], [0.0, 0.0, 0.0, 0.0, 0.0, 0.0, 0.0, 0.0, 0.0, 0.0, 0.0, 0.0, 0.0, 0.0, 0.0, 0.0, 0.0, 0.0, 0.0, 0.0, 0.0, 0.0, 0.0, 1.0, 0.0, 0.0, 0.0, 0.0, 0.0, 0.0, 0.0, 0.0, 0.0, 0.0, 0.0, 0.0, 0.0, 0.0, 0.0, 0.0, 0.0, 0.0, 0.0, 0.0, 0.0, 0.0, 0.0, 0.0, 0.0, 0.0, 0.0, 0.0, 0.0, 0.0, 0.0, 0.0, 0.0, 0.0, 0.0, 0.0, 0.0, 0.0, 0.0, 0.0, 0.0, 0.0, 0.0, 0.0, 0.0, 0.0, 0.0, 0.0, 0.0, 0.0, 0.0, 0.0, 0.0, 0.0, 0.0, 0.0, 0.0, 0.0, 0.0, 0.0], [0.0, 0.0007138405896986408, 0.0, 0.0019405894103668197, 0.0, 0.0, 0.0, 0.0, 0.008572726141486563, 0.005525380500426995, 0.00879828482394671, 0.004318539713794536, 0.0, 0.0, 0.0, 0.0, 0.0, 0.003093854373110056, 0.0, 0.003747492616410315, 0.0, 0.009234166379705921, 0.0, 0.0, 1.0, 0.003671503373324343, 0.0030881617775081827, 0.0030881920389914724, 0.0, 0.010750877499157143, 0.0, 0.0, 0.0, 0.0, 0.0, 0.0, 0.0, 0.0, 0.0, 0.0027068142596245025, 0.0, 0.0, 0.0, 0.00720571081418576, 0.008704938497489358, 0.0, 0.0, 0.0, 0.0, 0.0, 0.0020587745183387888, 0.0, 0.0, 0.0020444262764301143, 0.0, 0.00637466583767297, 0.0, 0.0, 0.0, 0.0, 0.004329025561707759, 0.006063620593053277, 0.0, 0.0, 0.0, 0.0, 0.0, 0.0, 0.0, 0.0036368043799348913, 0.0, 0.0, 0.0, 0.0, 0.0, 0.005868436912299801, 0.0, 0.004634940256197188, 0.0, 0.0, 0.0, 0.0, 0.004922995305776802, 0.0], [0.0, 0.0005980199567341743, 0.0, 0.0016900599727512557, 0.0, 0.0, 0.0, 0.0, 0.003887129718772133, 0.0019126982328030507, 0.0012507561409754015, 0.0030289554515176256, 0.0, 0.0, 4.180287153770652e-05, 0.0, 0.0, 0.000995566746385075, 0.0, 0.0006363182197445536, 2.665010305055082e-06, 0.0014797758301663918, 0.0, 0.0, 0.003671503373324343, 1.0, 0.0, 4.026659831850482e-05, 0.0, 0.003755724194724513, 0.0, 9.5367431640625e-07, 0.0, 0.0, 0.0, 0.0, 0.0, 0.0, 0.0, 0.001269555125136219, 0.0, 1.5249553816953766e-05, 0.0, 1.9289400203702654e-06, 0.0018366119362761197, 0.0, 2.9902654539363217e-05, 1.6626038223275656e-05, 0.0, 0.0, 0.0, 0.0, 0.0, 0.0012550388054393805, 0.0, 0.0014765020398662938, 0.0, 7.728520672922388e-07, 0.0, 0.0, 0.0017903645833333333, 0.002590691501060433, 0.0, 0.0, 0.0, 0.0, 4.520439477616924e-05, 0.0, 0.0, 0.0024960545161701367, 0.0, 0.0, 0.0, 3.547615952378096e-05, 0.0, 0.0033684886572570125, 0.0, 2.2026751734013717e-05, 0.0, 0.0, 0.0, 5.5337560373990356e-05, 0.0030209500312653034, 0.0], [0.0, 0.033313316039170086, 0.0, 0.59252820636988, 0.0, 0.0, 0.0, 0.0, 0.053132926448311385, 0.2384254224089965, 0.13476562499999997, 0.5705916749033446, 0.0, 0.0, 0.2182474571830937, 0.0, 0.0, 0.631533756142504, 0.23933200634439192, 0.3001541354792695, 0.125, 0.007219483186409551, 0.0, 0.0, 0.0030881617775081827, 0.0, 1.0, 0.6002384883263611, 0.0, 0.3891976827402256, 0.0, 0.0, 0.0, 0.0, 0.0, 0.0, 0.0, 0.0, 0.0, 0.19297873359800685, 0.12499999999999997, 0.007812499999999999, 0.0, 0.0019531250000000004, 0.16196929905034557, 0.044249825936986266, 0.0, 0.0, 0.0, 0.0, 0.009765624999999998, 0.0, 0.0, 0.6260482395955519, 0.0, 0.4409541344295418, 0.0, 0.0, 0.0, 0.0, 0.015511952715556308, 0.15319807773012825, 0.0, 0.0, 0.0, 0.0, 0.0, 0.0, 0.0, 0.5755257295109346, 0.0, 0.0, 0.0, 0.0, 0.0, 0.2050233330272631, 0.0, 0.1382584971221848, 0.0, 0.0, 0.12499999999999999, 0.0, 0.1817932869859699, 0.0], [0.0, 0.22949962983154598, 0.0, 0.6757959784246151, 0.0, 0.0, 0.0, 0.0, 0.19993262736239018, 0.2673129156280022, 0.15777998103733998, 0.6170706143336541, 3.4972370490054593e-08, 0.0, 0.33623147334322234, 0.0, 0.0, 0.7514526143117173, 0.26207727767758443, 0.37279673613430686, 0.12514124978308286, 0.004758658756077697, 1.7612142900040474e-09, 0.0, 0.0030881920389914724, 4.026659831850482e-05, 0.6002384883263611, 1.0, 0.0, 0.4544328863786533, 0.0, 0.0, 0.0, 2.2958682160406757e-08, 0.0, 0.0, 0.0, 0.0, 0.0, 0.2295644935844995, 0.12499999999999997, 0.010589687184532324, 0.0, 0.0019531250000000004, 0.19734300833498716, 0.05482273765251764, 0.0002633194048024633, 0.0006626294166827387, 0.0, 0.0, 0.011580772377564445, 0.0009620321043114977, 1.0742595371664894e-08, 0.7089877788162811, 0.0, 0.5165001835504357, 0.0, 8.343119118180431e-09, 0.0, 3.053432208135455e-05, 0.010147186967904604, 0.20696505075166713, 0.0, 3.136918484049123e-08, 0.0, 0.0, 6.041084497227002e-05, 9.120370032655083e-09, 0.0, 0.7586499002079721, 0.0001190221980061889, 0.0, 9.204687053008359e-09, 6.045053393136209e-05, 0.0, 0.2528822800901286, 0.0, 0.26493765059001534, 1.52849212495027e-08, 0.0, 0.12500000055536897, 0.0005130534300407438, 0.3416536831754868, 0.0], [0.0, 0.0, 0.0, 0.0, 0.0, 0.0, 0.0, 0.0, 0.0, 0.0, 0.0, 0.0, 0.0, 0.0, 0.0, 0.0, 0.0, 0.0, 0.0, 0.0, 0.0, 0.0, 0.0, 0.0, 0.0, 0.0, 0.0, 0.0, 1.0, 0.0, 0.0, 0.0, 0.0, 0.0, 0.0, 0.0, 0.0, 0.0, 0.0, 0.0, 0.0, 0.0, 0.0, 0.0, 0.0, 0.0, 0.0, 0.0, 0.0, 0.0, 0.0, 0.0, 0.0, 0.0, 0.0, 0.0, 0.0, 0.0, 0.0, 0.0, 0.0, 0.0, 0.0, 0.0, 0.0, 0.0, 0.0, 0.0, 0.0, 0.0, 0.0, 0.0, 0.0, 0.0, 0.0, 0.0, 0.0, 0.0, 0.0, 0.0, 0.0, 0.0, 0.0, 0.0], [0.0, 0.11900055610530078, 0.0, 0.35512117199716753, 0.0, 0.0, 0.0, 0.0, 0.12986566539346978, 0.3389995853767002, 0.22871921562728806, 0.6905631838514652, 9.918649547709409e-09, 0.0, 0.2821545657941621, 0.0, 0.0, 0.4561950177082734, 0.19816821458830922, 0.32157696871646396, 0.36997449709568253, 0.014702276812956518, 6.551508843680701e-10, 0.0, 0.010750877499157143, 0.003755724194724513, 0.3891976827402256, 0.4544328863786533, 0.0, 1.0, 0.0, 1.65544418940955e-07, 0.0, 6.20287005403327e-09, 0.0, 0.0, 0.0, 0.0, 0.0, 0.2748072190906385, 0.09231884337003472, 0.03126501204893281, 0.0, 0.006542192773269592, 0.4671892771077333, 0.04854099378613083, 0.000719860497807749, 0.0007406276034736837, 0.0, 0.0, 0.0330132257918719, 2.507213680399002e-05, 1.1614984659173565e-08, 0.5242649943653221, 0.0, 0.6107157136934738, 0.0, 5.144264866922593e-07, 0.0, 0.00015462221609227484, 0.009229838312399843, 0.5187299191976696, 0.0, 4.176189380572724e-08, 0.0, 0.0, 7.519512981425464e-05, 1.1672377979112297e-08, 0.0, 0.37338001212271665, 5.840915270922524e-06, 0.0, 1.1298358890733762e-08, 5.893804210021681e-05, 0.0, 0.46051090469731837, 0.0, 0.4010039624103277, 8.730085130013539e-09, 0.0, 0.0923186185750608, 0.0015493905487217444, 0.4846996445035672, 0.0], [0.0, 0.0, 0.0, 0.0, 0.0, 0.0, 0.0, 0.0, 0.0, 0.0, 0.0, 0.0, 0.0, 0.0, 0.0, 0.0, 0.0, 0.0, 0.0, 0.0, 0.0, 0.0, 0.0, 0.0, 0.0, 0.0, 0.0, 0.0, 0.0, 0.0, 1.0, 0.0, 0.0, 0.0, 0.0, 0.0, 0.0, 0.0, 0.0, 0.0, 0.0, 0.0, 0.0, 0.0, 0.0, 0.0, 0.0, 0.0, 0.0, 0.0, 0.0, 0.0, 0.0, 0.0, 0.0, 0.0, 0.0, 0.0, 0.0, 0.0, 0.0, 0.0, 0.0, 0.0, 0.0, 0.0, 0.0, 0.0, 0.0, 0.0, 0.0, 0.0, 0.0, 0.0, 0.0, 0.0, 0.0, 0.0, 0.0, 0.0, 0.0, 0.0, 0.0, 0.0], [0.0, 0.0, 0.0, 6.353135778338533e-07, 0.0, 0.0, 0.0, 0.0, 0.0, 5.475575823318571e-07, 0.0, 6.851773513741256e-07, 0.0, 0.0, 1.430511474609375e-06, 0.0, 0.0, 7.876209325776827e-07, 0.0, 4.920698672731241e-07, 2.384185791015625e-07, 0.0, 0.0, 0.0, 0.0, 9.5367431640625e-07, 0.0, 0.0, 0.0, 1.65544418940955e-07, 0.0, 1.0, 0.0, 0.0, 0.0, 0.0, 0.0, 0.0, 0.0, 7.36418558738335e-07, 1.1920928955078128e-07, 9.5367431640625e-07, 0.0, 9.5367431640625e-07, 2.284898715919286e-07, 0.0, 0.0, 4.037956442582371e-07, 0.0, 0.0, 0.0, 0.0, 0.0, 6.675926646773973e-07, 0.0, 3.712532718416314e-07, 0.0, 0.0, 0.0, 0.0, 0.0, 5.094521649523561e-07, 0.0, 0.0, 0.0, 0.0, 0.0, 0.0, 0.0, 2.083790289355278e-07, 0.0, 0.0, 0.0, 0.0, 0.0, 7.44370728499505e-07, 0.0, 1.1920928955078125e-07, 0.0, 0.0, 0.0, 3.7369438695730894e-07, 1.209403906253421e-06, 0.0], [0.0, 0.0, 0.0, 0.0, 0.0, 0.0, 0.0, 0.0, 0.0, 0.0, 0.0, 0.0, 0.0, 0.0, 0.0, 0.0, 0.0, 0.0, 0.0, 0.0, 0.0, 0.0, 0.0, 0.0, 0.0, 0.0, 0.0, 0.0, 0.0, 0.0, 0.0, 0.0, 1.0, 0.0, 0.0, 0.0, 0.0, 0.0, 0.0, 0.0, 0.0, 0.0, 0.0, 0.0, 0.0, 0.0, 0.0, 0.0, 0.0, 0.0, 0.0, 0.0, 0.0, 0.0, 0.0, 0.0, 0.0, 0.0, 0.0, 0.0, 0.0, 0.0, 0.0, 0.0, 0.0, 0.0, 0.0, 0.0, 0.0, 0.0, 0.0, 0.0, 0.0, 0.0, 0.0, 0.0, 0.0, 0.0, 0.0, 0.0, 0.0, 0.0, 0.0, 0.0], [0.0, 0.0, 0.0, 1.986420888180409e-08, 0.0, 0.0, 0.0, 0.0, 0.0, 9.408183243878617e-09, 0.0, 2.2205268022520358e-08, 0.0, 0.0, 0.0, 0.0, 0.0, 2.858303889281912e-08, 4.656612873077392e-10, 6.576378541504892e-09, 0.0, 0.0, 4.656612873077393e-10, 0.0, 0.0, 0.0, 0.0, 2.2958682160406757e-08, 0.0, 6.20287005403327e-09, 0.0, 0.0, 0.0, 1.0, 0.0, 0.0, 0.0, 0.0, 0.0, 1.508233660604387e-08, 0.0, 4.656612873077392e-10, 0.0, 0.0, 3.857412879651133e-08, 4.5977993916117535e-10, 1.830267621701806e-09, 0.0, 0.0, 0.0, 0.0, 0.0, 4.656612873077393e-10, 2.7633304192287812e-08, 0.0, 0.0, 0.0, 0.0, 0.0, 5.8327420491717315e-08, 1.574195903542099e-08, 1.4179762811518762e-08, 0.0, 6.001133242129148e-08, 0.0, 0.0, 0.0, 0.0, 0.0, 2.9879791197177554e-08, 0.0, 0.0, 0.0, 0.0, 0.0, 1.5222639512206247e-08, 0.0, 2.0767515630677157e-08, 0.0, 0.0, 0.0, 0.0, 1.1287013766587578e-09, 0.0], [0.0, 0.0, 0.0, 0.0, 0.0, 0.0, 0.0, 0.0, 0.0, 0.0, 0.0, 0.0, 0.0, 0.0, 0.0, 0.0, 0.0, 0.0, 0.0, 0.0, 0.0, 0.0, 0.0, 0.0, 0.0, 0.0, 0.0, 0.0, 0.0, 0.0, 0.0, 0.0, 0.0, 0.0, 1.0, 0.0, 0.0, 0.0, 0.0, 0.0, 0.0, 0.0, 0.0, 0.0, 0.0, 0.0, 0.0, 0.0, 0.0, 0.0, 0.0, 0.0, 0.0, 0.0, 0.0, 0.0, 0.0, 0.0, 0.0, 0.0, 0.0, 0.0, 0.0, 0.0, 0.0, 0.0, 0.0, 0.0, 0.0, 0.0, 0.0, 0.0, 0.0, 0.0, 0.0, 0.0, 0.0, 0.0, 0.0, 0.0, 0.0, 0.0, 0.0, 0.0], [0.0, 0.0, 0.0, 0.0, 0.0, 0.0, 0.0, 0.0, 0.0, 0.0, 0.0, 0.0, 0.0, 0.0, 0.0, 0.0, 0.0, 0.0, 0.0, 0.0, 0.0, 0.0, 0.0, 0.0, 0.0, 0.0, 0.0, 0.0, 0.0, 0.0, 0.0, 0.0, 0.0, 0.0, 0.0, 1.0, 0.0, 0.0, 0.0, 0.0, 0.0, 0.0, 0.0, 0.0, 0.0, 0.0, 0.0, 0.0, 0.0, 0.0, 0.0, 0.0, 0.0, 0.0, 0.0, 0.0, 0.0, 0.0, 0.0, 0.0, 0.0, 0.0, 0.0, 0.0, 0.0, 0.0, 0.0, 0.0, 0.0, 0.0, 0.0, 0.0, 0.0, 0.0, 0.0, 0.0, 0.0, 0.0, 0.0, 0.0, 0.0, 0.0, 0.0, 0.0], [0.0, 0.0, 0.0, 0.0, 0.0, 0.0, 0.0, 0.0, 0.0, 0.0, 0.0, 0.0, 0.0, 0.0, 0.0, 0.0, 0.0, 0.0, 0.0, 0.0, 0.0, 0.0, 0.0, 0.0, 0.0, 0.0, 0.0, 0.0, 0.0, 0.0, 0.0, 0.0, 0.0, 0.0, 0.0, 0.0, 1.0, 0.0, 0.0, 0.0, 0.0, 0.0, 0.0, 0.0, 0.0, 0.0, 0.0, 0.0, 0.0, 0.0, 0.0, 0.0, 0.0, 0.0, 0.0, 0.0, 0.0, 0.0, 0.0, 0.0, 0.0, 0.0, 0.0, 0.0, 0.0, 0.0, 0.0, 0.0, 0.0, 0.0, 0.0, 0.0, 0.0, 0.0, 0.0, 0.0, 0.0, 0.0, 0.0, 0.0, 0.0, 0.0, 0.0, 0.0], [0.0, 0.0, 0.0, 0.0, 0.0, 0.0, 0.0, 0.0, 0.0, 0.0, 0.0, 0.0, 0.0, 0.0, 0.0, 0.0, 0.0, 0.0, 0.0, 0.0, 0.0, 0.0, 0.0, 0.0, 0.0, 0.0, 0.0, 0.0, 0.0, 0.0, 0.0, 0.0, 0.0, 0.0, 0.0, 0.0, 0.0, 1.0, 0.0, 0.0, 0.0, 0.0, 0.0, 0.0, 0.0, 0.0, 0.0, 0.0, 0.0, 0.0, 0.0, 0.0, 0.0, 0.0, 0.0, 0.0, 0.0, 0.0, 0.0, 0.0, 0.0, 0.0, 0.0, 0.0, 0.0, 0.0, 0.0, 0.0, 0.0, 0.0, 0.0, 0.0, 0.0, 0.0, 0.0, 0.0, 0.0, 0.0, 0.0, 0.0, 0.0, 0.0, 0.0, 0.0], [0.0, 0.0, 0.0, 0.0, 0.0, 0.0, 0.0, 0.0, 0.0, 0.0, 0.0, 0.0, 0.0, 0.0, 0.0, 0.0, 0.0, 0.0, 0.0, 0.0, 0.0, 0.0, 0.0, 0.0, 0.0, 0.0, 0.0, 0.0, 0.0, 0.0, 0.0, 0.0, 0.0, 0.0, 0.0, 0.0, 0.0, 0.0, 1.0, 0.0, 0.0, 0.0, 0.0, 0.0, 0.0, 0.0, 0.0, 0.0, 0.0, 0.0, 0.0, 0.0, 0.0, 0.0, 0.0, 0.0, 0.0, 0.0, 0.0, 0.0, 0.0, 0.0, 0.0, 0.0, 0.0, 0.0, 0.0, 0.0, 0.0, 0.0, 0.0, 0.0, 0.0, 0.0, 0.0, 0.0, 0.0, 0.0, 0.0, 0.0, 0.0, 0.0, 0.0, 0.0], [0.0, 0.11772998679678524, 0.0, 0.4312489102784773, 0.0, 0.0, 0.0, 0.0, 0.24741646685899182, 0.6946942450016929, 0.11291453264437593, 0.5041124946654041, 1.0082458086108317e-08, 0.0, 0.5892884962458335, 0.0, 0.0, 0.45053063344636735, 0.4446973245756631, 0.6835752926197195, 0.13714454252201957, 0.005500443711758129, 1.0412502929101649e-09, 0.0, 0.0027068142596245025, 0.001269555125136219, 0.19297873359800685, 0.2295644935844995, 0.0, 0.2748072190906385, 0.0, 7.36418558738335e-07, 0.0, 1.508233660604387e-08, 0.0, 0.0, 0.0, 0.0, 0.0, 1.0, 0.4985372552915466, 0.03004584760875547, 0.0, 0.0025303761802015906, 0.3190770762292925, 0.0352687006317653, 0.000548999810402673, 0.0019503048560308737, 0.0, 0.0, 0.031441727128620554, 0.0005024372611596938, 4.853587184802431e-09, 0.39853721407393455, 0.0, 0.4913191438051464, 0.0, 6.628221952347883e-07, 0.0, 3.0544974431930535e-05, 0.004337786239707445, 0.3015279856154519, 0.0, 2.72437290344427e-08, 0.0, 0.0, 3.997564342502807e-05, 6.79527820359323e-09, 0.0, 0.4148246207421221, 3.850666919824492e-05, 0.0, 2.4159903692339028e-09, 3.413145338324559e-05, 0.0, 0.41190164198336404, 0.0, 0.12511360463197452, 1.1751907573806342e-08, 0.0, 0.4985370186676855, 0.0006179558752813917, 0.5278080065423119, 0.0], [0.0, 0.0, 0.0, 0.12313857926796595, 0.0, 0.0, 0.0, 0.0, 0.0, 0.4478325472176721, 0.125, 0.1751926347975415, 0.0, 0.0, 0.4810565146394647, 0.0, 0.0, 0.21435099075138025, 0.22160131510697959, 0.40338856334035417, 0.125, 0.0, 0.0, 0.0, 0.0, 0.0, 0.12499999999999997, 0.12499999999999997, 0.0, 0.09231884337003472, 0.0, 1.1920928955078128e-07, 0.0, 0.0, 0.0, 0.0, 0.0, 0.0, 0.0, 0.4985372552915466, 1.0, 0.0, 0.0, 0.0, 0.1360269560307156, 0.0, 0.0, 2.42632058027546e-07, 0.0, 0.0, 0.0, 0.0, 0.0, 0.12500037665275354, 0.0, 0.13900312046134472, 0.0, 0.0, 0.0, 0.0, 0.0, 0.07105318224889588, 0.0, 0.0, 0.0, 0.0, 0.0, 0.0, 0.0, 0.23432470331257602, 0.0, 0.0, 0.0, 0.0, 0.0, 0.1250005013947278, 0.0, 1.7881393432617188e-07, 0.0, 0.0, 0.5, 1.905843007717035e-07, 0.4464320993670856, 0.0], [0.0, 0.008680958311998412, 0.0, 0.002054384762379655, 0.0, 0.0, 0.0, 0.0, 0.0078125, 0.033168902171903956, 0.007900310865177335, 0.010248157674366529, 0.0, 0.0, 9.5367431640625e-07, 0.0, 0.0, 0.012881896670661377, 0.0012095756411084392, 0.0014854268518627036, 0.00036344776806898247, 0.0015124463132957593, 2.3283064365386963e-09, 0.0, 0.0, 1.5249553816953766e-05, 0.007812499999999999, 0.010589687184532324, 0.0, 0.03126501204893281, 0.0, 9.5367431640625e-07, 0.0, 4.656612873077392e-10, 0.0, 0.0, 0.0, 0.0, 0.0, 0.03004584760875547, 0.0, 1.0, 0.0, 9.5367431640625e-07, 0.0013078378280950037, 0.008149780745879544, 0.00036321272632611494, 0.0015243882611834163, 0.0, 0.0, 0.03125, 0.0009765625000000002, 4.1909515857696525e-09, 0.032626663607797556, 0.0, 0.0329279249661939, 0.0, 0.0, 0.0, 6.10356219112873e-05, 0.0, 0.007780447301640312, 0.0, 8.149072527885439e-09, 0.0, 0.0, 0.0, 0.0, 0.0, 0.0028914995059692986, 2.1588258728279226e-09, 0.0, 2.9612046140541004e-09, 0.0, 0.0, 0.03272575735304066, 0.0, 0.011496298551173418, 0.0, 0.0, 2.3283064365386958e-10, 0.0007382834865108684, 0.026962753781261346, 0.0], [0.0, 0.0, 0.0, 0.0, 0.0, 0.0, 0.0, 0.0, 0.0, 0.0, 0.0, 0.0, 0.0, 0.0, 0.0, 0.0, 0.0, 0.0, 0.0, 0.0, 0.0, 0.0, 0.0, 0.0, 0.0, 0.0, 0.0, 0.0, 0.0, 0.0, 0.0, 0.0, 0.0, 0.0, 0.0, 0.0, 0.0, 0.0, 0.0, 0.0, 0.0, 0.0, 1.0, 0.0, 0.0, 0.0, 0.0, 0.0, 0.0, 0.0, 0.0, 0.0, 0.0, 0.0, 0.0, 0.0, 0.0, 0.0, 0.0, 0.0, 0.0, 0.0, 0.0, 0.0, 0.0, 0.0, 0.0, 0.0, 0.0, 0.0, 0.0, 0.0, 0.0, 0.0, 0.0, 0.0, 0.0, 0.0, 0.0, 0.0, 0.0, 0.0, 0.0, 0.0], [0.0, 0.0, 0.0, 0.0011217737611328923, 0.0, 0.0, 0.0, 0.0, 0.003371691431533805, 0.001953675393110892, 0.0078125, 0.0017333528741802502, 0.0, 0.0, 1.4305114746093748e-06, 0.0, 0.0, 0.0021606891857321136, 0.0, 0.0016629651305949194, 7.152557373046875e-07, 0.0078125, 0.0, 0.0, 0.00720571081418576, 1.9289400203702654e-06, 0.0019531250000000004, 0.0019531250000000004, 0.0, 0.006542192773269592, 0.0, 9.5367431640625e-07, 0.0, 0.0, 0.0, 0.0, 0.0, 0.0, 0.0, 0.0025303761802015906, 0.0, 9.5367431640625e-07, 0.0, 1.0, 0.004368073503844304, 0.0, 0.0, 1.6264074698121194e-06, 0.0, 0.0, 0.0019531249999999996, 0.0, 0.0, 0.0027517916252179924, 0.0, 0.006768308969523989, 0.0, 4.768371582031249e-07, 0.0, 0.0, 0.001959564553928203, 0.0027923051071684656, 0.0, 0.0, 0.0, 0.0, 0.0, 0.0, 0.0, 0.0005871840557592114, 0.0, 0.0, 0.0, 0.0, 0.0, 0.0026218576138762047, 0.0, 0.00563488412625661, 0.0, 0.0, 0.0, 6.965473051720242e-07, 0.001102940809102316, 0.0], [0.0, 0.19129051563773555, 0.0, 0.3630633911850445, 0.0, 0.0, 0.0, 0.0, 0.21210213639123499, 0.516771889246328, 0.14112362729346845, 0.36367381242497526, 2.1864935052417403e-08, 0.0, 0.19177140324401978, 0.0, 0.0, 0.33494791108451566, 0.3895149687279946, 0.36223059492431386, 0.13630237280065935, 0.015343834777282656, 2.193456530511917e-10, 0.0, 0.008704938497489358, 0.0018366119362761197, 0.16196929905034557, 0.19734300833498716, 0.0, 0.4671892771077333, 0.0, 2.284898715919286e-07, 0.0, 3.857412879651133e-08, 0.0, 0.0, 0.0, 0.0, 0.0, 0.3190770762292925, 0.1360269560307156, 0.0013078378280950037, 0.0, 0.004368073503844304, 1.0, 0.02341454221426468, 0.00014438331051474834, 0.0013526646232752421, 0.0, 0.0, 0.004367320268554277, 0.0007879604789647251, 1.6059256874515054e-08, 0.27189358297892097, 0.0, 0.2679031366403801, 0.0, 5.926484734711357e-07, 0.0, 0.00013792098948070425, 0.012962324287522517, 0.7376016310199535, 0.0, 4.983383897804822e-08, 0.0, 0.0, 3.406945284901887e-05, 7.076539057064698e-09, 0.0, 0.3675732494395407, 2.2711932850189805e-05, 0.0, 1.637873563425668e-08, 1.83140566613765e-05, 0.0, 0.6141099480443918, 0.0, 0.22962157586451373, 1.1534164969576538e-08, 0.0, 0.13602679781150387, 0.0011861438074748313, 0.5848168146077639, 0.0], [0.0, 0.12358284262670192, 0.0, 0.03660393540440731, 0.0, 0.0, 0.0, 0.0, 0.049920096053325945, 0.03980174026314313, 0.008180589987771866, 0.06882264583823801, 0.0, 0.0, 0.06264009650147205, 0.0, 0.0, 0.05031782013365123, 0.06733909653655791, 0.02912649286736766, 0.0001644503643121949, 0.0006865727420543913, 7.288001163299483e-10, 0.0, 0.0, 0.0, 0.044249825936986266, 0.05482273765251764, 0.0, 0.04854099378613083, 0.0, 0.0, 0.0, 4.5977993916117535e-10, 0.0, 0.0, 0.0, 0.0, 0.0, 0.0352687006317653, 0.0, 0.008149780745879544, 0.0, 0.0, 0.02341454221426468, 1.0, 8.222893983956891e-05, 0.0005439785120096148, 0.0, 0.0, 0.007812499999999999, 0.0003372780732627326, 1.6601226909454267e-09, 0.0856178544806798, 0.0, 0.034831700524638964, 0.0, 0.0, 0.0, 1.7608593414683317e-10, 0.0, 0.07458313443257772, 0.0, 7.288001163299483e-10, 0.0, 0.0, 0.0, 0.0, 0.0, 0.10934591879099835, 0.0, 0.0, 0.0, 0.0, 0.0, 0.023267128397338254, 0.0, 0.075543385476167, 0.0, 0.0, 0.0, 0.0014387921837404282, 0.06270139407211302, 0.0], [0.0, 0.00030217419323988085, 0.0, 0.0005501507985240774, 0.0, 0.0, 0.0, 0.0, 0.0, 0.0002664269405483859, 0.0002775376523216559, 0.00041842513957021177, 1.4901161193847656e-08, 0.0, 3.983631200363534e-06, 0.0, 0.0, 0.00045031800123015005, 0.000479706671915525, 0.0009615956790134538, 0.0011687583111702126, 0.0007505535280079155, 2.431813738906518e-09, 0.0, 0.0, 2.9902654539363217e-05, 0.0, 0.0002633194048024633, 0.0, 0.000719860497807749, 0.0, 0.0, 0.0, 1.830267621701806e-09, 0.0, 0.0, 0.0, 0.0, 0.0, 0.000548999810402673, 0.0, 0.00036321272632611494, 0.0, 0.0, 0.00014438331051474834, 8.222893983956891e-05, 1.0, 0.0004893082594077218, 0.0, 0.0, 0.0, 0.0003021741932398808, 1.686175901564745e-08, 0.0003273344422238137, 0.0, 0.0005741914466621538, 0.0, 0.0, 0.0, 9.155702883388815e-05, 0.0, 0.0001216162499795438, 0.0, 2.4318137389065183e-09, 0.0, 0.0, 9.442943538746277e-06, 0.0, 0.0, 0.0008410761144804908, 0.00011902263607680821, 0.0, 2.0688970212226128e-08, 0.0, 0.0, 0.0005165088213300294, 0.0, 0.0012459153958411305, 0.0, 0.0, 0.0, 0.000334479177253119, 0.0007436655540441118, 0.0], [0.0, 0.0009231210482347559, 0.0, 0.0007683934081477314, 0.0, 0.0, 0.0, 0.0, 0.0, 0.0015547614441613138, 0.0001649379729716178, 0.0009824877598814154, 0.0, 0.0, 9.287002220601708e-06, 0.0, 0.0, 0.000995866573084855, 0.000727767110726439, 0.0017441165887226461, 0.0004890314940526374, 0.0010074717986618487, 0.0, 0.0, 0.0, 1.6626038223275656e-05, 0.0, 0.0006626294166827387, 0.0, 0.0007406276034736837, 0.0, 4.037956442582371e-07, 0.0, 0.0, 0.0, 0.0, 0.0, 0.0, 0.0, 0.0019503048560308737, 2.42632058027546e-07, 0.0015243882611834163, 0.0, 1.6264074698121194e-06, 0.0013526646232752421, 0.0005439785120096148, 0.0004893082594077218, 1.0, 0.0, 0.0, 0.0, 0.0007115346557904317, 0.0, 0.001152834022491311