"{\"names\": [\"172.217.10.1\", \"104.88.86.240\", \"38.93.140.48\", \"192.168.10.15\", \"104.88.108.223\", \"195.142.105.15\", \"172.217.12.163\", \"206.217.206.48\", \"172.217.6.228\", \"178.255.83.1\", \"74.119.118.82\", \"192.168.10.9\", \"172.217.7.6\", \"35.186.227.40\", \"31.13.71.36\", \"206.126.112.142\", \"151.101.2.49\", \"192.168.10.25\", \"172.217.3.98\", \"192.168.10.16\", \"72.30.202.150\", \"172.217.12.132\", \"50.31.164.173\", \"162.208.20.178\", \"23.15.4.16\", \"216.58.217.99\", \"172.217.6.198\", \"172.217.12.174\", \"169.46.44.40\", \"192.168.10.17\", \"52.84.143.130\", \"104.19.195.102\", \"216.200.232.61\", \"104.97.73.166\", \"152.163.13.79\", \"192.229.163.25\", \"74.119.118.86\", \"54.225.188.92\", \"188.165.145.88\", \"192.168.10.14\", \"8.43.72.98\", \"199.96.57.6\", \"68.67.178.110\", \"104.88.70.158\", \"192.168.10.19\", \"69.172.216.56\", \"157.240.18.35\", \"172.217.11.34\", \"185.54.150.20\", \"69.169.85.7\", \"198.232.124.194\", \"74.119.118.72\", \"172.217.12.134\", \"192.168.10.5\", \"23.111.9.30\", \"192.168.10.8\", \"151.101.66.2\", \"68.67.178.199\", \"213.239.195.215\", \"138.108.7.20\", \"52.84.145.87\", \"192.168.10.50\", \"52.84.145.198\", \"52.40.24.51\", \"212.77.100.137\", \"185.54.150.115\", \"172.217.10.138\", \"152.163.66.165\", \"52.84.137.78\", \"192.168.10.51\", \"68.67.178.109\", \"129.146.14.96\", \"54.152.24.232\", \"172.217.10.33\", \"52.8.229.108\", \"192.168.10.12\", \"64.147.131.201\", \"172.217.12.206\", \"68.67.180.12\", \"172.217.10.134\", \"38.69.238.16\", \"172.217.10.142\", \"192.168.10.3\", \"172.217.6.202\"], \"funcEdges\": [[1.0, 0.0, 0.0, 0.0, 0.0, 0.0, 0.0, 0.0, 0.0, 0.0, 0.0, 0.0, 0.0, 0.0, 0.0, 0.0, 0.0, 0.0, 0.0, 0.0, 0.0, 0.0, 0.0, 0.0, 0.0, 0.0, 0.0, 0.0, 0.0, 0.0, 0.0, 0.0, 0.0, 0.0, 0.0, 0.0, 0.0, 0.0, 0.0, 0.0, 0.0, 0.0, 0.0, 0.0, 0.0, 0.0, 0.0, 0.0, 0.0, 0.0, 0.0, 0.0, 0.0, 0.0, 0.0, 0.0, 0.0, 0.0, 0.0, 0.0, 0.0, 0.0, 0.0, 0.0, 0.0, 0.0, 0.0, 0.0, 0.0, 0.0, 0.0, 0.0, 0.0, 0.0, 0.0, 0.0, 0.0, 0.0, 0.0, 0.0, 0.0, 0.0, 0.0, 0.0], [0.0, 1.0, 0.0, 4.587097085594616e-17, 0.0, 0.0, 0.0, 0.0, 2.9621829263849435e-17, 5.1243678166833065e-17, 7.252367712204776e-18, 2.6163665679209587e-17, 0.0, 0.0, 1.8951980684878203e-17, 0.0, 0.0, 1.9377114972245848e-17, 3.351324867225571e-17, 2.0463560920661367e-17, 1.1182691559414898e-20, 8.255952120506036e-19, 0.0, 0.0, 1.5850445171908607e-19, 1.3278710503032405e-19, 7.39704209866023e-18, 5.095915463638656e-17, 0.0, 2.6423431466260533e-17, 0.0, 0.0, 0.0, 0.0, 0.0, 0.0, 0.0, 0.0, 0.0, 2.6141308406121332e-17, 0.0, 1.927559958758354e-18, 0.0, 0.0, 4.2475026970686514e-17, 2.7440903466558347e-17, 6.709614935648941e-20, 2.0497404845326714e-19, 0.0, 0.0, 1.734723475976807e-18, 5.421010862427522e-20, 0.0, 5.039286908704186e-17, 0.0, 3.3620159315400733e-17, 0.0, 0.0, 0.0, 0.0, 3.5409894674753072e-19, 3.647603055699776e-17, 0.0, 0.0, 0.0, 0.0, 0.0, 0.0, 0.0, 3.313832863290273e-17, 0.0, 0.0, 0.0, 0.0, 0.0, 1.8913589052477543e-17, 0.0, 2.9916805836174105e-17, 0.0, 0.0, 0.0, 6.3805134059035e-19, 5.979790975717455e-17, 0.0], [0.0, 0.0, 1.0, 2.0774949093694953e-06, 0.0, 5.777974891196219e-07, 3.923196003559814e-06, 0.0, 0.0, 2.213238628571922e-06, 0.0, 2.1058210353845297e-06, 0.0, 1.9073486328125e-06, 0.0, 0.0, 0.0, 5.361376898397825e-06, 0.0, 4.134328337852771e-06, 0.0, 0.0, 0.0, 0.0, 0.0, 0.0, 0.0, 0.0, 0.0, 2.7197361998232255e-06, 0.0, 4.460753380341991e-06, 1.5261126022327239e-06, 0.0, 0.0, 0.0, 0.0, 0.0, 4.768371582031248e-07, 3.239693164880194e-06, 1.7249092071186814e-06, 9.71318297060383e-08, 0.0, 0.0, 2.281944798703525e-06, 0.0, 3.8030905693371844e-06, 8.592819786232528e-07, 0.0, 0.0, 0.0, 9.536743164062498e-07, 0.0, 1.5920029588684715e-06, 0.0, 1.7274862156639398e-06, 0.0, 7.451808531130449e-07, 0.0, 9.713182970603829e-08, 0.0, 3.97073366704977e-06, 0.0, 0.0, 9.536743164062498e-07, 0.0, 0.0, 0.0, 0.0, 2.156680023174855e-06, 5.580278362632288e-07, 0.0, 0.0, 0.0, 0.0, 2.1317016935122253e-06, 0.0, 2.153840068390237e-06, 0.0, 9.71318297060383e-08, 1.312738999942534e-06, 1.3355626584580267e-07, 4.569954978379639e-06, 0.0], [0.0, 4.587097085594616e-17, 2.0774949093694953e-06, 1.0, 0.0, 1.4970466316503007e-06, 0.00455079513075027, 3.2493618145156728e-12, 7.093311227928696e-17, 0.1306072866326052, 0.1309245812864869, 0.8364858955331107, 2.482113063489691e-09, 5.335862898834149e-07, 4.02661333525527e-09, 0.0, 6.142698267356822e-08, 0.3303968079140865, 2.371455892081994e-10, 0.7741352979597289, 0.01396219399306399, 3.3201863211173643e-09, 1.9413655249599737e-09, 0.0, 0.01858958476284684, 3.7526869894916175e-19, 2.432698162812899e-10, 0.009372321434419347, 8.99246059074944e-07, 0.7688001639321935, 0.12976357084607223, 7.165523271839935e-05, 4.284070819038673e-06, 0.000126227432155156, 0.0, 3.421276036153698e-05, 0.13278576937153574, 1.0630874264224966e-07, 7.349628922400981e-07, 0.6586958317937892, 4.042873148821398e-06, 0.010490019789790075, 2.210503548149464e-09, 2.3975850384455084e-16, 0.5935757840033304, 6.469304055461993e-10, 0.23145592096277723, 0.026606018184252296, 1.4172699113656116e-14, 0.011842619057065781, 0.0990401246910317, 3.346039718546416e-06, 3.1998853916875705e-24, 0.626899839345858, 7.223372849283749e-16, 0.30244959266885263, 0.13514701190306758, 0.0005153172475834239, 0.0, 0.020255515539875892, 4.498895736274383e-18, 0.7230808714651434, 0.0, 2.0799097194300255e-09, 2.5743957274613244e-06, 1.598721155460225e-14, 5.756488595026144e-09, 8.76233858949694e-05, 0.025522658836625346, 0.7534108810415161, 0.005522564263409248, 0.12154753277558793, 0.15772735474644914, 6.179220999698228e-10, 0.0, 0.7566796297762648, 0.6620876324272553, 0.6301676413081082, 0.011408662736349561, 8.217150441925476e-08, 1.4928549893733465e-06, 5.139506304752729e-07, 0.5927833469774951, 0.6386573778694171], [0.0, 0.0, 0.0, 0.0, 1.0, 0.0, 0.0, 0.0, 0.0, 0.0, 0.0, 0.0, 0.0, 0.0, 0.0, 0.0, 0.0, 0.0, 0.0, 0.0, 0.0, 0.0, 0.0, 0.0, 0.0, 0.0, 0.0, 0.0, 0.0, 0.0, 0.0, 0.0, 0.0, 0.0, 0.0, 0.0, 0.0, 0.0, 0.0, 0.0, 0.0, 0.0, 0.0, 0.0, 0.0, 0.0, 0.0, 0.0, 0.0, 0.0, 0.0, 0.0, 0.0, 0.0, 0.0, 0.0, 0.0, 0.0, 0.0, 0.0, 0.0, 0.0, 0.0, 0.0, 0.0, 0.0, 0.0, 0.0, 0.0, 0.0, 0.0, 0.0, 0.0, 0.0, 0.0, 0.0, 0.0, 0.0, 0.0, 0.0, 0.0, 0.0, 0.0, 0.0], [0.0, 0.0, 5.777974891196219e-07, 1.4970466316503007e-06, 0.0, 1.0, 2.9831612793547824e-07, 0.0, 0.0, 1.8389885984699083e-06, 3.778712306652777e-08, 5.231919147432178e-07, 2.141964475953014e-09, 4.7683715820312484e-07, 3.523892081667804e-09, 0.0, 2.7461404787464813e-08, 1.3745799883489227e-06, 0.0, 1.0104709782815432e-06, 1.8823562288281e-09, 7.0116153775484736e-09, 0.0, 0.0, 1.0465427007667917e-07, 0.0, 0.0, 0.0, 3.0779706209559574e-07, 1.6504271957648106e-06, 8.188229906057317e-09, 4.810976811633697e-07, 5.724382858264741e-07, 3.978754299670373e-08, 0.0, 0.0, 0.0, 9.295677633738827e-08, 6.648155636526698e-07, 9.850397350715388e-07, 1.7211215856579218e-06, 2.0024119707960606e-07, 0.0, 0.0, 8.953748368132415e-07, 0.0, 3.05191934053817e-07, 1.2375256685552707e-06, 0.0, 0.0, 9.647338506828123e-07, 8.34264271658099e-07, 0.0, 2.242751475399708e-06, 0.0, 1.8157696201789395e-06, 0.0, 0.0, 0.0, 3.050707540542494e-07, 0.0, 1.302448451674836e-06, 0.0, 1.4050021693266406e-09, 2.3198078699792777e-07, 0.0, 3.29623602752876e-09, 0.0, 3.9028335068676705e-08, 1.1823308219457324e-06, 8.658248983588244e-07, 0.0, 0.0, 0.0, 0.0, 1.2143019457113638e-06, 0.0, 4.838532825190299e-07, 0.0, 9.169132920762596e-08, 9.984901657416276e-07, 8.97418098931662e-08, 9.850439922224349e-07, 0.0], [0.0, 0.0, 3.923196003559814e-06, 0.00455079513075027, 0.0, 2.9831612793547824e-07, 1.0, 1.1368683772161603e-13, 0.0, 0.0019163607856244138, 0.0002990373190887421, 0.005628336311036329, 2.869929767386643e-10, 0.0, 5.978722405201714e-11, 0.0, 1.569989905591127e-08, 0.005321717861531827, 8.125828817673991e-11, 0.003649552823842407, 0.0019685452622265603, 2.3036487919045865e-10, 1.8131353050430315e-09, 0.0, 0.0019539840476174596, 0.0, 9.628461051987977e-11, 0.0032039338650662946, 0.0, 0.0030004861660349828, 6.821210263296962e-13, 0.0007823917057632851, 8.244814122470145e-06, 0.00032145675771579724, 0.0, 0.00027241934193055525, 9.444196446640248e-05, 7.744060266478454e-08, 1.6302917514566936e-07, 0.007818993580380679, 1.5307386032391928e-06, 0.002189707610385769, 1.7669685382168718e-09, 0.0, 0.0033185175351967467, 5.65948052830291e-10, 0.0026850439734496085, 0.0069371503647548145, 1.4150415528325429e-14, 0.007924040342776684, 1.2684022670693962e-05, 9.14153052791725e-07, 0.0, 0.003633438945465745, 0.0, 0.006592482557822312, 0.0, 1.396398245010839e-07, 0.0, 2.622521279660133e-07, 0.0, 0.0024991503849905645, 0.0, 0.0, 2.6313782391680084e-06, 2.1281179043360025e-14, 0.0, 0.0002704199493570378, 1.814054406207541e-08, 0.00769478181932514, 0.000756080546293433, 0.001953125, 0.0, 6.388820154313327e-10, 0.0, 0.004116876519899017, 0.003189439769440475, 5.720845327151704e-05, 0.0019531250000000004, 2.8003876384034146e-07, 2.580863871379924e-07, 1.9813404194632266e-07, 0.007074762577509245, 0.0], [0.0, 0.0, 0.0, 3.2493618145156728e-12, 0.0, 0.0, 1.1368683772161603e-13, 1.0, 0.0, 2.153594317932846e-12, 2.2630821826683223e-12, 2.682230991728123e-12, 0.0, 0.0, 0.0, 0.0, 0.0, 2.1455684523917067e-12, 6.991770849269417e-13, 1.6386988508035708e-12, 0.0, 0.0, 0.0, 0.0, 1.6896500106087258e-12, 0.0, 4.320099833421408e-12, 0.0, 0.0, 2.257506844662007e-12, 1.1368683772161602e-13, 0.0, 1.394297266585674e-12, 0.0, 0.0, 0.0, 0.0, 0.0, 0.0, 5.757495840511684e-12, 0.0, 7.787503432949448e-14, 0.0, 0.0, 2.147763980919035e-12, 0.0, 4.320099833421408e-12, 0.0, 0.0, 0.0, 0.0, 0.0, 0.0, 2.472492827694698e-12, 0.0, 1.1350732207813786e-12, 0.0, 0.0, 0.0, 4.320099833421408e-12, 0.0, 3.335339916546944e-12, 0.0, 0.0, 8.242376810546329e-13, 0.0, 0.0, 0.0, 0.0, 2.072237050021062e-12, 0.0, 0.0, 0.0, 0.0, 0.0, 4.4059530159410434e-12, 0.0, 0.0, 0.0, 0.0, 0.0, 1.70530256582424e-12, 1.4483238366921523e-12, 0.0], [0.0, 2.9621829263849435e-17, 0.0, 7.093311227928696e-17, 0.0, 0.0, 0.0, 0.0, 1.0, 3.9056445699403585e-17, 7.926657948612934e-18, 5.441520975669632e-17, 0.0, 0.0, 5.677408292328712e-17, 0.0, 0.0, 4.104413057503437e-17, 3.211855630206613e-17, 4.5444407224321587e-17, 0.0, 1.880142947100609e-18, 0.0, 0.0, 1.903527589216872e-18, 8.631161826971063e-19, 1.1797879661726048e-17, 4.439396125430543e-17, 0.0, 2.8835970365619307e-17, 0.0, 0.0, 0.0, 0.0, 0.0, 0.0, 0.0, 0.0, 0.0, 5.493749163565194e-17, 0.0, 1.734723475976807e-18, 0.0, 7.486658918440369e-19, 4.709613507874688e-17, 1.1084488005980374e-17, 0.0, 0.0, 0.0, 0.0, 2.084100892170691e-18, 0.0, 0.0, 1.3591106211171445e-17, 0.0, 5.96578073338579e-17, 0.0, 0.0, 0.0, 0.0, 1.204284435748287e-18, 3.661629197586288e-17, 0.0, 0.0, 0.0, 0.0, 0.0, 0.0, 0.0, 4.702162533657354e-17, 0.0, 0.0, 0.0, 0.0, 0.0, 7.269222356143611e-17, 0.0, 2.106236560508158e-17, 0.0, 0.0, 0.0, 0.0, 3.411541989833284e-17, 0.0], [0.0, 5.1243678166833065e-17, 2.213238628571922e-06, 0.1306072866326052, 0.0, 1.8389885984699083e-06, 0.0019163607856244138, 2.153594317932846e-12, 3.9056445699403585e-17, 1.0, 0.13604126802037766, 0.19503835612511236, 3.888287209196847e-09, 7.722628881253393e-07, 1.5922942047774598e-09, 0.0, 6.282881220516323e-08, 0.11059983136757438, 6.669240076705207e-11, 0.17971487167863964, 0.007301279578358755, 2.1623640357862044e-09, 5.460338711231908e-10, 0.0, 0.0002824852967332664, 4.2470432344355895e-19, 2.0461867209594816e-10, 0.005440687392266502, 1.5278848078537022e-08, 0.1058635048800527, 0.10662979897556243, 0.0008498373757743033, 3.7860422479090212e-06, 0.0002911672913442434, 0.0, 0.00036164138776838793, 0.10574728301923403, 5.4436456361545914e-08, 1.0463883256147928e-06, 0.09131604945176026, 3.016933983787504e-06, 0.002051488560118665, 9.574733203539602e-10, 4.338030808150633e-19, 0.2455623616430136, 1.2666967376937581e-09, 0.04382342542765105, 0.012784195978545024, 5.569838722477834e-15, 0.0015073468061914995, 0.08998595565592261, 5.548141169666876e-06, 1.6961622385659824e-24, 0.3345922870697775, 1.8666461785574678e-17, 0.1990955194910428, 0.0, 0.00161274712466838, 0.0, 6.101688994532017e-07, 3.433034505311598e-18, 0.10812759307894246, 0.0, 1.4679673148351833e-10, 4.140887960197468e-06, 8.263692284870221e-15, 7.450580596931569e-09, 0.0010394849962895294, 0.06334762209593284, 0.13993591637778768, 9.23310649317075e-05, 0.06561108778243113, 0.00716823876857265, 1.0445930951315185e-09, 0.0, 0.13815860547562958, 0.18631773212889194, 0.14701595883588733, 0.005042947065374241, 1.4805207309934173e-07, 1.784268209068524e-06, 1.0859749952033827e-06, 0.20353084993040887, 0.12677196847305128], [0.0, 7.252367712204776e-18, 0.0, 0.1309245812864869, 0.0, 3.778712306652777e-08, 0.0002990373190887421, 2.2630821826683223e-12, 7.926657948612934e-18, 0.13604126802037766, 1.0, 0.0666749880176129, 1.9916308176897036e-10, 0.0, 2.3283079116090815e-10, 0.0, 1.4837202333779211e-08, 0.07794158204409785, 9.48193894155963e-13, 0.09511477810244964, 2.78476307730941e-17, 2.151268714851867e-18, 0.0, 0.0, 3.015472828136968e-08, 2.777236531804398e-19, 2.1056933669851668e-12, 0.00012207031250003505, 0.0, 0.1381360246952453, 0.0, 1.4901161193847653e-08, 8.871904811803793e-13, 0.00012207031249999997, 0.0, 0.0001220703125, 0.0, 3.101924060979683e-08, 0.0, 0.10115613719784525, 2.7755575615628914e-17, 0.00012207054533064542, 0.0, 1.734723475976807e-18, 0.061845112577665014, 1.8164558718884708e-18, 0.06262209511261647, 3.535415554075485e-08, 0.0, 0.0, 2.168404344971009e-18, 1.859391385896984e-20, 0.0, 0.20124316956632005, 0.0, 0.025515576802685767, 0.0, 0.0, 0.0, 2.1056634497814697e-12, 7.504706841768057e-19, 0.1456216978740552, 0.0, 0.0, 1.4902070688549423e-08, 0.0, 5.003390813557545e-21, 0.0001690646801742173, 1.4901161193847653e-08, 0.045158710438362185, 2.6427885188137057e-20, 0.062499999999999986, 0.062499999999999986, 2.328306436601003e-10, 0.0, 0.07733607218533375, 0.14744195615489714, 3.8103297018129e-18, 0.0, 0.0, 2.775557561562892e-17, 1.490524630779554e-08, 0.09507554566162116, 0.0], [0.0, 2.6163665679209587e-17, 2.1058210353845297e-06, 0.8364858955331107, 0.0, 5.231919147432178e-07, 0.005628336311036329, 2.682230991728123e-12, 5.441520975669632e-17, 0.19503835612511236, 0.0666749880176129, 1.0, 2.2855975666157e-09, 4.7683715820312484e-07, 2.257600662156705e-09, 0.0, 0.0, 0.13922737399053922, 1.3163820862189542e-10, 0.6692703963837554, 0.010254593001788605, 3.1890665359725808e-09, 4.747789211807525e-10, 0.0, 0.021201821133662133, 6.72563216567751e-19, 2.002647035990816e-10, 0.00689342021224767, 0.0, 0.6330497851838008, 0.11198595017474813, 0.0002912054001599254, 6.431461772411091e-06, 0.00032949684748676623, 0.0, 0.0004434806105780581, 0.1374562509708555, 0.0, 5.776925092746938e-07, 0.4841112343515305, 2.362233634318593e-06, 0.01270113533214098, 7.572997709944265e-10, 4.1347773748548376e-16, 0.5024338146188678, 1.4157480041712801e-09, 0.26393944326477703, 0.02375972782052645, 4.104928235724724e-15, 0.011388223756762489, 0.10911575293400745, 4.628071497834595e-06, 3.2936722859328273e-24, 0.49934750794754656, 1.1192037650112863e-15, 0.3432783039167471, 0.16821967537288118, 0.00024095915260823218, 0.0, 0.014311019882460675, 2.0808302681994074e-18, 0.7859946870544026, 0.0, 3.719081821898383e-09, 6.126397855275593e-06, 5.8173184705951955e-15, 6.949162739378931e-09, 0.000605099944638018, 0.004498888771606672, 0.8525152998197352, 0.13351434288454136, 0.08133844880258655, 0.07319528710679753, 4.791542323113559e-10, 0.0, 0.7357022194349854, 0.580484006588194, 0.6239431531595397, 0.035260455999061774, 7.244715450173453e-08, 1.7865064172571214e-06, 2.395062856820402e-07, 0.5231882448935704, 0.6361954257013775], [0.0, 0.0, 0.0, 2.482113063489691e-09, 0.0, 2.141964475953014e-09, 2.869929767386643e-10, 0.0, 0.0, 3.888287209196847e-09, 1.9916308176897036e-10, 2.2855975666157e-09, 1.0, 0.0, 1.0242999679680494e-09, 0.0, 0.0, 2.5109949157740515e-09, 2.445335456701913e-10, 3.6348949501919e-09, 1.4447118614695334e-09, 1.4226218841603634e-11, 4.731828792910616e-10, 0.0, 9.471454315465683e-10, 0.0, 2.041341027389606e-10, 7.765426188755996e-24, 0.0, 2.7845020093007442e-09, 1.0731927299835381e-09, 6.732687833410441e-11, 0.0, 0.0, 0.0, 0.0, 0.0, 0.0, 0.0, 2.3841401304011387e-09, 0.0, 2.086347203421576e-09, 6.748250607385324e-10, 0.0, 3.0271868516152864e-09, 1.2079293391866115e-09, 3.4841327555283443e-09, 1.0731927299835381e-09, 0.0, 0.0, 0.0, 0.0, 3.308722450212111e-24, 2.6262633009504092e-09, 0.0, 1.6607735135587715e-09, 0.0, 1.8573228903879346e-24, 0.0, 2.40760983040192e-10, 1.654361225106055e-24, 3.4435336735866762e-09, 0.0, 8.670733610194676e-10, 5.5514326890253375e-09, 0.0, 0.0, 1.6543612251060552e-24, 0.0, 2.5345437421084184e-09, 0.0, 0.0, 3.308722450212111e-24, 1.1315865983166314e-09, 0.0, 6.096572985893455e-09, 0.0, 1.6543612251060552e-24, 3.7236966702652886e-24, 1.0731927299835381e-09, 0.0, 1.698515044686468e-09, 2.265332668741436e-09, 0.0], [0.0, 0.0, 1.9073486328125e-06, 5.335862898834149e-07, 0.0, 4.7683715820312484e-07, 0.0, 0.0, 0.0, 7.722628881253393e-07, 0.0, 4.7683715820312484e-07, 0.0, 1.0, 0.0, 0.0, 0.0, 1.471004271087072e-06, 0.0, 1.6546776146616154e-06, 0.0, 0.0, 0.0, 0.0, 0.0, 0.0, 0.0, 0.0, 0.0, 1.6689300537109377e-06, 0.0, 6.460561147169906e-07, 5.724382858264742e-07, 0.0, 0.0, 0.0, 0.0, 0.0, 4.7683715820312495e-07, 1.8823317513865427e-06, 6.938293812451857e-07, 0.0, 0.0, 0.0, 1.9028078322219392e-06, 0.0, 0.0, 6.237096512607942e-07, 0.0, 0.0, 0.0, 0.0, 0.0, 4.909817011893929e-07, 0.0, 4.666329309835452e-07, 0.0, 0.0, 0.0, 0.0, 0.0, 6.119222751398056e-08, 0.0, 0.0, 0.0, 0.0, 0.0, 0.0, 0.0, 4.7683715820312484e-07, 5.580278362632288e-07, 0.0, 0.0, 0.0, 0.0, 1.496247368913147e-06, 0.0, 4.7683715820312484e-07, 0.0, 0.0, 1.1680077279964344e-06, 0.0, 7.324453136250599e-07, 0.0], [0.0, 1.8951980684878203e-17, 0.0, 4.02661333525527e-09, 0.0, 3.523892081667804e-09, 5.978722405201714e-11, 0.0, 5.677408292328712e-17, 1.5922942047774598e-09, 2.3283079116090815e-10, 2.257600662156705e-09, 1.0242999679680494e-09, 0.0, 1.0, 0.0, 0.0, 5.48061053541769e-09, 1.0525434789313403e-10, 2.47060235533848e-09, 9.198568122476065e-17, 2.6151777667535393e-09, 5.00149554240661e-11, 0.0, 1.2390808118278496e-10, 9.282102095321881e-21, 1.0573406549378437e-10, 5.187475945119196e-16, 0.0, 1.9494053001872076e-10, 2.2088254290877697e-09, 1.1641532182725245e-10, 0.0, 0.0, 0.0, 0.0, 0.0, 0.0, 2.2088254290877693e-09, 3.5111154614269976e-09, 1.623271549709903e-16, 5.047564677891961e-10, 9.767101803427028e-11, 3.176373552203626e-22, 9.545355887697356e-10, 1.3908895480135197e-17, 4.454611528145943e-09, 5.411694632572091e-09, 3.3677700864133333e-15, 0.0, 3.313238143631655e-09, 2.2088295970494616e-09, 0.0, 1.3996153365216982e-09, 4.440892098500626e-16, 2.7413744323878977e-09, 0.0, 1.0587911840678752e-22, 0.0, 5.82076609134674e-11, 0.0, 6.9662358923432466e-09, 0.0, 0.0, 7.94482803942724e-10, 3.552713678800502e-15, 7.362751430356784e-10, 0.0, 0.0, 8.192352616668902e-09, 3.866114096116097e-15, 0.0, 0.0, 3.492459654855444e-10, 0.0, 6.74091619604595e-09, 3.552713678800501e-15, 7.371189889537496e-17, 0.0, 7.362751430292565e-10, 1.623271152663209e-16, 3.1650636131653695e-09, 5.932067453243936e-09, 0.0], [0.0, 0.0, 0.0, 0.0, 0.0, 0.0, 0.0, 0.0, 0.0, 0.0, 0.0, 0.0, 0.0, 0.0, 0.0, 1.0, 0.0, 0.0, 0.0, 0.0, 0.0, 0.0, 0.0, 0.0, 0.0, 0.0, 0.0, 0.0, 0.0, 0.0, 0.0, 0.0, 0.0, 0.0, 0.0, 0.0, 0.0, 0.0, 0.0, 0.0, 0.0, 0.0, 0.0, 0.0, 0.0, 0.0, 0.0, 0.0, 0.0, 0.0, 0.0, 0.0, 0.0, 0.0, 0.0, 0.0, 0.0, 0.0, 0.0, 0.0, 0.0, 0.0, 0.0, 0.0, 0.0, 0.0, 0.0, 0.0, 0.0, 0.0, 0.0, 0.0, 0.0, 0.0, 0.0, 0.0, 0.0, 0.0, 0.0, 0.0, 0.0, 0.0, 0.0, 0.0], [0.0, 0.0, 0.0, 6.142698267356822e-08, 0.0, 2.7461404787464813e-08, 1.569989905591127e-08, 0.0, 0.0, 6.282881220516323e-08, 1.4837202333779211e-08, 0.0, 0.0, 0.0, 0.0, 0.0, 1.0, 6.40527618881273e-08, 0.0, 9.267760067815417e-09, 0.0, 0.0, 0.0, 0.0, 8.781677793993873e-08, 0.0, 0.0, 0.0, 0.0, 4.861426739801784e-08, 0.0, 0.0, 0.0, 7.300048299977713e-08, 0.0, 0.0, 0.0, 7.908385658309191e-08, 4.86669886665181e-08, 4.9238338753848274e-08, 0.0, 0.0, 0.0, 0.0, 6.677055759563494e-08, 0.0, 1.760939217025247e-08, 6.182406570378518e-08, 0.0, 0.0, 4.866698866651809e-08, 0.0, 0.0, 2.2242167298534885e-08, 0.0, 2.061731326686965e-08, 0.0, 0.0, 0.0, 7.300048299977715e-08, 0.0, 6.51874342779989e-08, 0.0, 0.0, 7.300048299977715e-08, 0.0, 0.0, 0.0, 0.0, 5.4260135680410804e-08, 0.0, 0.0, 0.0, 0.0, 0.0, 8.279297420032327e-08, 0.0, 0.0, 0.0, 3.755843864754464e-08, 7.300048299977715e-08, 4.8666988666518094e-08, 9.916228498562379e-08, 0.0], [0.0, 1.9377114972245848e-17, 5.361376898397825e-06, 0.3303968079140865, 0.0, 1.3745799883489227e-06, 0.005321717861531827, 2.1455684523917067e-12, 4.104413057503437e-17, 0.11059983136757438, 0.07794158204409785, 0.13922737399053922, 2.5109949157740515e-09, 1.471004271087072e-06, 5.48061053541769e-09, 0.0, 6.40527618881273e-08, 1.0, 2.538435993748472e-10, 0.527805289025119, 0.0063681932385906085, 3.2408090706745032e-09, 1.3618787558700242e-09, 0.0, 0.0326490106009018, 2.2106022487757284e-19, 1.4907746790342057e-10, 0.01087535740390121, 1.1830731475492361e-07, 0.4949983025428081, 0.09289953053916956, 0.00030527109700617726, 4.014355325186651e-06, 0.00024112787409900845, 0.0, 0.00012541503695238923, 0.09244418646680234, 1.2527651423326967e-07, 4.6333781583580736e-07, 0.594488024266833, 4.0183095197370614e-06, 0.011013653695192156, 1.4876233833889015e-09, 6.200377678991854e-16, 0.4365657208505485, 1.2410815334212916e-09, 0.6207813458149618, 0.029360238658680038, 1.0213677705446113e-14, 0.0084338379731956, 0.0681534256603374, 2.5901676947543406e-06, 3.6519630971990434e-24, 0.42469539216446045, 3.92864290845455e-16, 0.08393585819634926, 0.1937204011429476, 0.00025146501610986825, 0.0, 0.017604532289708326, 1.9738209783616717e-18, 0.3094244235951111, 0.0, 2.2132241134236545e-09, 6.7144314939473846e-06, 1.2022009632878135e-14, 2.015614696707365e-09, 0.0005928169286198284, 0.07798757276880354, 0.2694663594583958, 0.34659981133127093, 0.1784614275645006, 0.12390907787755231, 1.6504196584366554e-09, 0.0, 0.4331998927954773, 0.4355200303970076, 0.17051837183533386, 0.020607957607917338, 2.000711181141678e-07, 1.6123551697980976e-06, 2.9784970306414805e-07, 0.4846639285210249, 0.16187864556817433], [0.0, 3.351324867225571e-17, 0.0, 2.371455892081994e-10, 0.0, 0.0, 8.125828817673991e-11, 6.991770849269417e-13, 3.211855630206613e-17, 6.669240076705207e-11, 9.48193894155963e-13, 1.3163820862189542e-10, 2.445335456701913e-10, 0.0, 1.0525434789313403e-10, 0.0, 0.0, 2.538435993748472e-10, 1.0, 6.924223574402554e-11, 1.0581483667703942e-16, 6.987772061835862e-11, 6.091075996793624e-11, 0.0, 4.6270220119768486e-11, 0.0, 1.0156869252150776e-10, 1.9905714327527397e-15, 0.0, 2.075236509250875e-10, 1.7053025658242404e-13, 5.851853869945822e-11, 4.560393496649577e-12, 1.0339757656912845e-25, 0.0, 0.0, 2.740160216242528e-12, 0.0, 0.0, 2.373976911152095e-10, 2.695370892229317e-16, 2.525525083528447e-10, 1.0861716210630565e-10, 2.6774178576154625e-17, 2.50273846986751e-10, 6.375870625280466e-12, 6.798031261330362e-11, 1.6159676057868367e-19, 0.0, 0.0, 0.0, 2.166323142509556e-19, 1.0950431301712239e-24, 3.236935134441511e-10, 4.440892098500626e-16, 1.000080980657933e-10, 0.0, 2.7376548213025985e-12, 0.0, 2.5376613585947984e-10, 1.6543612251060557e-24, 1.5683953457966044e-10, 0.0, 2.5163797569946828e-24, 6.092378282349411e-11, 6.9137179658950994e-15, 0.0, 1.6543612251060553e-24, 0.0, 1.3339207509925157e-10, 4.664079766214156e-21, 0.0, 1.4188735018707128e-24, 0.0, 0.0, 1.5342574257621881e-10, 1.455190613153852e-13, 6.445067246508158e-14, 2.6964700026058992e-24, 0.0, 2.695370892746305e-16, 2.8764196128592893e-10, 2.905220858952179e-10, 0.0], [0.0, 2.0463560920661367e-17, 4.134328337852771e-06, 0.7741352979597289, 0.0, 1.0104709782815432e-06, 0.003649552823842407, 1.6386988508035708e-12, 4.5444407224321587e-17, 0.17971487167863964, 0.09511477810244964, 0.6692703963837554, 3.6348949501919e-09, 1.6546776146616154e-06, 2.47060235533848e-09, 0.0, 9.267760067815417e-09, 0.527805289025119, 6.924223574402554e-11, 1.0, 0.021353164039601434, 8.380200964517648e-10, 9.90617427192766e-10, 0.0, 0.020800119170897684, 1.4129102770977866e-19, 2.029570951836453e-10, 0.01306344401252867, 3.5824924178864095e-07, 0.8853400066339394, 0.07374856610269492, 0.00023076186132539768, 6.746217360037129e-06, 0.0001994664535874373, 0.0, 0.000244140625, 0.07282813899320255, 1.2331882382008286e-07, 3.5982993241821106e-07, 0.7772528803661514, 4.014531044920519e-06, 0.004745077940160456, 1.4502935743933373e-09, 2.8701968958973547e-16, 0.6858262661101147, 5.891488318554062e-10, 0.26797273335589955, 0.01742660411691411, 8.092003124298704e-15, 0.00801706528214997, 0.05705596544873454, 3.3347237809798675e-06, 8.65343619385288e-25, 0.6357967317391509, 5.487781335246442e-16, 0.2822441550503883, 0.030301415173643036, 0.0010686034797791559, 0.0, 0.014219118738835811, 2.3123674849424004e-18, 0.6971764677451955, 0.0, 1.4331376216908759e-09, 6.300010025846344e-06, 1.2152100799776346e-14, 6.1379053097379404e-09, 0.00047897493681492073, 0.11608321390923107, 0.6973688686309267, 0.23467783961086774, 0.21313504995142019, 0.08846793943081081, 1.4942819627517914e-09, 0.0, 0.8944564897306008, 0.5667380230657801, 0.4918779600959584, 0.023005340279963055, 2.294348491134179e-07, 7.210253861715675e-07, 5.751509295842128e-07, 0.6183342273855124, 0.49434264683489954], [0.0, 1.1182691559414898e-20, 0.0, 0.01396219399306399, 0.0, 1.8823562288281e-09, 0.0019685452622265603, 0.0, 0.0, 0.007301279578358755, 2.78476307730941e-17, 0.010254593001788605, 1.4447118614695334e-09, 0.0, 9.198568122476065e-17, 0.0, 0.0, 0.0063681932385906085, 1.0581483667703942e-16, 0.021353164039601434, 1.0, 1.3955084385043723e-19, 0.0, 0.0, 0.0030314840528146442, 5.917511603070929e-22, 2.7755575615628914e-17, 0.004700623190733412, 0.0, 0.01415481501120912, 1.9211717811576886e-10, 5.293955920339377e-23, 0.0, 0.0, 0.0, 0.0, 0.0, 0.0, 0.0, 0.012873646184448195, 8.326672684688674e-17, 4.583156512996074e-06, 1.164153218269348e-10, 1.5881867761018131e-22, 0.008739286143730235, 3.6515316173478784e-20, 0.0019699619239607518, 0.005276197235531884, 0.0, 0.0062576129413760865, 1.5738239231243797e-06, 6.70961493564894e-20, 0.0, 0.011627803708320228, 0.0, 0.006228879229480137, 0.0, 0.000830955330624007, 0.0, 1.3552527156068808e-20, 1.6543612251060553e-24, 0.008921226499003912, 0.0, 2.6336304530346266e-10, 1.152703068694614e-09, 0.0, 0.0, 6.617444900424222e-24, 0.0, 0.014657003314221161, 0.0, 0.002966518083852104, 0.0, 0.0, 0.0, 0.01256790092176385, 0.010498095931204921, 1.404547915321607e-05, 0.023122659124153965, 3.6502263841996106e-09, 8.326672684688674e-17, 1.152703093127873e-09, 0.00650765146410694, 0.0], [0.0, 8.255952120506036e-19, 0.0, 3.3201863211173643e-09, 0.0, 7.0116153775484736e-09, 2.3036487919045865e-10, 0.0, 1.880142947100609e-18, 2.1623640357862044e-09, 2.151268714851867e-18, 3.1890665359725808e-09, 1.4226218841603634e-11, 0.0, 2.6151777667535393e-09, 0.0, 0.0, 3.2408090706745032e-09, 6.987772061835862e-11, 8.380200964517648e-10, 1.3955084385043723e-19, 1.0, 2.2749006067946606e-11, 0.0, 2.050396825593808e-18, 3.285762395869067e-19, 6.98777220408493e-11, 1.0566345034663131e-18, 0.0, 6.0882077399449055e-09, 7.39310547321993e-09, 0.0, 0.0, 0.0, 0.0, 0.0, 0.0, 0.0, 7.39310547321993e-09, 6.2996765832863985e-09, 0.0, 8.887129543936269e-11, 4.3590748260986663e-11, 1.734723475976807e-18, 2.157057238429073e-09, 1.5244977326176275e-19, 3.451425822531622e-09, 1.4084744539655032e-09, 0.0, 0.0, 6.91613092699426e-09, 7.39310547332004e-09, 7.237830359838991e-25, 2.465709288961573e-09, 0.0, 7.411684583670422e-09, 0.0, 0.0, 0.0, 6.987772045809188e-11, 2.9944301981002824e-18, 2.627195673948424e-10, 0.0, 6.351955575286285e-26, 2.3759836842627117e-09, 0.0, 2.1463854599713098e-09, 0.0, 0.0, 2.2162631820841556e-09, 2.6427885188137063e-20, 0.0, 0.0, 1.988451133524961e-21, 0.0, 3.4772966392003975e-09, 0.0, 3.591829480171763e-18, 0.0, 2.1463854599670763e-09, 6.351955575286284e-26, 6.769741500610826e-09, 6.398668560528442e-10, 0.0], [0.0, 0.0, 0.0, 1.9413655249599737e-09, 0.0, 0.0, 1.8131353050430315e-09, 0.0, 0.0, 5.460338711231908e-10, 0.0, 4.747789211807525e-10, 4.731828792910616e-10, 0.0, 5.00149554240661e-11, 0.0, 0.0, 1.3618787558700242e-09, 6.091075996793624e-11, 9.90617427192766e-10, 0.0, 2.2749006067946606e-11, 1.0, 0.0, 4.656612873077392e-10, 0.0, 6.08877718206022e-11, 3.9106813121226823e-25, 0.0, 1.2436315957365544e-09, 0.0, 0.0, 0.0, 1.0339757656912846e-25, 0.0, 0.0, 0.0, 0.0, 0.0, 2.010801300576703e-09, 0.0, 1.8863707572315262e-09, 2.0857454732100593e-09, 0.0, 5.458761592543313e-10, 1.0236160340709778e-09, 4.656612873077398e-10, 0.0, 0.0, 0.0, 0.0, 0.0, 1.0339757656912845e-25, 7.221539142306637e-10, 0.0, 1.2714843260590672e-09, 0.0, 0.0, 0.0, 6.08877718206023e-11, 0.0, 9.836883806763518e-10, 0.0, 8.271806125530277e-25, 8.004560258121287e-10, 0.0, 0.0, 0.0, 0.0, 8.718113717050043e-10, 4.793556380340119e-25, 0.0, 6.575195086298225e-25, 4.656612873077392e-10, 0.0, 3.618693685364417e-10, 1.0630993001668729e-13, 7.105427357601e-15, 0.0, 0.0, 0.0, 1.6674492817321079e-09, 4.4425438531927123e-10, 0.0], [0.0, 0.0, 0.0, 0.0, 0.0, 0.0, 0.0, 0.0, 0.0, 0.0, 0.0, 0.0, 0.0, 0.0, 0.0, 0.0, 0.0, 0.0, 0.0, 0.0, 0.0, 0.0, 0.0, 1.0, 0.0, 0.0, 0.0, 0.0, 0.0, 0.0, 0.0, 0.0, 0.0, 0.0, 0.0, 0.0, 0.0, 0.0, 0.0, 0.0, 0.0, 0.0, 0.0, 0.0, 0.0, 0.0, 0.0, 0.0, 0.0, 0.0, 0.0, 0.0, 0.0, 0.0, 0.0, 0.0, 0.0, 0.0, 0.0, 0.0, 0.0, 0.0, 0.0, 0.0, 0.0, 0.0, 0.0, 0.0, 0.0, 0.0, 0.0, 0.0, 0.0, 0.0, 0.0, 0.0, 0.0, 0.0, 0.0, 0.0, 0.0, 0.0, 0.0, 0.0], [0.0, 1.5850445171908607e-19, 0.0, 0.01858958476284684, 0.0, 1.0465427007667917e-07, 0.0019539840476174596, 1.6896500106087258e-12, 1.903527589216872e-18, 0.0002824852967332664, 3.015472828136968e-08, 0.021201821133662133, 9.471454315465683e-10, 0.0, 1.2390808118278496e-10, 0.0, 8.781677793993873e-08, 0.0326490106009018, 4.6270220119768486e-11, 0.020800119170897684, 0.0030314840528146442, 2.050396825593808e-18, 4.656612873077392e-10, 0.0, 1.0, 8.152375160107234e-19, 4.773289846957859e-11, 0.007814581736369645, 0.0, 0.024210631141348443, 0.0, 2.238220497693259e-08, 1.3639071176400696e-06, 5.960464477539063e-08, 0.0, 0.0, 3.0922819860279554e-11, 7.944801448980171e-08, 2.980232238769531e-08, 0.013357919273790026, 0.0, 0.007823234551729084, 4.656612873077392e-10, 1.5999892109399028e-18, 0.025445941746549197, 1.0312999426594614e-09, 0.008679807177355697, 0.030986323354636254, 0.0, 0.017557333240956274, 5.5879354477385844e-08, 2.0817363696436366e-06, 0.0, 0.022246368991969915, 0.0, 0.019661391786319652, 0.0, 1.4283343719473841e-05, 0.0, 0.012055149805295155, 9.61236770559761e-19, 0.04940008512232711, 0.0, 0.0, 7.654558400985432e-06, 0.0, 0.0, 0.0, 4.467652859783645e-08, 0.025109466032832876, 1.3638962421803137e-06, 0.0078125, 0.0, 2.7437692820863166e-09, 0.0, 0.03123325566825983, 0.03664966893458593, 0.007821364538584953, 0.013926747197588338, 1.022211224690132e-08, 1.1920928955078124e-07, 5.286257161946051e-08, 0.03135717219248705, 0.0], [0.0, 1.3278710503032405e-19, 0.0, 3.7526869894916175e-19, 0.0, 0.0, 0.0, 0.0, 8.631161826971063e-19, 4.2470432344355895e-19, 2.777236531804398e-19, 6.72563216567751e-19, 0.0, 0.0, 9.282102095321881e-21, 0.0, 0.0, 2.2106022487757284e-19, 0.0, 1.4129102770977866e-19, 5.917511603070929e-22, 3.285762395869067e-19, 0.0, 0.0, 8.152375160107234e-19, 1.0, 0.0, 8.940980915307332e-21, 0.0, 8.339382950249859e-19, 0.0, 2.117582368135751e-22, 0.0, 0.0, 0.0, 0.0, 0.0, 0.0, 0.0, 2.8189786619142043e-19, 0.0, 3.386081152568502e-21, 0.0, 4.283107247471974e-22, 4.078097717910278e-19, 0.0, 6.6397231134025995e-21, 3.6917220887557125e-21, 0.0, 0.0, 0.0, 0.0, 0.0, 2.786745957193705e-19, 0.0, 3.2784931211311404e-19, 0.0, 1.7160763194739887e-22, 0.0, 0.0, 3.975407965780183e-19, 5.752490708356002e-19, 0.0, 0.0, 0.0, 0.0, 1.0037391978949649e-20, 0.0, 0.0, 5.542354389143382e-19, 0.0, 0.0, 0.0, 7.87728982571533e-21, 0.0, 7.479547330950825e-19, 0.0, 4.890921386560824e-21, 0.0, 0.0, 0.0, 1.2287406730757756e-20, 6.707856561905653e-19, 0.0], [0.0, 7.39704209866023e-18, 0.0, 2.432698162812899e-10, 0.0, 0.0, 9.628461051987977e-11, 4.320099833421408e-12, 1.1797879661726048e-17, 2.0461867209594816e-10, 2.1056933669851668e-12, 2.002647035990816e-10, 2.041341027389606e-10, 0.0, 1.0573406549378437e-10, 0.0, 0.0, 1.4907746790342057e-10, 1.0156869252150776e-10, 2.029570951836453e-10, 2.7755575615628914e-17, 6.98777220408493e-11, 6.08877718206022e-11, 0.0, 4.773289846957859e-11, 0.0, 1.0, 1.3327971800122486e-16, 0.0, 1.5899263237559837e-10, 0.0, 9.48906454514027e-11, 9.09494701772928e-13, 0.0, 0.0, 0.0, 9.09494701772928e-12, 0.0, 0.0, 2.618360573484101e-10, 2.7755575615628907e-17, 1.8169029200841724e-10, 1.4428790616919868e-10, 4.336808689942019e-19, 1.1690069111008135e-10, 1.8189992289809745e-12, 8.334388601767003e-11, 0.0, 0.0, 0.0, 2.1684043449710085e-18, 0.0, 0.0, 2.1784756853772183e-10, 0.0, 1.0695192191982609e-10, 0.0, 1.818989403545856e-12, 0.0, 9.402519081149086e-11, 3.444345412341467e-18, 3.3099305211205127e-10, 0.0, 0.0, 6.002665031701326e-11, 0.0, 0.0, 0.0, 0.0, 4.065762941855292e-10, 0.0, 0.0, 0.0, 0.0, 0.0, 3.618434541256352e-10, 0.0, 3.06995533710241e-17, 0.0, 0.0, 2.775557561562891e-17, 1.3893320262383137e-10, 1.4871318328624107e-10, 0.0], [0.0, 5.095915463638656e-17, 0.0, 0.009372321434419347, 0.0, 0.0, 0.0032039338650662946, 0.0, 4.439396125430543e-17, 0.005440687392266502, 0.00012207031250003505, 0.00689342021224767, 7.765426188755996e-24, 0.0, 5.187475945119196e-16, 0.0, 0.0, 0.01087535740390121, 1.9905714327527397e-15, 0.01306344401252867, 0.004700623190733412, 1.0566345034663131e-18, 3.9106813121226823e-25, 0.0, 0.007814581736369645, 8.940980915307332e-21, 1.3327971800122486e-16, 1.0, 0.0, 0.012227204887627824, 0.0, 0.00026302031882119453, 1.9073486328124998e-06, 0.0001220703125, 0.0, 0.00018310546875, 0.00019681386299260224, 0.0, 0.0, 0.00472478725694252, 2.7755575615628907e-17, 0.001655935948083645, 0.0, 2.949496452066951e-16, 0.011808008808905153, 2.342176980479932e-16, 0.0027160725385665064, 0.0037242524004128916, 0.0, 0.004234226433536752, 2.209105004274629e-05, 1.907348632812713e-06, 2.3853353451708013e-24, 0.011782837820793361, 4.440892098500626e-16, 0.002973146621081261, 0.0, 0.0015584594013273553, 0.0, 6.779981483208031e-21, 2.2531281213888042e-18, 0.010971698142637286, 0.0, 6.965358254727157e-24, 1.9073486328124996e-06, 0.0, 1.3413902205055011e-20, 0.0005106486901636542, 0.0, 0.005968267899301883, 0.0003062220443679213, 0.009456083245006977, 2.0438511001437918e-24, 1.3422714924296494e-20, 0.0, 0.01095102511156734, 0.00521412258041465, 3.590361330268091e-05, 0.0019531249999999998, 0.0, 2.77555757389456e-17, 1.3770660800095405e-15, 0.008590373433783069, 0.0], [0.0, 0.0, 0.0, 8.99246059074944e-07, 0.0, 3.0779706209559574e-07, 0.0, 0.0, 0.0, 1.5278848078537022e-08, 0.0, 0.0, 0.0, 0.0, 0.0, 0.0, 0.0, 1.1830731475492361e-07, 0.0, 3.5824924178864095e-07, 0.0, 0.0, 0.0, 0.0, 0.0, 0.0, 0.0, 0.0, 1.0, 3.893359093321448e-07, 0.0, 0.0, 2.384185791015625e-07, 0.0, 0.0, 0.0, 0.0, 0.0, 0.0, 3.314402595598926e-07, 1.8040656884749363e-07, 0.0, 0.0, 0.0, 0.0, 0.0, 0.0, 2.708253070102047e-07, 0.0, 0.0, 3.576278686523438e-07, 1.2210548394479368e-07, 0.0, 0.0, 0.0, 1.5358926465930166e-07, 0.0, 0.0, 0.0, 0.0, 0.0, 2.1091741011843272e-07, 0.0, 0.0, 0.0, 0.0, 0.0, 0.0, 0.0, 2.3841857910156255e-07, 2.3841857910156247e-07, 0.0, 0.0, 0.0, 0.0, 2.7450499495885023e-07, 0.0, 0.0, 0.0, 0.0, 0.0, 2.384185791015625e-07, 1.3266091369668667e-07, 0.0], [0.0, 2.6423431466260533e-17, 2.7197361998232255e-06, 0.7688001639321935, 0.0, 1.6504271957648106e-06, 0.0030004861660349828, 2.257506844662007e-12, 2.8835970365619307e-17, 0.1058635048800527, 0.1381360246952453, 0.6330497851838008, 2.7845020093007442e-09, 1.6689300537109377e-06, 1.9494053001872076e-10, 0.0, 4.861426739801784e-08, 0.4949983025428081, 2.075236509250875e-10, 0.8853400066339394, 0.01415481501120912, 6.0882077399449055e-09, 1.2436315957365544e-09, 0.0, 0.024210631141348443, 8.339382950249859e-19, 1.5899263237559837e-10, 0.012227204887627824, 3.893359093321448e-07, 1.0, 0.04059222007871725, 0.00028754663300481004, 5.052924563014075e-06, 0.00015262076170789192, 0.0, 0.00018851697435935276, 0.05712721292412645, 7.957558199467954e-08, 8.732263108916363e-07, 0.7855253942616751, 3.069396798759012e-06, 0.008327874884023125, 1.3734383162220252e-09, 5.40361014648956e-17, 0.7046517625455873, 1.0885346401230891e-10, 0.38297516000377796, 0.020820561221138775, 3.3677700864133333e-15, 0.01047956940141984, 0.021101588142755263, 3.870585214173739e-06, 2.5790446798564936e-24, 0.6318913953455776, 4.952720215321206e-16, 0.2565841799383882, 0.11506360260633228, 0.002771813453678524, 0.0, 0.019084437449601678, 2.0494358015987408e-18, 0.6483411605837491, 0.0, 3.5017799426687324e-09, 1.1368940288824013e-05, 7.350724358622422e-15, 1.6696672891892615e-20, 0.00019827282484889761, 0.05640122423630656, 0.6555278865125793, 0.2930889347990632, 0.16439751154634655, 0.1233960560165073, 1.5422495234343092e-09, 0.0, 0.8603218126059038, 0.5604726164963507, 0.39814255276089755, 0.016536006777478775, 1.7795547145931306e-07, 1.961835877292535e-06, 6.996524701073601e-07, 0.5507366447773262, 0.37790158710857086], [0.0, 0.0, 0.0, 0.12976357084607223, 0.0, 8.188229906057317e-09, 6.821210263296962e-13, 1.1368683772161602e-13, 0.0, 0.10662979897556243, 0.0, 0.11198595017474813, 1.0731927299835381e-09, 0.0, 2.2088254290877697e-09, 0.0, 0.0, 0.09289953053916956, 1.7053025658242404e-13, 0.07374856610269492, 1.9211717811576886e-10, 7.39310547321993e-09, 0.0, 0.0, 0.0, 0.0, 0.0, 0.0, 0.0, 0.04059222007871725, 1.0, 0.0, 4.547473508864641e-13, 0.0, 0.0, 0.0, 0.14170052352937065, 0.0, 7.450580596923828e-09, 0.03731936835068257, 0.0, 9.314924837812886e-10, 0.0, 0.0, 0.016918155845322413, 0.0, 0.06240722392675024, 2.1802918575515137e-09, 0.0, 0.0, 0.12500000651925802, 7.450580596923828e-09, 0.0, 0.13675750863231362, 0.0, 0.05561353581681683, 0.0, 0.0, 0.0, 0.0, 0.0, 0.0801210505706715, 0.0, 3.7190818218983747e-09, 2.794479314616183e-09, 0.0, 1.8626451492309566e-09, 0.0, 0.03274385030323592, 0.04598001946625399, 0.0, 0.047586686726680046, 0.031249999999999997, 0.0, 0.0, 0.06188041559111682, 0.058521840722966637, 0.14721699660489412, 0.0, 2.7939677238464355e-09, 0.0, 7.859401499259913e-09, 0.08184233129171747, 0.16645127030598653], [0.0, 0.0, 4.460753380341991e-06, 7.165523271839935e-05, 0.0, 4.810976811633697e-07, 0.0007823917057632851, 0.0, 0.0, 0.0008498373757743033, 1.4901161193847653e-08, 0.0002912054001599254, 6.732687833410441e-11, 6.460561147169906e-07, 1.1641532182725245e-10, 0.0, 0.0, 0.00030527109700617726, 5.851853869945822e-11, 0.00023076186132539768, 5.293955920339377e-23, 0.0, 0.0, 0.0, 2.238220497693259e-08, 2.117582368135751e-22, 9.48906454514027e-11, 0.00026302031882119453, 0.0, 0.00028754663300481004, 0.0, 1.0, 2.4063689058525074e-06, 3.0525028705596924e-05, 0.0, 0.0, 0.0001220703143189894, 4.056362233588817e-08, 9.69084172075486e-07, 0.00021349327259944723, 1.4021968495664683e-06, 0.0003760518396548046, 3.8620131247271604e-11, 2.117582368135751e-22, 0.0009959277394073023, 6.942739416488095e-12, 0.0002478295140315264, 7.884533438599503e-07, 0.0, 3.0517578125e-05, 7.450580596923828e-09, 9.536743164062498e-07, 0.0, 0.0010011642552288597, 0.0, 0.0005893307222194632, 0.0, 7.451826721024484e-07, 0.0, 1.6370904631912708e-11, 0.0, 0.00029905872107326733, 0.0, 0.0, 1.013280780171044e-06, 0.0, 0.0, 0.00037557947231515624, 6.745748892589316e-08, 0.0008157449711513455, 0.00034867918998203706, 0.0, 0.0, 0.0, 0.0, 0.0008024096069693022, 0.0, 3.2853362371274154e-05, 0.0, 0.0, 1.1722280194530524e-07, 2.2382664610631843e-08, 0.0003974454452779397, 0.0], [0.0, 0.0, 1.5261126022327239e-06, 4.284070819038673e-06, 0.0, 5.724382858264741e-07, 8.244814122470145e-06, 1.394297266585674e-12, 0.0, 3.7860422479090212e-06, 8.871904811803793e-13, 6.431461772411091e-06, 0.0, 5.724382858264742e-07, 0.0, 0.0, 0.0, 4.014355325186651e-06, 4.560393496649577e-12, 6.746217360037129e-06, 0.0,