"{\"names\": [\"172.217.10.1\", \"104.88.86.240\", \"38.93.140.48\", \"192.168.10.15\", \"104.88.108.223\", \"195.142.105.15\", \"172.217.12.163\", \"206.217.206.48\", \"172.217.6.228\", \"178.255.83.1\", \"74.119.118.82\", \"192.168.10.9\", \"172.217.7.6\", \"35.186.227.40\", \"31.13.71.36\", \"206.126.112.142\", \"151.101.2.49\", \"192.168.10.25\", \"172.217.3.98\", \"192.168.10.16\", \"72.30.202.150\", \"172.217.12.132\", \"50.31.164.173\", \"162.208.20.178\", \"23.15.4.16\", \"216.58.217.99\", \"172.217.6.198\", \"172.217.12.174\", \"169.46.44.40\", \"192.168.10.17\", \"52.84.143.130\", \"104.19.195.102\", \"216.200.232.61\", \"104.97.73.166\", \"152.163.13.79\", \"192.229.163.25\", \"74.119.118.86\", \"54.225.188.92\", \"188.165.145.88\", \"192.168.10.14\", \"8.43.72.98\", \"199.96.57.6\", \"68.67.178.110\", \"104.88.70.158\", \"192.168.10.19\", \"69.172.216.56\", \"157.240.18.35\", \"172.217.11.34\", \"185.54.150.20\", \"69.169.85.7\", \"198.232.124.194\", \"74.119.118.72\", \"172.217.12.134\", \"192.168.10.5\", \"23.111.9.30\", \"192.168.10.8\", \"151.101.66.2\", \"68.67.178.199\", \"213.239.195.215\", \"138.108.7.20\", \"52.84.145.87\", \"192.168.10.50\", \"52.84.145.198\", \"52.40.24.51\", \"212.77.100.137\", \"185.54.150.115\", \"172.217.10.138\", \"152.163.66.165\", \"52.84.137.78\", \"192.168.10.51\", \"68.67.178.109\", \"129.146.14.96\", \"54.152.24.232\", \"172.217.10.33\", \"52.8.229.108\", \"192.168.10.12\", \"64.147.131.201\", \"172.217.12.206\", \"68.67.180.12\", \"172.217.10.134\", \"38.69.238.16\", \"172.217.10.142\", \"192.168.10.3\", \"172.217.6.202\"], \"funcEdges\": [[1.0, 0.0, 0.0, 0.0, 0.0, 0.0, 0.0, 0.0, 0.0, 0.0, 0.0, 0.0, 0.0, 0.0, 0.0, 0.0, 0.0, 0.0, 0.0, 0.0, 0.0, 0.0, 0.0, 0.0, 0.0, 0.0, 0.0, 0.0, 0.0, 0.0, 0.0, 0.0, 0.0, 0.0, 0.0, 0.0, 0.0, 0.0, 0.0, 0.0, 0.0, 0.0, 0.0, 0.0, 0.0, 0.0, 0.0, 0.0, 0.0, 0.0, 0.0, 0.0, 0.0, 0.0, 0.0, 0.0, 0.0, 0.0, 0.0, 0.0, 0.0, 0.0, 0.0, 0.0, 0.0, 0.0, 0.0, 0.0, 0.0, 0.0, 0.0, 0.0, 0.0, 0.0, 0.0, 0.0, 0.0, 0.0, 0.0, 0.0, 0.0, 0.0, 0.0, 0.0], [0.0, 1.0, 0.0, 1.9701431966205788e-07, 0.0, 0.0, 0.0, 0.0, 1.2722478793592908e-07, 2.2008992185329724e-07, 3.114868214248585e-08, 1.123720884356828e-07, 0.0, 0.0, 8.139813723597556e-08, 0.0, 0.0, 8.322407509662786e-08, 1.4393830703005369e-07, 8.789032491394422e-08, 4.8029294528942227e-11, 3.5459044354915276e-09, 0.0, 0.0, 6.807714364038857e-10, 5.703162734357589e-10, 3.1770053900880896e-08, 2.1886790259508703e-07, 0.0, 1.1348777399568632e-07, 0.0, 0.0, 0.0, 0.0, 0.0, 0.0, 0.0, 0.0, 0.0, 1.12276064678941e-07, 0.0, 8.27880698394624e-09, 0.0, 0.0, 1.8242885173581653e-07, 1.1785778296156113e-07, 2.8817576717365346e-10, 8.803568346355017e-10, 0.0, 0.0, 7.450580596923828e-09, 2.3283064365386963e-10, 0.0, 2.1643572468045418e-07, 0.0, 1.443974847459559e-07, 0.0, 0.0, 0.0, 0.0, 1.52084339582869e-09, 1.5666335833020204e-07, 0.0, 0.0, 0.0, 0.0, 0.0, 0.0, 0.0, 1.4232803772241762e-07, 0.0, 0.0, 0.0, 0.0, 0.0, 8.123324643037468e-08, 0.0, 1.284917026671497e-07, 0.0, 0.0, 0.0, 2.7404096410045105e-09, 2.56830066776224e-07, 0.0], [0.0, 0.0, 1.0, 0.0, 0.0, 0.0, 0.0, 0.0, 0.0, 0.0, 0.0, 0.0, 0.0, 0.0, 0.0, 0.0, 0.0, 0.0, 0.0, 0.0, 0.0, 0.0, 0.0, 0.0, 0.0, 0.0, 0.0, 0.0, 0.0, 0.0, 0.0, 0.0, 0.0, 0.0, 0.0, 0.0, 0.0, 0.0, 0.0, 0.0, 0.0, 0.0, 0.0, 0.0, 0.0, 0.0, 0.0, 0.0, 0.0, 0.0, 0.0, 0.0, 0.0, 0.0, 0.0, 0.0, 0.0, 0.0, 0.0, 0.0, 0.0, 0.0, 0.0, 0.0, 0.0, 0.0, 0.0, 0.0, 0.0, 0.0, 0.0, 0.0, 0.0, 0.0, 0.0, 0.0, 0.0, 0.0, 0.0, 0.0, 0.0, 0.0, 0.0, 0.0], [0.0, 1.9701431966205788e-07, 0.0, 1.0, 0.0, 0.0, 0.02578098413729709, 0.013955902726216033, 3.046553974430335e-07, 0.2909746108134232, 0.009740935083337059, 0.42421510342878377, 0.29775714122155184, 0.0, 0.0265612278080024, 0.0, 0.0, 0.48091468682963323, 0.4446697434150574, 0.27467804593947975, 4.57688217685384e-07, 1.0196211300571236e-08, 0.0003477921525238112, 0.0, 0.17379247362542205, 1.6117667891991193e-09, 0.4542910400751421, 5.12979985960872e-06, 0.0, 0.4532942430006477, 0.001358193826752578, 0.14439517049331133, 0.07408810017258435, 1.8943985826305477e-14, 0.0, 0.0, 0.09538503272126031, 0.0, 0.0, 0.2774724463702418, 3.029205613821418e-07, 0.13888245169988708, 0.2811065124376164, 1.0297549329502361e-06, 0.22091278489297267, 0.04056879977414761, 0.5385382272534698, 7.327970582463563e-10, 6.0871279189201204e-05, 0.0, 4.656464492744831e-09, 6.041741569552181e-05, 1.3743403108246265e-14, 0.6129097367936133, 3.102415015448804e-06, 0.6225416031973857, 0.0, 0.006812990839388428, 0.0, 0.06964018627180513, 1.9322610055412315e-08, 0.28512040951999446, 0.0, 2.5489606955040225e-14, 0.010673282829049242, 6.866455078124999e-05, 5.765597647124257e-11, 4.203262663342831e-15, 0.0, 0.5595152630146547, 6.088443391389073e-05, 0.0, 1.9816886787659252e-14, 5.788290232363367e-11, 0.0, 0.39826913734217184, 0.0008699811283759851, 0.00030803948672369485, 4.1323283993914294e-15, 0.0, 3.029200444912902e-07, 0.2553430146939775, 0.27253098350177246, 0.0], [0.0, 0.0, 0.0, 0.0, 1.0, 0.0, 0.0, 0.0, 0.0, 0.0, 0.0, 0.0, 0.0, 0.0, 0.0, 0.0, 0.0, 0.0, 0.0, 0.0, 0.0, 0.0, 0.0, 0.0, 0.0, 0.0, 0.0, 0.0, 0.0, 0.0, 0.0, 0.0, 0.0, 0.0, 0.0, 0.0, 0.0, 0.0, 0.0, 0.0, 0.0, 0.0, 0.0, 0.0, 0.0, 0.0, 0.0, 0.0, 0.0, 0.0, 0.0, 0.0, 0.0, 0.0, 0.0, 0.0, 0.0, 0.0, 0.0, 0.0, 0.0, 0.0, 0.0, 0.0, 0.0, 0.0, 0.0, 0.0, 0.0, 0.0, 0.0, 0.0, 0.0, 0.0, 0.0, 0.0, 0.0, 0.0, 0.0, 0.0, 0.0, 0.0, 0.0, 0.0], [0.0, 0.0, 0.0, 0.0, 0.0, 1.0, 0.0, 0.0, 0.0, 0.0, 0.0, 0.0, 0.0, 0.0, 0.0, 0.0, 0.0, 0.0, 0.0, 0.0, 0.0, 0.0, 0.0, 0.0, 0.0, 0.0, 0.0, 0.0, 0.0, 0.0, 0.0, 0.0, 0.0, 0.0, 0.0, 0.0, 0.0, 0.0, 0.0, 0.0, 0.0, 0.0, 0.0, 0.0, 0.0, 0.0, 0.0, 0.0, 0.0, 0.0, 0.0, 0.0, 0.0, 0.0, 0.0, 0.0, 0.0, 0.0, 0.0, 0.0, 0.0, 0.0, 0.0, 0.0, 0.0, 0.0, 0.0, 0.0, 0.0, 0.0, 0.0, 0.0, 0.0, 0.0, 0.0, 0.0, 0.0, 0.0, 0.0, 0.0, 0.0, 0.0, 0.0, 0.0], [0.0, 0.0, 0.0, 0.02578098413729709, 0.0, 0.0, 1.0, 0.00048828125, 0.0, 0.2266499236200607, 0.0, 0.14659365759812773, 0.24867723939504363, 0.0, 1.106988907028216e-05, 0.0, 0.0, 0.07825815852669872, 0.09222858811507337, 0.0016529767905335876, 0.0, 0.0, 0.00037667690646256435, 0.0, 0.2420614591379636, 0.0, 0.15676615115801323, 0.0, 0.0, 0.1454116300055791, 0.0029296875, 0.09882117688026185, 0.0019531250000000004, 0.0, 0.0, 0.0, 1.1780205062598694e-05, 0.0, 0.0, 0.156755260941876, 0.0, 0.000790861965906437, 0.0, 0.0, 0.1016748654091008, 0.0, 0.1976423537605237, 0.0, 6.077557191896828e-05, 0.0, 0.0, 6.006458994324171e-05, 0.0, 0.15676633760531433, 0.0, 0.13401675425871143, 0.0, 0.0, 0.0, 0.1976423537605237, 0.0, 0.08285724084215837, 0.0, 0.0, 0.002197265625, 9.140196801155187e-05, 0.0, 0.0, 0.0, 0.1708787297535111, 6.06336091694079e-05, 0.0, 0.0, 0.0, 0.0, 0.1287481267165487, 0.0008226811482796429, 0.0010986328125, 0.0, 0.0, 0.0, 0.0033351614223620304, 0.14725447715272774, 0.0], [0.0, 0.0, 0.0, 0.013955902726216033, 0.0, 0.0, 0.00048828125, 1.0, 0.0, 0.009249617164373, 0.009719863962720742, 0.011520094389789935, 0.0, 0.0, 0.0, 0.0, 0.0, 0.009215146334351713, 0.003002942713873829, 0.00703815797219412, 0.0, 0.0, 0.0, 0.0, 0.0072569915372505305, 0.0, 0.018554687499999997, 0.0, 0.0, 0.009695918068319473, 0.00048828124999999995, 0.0, 0.005988461160887663, 0.0, 0.0, 0.0, 0.0, 0.0, 0.0, 0.024728256341853716, 0.0, 0.0003344707256200561, 0.0, 0.0, 0.009224576057574024, 0.0, 0.018554687499999997, 0.0, 0.0, 0.0, 0.0, 0.0, 0.0, 0.010619275834543291, 0.0, 0.004875102361821409, 0.0, 0.0, 0.0, 0.018554687499999997, 0.0, 0.014325175862612494, 0.0, 0.0, 0.003540073884260527, 0.0, 0.0, 0.0, 0.0, 0.008900190359399977, 0.0, 0.0, 0.0, 0.0, 0.0, 0.018923424111179348, 0.0, 0.0, 0.0, 0.0, 0.0, 0.007324218749999998, 0.006220503512610039, 0.0], [0.0, 1.2722478793592908e-07, 0.0, 3.046553974430335e-07, 0.0, 0.0, 0.0, 0.0, 1.0, 1.6774615697693824e-07, 3.4044736655871e-08, 2.337115463099908e-07, 0.0, 0.0, 2.4384282941591026e-07, 0.0, 0.0, 1.762831985125263e-07, 1.3794814891210873e-07, 1.9518224281456735e-07, 0.0, 8.075152469602173e-09, 0.0, 0.0, 8.175588742720187e-09, 3.7070557773324327e-09, 5.067150730925692e-08, 1.9067061172713296e-07, 0.0, 1.2384954966876009e-07, 0.0, 0.0, 0.0, 0.0, 0.0, 0.0, 0.0, 0.0, 0.0, 2.3595472989939864e-07, 0.0, 7.450580596923828e-09, 0.0, 3.2154955211008118e-09, 2.0227635993121623e-07, 4.760751347858996e-08, 0.0, 0.0, 0.0, 0.0, 8.95114517343754e-09, 0.0, 0.0, 5.837335669344383e-08, 0.0, 2.5622833144998863e-07, 0.0, 0.0, 0.0, 0.0, 5.172362266620706e-09, 1.572657765371183e-07, 0.0, 0.0, 0.0, 0.0, 0.0, 0.0, 0.0, 2.0195634302534835e-07, 0.0, 0.0, 0.0, 0.0, 0.0, 3.1221072286988874e-07, 0.0, 9.046217145022063e-08, 0.0, 0.0, 0.0, 0.0, 1.4652461275264718e-07, 0.0], [0.0, 2.2008992185329724e-07, 0.0, 0.2909746108134232, 0.0, 0.0, 0.2266499236200607, 0.009249617164373, 1.6774615697693824e-07, 1.0, 0.005222388695145019, 0.4735680480466554, 0.3004134750064016, 0.0, 0.4039370710617151, 0.0, 0.0, 0.35672106091168854, 0.2769139810116301, 0.15305962613279295, 5.983084149879336e-07, 9.599420311747558e-09, 0.00040028904076064027, 0.0, 0.25922487480547257, 1.8240911796598918e-09, 0.15472536753467442, 1.1822186871421835e-05, 0.0, 0.18969533081988682, 0.0019825479592184628, 0.5352992551823058, 0.07756170578327863, 8.972342723730676e-15, 0.0, 0.0, 0.024652829285976424, 0.0, 0.0, 0.4113509922872264, 7.919723571079103e-07, 0.2663611499021969, 0.13895511944256767, 1.863170045004742e-09, 0.18261929215176576, 0.04523680615139327, 0.5366815647475904, 1.482736057435335e-09, 2.3922275157036718e-05, 0.0, 3.161220445797355e-08, 2.8936682350039185e-05, 7.284961343351045e-15, 0.3899327312412744, 8.0171842901077e-08, 0.19267545256641505, 0.0, 0.008664421644751391, 0.0, 0.26741314378237624, 1.4744770926352851e-08, 0.39804453378000904, 0.0, 2.5306110920888164e-14, 0.019194350898323186, 3.5492288107725114e-05, 3.324870933227247e-11, 6.486338074120659e-15, 0.0, 0.2907071515341856, 2.6840865426086744e-05, 0.0, 5.91997970664814e-15, 1.8504729801829708e-11, 0.0, 0.2741058890353714, 0.0007299186195281863, 0.00025237144352942444, 1.3089374235958154e-14, 0.0, 7.919721519586586e-07, 0.198825647173431, 0.39147469621023406, 0.0], [0.0, 3.114868214248585e-08, 0.0, 0.009740935083337059, 0.0, 0.0, 0.0, 0.009719863962720742, 3.4044736655871e-08, 0.005222388695145019, 1.0, 0.009977256204823077, 0.0, 0.0, 6.335379062292868e-07, 0.0, 0.0, 0.02418369255538328, 0.0040724617656667465, 0.015563244905359135, 1.1960466344152237e-07, 9.239628775196718e-09, 0.0, 0.0, 0.005898876588701965, 1.1928140077356353e-09, 0.009043884146605417, 1.504707155583763e-07, 0.0, 0.007031517847605158, 0.0, 0.0, 0.0038104541019922324, 0.0, 0.0, 0.0, 0.0, 0.0, 0.0, 0.01357379436545505, 1.1920928955078125e-07, 7.534323563744864e-09, 0.0, 7.450580596923828e-09, 0.011838839633792406, 7.801618564388148e-09, 0.009043755888770651, 1.5729710862314015e-10, 0.0, 0.0, 9.313225746154785e-09, 7.986025192891662e-11, 0.0, 0.008871601469111505, 0.0, 0.01196031740143962, 0.0, 0.0, 0.0, 0.00904375565319395, 3.223247045146125e-09, 0.0155069961657168, 0.0, 0.0, 0.003906249999999999, 0.0, 2.148939991333649e-11, 0.0, 0.0, 0.007136057740527254, 1.1350690258549146e-10, 0.0, 0.0, 2.6760619286242234e-11, 0.0, 0.012763361975942774, 0.0, 1.6365241456263838e-08, 0.0, 0.0, 1.1920928955078128e-07, 0.01754543080660325, 0.012735776438107312, 0.0], [0.0, 1.123720884356828e-07, 0.0, 0.42421510342878377, 0.0, 0.0, 0.14659365759812773, 0.011520094389789935, 2.337115463099908e-07, 0.4735680480466554, 0.009977256204823077, 1.0, 0.4340368738990429, 0.0, 0.20402900365208854, 0.0, 0.0, 0.4267417999719351, 0.31538180093506607, 0.3534248087772166, 1.0194490201240267e-06, 1.5469120914900377e-08, 0.00025373821582274644, 0.0, 0.22952721905665346, 2.888637019651056e-09, 0.610130352501189, 1.7408397207594605e-05, 0.0, 0.7239110925664584, 0.0010487251450098927, 0.3686913505988233, 0.026130732087076877, 2.1176593801994665e-14, 0.0, 0.0, 0.062481800593423814, 0.0, 0.0, 0.41064872266111063, 3.5571040515744213e-07, 0.4354922062304497, 0.10581755126128606, 1.775873360124226e-06, 0.22633738421542346, 0.04682951714435797, 0.3878983875537648, 9.369733427824167e-10, 1.7630532524864668e-05, 0.0, 1.5043464821615302e-08, 2.1555391145609804e-05, 1.4146214751823054e-14, 0.29651627577878675, 4.806943568283544e-06, 0.4666511608066958, 0.0, 0.00637752391815658, 0.0, 0.08804179425875217, 8.937097950443364e-09, 0.5315615399675039, 0.0, 3.739257939649281e-14, 0.013464931263006873, 2.4985192581623102e-05, 4.2250295259157455e-11, 2.417613291903419e-14, 0.0, 0.5449407916130711, 1.9477155808346097e-05, 0.0, 1.5658561711592778e-14, 2.8798102612214947e-11, 0.0, 0.3891552068652453, 0.0005549262883506503, 0.00028250905318083757, 2.7114988571152883e-14, 0.0, 3.557103486725359e-07, 0.21207721337548407, 0.765885809488814, 0.0], [0.0, 0.0, 0.0, 0.29775714122155184, 0.0, 0.0, 0.24867723939504363, 0.0, 0.0, 0.3004134750064016, 0.0, 0.4340368738990429, 1.0, 0.0, 0.18824714248290036, 0.0, 0.0, 0.49473165072919156, 0.1970719232261595, 0.42078443899015855, 7.105427357601003e-15, 0.0, 0.0, 0.0, 0.24720152040117868, 0.0, 0.6048530525383508, 3.3352251520208925e-14, 0.0, 0.21660116939762344, 0.0, 0.2891667405867494, 0.0, 0.0, 0.0, 0.0, 0.0, 0.0, 0.0, 0.21473799230211194, 0.0, 0.22829972598990048, 0.41751399017599294, 0.0, 0.5125281570185334, 0.0, 0.3691160325911115, 0.0, 0.0, 0.0, 0.0, 0.0, 1.4210854715202004e-14, 0.292992724286344, 0.0, 0.3427372060066223, 0.0, 7.977141072328372e-15, 0.0, 0.1808688901082004, 7.105427357601e-15, 0.28369987817808645, 0.0, 7.105427357601002e-15, 0.0, 0.0, 0.0, 7.105427357601001e-15, 0.0, 0.6779152565719482, 0.0, 0.0, 1.4210854715202004e-14, 0.0, 0.0, 0.5091586372891569, 0.0, 7.105427357601001e-15, 1.599315541901351e-14, 0.0, 0.0, 0.4525941936291009, 0.36915581737211967, 0.0], [0.0, 0.0, 0.0, 0.0, 0.0, 0.0, 0.0, 0.0, 0.0, 0.0, 0.0, 0.0, 0.0, 1.0, 0.0, 0.0, 0.0, 0.0, 0.0, 0.0, 0.0, 0.0, 0.0, 0.0, 0.0, 0.0, 0.0, 0.0, 0.0, 0.0, 0.0, 0.0, 0.0, 0.0, 0.0, 0.0, 0.0, 0.0, 0.0, 0.0, 0.0, 0.0, 0.0, 0.0, 0.0, 0.0, 0.0, 0.0, 0.0, 0.0, 0.0, 0.0, 0.0, 0.0, 0.0, 0.0, 0.0, 0.0, 0.0, 0.0, 0.0, 0.0, 0.0, 0.0, 0.0, 0.0, 0.0, 0.0, 0.0, 0.0, 0.0, 0.0, 0.0, 0.0, 0.0, 0.0, 0.0, 0.0, 0.0, 0.0, 0.0, 0.0, 0.0, 0.0], [0.0, 8.139813723597556e-08, 0.0, 0.0265612278080024, 0.0, 0.0, 1.106988907028216e-05, 0.0, 2.4384282941591026e-07, 0.4039370710617151, 6.335379062292868e-07, 0.20402900365208854, 0.18824714248290036, 0.0, 1.0, 0.0, 0.0, 0.02159229918814823, 0.20206398196281714, 0.2414120858954767, 3.950754925606282e-07, 1.801098544835334e-11, 0.0, 0.0, 0.0, 3.9866324937540553e-11, 0.204124353368926, 2.2280039533073636e-06, 0.0, 0.1312208456543647, 0.0, 0.5000000000013642, 0.0, 0.0, 0.0, 0.0, 0.0, 0.0, 0.0, 0.19004244691021951, 6.971898218531271e-07, 0.1653418105666583, 0.16587220067425928, 1.3642420526593922e-12, 0.16587626107090309, 5.973825121066289e-08, 0.12500000000379907, 8.85677549419566e-12, 1.446446238159236e-05, 0.0, 0.0, 1.7901259157880035e-05, 0.0, 0.2795371763443437, 1.9073486328125e-06, 0.2204734408458894, 0.0, 4.54747350886464e-13, 0.0, 0.0, 0.0, 0.15323402453521648, 0.0, 0.0, 0.0, 1.5258789062500003e-05, 2.7581396908722133e-11, 0.0, 0.0, 0.17525180199821808, 1.6604833605423237e-05, 0.0, 0.0, 2.0357839335182054e-11, 0.0, 0.30178741055035607, 1.52587890625e-05, 3.1659019508169397e-07, 0.0, 0.0, 6.971896513228706e-07, 0.1250007134174279, 0.16988385013249527, 0.0], [0.0, 0.0, 0.0, 0.0, 0.0, 0.0, 0.0, 0.0, 0.0, 0.0, 0.0, 0.0, 0.0, 0.0, 0.0, 1.0, 0.0, 0.0, 0.0, 0.0, 0.0, 0.0, 0.0, 0.0, 0.0, 0.0, 0.0, 0.0, 0.0, 0.0, 0.0, 0.0, 0.0, 0.0, 0.0, 0.0, 0.0, 0.0, 0.0, 0.0, 0.0, 0.0, 0.0, 0.0, 0.0, 0.0, 0.0, 0.0, 0.0, 0.0, 0.0, 0.0, 0.0, 0.0, 0.0, 0.0, 0.0, 0.0, 0.0, 0.0, 0.0, 0.0, 0.0, 0.0, 0.0, 0.0, 0.0, 0.0, 0.0, 0.0, 0.0, 0.0, 0.0, 0.0, 0.0, 0.0, 0.0, 0.0, 0.0, 0.0, 0.0, 0.0, 0.0, 0.0], [0.0, 0.0, 0.0, 0.0, 0.0, 0.0, 0.0, 0.0, 0.0, 0.0, 0.0, 0.0, 0.0, 0.0, 0.0, 0.0, 1.0, 0.0, 0.0, 0.0, 0.0, 0.0, 0.0, 0.0, 0.0, 0.0, 0.0, 0.0, 0.0, 0.0, 0.0, 0.0, 0.0, 0.0, 0.0, 0.0, 0.0, 0.0, 0.0, 0.0, 0.0, 0.0, 0.0, 0.0, 0.0, 0.0, 0.0, 0.0, 0.0, 0.0, 0.0, 0.0, 0.0, 0.0, 0.0, 0.0, 0.0, 0.0, 0.0, 0.0, 0.0, 0.0, 0.0, 0.0, 0.0, 0.0, 0.0, 0.0, 0.0, 0.0, 0.0, 0.0, 0.0, 0.0, 0.0, 0.0, 0.0, 0.0, 0.0, 0.0, 0.0, 0.0, 0.0, 0.0], [0.0, 8.322407509662786e-08, 0.0, 0.48091468682963323, 0.0, 0.0, 0.07825815852669872, 0.009215146334351713, 1.762831985125263e-07, 0.35672106091168854, 0.02418369255538328, 0.4267417999719351, 0.49473165072919156, 0.0, 0.02159229918814823, 0.0, 0.0, 1.0, 0.5461113055123219, 0.2385496028337734, 1.4807524583153735e-07, 1.1842881441935292e-08, 0.0001546433417032013, 0.0, 0.30431897153795084, 9.49446436295581e-10, 0.29169402521311066, 1.281039757349949e-05, 0.0, 0.26932739625320923, 0.0008014565883310103, 0.09513345816747057, 0.02226290962597896, 2.725891007692253e-14, 0.0, 0.0, 0.13210694903055764, 0.0, 0.0, 0.33956392199384117, 8.770917295324735e-07, 0.19765540293786044, 0.4578507717505198, 2.66304193541184e-06, 0.5158359464426776, 0.029862647315690723, 0.276456775096728, 9.497323733185338e-10, 4.3867411716775377e-05, 0.0, 1.3520454707169225e-08, 4.262711700007958e-05, 1.568506206866876e-14, 0.2945944213156802, 1.6873392809474615e-06, 0.41425459408357124, 0.0, 0.004555858300037378, 0.0, 0.08237583619498755, 8.477496550222104e-09, 0.39610703259998725, 0.0, 4.459428872177995e-14, 0.03242674739165489, 5.163413820540856e-05, 3.568449537192419e-11, 1.9751494989077265e-14, 0.0, 0.6285918521210798, 4.2677184582363925e-05, 0.0, 1.9035428034445617e-14, 2.899538831465456e-11, 0.0, 0.45498628588627754, 0.0005466138364399018, 0.00026404686650091945, 2.159265572584895e-14, 0.0, 8.770914939400802e-07, 0.4969718034607718, 0.2524788280070688, 0.0], [0.0, 1.4393830703005369e-07, 0.0, 0.4446697434150574, 0.0, 0.0, 0.09222858811507337, 0.003002942713873829, 1.3794814891210873e-07, 0.2769139810116301, 0.0040724617656667465, 0.31538180093506607, 0.1970719232261595, 0.0, 0.20206398196281714, 0.0, 0.0, 0.5461113055123219, 1.0, 0.04739313802251194, 4.544712629594656e-07, 7.754847434516126e-10, 9.873334099541739e-05, 0.0, 0.19872908219312685, 0.0, 0.18623421267735557, 8.54943920402488e-06, 0.0, 0.5163072938697709, 0.000732421875, 0.2513352099238834, 0.01958674092500102, 4.4408920985006257e-16, 0.0, 0.0, 0.011768898514561945, 0.0, 0.0, 0.30837794887771347, 1.1576529832715257e-06, 0.33084869734960975, 0.10261525863314788, 1.1499422136184796e-07, 0.27313426211493075, 0.02738415581910667, 0.29197321944599536, 6.940528018249884e-10, 0.0, 0.0, 0.0, 9.304287049646491e-10, 4.703174431794877e-15, 0.6375855887251034, 1.9073486328125e-06, 0.37765292573778747, 0.0, 0.011758137925231385, 0.0, 0.08991725434875858, 7.105427357601003e-15, 0.4413739046113006, 0.0, 1.080776876060859e-14, 0.011665654775513684, 2.9694192557287095e-05, 0.0, 7.105427357601002e-15, 0.0, 0.32291460009686146, 2.0032070061825127e-11, 0.0, 6.094015287695706e-15, 0.0, 0.0, 0.41633071168457003, 0.0006249996092941982, 0.0002768135304427331, 1.1581250475837372e-14, 0.0, 1.1576529834935703e-06, 0.23541281668036268, 0.3018365263541739, 0.0], [0.0, 8.789032491394422e-08, 0.0, 0.27467804593947975, 0.0, 0.0, 0.0016529767905335876, 0.00703815797219412, 1.9518224281456735e-07, 0.15305962613279295, 0.015563244905359135, 0.3534248087772166, 0.42078443899015855, 0.0, 0.2414120858954767, 0.0, 0.0, 0.2385496028337734, 0.04739313802251194, 1.0, 4.945088154747833e-07, 2.1124606092046805e-08, 0.00036682301171123816, 0.0, 0.07683992114747117, 6.068403432317291e-10, 0.6216940863049156, 6.185179968185723e-06, 0.0, 0.290017161902459, 0.001225866474798851, 0.3301699845078573, 0.0721893312066696, 6.271723309998409e-15, 0.0, 0.0, 0.036612806308681425, 0.0, 0.0, 0.44782667715209057, 5.963677827354352e-07, 0.3952434328724157, 0.21411777611568208, 1.2327401800959855e-06, 0.28676143456931547, 0.018776356974801272, 0.09526088330449412, 1.6633191954828702e-09, 3.475488877799276e-05, 0.0, 1.5853020228099753e-09, 4.177000180826254e-05, 3.716622545062084e-15, 0.2964386249493665, 2.356984136248268e-06, 0.11497246336540763, 0.0, 0.006733365730808377, 0.0, 0.01350065293871891, 9.931542724161382e-09, 0.49838681651979433, 0.0, 2.2720308706155552e-14, 0.011138160823426314, 5.219287551273485e-05, 1.3606173208549863e-11, 5.016952191461858e-15, 0.0, 0.561517126109837, 3.8744662431752336e-05, 0.0, 3.554715616286706e-15, 1.7045958171077127e-11, 0.0, 0.4228381031728723, 0.00021227413722306715, 0.0008045166508625359, 1.547829257136547e-14, 0.0, 5.963674289201913e-07, 0.3033571066483259, 0.4428657748065958, 0.0], [0.0, 4.8029294528942227e-11, 0.0, 4.57688217685384e-07, 0.0, 0.0, 0.0, 0.0, 0.0, 5.983084149879336e-07, 1.1960466344152237e-07, 1.0194490201240267e-06, 7.105427357601003e-15, 0.0, 3.950754925606282e-07, 0.0, 0.0, 1.4807524583153735e-07, 4.544712629594656e-07, 4.945088154747833e-07, 1.0, 5.993663104668306e-10, 0.0, 0.0, 0.0, 2.541551880889017e-12, 1.1920928955078125e-07, 1.1934399584110533e-07, 0.0, 1.1873002024609398e-06, 0.0, 2.2737367544323206e-13, 0.0, 0.0, 0.0, 0.0, 0.0, 0.0, 0.0, 8.017263538393667e-07, 3.5762786865234375e-07, 3.4661080176256415e-10, 0.0, 6.821210263296962e-13, 9.319362208534109e-07, 1.5683208876819124e-10, 1.1146147834493758e-09, 4.66376775791776e-10, 0.0, 0.0, 0.0, 2.881757671736534e-10, 0.0, 5.386632840459605e-07, 0.0, 6.611093967413497e-07, 0.0, 4.627244919587924e-13, 0.0, 5.820766091346742e-11, 7.105427357601002e-15, 3.398823434770794e-07, 0.0, 7.105427357601003e-15, 0.0, 0.0, 0.0, 2.842170943040401e-14, 0.0, 2.2813638825888594e-07, 0.0, 0.0, 0.0, 0.0, 0.0, 8.079576290896264e-07, 0.0, 2.3948562927715364e-07, 1.87505960084986e-14, 0.0, 3.5762786865234375e-07, 1.0494004898639091e-07, 4.580194840609685e-07, 0.0], [0.0, 3.5459044354915276e-09, 0.0, 1.0196211300571236e-08, 0.0, 0.0, 0.0, 0.0, 8.075152469602173e-09, 9.599420311747558e-09, 9.239628775196718e-09, 1.5469120914900377e-08, 0.0, 0.0, 1.801098544835334e-11, 0.0, 0.0, 1.1842881441935292e-08, 7.754847434516126e-10, 2.1124606092046805e-08, 5.993663104668306e-10, 1.0, 0.0, 0.0, 8.806387309747621e-09, 1.4112242032684248e-09, 6.885035692605544e-09, 4.5382106362130134e-09, 0.0, 1.4021183789211767e-08, 0.0, 0.0, 0.0, 0.0, 0.0, 0.0, 0.0, 0.0, 0.0, 5.24563189674199e-09, 0.0, 1.4423812039334863e-09, 0.0, 7.450580596923828e-09, 1.4633021142275482e-08, 6.547667904418863e-10, 7.157836227492481e-10, 9.607999788874137e-10, 0.0, 0.0, 1.8626451492309574e-09, 4.299691698654731e-10, 3.108624468950438e-15, 9.31620781653086e-09, 0.0, 1.761980855783161e-08, 0.0, 0.0, 0.0, 8.714437170026144e-11, 1.2860979770995514e-08, 8.317038134480943e-09, 0.0, 2.728144146149946e-16, 0.0, 0.0, 1.8182126132863916e-11, 0.0, 0.0, 7.212438939530629e-09, 1.1350690258549149e-10, 0.0, 0.0, 8.540332588183837e-12, 0.0, 7.963147446067884e-09, 0.0, 1.5426790150146403e-08, 0.0, 0.0, 2.7281441461499455e-16, 2.4386119811267034e-09, 1.4649236627555064e-08, 0.0], [0.0, 0.0, 0.0, 0.0003477921525238112, 0.0, 0.0, 0.00037667690646256435, 0.0, 0.0, 0.00040028904076064027, 0.0, 0.00025373821582274644, 0.0, 0.0, 0.0, 0.0, 0.0, 0.0001546433417032013, 9.873334099541739e-05, 0.00036682301171123816, 0.0, 0.0, 1.0, 0.0, 0.0, 0.0, 0.0, 1.6796248340645289e-15, 0.0, 0.0006310073644622083, 0.0, 0.0, 0.0, 4.440892098500626e-16, 0.0, 0.0, 0.0, 0.0, 0.0, 0.00029179420330150725, 0.0, 2.220446049250313e-15, 0.0, 0.0, 0.0002400296381975895, 6.95037952737759e-16, 2.3191583050790004e-15, 0.0, 0.0, 0.0, 0.0, 0.0, 4.4408920985006257e-16, 0.0002735668348508135, 0.0, 0.0003737354147898799, 0.0, 0.0, 0.0, 4.440892098500626e-16, 0.0, 0.00042016326574207806, 0.0, 3.552713678800501e-15, 0.0, 0.0, 0.0, 0.0, 0.0, 0.0002963815790097946, 2.0588167885092947e-15, 0.0, 2.8240247860470776e-15, 0.0, 0.0, 0.00041657650519816926, 0.00045659767266172064, 3.0517578124999993e-05, 0.0, 0.0, 0.0, 0.0003786140233181649, 0.00039110497286635304, 0.0], [0.0, 0.0, 0.0, 0.0, 0.0, 0.0, 0.0, 0.0, 0.0, 0.0, 0.0, 0.0, 0.0, 0.0, 0.0, 0.0, 0.0, 0.0, 0.0, 0.0, 0.0, 0.0, 0.0, 1.0, 0.0, 0.0, 0.0, 0.0, 0.0, 0.0, 0.0, 0.0, 0.0, 0.0, 0.0, 0.0, 0.0, 0.0, 0.0, 0.0, 0.0, 0.0, 0.0, 0.0, 0.0, 0.0, 0.0, 0.0, 0.0, 0.0, 0.0, 0.0, 0.0, 0.0, 0.0, 0.0, 0.0, 0.0, 0.0, 0.0, 0.0, 0.0, 0.0, 0.0, 0.0, 0.0, 0.0, 0.0, 0.0, 0.0, 0.0, 0.0, 0.0, 0.0, 0.0, 0.0, 0.0, 0.0, 0.0, 0.0, 0.0, 0.0, 0.0, 0.0], [0.0, 6.807714364038857e-10, 0.0, 0.17379247362542205, 0.0, 0.0, 0.2420614591379636, 0.0072569915372505305, 8.175588742720187e-09, 0.25922487480547257, 0.005898876588701965, 0.22952721905665346, 0.24720152040117868, 0.0, 0.0, 0.0, 0.0, 0.30431897153795084, 0.19872908219312685, 0.07683992114747117, 0.0, 8.806387309747621e-09, 0.0, 0.0, 1.0, 3.5014184697383335e-09, 0.20501123787012848, 2.9451294317164158e-09, 0.0, 0.2523436139032833, 0.0, 0.13083838829391378, 0.046709743980683505, 0.0, 0.0, 0.0, 0.13281249999999997, 0.0, 0.0, 0.22828189247138164, 0.0, 0.03772519286043028, 0.0, 6.871901334939728e-09, 0.1086615781740745, 0.03300213609299392, 0.1649469591332379, 0.0, 0.0, 0.0, 1.963400381411351e-09, 0.0, 0.0, 0.32443872901075466, 0.0, 0.2844022818605113, 0.0, 0.03125, 0.0, 0.1649469591332379, 4.128480493266829e-09, 0.13560344105443672, 0.0, 0.0, 0.010462502051952998, 0.0, 0.0, 0.0, 0.0, 0.3262663288555554, 0.0, 0.0, 0.0, 0.0, 0.0, 0.20657514616138756, 0.0, 4.420223480412663e-09, 0.0, 0.0, 0.0, 0.011307721802628548, 0.27263822646796826, 0.0], [0.0, 5.703162734357589e-10, 0.0, 1.6117667891991193e-09, 0.0, 0.0, 0.0, 0.0, 3.7070557773324327e-09, 1.8240911796598918e-09, 1.1928140077356353e-09, 2.888637019651056e-09, 0.0, 0.0, 3.9866324937540553e-11, 0.0, 0.0, 9.49446436295581e-10, 0.0, 6.068403432317291e-10, 2.541551880889017e-12, 1.4112242032684248e-09, 0.0, 0.0, 3.5014184697383335e-09, 1.0, 0.0, 3.840122062540514e-11, 0.0, 3.581737704014314e-09, 0.0, 9.094947017729282e-13, 0.0, 0.0, 0.0, 0.0, 0.0, 0.0, 0.0, 1.2107421161043348e-09, 0.0, 1.4543107811883703e-11, 0.0, 1.839580555315271e-12, 1.7515296328316877e-09, 0.0, 2.8517393626559464e-11, 1.5855825637126594e-11, 0.0, 0.0, 0.0, 0.0, 0.0, 1.1968982748407178e-09, 0.0, 1.4081020735419215e-09, 0.0, 7.370491669580829e-13, 0.0, 0.0, 1.7074247201283772e-09, 2.4706759462932903e-09, 0.0, 0.0, 0.0, 0.0, 4.311027028672146e-11, 0.0, 0.0, 2.3804230844212882e-09, 0.0, 0.0, 0.0, 3.3832702182560884e-11, 0.0, 3.2124411175317883e-09, 0.0, 2.1006347402585713e-11, 0.0, 0.0, 0.0, 5.277401006125484e-11, 2.8810024559643778e-09, 0.0], [0.0, 3.1770053900880896e-08, 0.0, 0.4542910400751421, 0.0, 0.0, 0.15676615115801323, 0.018554687499999997, 5.067150730925692e-08, 0.15472536753467442, 0.009043884146605417, 0.610130352501189, 0.6048530525383508, 0.0, 0.204124353368926, 0.0, 0.0, 0.29169402521311066, 0.18623421267735557, 0.6216940863049156, 1.1920928955078125e-07, 6.885035692605544e-09, 0.0, 0.0, 0.20501123787012848, 0.0, 1.0, 5.724320300353633e-07, 0.0, 0.4328681563581458, 0.0, 0.40755221891010573, 0.003906249999999999, 0.0, 0.0, 0.0, 0.03906249999999999, 0.0, 0.0, 0.6673532792627028, 1.1920928955078122e-07, 0.2777831511444255, 0.25581993780725953, 1.8626451492309574e-09, 0.3684540242413852, 0.007812542199922501, 0.35795926476744444, 0.0, 0.0, 0.0, 9.313225746154784e-09, 0.0, 0.0, 0.5498469343715882, 0.0, 0.33830497571343554, 0.0, 0.007812499999999998, 0.0, 0.15383511953551293, 1.4793350902134235e-08, 0.5659583498679503, 0.0, 0.0, 0.007812499999999999, 0.0, 0.0, 0.0, 0.0, 0.7462318868557227, 0.0, 0.0, 0.0, 0.0, 0.0, 0.5543621922795553, 0.0, 1.3185357773035507e-07, 0.0, 0.0, 1.1920928955078124e-07, 0.3467135615978971, 0.6368598179689278, 0.0], [0.0, 2.1886790259508703e-07, 0.0, 5.12979985960872e-06, 0.0, 0.0, 0.0, 0.0, 1.9067061172713296e-07, 1.1822186871421835e-05, 1.504707155583763e-07, 1.7408397207594605e-05, 3.3352251520208925e-14, 0.0, 2.2280039533073636e-06, 0.0, 0.0, 1.281039757349949e-05, 8.54943920402488e-06, 6.185179968185723e-06, 1.1934399584110533e-07, 4.5382106362130134e-09, 1.6796248340645289e-15, 0.0, 2.9451294317164158e-09, 3.840122062540514e-11, 5.724320300353633e-07, 1.0, 0.0, 1.2740009887807583e-05, 0.0, 0.0, 0.0, 2.189510551491428e-14, 0.0, 0.0, 0.0, 0.0, 0.0, 1.0090629047764178e-05, 1.1920928955078122e-07, 1.009911268666489e-08, 0.0, 1.2667990801295587e-06, 2.5749977466920603e-05, 1.0059573532605338e-06, 2.511209533714898e-10, 6.319326559855831e-10, 0.0, 0.0, 1.1044285180630154e-08, 9.174653094401338e-10, 1.0244937297501463e-14, 1.3107142961998005e-05, 1.9073486328125e-06, 7.925293512087291e-06, 0.0, 7.956618421726638e-15, 0.0, 2.9119798737864065e-11, 9.677111595062832e-09, 1.1203745936554315e-05, 0.0, 2.9915985908976777e-14, 0.0, 0.0, 5.761227128245356e-11, 8.697862656264384e-15, 0.0, 1.164888174964466e-05, 1.1350841332072154e-10, 0.0, 8.778273633011207e-15, 5.765012162338456e-11, 0.0, 4.633945207017031e-06, 0.0, 4.056409143752544e-06, 1.457683682394285e-14, 0.0, 1.1920929008042238e-07, 5.914453778071896e-06, 1.5496628321225587e-05, 0.0], [0.0, 0.0, 0.0, 0.0, 0.0, 0.0, 0.0, 0.0, 0.0, 0.0, 0.0, 0.0, 0.0, 0.0, 0.0, 0.0, 0.0, 0.0, 0.0, 0.0, 0.0, 0.0, 0.0, 0.0, 0.0, 0.0, 0.0, 0.0, 1.0, 0.0, 0.0, 0.0, 0.0, 0.0, 0.0, 0.0, 0.0, 0.0, 0.0, 0.0, 0.0, 0.0, 0.0, 0.0, 0.0, 0.0, 0.0, 0.0, 0.0, 0.0, 0.0, 0.0, 0.0, 0.0, 0.0, 0.0, 0.0, 0.0, 0.0, 0.0, 0.0, 0.0, 0.0, 0.0, 0.0, 0.0, 0.0, 0.0, 0.0, 0.0, 0.0, 0.0, 0.0, 0.0, 0.0, 0.0, 0.0, 0.0, 0.0, 0.0, 0.0, 0.0, 0.0, 0.0], [0.0, 1.1348777399568632e-07, 0.0, 0.4532942430006477, 0.0, 0.0, 0.1454116300055791, 0.009695918068319473, 1.2384954966876009e-07, 0.18969533081988682, 0.007031517847605158, 0.7239110925664584, 0.21660116939762344, 0.0, 0.1312208456543647, 0.0, 0.0, 0.26932739625320923, 0.5163072938697709, 0.290017161902459, 1.1873002024609398e-06, 1.4021183789211767e-08, 0.0006310073644622083, 0.0, 0.2523436139032833, 3.581737704014314e-09, 0.4328681563581458, 1.2740009887807583e-05, 0.0, 1.0, 0.001362783700241109, 0.3002511087723325, 0.0354317157071908, 5.915517858536978e-15, 0.0, 0.0, 0.04298239303301838, 0.0, 0.0, 0.5332173791894053, 4.456699784946772e-07, 0.47261982623632925, 0.14933127267028162, 2.320832885950643e-07, 0.1436404326838504, 0.027344004401096363, 0.23586720518697285, 7.063175234543645e-10, 1.446446238159236e-05, 0.0, 3.148386553942862e-08, 1.7901283068532962e-05, 1.107691255490643e-14, 0.5469289997974593, 2.127177135104266e-06, 0.7653660222589269, 0.0, 0.011718750000490595, 0.0, 0.06827928187707186, 8.802259743118136e-09, 0.5894796806357563, 0.0, 3.9827245527007334e-14, 0.029883057445111785, 3.157112072219388e-05, 7.171166402268853e-11, 1.1131647090065285e-14, 0.0, 0.3403287310702735, 1.6604839175754116e-05, 0.0, 1.0774954691632998e-14, 5.620769701024705e-11, 0.0, 0.435793551156301, 0.0007401903451910942, 0.00031717728449711134, 8.32565796853403e-15, 0.0, 4.4566976411348413e-07, 0.03186939256031175, 0.7233722256952925, 0.0], [0.0, 0.0, 0.0, 0.001358193826752578, 0.0, 0.0, 0.0029296875, 0.00048828124999999995, 0.0, 0.0019825479592184628, 0.0, 0.0010487251450098927, 0.0, 0.0, 0.0, 0.0, 0.0, 0.0008014565883310103, 0.000732421875, 0.001225866474798851, 0.0, 0.0, 0.0, 0.0, 0.0, 0.0, 0.0, 0.0, 0.0, 0.001362783700241109, 1.0, 0.0, 0.001953125, 0.0, 0.0, 0.0, 0.0, 0.0, 0.0, 0.0019548569713888878, 0.0, 0.0007297543104437587, 0.0, 0.0, 0.0026858103348962915, 0.0, 0.0, 0.0, 0.0, 0.0, 0.0, 0.0, 0.0, 0.0016034490436246068, 0.0, 0.00011004912167028163, 0.0, 0.0, 0.0, 0.0, 0.0, 0.001117919561825637, 0.0, 0.0, 0.0021972656249999996, 0.0, 0.0, 0.0, 0.0, 0.0015544210151939013, 0.0, 0.0, 0.0, 0.0, 0.0, 0.0004882812499999999, 0.00042199655251320696, 0.0009765624999999998, 0.0, 0.0, 0.0, 0.0029296875, 0.0006247830806876529, 0.0], [0.0, 0.0, 0.0, 0.14439517049331133, 0.0, 0.0, 0.09882117688026185, 0.0, 0.0, 0.5352992551823058, 0.0, 0.3686913505988233, 0.2891667405867494, 0.0, 0.5000000000013642, 0.0, 0.0, 0.09513345816747057, 0.2513352099238834, 0.3301699845078573, 2.2737367544323206e-13, 0.0, 0.0, 0.0, 0.13083838829391378, 9.094947017729282e-13, 0.40755221891010573, 0.0, 0.0, 0.3002511087723325, 0.0, 1.0, 0.05801671121959349, 0.0, 0.0, 0.0, 0.0078125, 0.0, 0.0, 0.38397418343278616, 1.1368683772161605e-13, 0.25458929186566426, 0.16587220067425923, 9.094947017729282e-13, 0.22837220067447708, 0.02981883873846649, 0.19531250000000003, 3.8508953500579556e-13, 0.0, 0.0, 0.0, 0.0, 0.0, 0.5230622461121098, 0.0, 0.41475088176561425, 0.0, 0.007812499999999999, 0.0, 0.0703125, 0.0, 0.40794069960896906, 0.0, 0.0, 0.0078125, 0.0, 0.0, 0.0, 0.0, 0.4192077748414932, 0.0, 0.0, 0.0, 0.0, 0.0, 0.44092659490753416, 0.0, 1.1368683772161603e-13, 0.0, 0.0, 0.0, 0.13281250000035638, 0.43124029545579823, 0.0], [0.0, 0.0, 0.0, 0.07408810017258435, 0.0, 0.0, 0.0019531250000000004, 0.005988461160887663, 0.0, 0.07756170578327863, 0.0038104541019922324, 0.026130732087076877, 0.0, 0.0, 0.0, 0.0, 0.0, 0.02226290962597896, 0.01958674092500102, 0.0721893312066696, 0.0, 0.0, 0.0, 0.0, 0.046709743980683505, 0.0, 0.003906249999999999, 0.0, 0.0, 0.0354317157071908, 0.001953125, 0.05801671121959349, 1.0, 0.0, 0.0, 0.0, 0.0, 0.0, 0.0, 0.006005077629554916, 0.0, 0.06322975431044375, 0.0, 0.0, 0.008292649429017104, 0.015624999999999998, 0.003906249999999999, 0.0, 0.0, 0.0, 0.0, 0.0, 0.0, 0.06543059355368233, 0.0, 0.07544723356113939, 0.0, 0.0, 0.0, 0.003906249999999999, 0.0, 0.07221098357533831, 0.0, 0.0, 0.0029296875000000004, 0.0, 0.0, 0.0, 0.0, 0.06884625703690857, 0.0, 0.0, 0.0, 0.0, 0.0, 0.059805959277186, 0.0, 0.0, 0.0, 0.0, 0.0, 0.005859375, 0.06402955337246038, 0.0], [0.0, 0.0, 0.0, 1.8943985826305477e-14, 0.0, 0.0, 0.0, 0.0, 0.0, 8.972342723730676e-15, 0.0, 2.1176593801994665e-14, 0.0, 0.0, 0.0, 0.0, 0.0, 2.725891007692253e-14, 4.4408920985006257e-16, 6.271723309998409e-15, 0.0, 0.0, 4.440892098500626e-16, 0.0, 0.0, 0.0, 0.0, 2.189510551491428e-14, 0.0, 5.915517858536978e-15, 0.0, 0.0, 0.0, 1.0, 0.0, 0.0, 0.0, 0.0, 0.0, 1.4383637052577847e-14, 0.0, 4.4408920985006257e-16, 0.0, 0.0, 3.6787155910979585e-14, 4.384803191768411e-16, 1.7454792229669627e-15, 0.0, 0.0, 0.0, 0.0, 0.0, 4.440892098500626e-16, 2.6353172485626042e-14, 0.0, 0.0, 0.0, 0.0, 0.0, 5.562536286517841e-14, 1.5012702022000302e-14, 1.3522875606077921e-14, 0.0, 5.723126642350338e-14, 0.0, 0.0, 0.0, 0.0, 0.0, 2.849558944432979e-14, 0.0, 0.0, 0.0, 0.0, 0.0, 1.4517440330702064e-14, 0.0, 1.980544627254215e-14, 0.0, 0.0, 0.0, 0.0, 1.0764135138118341e-15, 0.0], [0.0, 0.0, 0.0, 0.0, 0.0, 0.0, 0.0, 0.0, 0.0, 0.0, 0.0, 0.0, 0.0, 0.0, 0.0, 0.0, 0.0, 0.0, 0.0, 0.0, 0.0, 0.0, 0.0, 0.0, 0.0, 0.0, 0.0, 0.0, 0.0, 0.0, 0.0, 0.0, 0.0, 0.0, 1.0, 0.0, 0.0, 0.0, 0.0, 0.0, 0.0, 0.0, 0.0, 0.0, 0.0, 0.0, 0.0, 0.0, 0.0, 0.0, 0.0, 0.0, 0.0, 0.0, 0.0, 0.0, 0.0, 0.0, 0.0, 0.0, 0.0, 0.0, 0.0, 0.0, 0.0, 0.0, 0.0, 0.0, 0.0, 0.0, 0.0, 0.0, 0.0, 0.0, 0.0, 0.0, 0.0, 0.0, 0.0, 0.0, 0.0, 0.0, 0.0, 0.0], [0.0, 0.0, 0.0, 0.0, 0.0, 0.0, 0.0, 0.0, 0.0, 0.0, 0.0, 0.0, 0.0, 0.0, 0.0, 0.0, 0.0, 0.0, 0.0, 0.0, 0.0, 0.0, 0.0, 0.0, 0.0, 0.0, 0.0, 0.0, 0.0, 0.0, 0.0, 0.0, 0.0, 0.0, 0.0, 1.0, 0.0, 0.0, 0.0, 0.0, 0.0, 0.0, 0.0, 0.0, 0.0, 0.0, 0.0, 0.0, 0.0, 0.0, 0.0, 0.0, 0.0, 0.0, 0.0, 0.0, 0.0, 0.0, 0.0, 0.0, 0.0, 0.0, 0.0, 0.0, 0.0, 0.0, 0.0, 0.0, 0.0, 0.0, 0.0, 0.0, 0.0, 0.0, 0.0, 0.0, 0.0, 0.0, 0.0, 0.0, 0.0, 0.0, 0.0, 0.0], [0.0, 0.0, 0.0, 0.09538503272126031, 0.0, 0.0, 1.1780205062598694e-05, 0.0, 0.0, 0.024652829285976424, 0.0, 0.062481800593423814, 0.0, 0.0, 0.0, 0.0, 0.0, 0.13210694903055764, 0.011768898514561945, 0.036612806308681425, 0.0, 0.0, 0.0, 0.0, 0.13281249999999997, 0.0, 0.03906249999999999, 0.0, 0.0, 0.04298239303301838, 0.0, 0.0078125, 0.0, 0.0, 0.0, 0.0, 1.0, 0.0, 0.0, 0.04978633536700065, 0.0, 0.0078183901025313, 0.0, 0.0, 9.816837552165576e-06, 0.031249999999999997, 0.007812499999999999, 0.0, 0.0, 0.0, 0.0, 0.0, 0.0, 0.14444043204758106, 0.0, 0.08845496439467332, 0.0, 0.007812499999999998, 0.0, 0.007812499999999999, 0.0, 0.04943791082079692, 0.0, 0.0, 0.007812499999999999, 1.1780205062598694e-05, 0.0, 0.0, 0.0, 0.07805840458980462, 0.0, 0.0, 0.0, 0.0, 0.0, 0.021948297461096465, 1.915805051512595e-05, 0.0, 0.0, 0.0, 0.0, 0.00781877032577308, 0.09365434136580392, 0.0], [0.0, 0.0, 0.0, 0.0, 0.0, 0.0, 0.0, 0.0, 0.0, 0.0, 0.0, 0.0, 0.0, 0.0, 0.0, 0.0, 0.0, 0.0, 0.0, 0.0, 0.0, 0.0, 0.0, 0.0, 0.0, 0.0, 0.0, 0.0, 0.0, 0.0, 0.0, 0.0, 0.0, 0.0, 0.0, 0.0, 0.0, 1.0, 0.0, 0.0, 0.0, 0.0, 0.0, 0.0, 0.0, 0.0, 0.0, 0.0, 0.0, 0.0, 0.0, 0.0, 0.0, 0.0, 0.0, 0.0, 0.0, 0.0, 0.0, 0.0, 0.0, 0.0, 0.0, 0.0, 0.0, 0.0, 0.0, 0.0, 0.0, 0.0, 0.0, 0.0, 0.0, 0.0, 0.0, 0.0, 0.0, 0.0, 0.0, 0.0, 0.0, 0.0, 0.0, 0.0], [0.0, 0.0, 0.0, 0.0, 0.0, 0.0, 0.0, 0.0, 0.0, 0.0, 0.0, 0.0, 0.0, 0.0, 0.0, 0.0, 0.0, 0.0, 0.0, 0.0, 0.0, 0.0, 0.0, 0.0, 0.0, 0.0, 0.0, 0.0, 0.0, 0.0, 0.0, 0.0, 0.0, 0.0, 0.0, 0.0, 0.0, 0.0, 1.0, 0.0, 0.0, 0.0, 0.0, 0.0, 0.0, 0.0, 0.0, 0.0, 0.0, 0.0, 0.0, 0.0, 0.0, 0.0, 0.0, 0.0, 0.0, 0.0, 0.0, 0.0, 0.0, 0.0, 0.0, 0.0, 0.0, 0.0, 0.0, 0.0, 0.0, 0.0, 0.0, 0.0, 0.0, 0.0, 0.0, 0.0, 0.0, 0.0, 0.0, 0.0, 0.0, 0.0, 0.0, 0.0], [0.0, 1.12276064678941e-07, 0.0, 0.2774724463702418, 0.0, 0.0, 0.156755260941876, 0.024728256341853716, 2.3595472989939864e-07, 0.4113509922872264, 0.01357379436545505, 0.41064872266111063, 0.21473799230211194, 0.0, 0.19004244691021951, 0.0, 0.0, 0.33956392199384117, 0.30837794887771347, 0.44782667715209057, 8.017263538393667e-07, 5.24563189674199e-09, 0.00029179420330150725, 0.0, 0.22828189247138164, 1.2107421161043348e-09, 0.6673532792627028, 1.0090629047764178e-05, 0.0, 0.5332173791894053, 0.0019548569713888878, 0.38397418343278616, 0.006005077629554916, 1.4383637052577847e-14, 0.0, 0.0, 0.04978633536700065, 0.0, 0.0, 1.0, 7.869477703578857e-07, 0.1862685865178702, 0.20311900735312155, 3.1990621574982966e-06, 0.2449654247944, 0.015569325522384445, 0.17995629885502185, 1.8599556503590333e-09, 6.0871279189201204e-05, 0.0, 2.998516762601905e-08, 6.041722881935671e-05, 4.628741440584594e-15, 0.5349823633683345, 2.4198064385574624e-06, 0.5216032563125497, 0.0, 0.02648527820011235, 0.0, 0.12295132731036196, 4.136835326869435e-09, 0.4901913542264431, 0.0, 2.5981644663279248e-14, 0.013739123061189311, 6.837994571359706e-05, 3.812374441626365e-11, 6.4804822956020645e-15, 0.0, 0.37217727150076063, 6.0884426609373304e-05, 0.0, 2.3040679638232258e-15, 3.2550290473218525e-11, 0.0, 0.2859539472006663, 0.0003106815101669157, 3.1399136469431034e-05, 1.1207492421919195e-14, 0.0, 7.869475446957869e-07, 0.16024183840967282, 0.5628054247316461, 0.0], [0.0, 0.0, 0.0, 3.029205613821418e-07, 0.0, 0.0, 0.0, 0.0, 0.0, 7.919723571079103e-07, 1.1920928955078125e-07, 3.5571040515744213e-07, 0.0, 0.0, 6.971898218531271e-07, 0.0, 0.0, 8.770917295324735e-07, 1.1576529832715257e-06, 5.963677827354352e-07, 3.5762786865234375e-07, 0.0, 0.0, 0.0, 0.0, 0.0, 1.1920928955078122e-07, 1.1920928955078122e-07, 0.0, 4.456699784946772e-07, 0.0, 1.1368683772161605e-13, 0.0, 0.0, 0.0, 0.0, 0.0, 0.0, 0.0, 7.869477703578857e-07, 1.0, 0.0, 0.0, 0.0, 5.260905912234876e-07, 0.0, 0.0, 2.313919620776615e-13, 0.0, 0.0, 0.0, 0.0, 0.0, 7.5962589823315e-07, 0.0, 1.5959903862746695e-07, 0.0, 0.0, 0.0, 0.0, 0.0, 1.4144374652479447e-07, 0.0, 0.0, 0.0, 0.0, 0.0, 0.0, 0.0, 4.93186819577285e-07, 0.0, 0.0, 0.0, 0.0, 0.0, 3.555922840982862e-07, 0.0, 9.536744869365066e-07, 0.0, 0.0, 1.430511474609375e-06, 2.7970735609722837e-07, 9.145136784190274e-07, 0.0], [0.0, 8.27880698394624e-09, 0.0, 0.13888245169988708, 0.0, 0.0, 0.000790861965906437, 0.0003344707256200561, 7.450580596923828e-09, 0.2663611499021969, 7.534323563744864e-09, 0.4354922062304497, 0.22829972598990048, 0.0, 0.1653418105666583, 0.0, 0.0, 0.19765540293786044, 0.33084869734960975, 0.3952434328724157, 3.4661080176256415e-10, 1.4423812039334863e-09, 2.220446049250313e-15, 0.0, 0.03772519286043028, 1.4543107811883703e-11, 0.2777831511444255, 1.009911268666489e-08, 0.0, 0.47261982623632925, 0.0007297543104437587, 0.25458929186566426, 0.06322975431044375, 4.4408920985006257e-16, 0.0, 0.0, 0.0078183901025313, 0.0, 0.0, 0.1862685865178702, 0.0, 1.0, 0.02913167682092727, 9.094947017729282e-13, 0.1667830522364506, 0.02343750777223658, 0.023941532604451157, 1.4537699329218066e-09, 5.15640685169165e-05, 0.0, 2.9802322387695312e-08, 4.9194480552763866e-05, 3.996802888650563e-15, 0.26075457074059766, 0.0, 0.3701802679112654, 0.0, 0.007812499999999997, 0.0, 0.007812500058208107, 0.0, 0.5622646311838593, 0.0, 7.771561172376097e-15, 0.008542