"{\"names\": [\"172.217.10.1\", \"104.88.86.240\", \"38.93.140.48\", \"192.168.10.15\", \"104.88.108.223\", \"195.142.105.15\", \"172.217.12.163\", \"206.217.206.48\", \"172.217.6.228\", \"178.255.83.1\", \"74.119.118.82\", \"192.168.10.9\", \"172.217.7.6\", \"35.186.227.40\", \"31.13.71.36\", \"206.126.112.142\", \"151.101.2.49\", \"192.168.10.25\", \"172.217.3.98\", \"192.168.10.16\", \"72.30.202.150\", \"172.217.12.132\", \"50.31.164.173\", \"162.208.20.178\", \"23.15.4.16\", \"216.58.217.99\", \"172.217.6.198\", \"172.217.12.174\", \"169.46.44.40\", \"192.168.10.17\", \"52.84.143.130\", \"104.19.195.102\", \"216.200.232.61\", \"104.97.73.166\", \"152.163.13.79\", \"192.229.163.25\", \"74.119.118.86\", \"54.225.188.92\", \"188.165.145.88\", \"192.168.10.14\", \"8.43.72.98\", \"199.96.57.6\", \"68.67.178.110\", \"104.88.70.158\", \"192.168.10.19\", \"69.172.216.56\", \"157.240.18.35\", \"172.217.11.34\", \"185.54.150.20\", \"69.169.85.7\", \"198.232.124.194\", \"74.119.118.72\", \"172.217.12.134\", \"192.168.10.5\", \"23.111.9.30\", \"192.168.10.8\", \"151.101.66.2\", \"68.67.178.199\", \"213.239.195.215\", \"138.108.7.20\", \"52.84.145.87\", \"192.168.10.50\", \"52.84.145.198\", \"52.40.24.51\", \"212.77.100.137\", \"185.54.150.115\", \"172.217.10.138\", \"152.163.66.165\", \"52.84.137.78\", \"192.168.10.51\", \"68.67.178.109\", \"129.146.14.96\", \"54.152.24.232\", \"172.217.10.33\", \"52.8.229.108\", \"192.168.10.12\", \"64.147.131.201\", \"172.217.12.206\", \"68.67.180.12\", \"172.217.10.134\", \"38.69.238.16\", \"172.217.10.142\", \"192.168.10.3\", \"172.217.6.202\"], \"funcEdges\": [[1.0, 0.0, 0.0, 0.0, 0.0, 0.0, 0.0, 0.0, 0.0, 0.0, 0.0, 0.0, 0.0, 0.0, 0.0, 0.0, 0.0, 0.0, 0.0, 0.0, 0.0, 0.0, 0.0, 0.0, 0.0, 0.0, 0.0, 0.0, 0.0, 0.0, 0.0, 0.0, 0.0, 0.0, 0.0, 0.0, 0.0, 0.0, 0.0, 0.0, 0.0, 0.0, 0.0, 0.0, 0.0, 0.0, 0.0, 0.0, 0.0, 0.0, 0.0, 0.0, 0.0, 0.0, 0.0, 0.0, 0.0, 0.0, 0.0, 0.0, 0.0, 0.0, 0.0, 0.0, 0.0, 0.0, 0.0, 0.0, 0.0, 0.0, 0.0, 0.0, 0.0, 0.0, 0.0, 0.0, 0.0, 0.0, 0.0, 0.0, 0.0, 0.0, 0.0, 0.0], [0.0, 1.0, 0.0, 0.00010087133166697363, 0.0, 0.0, 0.0, 0.0, 6.513909142319569e-05, 0.00011268603998888819, 1.5948125256952756e-05, 5.7534509279069595e-05, 0.0, 0.0, 4.167584626481949e-05, 0.0, 0.0, 4.2610726449473466e-05, 7.369641319938749e-05, 4.499984635593944e-05, 2.459099879881842e-08, 1.8155030709716621e-06, 0.0, 0.0, 3.4855497543878946e-07, 2.9200193199910854e-07, 1.626626759725102e-05, 0.00011206036612868456, 0.0, 5.8105740285791394e-05, 0.0, 0.0, 0.0, 0.0, 0.0, 0.0, 0.0, 0.0, 0.0, 5.7485345115617795e-05, 0.0, 4.238749175780475e-06, 0.0, 0.0, 9.340357208873806e-05, 6.03431848763193e-05, 1.4754599279291057e-07, 4.507426993333769e-07, 0.0, 0.0, 3.814697265625e-06, 1.1920928955078125e-07, 0.0, 0.00011081509103639254, 0.0, 7.393151218992942e-05, 0.0, 0.0, 0.0, 0.0, 7.786718186642893e-07, 8.021163946506344e-05, 0.0, 0.0, 0.0, 0.0, 0.0, 0.0, 0.0, 7.287195531387782e-05, 0.0, 0.0, 0.0, 0.0, 0.0, 4.1591422172351835e-05, 0.0, 6.578775176558065e-05, 0.0, 0.0, 0.0, 1.4030897361943094e-06, 0.00013149699418942668, 0.0], [0.0, 0.0, 1.0, 0.0, 0.0, 0.0, 0.0, 0.0, 0.0, 0.0, 0.0, 0.0, 0.0, 0.0, 0.0, 0.0, 0.0, 0.0, 0.0, 0.0, 0.0, 0.0, 0.0, 0.0, 0.0, 0.0, 0.0, 0.0, 0.0, 0.0, 0.0, 0.0, 0.0, 0.0, 0.0, 0.0, 0.0, 0.0, 0.0, 0.0, 0.0, 0.0, 0.0, 0.0, 0.0, 0.0, 0.0, 0.0, 0.0, 0.0, 0.0, 0.0, 0.0, 0.0, 0.0, 0.0, 0.0, 0.0, 0.0, 0.0, 0.0, 0.0, 0.0, 0.0, 0.0, 0.0, 0.0, 0.0, 0.0, 0.0, 0.0, 0.0, 0.0, 0.0, 0.0, 0.0, 0.0, 0.0, 0.0, 0.0, 0.0, 0.0, 0.0, 0.0], [0.0, 0.00010087133166697363, 0.0, 1.0, 0.0, 0.0, 0.268453440588206, 0.0, 0.00015598356349083315, 0.4569401146119597, 0.00047649108683837834, 0.5180128954312263, 7.129609220825979e-12, 0.0, 0.010152590201180443, 0.0, 0.0, 0.29358405699325113, 0.26931143271334324, 0.49838164518521966, 0.00023433636745491662, 5.220460185892473e-06, 0.17806958209219134, 0.0, 9.475534230306737e-07, 8.252245960699491e-07, 0.000289320413266543, 0.0026264575281196648, 0.0, 0.40645297506104094, 0.15753150945315111, 3.102117079266862e-10, 0.0, 9.699320743068404e-12, 0.0, 0.0, 0.005026220826708775, 0.0, 0.0, 0.44971085977918634, 0.0001550953274276566, 0.030162504693084943, 0.0, 0.0005272345256705209, 0.62602848662706, 0.0019181241015416618, 2.6862831959183466e-07, 3.7519209382213445e-07, 0.031166094944871017, 0.0, 2.3841098202853533e-06, 0.030933716836107166, 7.036622391422088e-12, 0.5252055395388826, 0.0015884364879097876, 0.5697497346474574, 0.0, 3.7767397227792735e-10, 0.0, 1.2511302050429034e-07, 9.893176348371105e-06, 0.6311375592260515, 0.0, 1.3050678760980595e-11, 0.19253851155385132, 0.03515624999999999, 2.9519859953276194e-08, 2.1520704836315295e-12, 0.0, 0.4185702070574484, 0.031172830163912053, 0.0, 1.0146246035281537e-11, 2.963604598970044e-08, 0.0, 0.6311563792000549, 0.4454303377285044, 0.15771621720253176, 2.115752140488412e-12, 0.0, 0.00015509506277954058, 0.4206704391571531, 0.5509201071389777, 0.0], [0.0, 0.0, 0.0, 0.0, 1.0, 0.0, 0.0, 0.0, 0.0, 0.0, 0.0, 0.0, 0.0, 0.0, 0.0, 0.0, 0.0, 0.0, 0.0, 0.0, 0.0, 0.0, 0.0, 0.0, 0.0, 0.0, 0.0, 0.0, 0.0, 0.0, 0.0, 0.0, 0.0, 0.0, 0.0, 0.0, 0.0, 0.0, 0.0, 0.0, 0.0, 0.0, 0.0, 0.0, 0.0, 0.0, 0.0, 0.0, 0.0, 0.0, 0.0, 0.0, 0.0, 0.0, 0.0, 0.0, 0.0, 0.0, 0.0, 0.0, 0.0, 0.0, 0.0, 0.0, 0.0, 0.0, 0.0, 0.0, 0.0, 0.0, 0.0, 0.0, 0.0, 0.0, 0.0, 0.0, 0.0, 0.0, 0.0, 0.0, 0.0, 0.0, 0.0, 0.0], [0.0, 0.0, 0.0, 0.0, 0.0, 1.0, 0.0, 0.0, 0.0, 0.0, 0.0, 0.0, 0.0, 0.0, 0.0, 0.0, 0.0, 0.0, 0.0, 0.0, 0.0, 0.0, 0.0, 0.0, 0.0, 0.0, 0.0, 0.0, 0.0, 0.0, 0.0, 0.0, 0.0, 0.0, 0.0, 0.0, 0.0, 0.0, 0.0, 0.0, 0.0, 0.0, 0.0, 0.0, 0.0, 0.0, 0.0, 0.0, 0.0, 0.0, 0.0, 0.0, 0.0, 0.0, 0.0, 0.0, 0.0, 0.0, 0.0, 0.0, 0.0, 0.0, 0.0, 0.0, 0.0, 0.0, 0.0, 0.0, 0.0, 0.0, 0.0, 0.0, 0.0, 0.0, 0.0, 0.0, 0.0, 0.0, 0.0, 0.0, 0.0, 0.0, 0.0, 0.0], [0.0, 0.0, 0.0, 0.268453440588206, 0.0, 0.0, 1.0, 0.0, 0.0, 0.34495548094540185, 0.0, 0.4107703508396608, 0.0, 0.0, 0.005667783203984466, 0.0, 0.0, 0.24567077449712166, 0.40235764273168734, 0.6063661057314115, 0.0, 0.0, 0.19285857610883295, 0.0, 0.0, 0.0, 0.0, 0.0, 0.0, 0.2804146920793994, 0.4999999999999999, 0.0, 0.0, 0.0, 0.0, 0.0, 0.006031464992050531, 0.0, 0.0, 0.32812158634235433, 0.0, 0.0312871195968913, 0.0, 0.0, 0.48123834281968336, 0.0, 0.0, 0.0, 0.03111709282251176, 0.0, 0.0, 0.030753070050939756, 0.0, 0.3644592231015047, 0.0, 0.23197759273617208, 0.0, 0.0, 0.0, 0.0, 0.0, 0.4384444706543257, 0.0, 0.0, 0.12499999999999999, 0.04679780762191456, 0.0, 0.0, 0.0, 0.25543506365859614, 0.031044407894736843, 0.0, 0.0, 0.0, 0.0, 0.2445273348116045, 0.4212127479191772, 0.5625, 0.0, 0.0, 0.0, 0.70760264824936, 0.3272240345410913, 0.0], [0.0, 0.0, 0.0, 0.0, 0.0, 0.0, 0.0, 1.0, 0.0, 0.0, 0.0, 0.0, 0.0, 0.0, 0.0, 0.0, 0.0, 0.0, 0.0, 0.0, 0.0, 0.0, 0.0, 0.0, 0.0, 0.0, 0.0, 0.0, 0.0, 0.0, 0.0, 0.0, 0.0, 0.0, 0.0, 0.0, 0.0, 0.0, 0.0, 0.0, 0.0, 0.0, 0.0, 0.0, 0.0, 0.0, 0.0, 0.0, 0.0, 0.0, 0.0, 0.0, 0.0, 0.0, 0.0, 0.0, 0.0, 0.0, 0.0, 0.0, 0.0, 0.0, 0.0, 0.0, 0.0, 0.0, 0.0, 0.0, 0.0, 0.0, 0.0, 0.0, 0.0, 0.0, 0.0, 0.0, 0.0, 0.0, 0.0, 0.0, 0.0, 0.0, 0.0, 0.0], [0.0, 6.513909142319569e-05, 0.0, 0.00015598356349083315, 0.0, 0.0, 0.0, 0.0, 1.0, 8.588603237219238e-05, 1.743090516780595e-05, 0.0001196603117107153, 0.0, 0.0, 0.00012484752866094605, 0.0, 0.0, 9.025699763841346e-05, 7.062945224299967e-05, 9.993330832105848e-05, 0.0, 4.134478064436313e-06, 0.0, 0.0, 4.185901436272736e-06, 1.8980125579942056e-06, 2.5943811742339543e-05, 9.762335320429208e-05, 0.0, 6.341096943040516e-05, 0.0, 0.0, 0.0, 0.0, 0.0, 0.0, 0.0, 0.0, 0.0, 0.0001208088217084921, 0.0, 3.814697265625e-06, 0.0, 1.6463337068036156e-06, 0.00010356549628478271, 2.437504690103806e-05, 0.0, 0.0, 0.0, 0.0, 4.5829863288000205e-06, 0.0, 0.0, 2.988715862704324e-05, 0.0, 0.00013118890570239418, 0.0, 0.0, 0.0, 0.0, 2.6482494805098014e-06, 8.052007758700456e-05, 0.0, 0.0, 0.0, 0.0, 0.0, 0.0, 0.0, 0.00010340164762897835, 0.0, 0.0, 0.0, 0.0, 0.0, 0.00015985189010938304, 0.0, 4.6316631782512965e-05, 0.0, 0.0, 0.0, 0.0, 7.502060172935536e-05, 0.0], [0.0, 0.00011268603998888819, 0.0, 0.4569401146119597, 0.0, 0.0, 0.34495548094540185, 0.0, 8.588603237219238e-05, 1.0, 0.0005971130573464741, 0.27473745369799496, 7.61435975550736e-12, 0.0, 0.017633186360130393, 0.0, 0.0, 0.5965549291503482, 0.6665034416658511, 0.7295092186375536, 0.000306333908473822, 4.91490319961475e-06, 0.20494798886944782, 0.0, 2.6979396974741186e-06, 9.339346839858646e-07, 0.00011641866328564282, 0.006052959678167979, 0.0, 0.6218870796468235, 0.12499999999999999, 2.673621007479771e-10, 0.0, 4.593839474550106e-12, 0.0, 0.0, 0.014147037395902238, 0.0, 0.0, 0.15498899389311793, 0.00040548984683925007, 0.022701712773249946, 0.0, 9.539430630424278e-07, 0.2624713884462357, 1.9434443487862855e-05, 1.3009127956464156e-07, 7.591608614068915e-07, 0.0122482048804028, 0.0, 1.618544868248246e-05, 0.014815581363220063, 3.729900207795735e-12, 0.8979311404395844, 4.1047983565351427e-05, 0.7189287791834429, 0.0, 9.375931248820273e-10, 0.0, 6.072693655316419e-08, 7.54932271429266e-06, 0.38966202342147005, 0.0, 1.295672879149474e-11, 0.5, 0.01817205151115526, 1.7023339178123503e-08, 3.3210050939497774e-12, 0.0, 0.5442416541644044, 0.013742523098156413, 0.0, 3.0310296098038476e-12, 9.47442165853681e-09, 0.0, 0.5195758528769493, 0.3737183331984314, 0.1292141790870653, 6.701759608810575e-12, 0.0, 0.0004054897418028332, 0.41468254482382955, 0.33928927261775055, 0.0], [0.0, 1.5948125256952756e-05, 0.0, 0.00047649108683837834, 0.0, 0.0, 0.0, 0.0, 1.743090516780595e-05, 0.0005971130573464741, 1.0, 0.0006649190456309472, 0.0, 0.0, 0.0003243714079893948, 0.0, 0.0, 0.00047524267801065507, 0.00018694115186671838, 0.0004712066889601839, 6.123758768205945e-05, 4.730689932900719e-06, 0.0, 0.0, 4.296037511692729e-06, 6.107207719606453e-07, 6.580352783203124e-05, 7.704100636588866e-05, 0.0, 0.00017325127985353886, 0.0, 0.0, 0.0, 0.0, 0.0, 0.0, 0.0, 0.0, 0.0, 0.0003658986132739062, 6.103515625e-05, 3.857573664637371e-06, 0.0, 3.814697265625e-06, 0.00031304864613938886, 3.994428704966732e-06, 1.3551643179768355e-07, 8.053611961504776e-08, 0.0, 0.0, 4.76837158203125e-06, 4.088844898760531e-08, 0.0, 0.00017465262743652794, 0.0, 0.001067958808148381, 0.0, 0.0, 0.0, 1.4901161193847655e-08, 1.650302487114816e-06, 0.0006650060969419099, 0.0, 0.0, 0.0, 0.0, 1.1002572755628282e-08, 0.0, 0.0, 0.0005572216373767473, 5.811553412377163e-08, 0.0, 0.0, 1.3701437074556024e-08, 0.0, 0.0004674697967146276, 0.0, 8.379003625607085e-06, 0.0, 0.0, 6.103515625000001e-05, 1.9278665334953736e-07, 0.000401763225790141, 0.0], [0.0, 5.7534509279069595e-05, 0.0, 0.5180128954312263, 0.0, 0.0, 0.4107703508396608, 0.0, 0.0001196603117107153, 0.27473745369799496, 0.0006649190456309472, 1.0, 1.0551506231903332e-11, 0.0, 0.014441839524241225, 0.0, 0.0, 0.45375394483605397, 0.2909103729772904, 0.35120231008662783, 0.0005219578983035017, 7.920189908428993e-06, 0.12991396650124618, 0.0, 2.1086619696262384e-06, 1.4789821540613406e-06, 0.00027860921626139874, 0.008913099370288438, 0.0, 0.22454104492118185, 0.13014840066128458, 3.3455925360064726e-10, 0.0, 1.0842416026621269e-11, 0.0, 0.0, 0.014073418314784574, 0.0, 0.0, 0.8368113399060639, 0.00018212372744061037, 0.019931777313108308, 0.0, 0.0009092471603836037, 0.4386329015093109, 0.00010429239307231677, 2.0430915018076747e-07, 4.797303515045974e-07, 0.00902683265273071, 0.0, 7.702253988667035e-06, 0.01103636026655222, 7.242861952933404e-12, 0.3589313591112843, 0.0024611551069611743, 0.6362637995523939, 0.0, 8.807686670641127e-10, 0.0, 9.632412768472658e-08, 4.575794150627002e-06, 0.6381626997837748, 0.0, 1.9145000651004318e-11, 0.055777885997693406, 0.012792418601791028, 2.1632151172688617e-08, 1.2378180054545506e-11, 0.0, 0.6548282276787127, 0.009972303773873202, 0.0, 8.017183596335502e-12, 1.4744628537454053e-08, 0.0, 0.3392469540095986, 0.28412225963553295, 0.14464463522858884, 1.3882874148430276e-11, 0.0, 0.00018212369852033838, 0.19988301608503745, 0.5994968946197787, 0.0], [0.0, 0.0, 0.0, 7.129609220825979e-12, 0.0, 0.0, 0.0, 0.0, 0.0, 7.61435975550736e-12, 0.0, 1.0551506231903332e-11, 1.0, 0.0, 0.0, 0.0, 0.0, 1.029578294459698e-11, 5.4569682106375694e-12, 7.384953625831853e-12, 3.637978807091714e-12, 0.0, 0.0, 0.0, 0.0, 0.0, 0.0, 1.707635277834697e-11, 0.0, 4.843090599467485e-12, 0.0, 0.0, 0.0, 0.0, 0.0, 0.0, 0.0, 0.0, 0.0, 4.9230752373575764e-12, 0.0, 0.0, 0.0, 0.0, 1.0676237818563185e-11, 0.0, 7.275957614183426e-12, 0.0, 0.0, 0.0, 0.0, 0.0, 7.275957614183426e-12, 1.1134909316912271e-11, 0.0, 5.9138308863445375e-12, 0.0, 4.084296229032126e-12, 0.0, 1.818989403545856e-12, 3.637978807091712e-12, 1.279994612408247e-11, 0.0, 3.637978807091713e-12, 0.0, 0.0, 0.0, 3.6379788070917125e-12, 0.0, 6.8046682978768796e-12, 0.0, 0.0, 7.275957614183426e-12, 0.0, 0.0, 6.201130376805276e-12, 0.0, 3.6379788070917125e-12, 8.188495574534917e-12, 0.0, 0.0, 0.0, 1.3727139940694485e-11, 0.0], [0.0, 0.0, 0.0, 0.0, 0.0, 0.0, 0.0, 0.0, 0.0, 0.0, 0.0, 0.0, 0.0, 1.0, 0.0, 0.0, 0.0, 0.0, 0.0, 0.0, 0.0, 0.0, 0.0, 0.0, 0.0, 0.0, 0.0, 0.0, 0.0, 0.0, 0.0, 0.0, 0.0, 0.0, 0.0, 0.0, 0.0, 0.0, 0.0, 0.0, 0.0, 0.0, 0.0, 0.0, 0.0, 0.0, 0.0, 0.0, 0.0, 0.0, 0.0, 0.0, 0.0, 0.0, 0.0, 0.0, 0.0, 0.0, 0.0, 0.0, 0.0, 0.0, 0.0, 0.0, 0.0, 0.0, 0.0, 0.0, 0.0, 0.0, 0.0, 0.0, 0.0, 0.0, 0.0, 0.0, 0.0, 0.0, 0.0, 0.0, 0.0, 0.0, 0.0, 0.0], [0.0, 4.167584626481949e-05, 0.0, 0.010152590201180443, 0.0, 0.0, 0.005667783203984466, 0.0, 0.00012484752866094605, 0.017633186360130393, 0.0003243714079893948, 0.014441839524241225, 0.0, 0.0, 1.0, 0.0, 0.0, 0.014208234854221548, 0.0041047975400244205, 0.012667458030419753, 0.00020227865219104164, 9.221624549556911e-09, 0.0, 0.0, 0.0, 2.0411558368020763e-08, 0.00010656614120268248, 0.0011407380240933702, 0.0, 0.033320963898524, 0.0, 6.984919309616089e-10, 0.0, 0.0, 0.0, 0.0, 0.0, 0.0, 0.0, 0.01324889231879157, 0.0003569611887888011, 0.00984571980648323, 0.0, 6.984919309616088e-10, 0.0020789230816414773, 3.05859846198594e-05, 1.9451324220525067e-09, 4.534669053028178e-09, 0.007405804739375289, 0.0, 0.0, 0.009165444688834578, 0.0, 0.014683728317426734, 0.0009765625, 0.0257926755432578, 0.0, 2.3283064365386958e-10, 0.0, 0.0, 0.0, 0.01310204029137121, 0.0, 0.0, 0.0, 0.007812500000000002, 1.4121675217265732e-08, 0.0, 0.0, 0.005315114761128808, 0.008501674805976698, 0.0, 0.0, 1.0423213739613212e-08, 0.0, 0.00457272297808992, 0.0078125, 0.0001620941798818273, 0.0, 0.0, 0.0003569611014773097, 0.0003652697231094148, 0.0173886956602132, 0.0], [0.0, 0.0, 0.0, 0.0, 0.0, 0.0, 0.0, 0.0, 0.0, 0.0, 0.0, 0.0, 0.0, 0.0, 0.0, 1.0, 0.0, 0.0, 0.0, 0.0, 0.0, 0.0, 0.0, 0.0, 0.0, 0.0, 0.0, 0.0, 0.0, 0.0, 0.0, 0.0, 0.0, 0.0, 0.0, 0.0, 0.0, 0.0, 0.0, 0.0, 0.0, 0.0, 0.0, 0.0, 0.0, 0.0, 0.0, 0.0, 0.0, 0.0, 0.0, 0.0, 0.0, 0.0, 0.0, 0.0, 0.0, 0.0, 0.0, 0.0, 0.0, 0.0, 0.0, 0.0, 0.0, 0.0, 0.0, 0.0, 0.0, 0.0, 0.0, 0.0, 0.0, 0.0, 0.0, 0.0, 0.0, 0.0, 0.0, 0.0, 0.0, 0.0, 0.0, 0.0], [0.0, 0.0, 0.0, 0.0, 0.0, 0.0, 0.0, 0.0, 0.0, 0.0, 0.0, 0.0, 0.0, 0.0, 0.0, 0.0, 1.0, 0.0, 0.0, 0.0, 0.0, 0.0, 0.0, 0.0, 0.0, 0.0, 0.0, 0.0, 0.0, 0.0, 0.0, 0.0, 0.0, 0.0, 0.0, 0.0, 0.0, 0.0, 0.0, 0.0, 0.0, 0.0, 0.0, 0.0, 0.0, 0.0, 0.0, 0.0, 0.0, 0.0, 0.0, 0.0, 0.0, 0.0, 0.0, 0.0, 0.0, 0.0, 0.0, 0.0, 0.0, 0.0, 0.0, 0.0, 0.0, 0.0, 0.0, 0.0, 0.0, 0.0, 0.0, 0.0, 0.0, 0.0, 0.0, 0.0, 0.0, 0.0, 0.0, 0.0, 0.0, 0.0, 0.0, 0.0], [0.0, 4.2610726449473466e-05, 0.0, 0.29358405699325113, 0.0, 0.0, 0.24567077449712166, 0.0, 9.025699763841346e-05, 0.5965549291503482, 0.00047524267801065507, 0.45375394483605397, 1.029578294459698e-11, 0.0, 0.014208234854221548, 0.0, 0.0, 1.0, 0.3828516929499027, 0.2719109355708342, 7.581452586574712e-05, 6.063555298270869e-06, 0.07917739095203906, 0.0, 1.5106710806201445e-06, 4.861165753833374e-07, 0.000308366091866457, 0.006558923557631739, 0.0, 0.3788036900680375, 0.10186942460591514, 3.8458053348519664e-10, 0.0, 1.3956561959384335e-11, 0.0, 0.0, 0.0020031433112140595, 0.0, 0.0, 0.36878706835142827, 0.00044907096552062643, 0.02913411961898249, 0.0, 0.001363477470930862, 0.054488989512282315, 0.0003021462957014222, 2.198818365381592e-07, 4.862629751390893e-07, 0.022460114798988993, 0.0, 6.922472810070643e-06, 0.021825083904040744, 8.030751779158405e-12, 0.6465228294704324, 0.0008639177118451003, 0.6890932681476858, 0.0, 2.3099502233235263e-10, 0.0, 4.748972314866051e-08, 4.340478233713717e-06, 0.22339683902504068, 0.0, 2.2832275825551333e-11, 0.2795486535697206, 0.02643667876116918, 1.8270461630425184e-08, 1.011276543440756e-11, 0.0, 0.4548076817306618, 0.02185071850617033, 0.0, 9.746139153636156e-12, 1.4845638817103135e-08, 0.0, 0.36088695214663224, 0.2798662842572297, 0.13519199564847076, 1.1055439731634662e-11, 0.0, 0.0004490708448973211, 0.38458322011380514, 0.5484733037691741, 0.0], [0.0, 7.369641319938749e-05, 0.0, 0.26931143271334324, 0.0, 0.0, 0.40235764273168734, 0.0, 7.062945224299967e-05, 0.6665034416658511, 0.00018694115186671838, 0.2909103729772904, 5.4569682106375694e-12, 0.0, 0.0041047975400244205, 0.0, 0.0, 0.3828516929499027, 1.0, 0.48326132117545073, 0.0002326892866352464, 3.970481886472257e-07, 0.0505514705896537, 0.0, 0.0, 0.0, 0.00011686133122284762, 0.004377312872460739, 0.0, 0.531748937540375, 0.12499999999999997, 0.0, 0.0, 2.2737367544323203e-13, 0.0, 0.0, 0.005509421741331547, 0.0, 0.0, 0.24915469883021854, 0.0005927183274350212, 0.00031086462513317276, 0.0, 5.8877041337266156e-05, 0.25532008127679284, 0.0005211616682307412, 2.3423177339625244e-07, 3.5535503453439405e-07, 0.0, 0.0, 0.0, 4.763794969419003e-07, 2.408025309078977e-12, 0.6327970206057856, 0.0009765625, 0.5459617222517126, 0.0, 4.084296229032128e-12, 0.0, 7.186889468835482e-08, 3.637978807091714e-12, 0.3904251268508089, 0.0, 5.533577605431598e-12, 0.5, 0.015203426589330993, 0.0, 3.637978807091713e-12, 0.0, 0.3373743119543984, 1.0256419871654465e-08, 0.0, 3.1201358273002016e-12, 0.0, 0.0, 0.515120363714934, 0.3199997999586295, 0.14172852758667934, 5.9296002436287345e-12, 0.0, 0.000592718327548708, 0.24369296991490066, 0.20932734322425683, 0.0], [0.0, 4.499984635593944e-05, 0.0, 0.49838164518521966, 0.0, 0.0, 0.6063661057314115, 0.0, 9.993330832105848e-05, 0.7295092186375536, 0.0004712066889601839, 0.35120231008662783, 7.384953625831853e-12, 0.0, 0.012667458030419753, 0.0, 0.0, 0.2719109355708342, 0.48326132117545073, 1.0, 0.00025318851352308907, 1.0815798319127964e-05, 0.18781338199615394, 0.0, 1.8298303791065991e-06, 3.107022557346453e-07, 0.00014655963646448706, 0.00316681214371109, 0.0, 0.5073054584111772, 0.38768562407522633, 2.402684898794551e-10, 0.0, 3.2111223347191855e-12, 0.0, 0.0, 0.006660546095380599, 0.0, 0.0, 0.37385589365715166, 0.00030534030476054284, 0.02198659296157847, 0.0, 0.0006311629722091446, 0.5205238604468911, 0.00039535571636467213, 4.69529140143288e-07, 8.516194280872296e-07, 0.017794503054332292, 0.0, 8.116746356787074e-07, 0.02138624092583042, 1.902910743071787e-12, 0.6124263364051569, 0.0012067758777591132, 0.4448034616308357, 0.0, 2.3743491217944083e-10, 0.0, 1.1788976016551193e-07, 5.084949874770628e-06, 0.2962505512684699, 0.0, 1.1632798057551643e-11, 0.3312618947497239, 0.026722752262520244, 6.96636068277753e-09, 2.5686795220284712e-12, 0.0, 0.6406873669143665, 0.019837267165057196, 0.0, 1.8200143955387934e-12, 8.72753058359149e-09, 0.0, 0.28078403835607746, 0.10868435825821038, 0.41191252524161837, 7.924885796539121e-12, 0.0, 0.00030534012360713795, 0.6811142243093351, 0.5941315524953024, 0.0], [0.0, 2.459099879881842e-08, 0.0, 0.00023433636745491662, 0.0, 0.0, 0.0, 0.0, 0.0, 0.000306333908473822, 6.123758768205945e-05, 0.0005219578983035017, 3.637978807091714e-12, 0.0, 0.00020227865219104164, 0.0, 0.0, 7.581452586574712e-05, 0.0002326892866352464, 0.00025318851352308907, 1.0, 3.068755509590173e-07, 0.0, 0.0, 0.0, 1.3012745630151768e-09, 6.103515625e-05, 6.110412587064593e-05, 0.0, 0.0006078977036600012, 0.0, 1.1641532182693481e-10, 0.0, 0.0, 0.0, 0.0, 0.0, 0.0, 0.0, 0.00041048389316575577, 0.00018310546875, 1.7746473050243285e-07, 0.0, 3.4924596548080444e-10, 0.0004771513450769464, 8.029802944931392e-08, 5.706827691260804e-07, 2.3878490920538933e-07, 0.0, 0.0, 0.0, 1.4754599279291055e-07, 0.0, 0.00027579560143153176, 0.0, 0.00033848801113157105, 0.0, 2.369149398829017e-10, 0.0, 2.980232238769532e-08, 3.637978807091713e-12, 0.00017401975986026466, 0.0, 3.637978807091714e-12, 0.0, 0.0, 0.0, 1.4551915228366852e-11, 0.0, 0.0001168058307885496, 0.0, 0.0, 0.0, 0.0, 0.0, 0.00041367430609388873, 0.0, 0.00012261664218990266, 9.600305156351283e-12, 0.0, 0.00018310546875, 5.3729305081032147e-05, 0.00023450597583921586, 0.0], [0.0, 1.8155030709716621e-06, 0.0, 5.220460185892473e-06, 0.0, 0.0, 0.0, 0.0, 4.134478064436313e-06, 4.91490319961475e-06, 4.730689932900719e-06, 7.920189908428993e-06, 0.0, 0.0, 9.221624549556911e-09, 0.0, 0.0, 6.063555298270869e-06, 3.970481886472257e-07, 1.0815798319127964e-05, 3.068755509590173e-07, 1.0, 0.0, 0.0, 4.508870302590782e-06, 7.225467920734335e-07, 3.5251382746140384e-06, 2.323563845741063e-06, 0.0, 7.178846100076425e-06, 0.0, 0.0, 0.0, 0.0, 0.0, 0.0, 0.0, 0.0, 0.0, 2.685763531131899e-06, 0.0, 7.38499176413945e-07, 0.0, 3.814697265625e-06, 7.492106824845047e-06, 3.3524059670624577e-07, 3.66481214847615e-07, 4.919295891903558e-07, 0.0, 0.0, 9.536743164062502e-07, 2.2014421497112224e-07, 1.5916157281026242e-12, 4.7698984020638e-06, 0.0, 9.021341981609784e-06, 0.0, 0.0, 0.0, 4.4617918310533856e-08, 6.584821642749703e-06, 4.258323524854243e-06, 0.0, 1.3968098028287723e-13, 0.0, 0.0, 9.309248580026325e-09, 0.0, 0.0, 3.6927687370396822e-06, 5.811553412377164e-08, 0.0, 0.0, 4.372650285150124e-09, 0.0, 4.077131492386757e-06, 0.0, 7.898516556874958e-06, 0.0, 0.0, 1.396809802828772e-13, 1.2485693343368721e-06, 7.500409153308193e-06, 0.0], [0.0, 0.0, 0.0, 0.17806958209219134, 0.0, 0.0, 0.19285857610883295, 0.0, 0.0, 0.20494798886944782, 0.0, 0.12991396650124618, 0.0, 0.0, 0.0, 0.0, 0.0, 0.07917739095203906, 0.0505514705896537, 0.18781338199615394, 0.0, 0.0, 1.0, 0.0, 0.0, 0.0, 0.0, 8.599679150410388e-13, 0.0, 0.32307577060465065, 0.0, 0.0, 0.0, 2.2737367544323206e-13, 0.0, 0.0, 0.0, 0.0, 0.0, 0.1493986320903717, 0.0, 1.1368683772161603e-12, 0.0, 0.0, 0.12289517475716583, 3.558594318017326e-13, 1.1874090522004482e-12, 0.0, 0.0, 0.0, 0.0, 0.0, 2.2737367544323203e-13, 0.14006621944361652, 0.0, 0.1913525323724185, 0.0, 0.0, 0.0, 2.2737367544323206e-13, 0.0, 0.21512359205994397, 0.0, 1.8189894035458565e-12, 0.0, 0.0, 0.0, 0.0, 0.0, 0.15174736845301484, 1.0541141957167589e-12, 0.0, 1.4459006904561037e-12, 0.0, 0.0, 0.21328717066146266, 0.23377800840280097, 0.015624999999999997, 0.0, 0.0, 0.0, 0.19385037993890042, 0.20024574610757276, 0.0], [0.0, 0.0, 0.0, 0.0, 0.0, 0.0, 0.0, 0.0, 0.0, 0.0, 0.0, 0.0, 0.0, 0.0, 0.0, 0.0, 0.0, 0.0, 0.0, 0.0, 0.0, 0.0, 0.0, 1.0, 0.0, 0.0, 0.0, 0.0, 0.0, 0.0, 0.0, 0.0, 0.0, 0.0, 0.0, 0.0, 0.0, 0.0, 0.0, 0.0, 0.0, 0.0, 0.0, 0.0, 0.0, 0.0, 0.0, 0.0, 0.0, 0.0, 0.0, 0.0, 0.0, 0.0, 0.0, 0.0, 0.0, 0.0, 0.0, 0.0, 0.0, 0.0, 0.0, 0.0, 0.0, 0.0, 0.0, 0.0, 0.0, 0.0, 0.0, 0.0, 0.0, 0.0, 0.0, 0.0, 0.0, 0.0, 0.0, 0.0, 0.0, 0.0, 0.0, 0.0], [0.0, 3.4855497543878946e-07, 0.0, 9.475534230306737e-07, 0.0, 0.0, 0.0, 0.0, 4.185901436272736e-06, 2.6979396974741186e-06, 4.296037511692729e-06, 2.1086619696262384e-06, 0.0, 0.0, 0.0, 0.0, 0.0, 1.5106710806201445e-06, 0.0, 1.8298303791065991e-06, 0.0, 4.508870302590782e-06, 0.0, 0.0, 1.0, 1.7927262565060268e-06, 1.5078914929239173e-06, 1.5079062690388049e-06, 0.0, 5.249451903885324e-06, 0.0, 0.0, 0.0, 0.0, 0.0, 0.0, 0.0, 0.0, 0.0, 1.3216866502072766e-06, 0.0, 0.0, 0.0, 3.5184134834891407e-06, 4.250458250727225e-06, 0.0, 0.0, 0.0, 0.0, 0.0, 1.0052609952826117e-06, 0.0, 0.0, 9.982550177881417e-07, 0.0, 3.112629803551255e-06, 0.0, 0.0, 0.0, 0.0, 2.1137820125526165e-06, 2.9607522427017955e-06, 0.0, 0.0, 0.0, 0.0, 0.0, 0.0, 0.0, 1.7757833886400836e-06, 0.0, 0.0, 0.0, 0.0, 0.0, 2.8654477110838873e-06, 0.0, 2.2631544219712833e-06, 0.0, 0.0, 0.0, 0.0, 2.403806301648829e-06, 0.0], [0.0, 2.9200193199910854e-07, 0.0, 8.252245960699491e-07, 0.0, 0.0, 0.0, 0.0, 1.8980125579942056e-06, 9.339346839858646e-07, 6.107207719606453e-07, 1.4789821540613406e-06, 0.0, 0.0, 2.0411558368020763e-08, 0.0, 0.0, 4.861165753833374e-07, 0.0, 3.107022557346453e-07, 1.3012745630151768e-09, 7.225467920734335e-07, 0.0, 0.0, 1.7927262565060268e-06, 1.0, 0.0, 1.966142496020743e-08, 0.0, 1.8338497044553287e-06, 0.0, 4.656612873077393e-10, 0.0, 0.0, 0.0, 0.0, 0.0, 0.0, 0.0, 6.198999634454194e-07, 0.0, 7.446071199684456e-09, 0.0, 9.418652443214187e-10, 8.967831720098241e-07, 0.0, 1.4600905536798446e-08, 8.118182726208816e-09, 0.0, 0.0, 0.0, 0.0, 0.0, 6.128119167184475e-07, 0.0, 7.209482616534638e-07, 0.0, 3.7736917348253847e-10, 0.0, 0.0, 8.742014567057291e-07, 1.2649860845021646e-06, 0.0, 0.0, 0.0, 0.0, 2.2072458386801388e-08, 0.0, 0.0, 1.2187766192236996e-06, 0.0, 0.0, 0.0, 1.7322343517471173e-08, 0.0, 1.6447698521762756e-06, 0.0, 1.0755249870123885e-08, 0.0, 0.0, 0.0, 2.702029315136248e-08, 1.4750732574537614e-06, 0.0], [0.0, 1.626626759725102e-05, 0.0, 0.000289320413266543, 0.0, 0.0, 0.0, 0.0, 2.5943811742339543e-05, 0.00011641866328564282, 6.580352783203124e-05, 0.00027860921626139874, 0.0, 0.0, 0.00010656614120268248, 0.0, 0.0, 0.000308366091866457, 0.00011686133122284762, 0.00014655963646448706, 6.103515625e-05, 3.5251382746140384e-06, 0.0, 0.0, 1.5078914929239173e-06, 0.0, 1.0, 0.000293085199378106, 0.0, 0.00019003793102550078, 0.0, 0.0, 0.0, 0.0, 0.0, 0.0, 0.0, 0.0, 0.0, 9.422789726465178e-05, 6.1035156249999986e-05, 3.8146972656249996e-06, 0.0, 9.536743164062502e-07, 7.908657180192655e-05, 2.1606360320794075e-05, 0.0, 0.0, 0.0, 0.0, 4.768371582031249e-06, 0.0, 0.0, 0.00030568761699001557, 0.0, 0.0002153096359519247, 0.0, 0.0, 0.0, 0.0, 7.574195661892728e-06, 7.480374889166419e-05, 0.0, 0.0, 0.0, 0.0, 0.0, 0.0, 0.0, 0.00028101842261276104, 0.0, 0.0, 0.0, 0.0, 0.0, 0.00010010904932971832, 0.0, 6.75090317979418e-05, 0.0, 0.0, 6.103515624999999e-05, 0.0, 8.876625341111811e-05, 0.0], [0.0, 0.00011206036612868456, 0.0, 0.0026264575281196648, 0.0, 0.0, 0.0, 0.0, 9.762335320429208e-05, 0.006052959678167979, 7.704100636588866e-05, 0.008913099370288438, 1.707635277834697e-11, 0.0, 0.0011407380240933702, 0.0, 0.0, 0.006558923557631739, 0.004377312872460739, 0.00316681214371109, 6.110412587064593e-05, 2.323563845741063e-06, 8.599679150410388e-13, 0.0, 1.5079062690388049e-06, 1.966142496020743e-08, 0.000293085199378106, 1.0, 0.0, 0.006522885062557483, 0.0, 0.0, 0.0, 1.1210294023636112e-11, 0.0, 0.0, 0.0, 0.0, 0.0, 0.005166402072455259, 6.1035156249999986e-05, 5.170745695572424e-06, 0.0, 0.0006486011290263341, 0.013183988463063349, 0.0005150501648693933, 1.2857392812620277e-07, 3.2354951986461853e-07, 0.0, 0.0, 5.654674012482639e-06, 4.697422384333485e-07, 5.245407896320749e-12, 0.006710857196542979, 0.0009765625, 0.004057750278188693, 0.0, 4.073788631924039e-12, 0.0, 1.49093369537864e-08, 4.95468113667217e-06, 0.005736317919515809, 0.0, 1.531698478539611e-11, 0.0, 0.0, 2.9497482896616222e-08, 4.4533056800073646e-12, 0.0, 0.005964227455818066, 5.8116307620209426e-08, 0.0, 4.494476100101738e-12, 2.9516862271172894e-08, 0.0, 0.00237257994599272, 0.0, 0.0020768814816013027, 7.46334045385874e-12, 0.0, 6.103515652117626e-05, 0.0030282003343728107, 0.0079342737004675, 0.0], [0.0, 0.0, 0.0, 0.0, 0.0, 0.0, 0.0, 0.0, 0.0, 0.0, 0.0, 0.0, 0.0, 0.0, 0.0, 0.0, 0.0, 0.0, 0.0, 0.0, 0.0, 0.0, 0.0, 0.0, 0.0, 0.0, 0.0, 0.0, 1.0, 0.0, 0.0, 0.0, 0.0, 0.0, 0.0, 0.0, 0.0, 0.0, 0.0, 0.0, 0.0, 0.0, 0.0, 0.0, 0.0, 0.0, 0.0, 0.0, 0.0, 0.0, 0.0, 0.0, 0.0, 0.0, 0.0, 0.0, 0.0, 0.0, 0.0, 0.0, 0.0, 0.0, 0.0, 0.0, 0.0, 0.0, 0.0, 0.0, 0.0, 0.0, 0.0, 0.0, 0.0, 0.0, 0.0, 0.0, 0.0, 0.0, 0.0, 0.0, 0.0, 0.0, 0.0, 0.0], [0.0, 5.8105740285791394e-05, 0.0, 0.40645297506104094, 0.0, 0.0, 0.2804146920793994, 0.0, 6.341096943040516e-05, 0.6218870796468235, 0.00017325127985353886, 0.22454104492118185, 4.843090599467485e-12, 0.0, 0.033320963898524, 0.0, 0.0, 0.3788036900680375, 0.531748937540375, 0.5073054584111772, 0.0006078977036600012, 7.178846100076425e-06, 0.32307577060465065, 0.0, 5.249451903885324e-06, 1.8338497044553287e-06, 0.00019003793102550078, 0.006522885062557483, 0.0, 1.0, 0.16027426391630395, 8.083223581101318e-11, 0.0, 3.0287451435709326e-12, 0.0, 0.0, 0.006985232905415854, 0.0, 0.0, 0.1934870546079839, 0.00022818302898927473, 0.011948963912427276, 0.0, 0.00011882664376067292, 0.36097660916227386, 0.00013025336133892733, 3.5149438369518995e-07, 3.616345720086346e-07, 0.007405804739375289, 0.0, 1.6119739156187452e-05, 0.009165456931088877, 5.671379228112092e-12, 0.5779778032051204, 0.0010891146931733841, 0.6281870649300928, 0.0, 2.5118480795520475e-10, 0.0, 7.549912895130607e-08, 4.506756988476486e-06, 0.32372620867962826, 0.0, 2.0391549709827755e-11, 0.4953931793776667, 0.016164413809763266, 3.6716371979616525e-08, 5.699403310113426e-12, 0.0, 0.3058114183250348, 0.008501677657986107, 0.0, 5.516776802116095e-12, 2.877834086924649e-08, 0.0, 0.5418914118119791, 0.3789774567378402, 0.162394769662521, 4.262736879889423e-12, 0.0, 0.00022818291922610388, 0.37477049659013967, 0.22663287527156686, 0.0], [0.0, 0.0, 0.0, 0.15753150945315111, 0.0, 0.0, 0.4999999999999999, 0.0, 0.0, 0.12499999999999999, 0.0, 0.13014840066128458, 0.0, 0.0, 0.0, 0.0, 0.0, 0.10186942460591514, 0.12499999999999997, 0.38768562407522633, 0.0, 0.0, 0.0, 0.0, 0.0, 0.0, 0.0, 0.0, 0.0, 0.16027426391630395, 1.0, 0.0, 0.0, 0.0, 0.0, 0.0, 0.0, 0.0, 0.0, 0.014769904781684773, 0.0, 0.0, 0.0, 0.0, 0.3952847075210474, 0.0, 0.0, 0.0, 0.0, 0.0, 0.0, 0.0, 0.0, 0.15710987772232404, 0.0, 0.0352913522685212, 0.0, 0.0, 0.0, 0.0, 0.0, 0.20598344478768532, 0.0, 0.0, 0.12499999999999999, 0.0, 0.0, 0.0, 0.0, 0.00830202913106105, 0.0, 0.0, 0.0, 0.0, 0.0, 5.1107571058208864e-18, 0.21606223488676196, 0.4999999999999999, 0.0, 0.0, 0.0, 0.5000000000000001, 0.08137080261894147, 0.0], [0.0, 0.0, 0.0, 3.102117079266862e-10, 0.0, 0.0, 0.0, 0.0, 0.0, 2.673621007479771e-10, 0.0, 3.3455925360064726e-10, 0.0, 0.0, 6.984919309616089e-10, 0.0, 0.0, 3.8458053348519664e-10, 0.0, 2.402684898794551e-10, 1.1641532182693481e-10, 0.0, 0.0, 0.0, 0.0, 4.656612873077393e-10, 0.0, 0.0, 0.0, 8.083223581101318e-11, 0.0, 1.0, 0.0, 0.0, 0.0, 0.0, 0.0, 0.0, 0.0, 3.5957937438395266e-10, 5.820766091346742e-11, 4.656612873077393e-10, 0.0, 4.656612873077393e-10, 1.1156732011324639e-10, 0.0, 0.0, 1.9716584192296733e-10, 0.0, 0.0, 0.0, 0.0, 0.0, 3.259729807995104e-10, 0.0, 1.812760116414216e-10, 0.0, 0.0, 0.0, 0.0, 0.0, 2.487559399181426e-10, 0.0, 0.0, 0.0, 0.0, 0.0, 0.0, 0.0, 1.0174757272242569e-10, 0.0, 0.0, 0.0, 0.0, 0.0, 3.634622697751489e-10, 0.0, 5.820766091346741e-11, 0.0, 0.0, 0.0, 1.824679623814985e-10, 5.905292511003032e-10, 0.0], [0.0, 0.0, 0.0, 0.0, 0.0, 0.0, 0.0, 0.0, 0.0, 0.0, 0.0, 0.0, 0.0, 0.0, 0.0, 0.0, 0.0, 0.0, 0.0, 0.0, 0.0, 0.0, 0.0, 0.0, 0.0, 0.0, 0.0, 0.0, 0.0, 0.0, 0.0, 0.0, 1.0, 0.0, 0.0, 0.0, 0.0, 0.0, 0.0, 0.0, 0.0, 0.0, 0.0, 0.0, 0.0, 0.0, 0.0, 0.0, 0.0, 0.0, 0.0, 0.0, 0.0, 0.0, 0.0, 0.0, 0.0, 0.0, 0.0, 0.0, 0.0, 0.0, 0.0, 0.0, 0.0, 0.0, 0.0, 0.0, 0.0, 0.0, 0.0, 0.0, 0.0, 0.0, 0.0, 0.0, 0.0, 0.0, 0.0, 0.0, 0.0, 0.0, 0.0, 0.0], [0.0, 0.0, 0.0, 9.699320743068404e-12, 0.0, 0.0, 0.0, 0.0, 0.0, 4.593839474550106e-12, 0.0, 1.0842416026621269e-11, 0.0, 0.0, 0.0, 0.0, 0.0, 1.3956561959384335e-11, 2.2737367544323203e-13, 3.2111223347191855e-12, 0.0, 0.0, 2.2737367544323206e-13, 0.0, 0.0, 0.0, 0.0, 1.1210294023636112e-11, 0.0, 3.0287451435709326e-12, 0.0, 0.0, 0.0, 1.0, 0.0, 0.0, 0.0, 0.0, 0.0, 7.364422170919858e-12, 0.0, 2.2737367544323203e-13, 0.0, 0.0, 1.8835023826421547e-11, 2.2450192341854265e-13, 8.936853621590849e-13, 0.0, 0.0, 0.0, 0.0, 0.0, 2.2737367544323206e-13, 1.3492824312640533e-11, 0.0, 0.0, 0.0, 0.0, 0.0, 2.8480185786971345e-11, 7.686503435264155e-12, 6.9237123103118955e-12, 0.0, 2.930240840883373e-11, 0.0, 0.0, 0.0, 0.0, 0.0, 1.4589741795496852e-11, 0.0, 0.0, 0.0, 0.0, 0.0, 7.432929449319457e-12, 0.0, 1.014038849154158e-11, 0.0, 0.0, 0.0, 0.0, 5.511237190716591e-13, 0.0], [0.0, 0.0, 0.0, 0.0, 0.0, 0.0, 0.0, 0.0, 0.0, 0.0, 0.0, 0.0, 0.0, 0.0, 0.0, 0.0, 0.0, 0.0, 0.0, 0.0, 0.0, 0.0, 0.0, 0.0, 0.0, 0.0, 0.0, 0.0, 0.0, 0.0, 0.0, 0.0, 0.0, 0.0, 1.0, 0.0, 0.0, 0.0, 0.0, 0.0, 0.0, 0.0, 0.0, 0.0, 0.0, 0.0, 0.0, 0.0, 0.0, 0.0, 0.0, 0.0, 0.0, 0.0, 0.0, 0.0, 0.0, 0.0, 0.0, 0.0, 0.0, 0.0, 0.0, 0.0, 0.0, 0.0, 0.0, 0.0, 0.0, 0.0, 0.0, 0.0, 0.0, 0.0, 0.0, 0.0, 0.0, 0.0, 0.0, 0.0, 0.0, 0.0, 0.0, 0.0], [0.0, 0.0, 0.0, 0.0, 0.0, 0.0, 0.0, 0.0, 0.0, 0.0, 0.0, 0.0, 0.0, 0.0, 0.0, 0.0, 0.0, 0.0, 0.0, 0.0, 0.0, 0.0, 0.0, 0.0, 0.0, 0.0, 0.0, 0.0, 0.0, 0.0, 0.0, 0.0, 0.0, 0.0, 0.0, 1.0, 0.0, 0.0, 0.0, 0.0, 0.0, 0.0, 0.0, 0.0, 0.0, 0.0, 0.0, 0.0, 0.0, 0.0, 0.0, 0.0, 0.0, 0.0, 0.0, 0.0, 0.0, 0.0, 0.0, 0.0, 0.0, 0.0, 0.0, 0.0, 0.0, 0.0, 0.0, 0.0, 0.0, 0.0, 0.0, 0.0, 0.0, 0.0, 0.0, 0.0, 0.0, 0.0, 0.0, 0.0, 0.0, 0.0, 0.0, 0.0], [0.0, 0.0, 0.0, 0.005026220826708775, 0.0, 0.0, 0.006031464992050531, 0.0, 0.0, 0.014147037395902238, 0.0, 0.014073418314784574, 0.0, 0.0, 0.0, 0.0, 0.0, 0.0020031433112140595, 0.005509421741331547, 0.006660546095380599, 0.0, 0.0, 0.0, 0.0, 0.0, 0.0, 0.0, 0.0, 0.0, 0.006985232905415854, 0.0, 0.0, 0.0, 0.0, 0.0, 0.0, 1.0, 0.0, 0.0, 0.001064519261138324, 0.0, 0.003015732496025266, 0.0, 0.0, 0.005026220826708775, 0.0, 0.0, 0.0, 0.0, 0.0, 0.0, 0.0, 0.0, 0.0, 0.0, 0.0032736875677404037, 0.0, 0.0, 0.0, 0.0, 0.0, 0.0091343165059874, 0.0, 0.0, 0.0, 0.006031464992050531, 0.0, 0.0, 0.0, 0.009483253741400358, 0.0, 0.0, 0.0, 0.0, 0.0, 0.008521616179543676, 0.009808921863744486, 0.0, 0.0, 0.0, 0.0, 0.0032104067958175393, 0.014397512426779642, 0.0], [0.0, 0.0, 0.0, 0.0, 0.0, 0.0, 0.0, 0.0, 0.0, 0.0, 0.0, 0.0, 0.0, 0.0, 0.0, 0.0, 0.0, 0.0, 0.0, 0.0, 0.0, 0.0, 0.0, 0.0, 0.0, 0.0, 0.0, 0.0, 0.0, 0.0, 0.0, 0.0, 0.0, 0.0, 0.0, 0.0, 0.0, 1.0, 0.0, 0.0, 0.0, 0.0, 0.0, 0.0, 0.0, 0.0, 0.0, 0.0, 0.0, 0.0, 0.0, 0.0, 0.0, 0.0, 0.0, 0.0, 0.0, 0.0, 0.0, 0.0, 0.0, 0.0, 0.0, 0.0, 0.0, 0.0, 0.0, 0.0, 0.0, 0.0, 0.0, 0.0, 0.0, 0.0, 0.0, 0.0, 0.0, 0.0, 0.0, 0.0, 0.0, 0.0, 0.0, 0.0], [0.0, 0.0, 0.0, 0.0, 0.0, 0.0, 0.0, 0.0, 0.0, 0.0, 0.0, 0.0, 0.0, 0.0, 0.0, 0.0, 0.0, 0.0, 0.0, 0.0, 0.0, 0.0, 0.0, 0.0, 0.0, 0.0, 0.0, 0.0, 0.0, 0.0, 0.0, 0.0, 0.0, 0.0, 0.0, 0.0, 0.0, 0.0, 1.0, 0.0, 0.0, 0.0, 0.0, 0.0, 0.0, 0.0, 0.0, 0.0, 0.0, 0.0, 0.0, 0.0, 0.0, 0.0, 0.0, 0.0, 0.0, 0.0, 0.0, 0.0, 0.0, 0.0, 0.0, 0.0, 0.0, 0.0, 0.0, 0.0, 0.0, 0.0, 0.0, 0.0, 0.0, 0.0, 0.0, 0.0, 0.0, 0.0, 0.0, 0.0, 0.0, 0.0, 0.0, 0.0], [0.0, 5.7485345115617795e-05, 0.0, 0.44971085977918634, 0.0, 0.0, 0.32812158634235433, 0.0, 0.0001208088217084921, 0.15498899389311793, 0.0003658986132739062, 0.8368113399060639, 4.9230752373575764e-12, 0.0, 0.01324889231879157, 0.0, 0.0, 0.36878706835142827, 0.24915469883021854, 0.37385589365715166, 0.00041048389316575577, 2.685763531131899e-06, 0.1493986320903717, 0.0, 1.3216866502072766e-06, 6.198999634454194e-07, 9.422789726465178e-05, 0.005166402072455259, 0.0, 0.1934870546079839, 0.014769904781684773, 3.5957937438395266e-10, 0.0, 7.364422170919858e-12, 0.0, 0.0, 0.001064519261138324, 0.0, 0.0, 1.0, 0.0004029172584232375, 0.035671252912957155, 0.0, 0.0016379198246391279, 0.3240328710360198, 0.00014174774700053745, 2.680663136731802e-07, 9.522972929838251e-07, 0.031166094944871017, 0.0, 1.5352405824521755e-05, 0.030933621155510637, 2.369915617579312e-12, 0.2679553753960027, 0.0012389408965414208, 0.48741497314469784, 0.0, 3.2364365001698647e-10, 0.0, 1.491453829684108e-08, 2.1180596873571507e-06, 0.5427701678596657, 0.0, 1.3302602067598975e-11, 0.02215485717252716, 0.0350105322053617, 1.9519357141126987e-08, 3.318006935348257e-12, 0.0, 0.5903067253385983, 0.03117282642399913, 0.0, 1.1796827974774916e-12, 1.6665748722287885e-08, 0.0, 0.314523161043415, 0.15906893320546084, 0.01607635787234869, 5.738236120022628e-12, 0.0, 0.0004029171428842429, 0.13856183143112236, 0.5426951236247457, 0.0], [0.0, 0.0, 0.0, 0.0001550953274276566, 0.0, 0.0, 0.0, 0.0, 0.0, 0.00040548984683925007, 6.103515625e-05, 0.00018212372744061037, 0.0, 0.0, 0.0003569611887888011, 0.0, 0.0, 0.00044907096552062643, 0.0005927183274350212, 0.00030534030476054284, 0.00018310546875, 0.0, 0.0, 0.0, 0.0, 0.0, 6.1035156249999986e-05, 6.1035156249999986e-05, 0.0, 0.00022818302898927473, 0.0, 5.820766091346742e-11, 0.0, 0.0, 0.0, 0.0, 0.0, 0.0, 0.0, 0.0004029172584232375, 1.0, 0.0, 0.0, 0.0, 0.00026935838270642566, 0.0, 0.0, 1.184726845837627e-10, 0.0, 0.0, 0.0, 0.0, 0.0, 0.0003889284598953728, 0.0, 8.171470777726308e-05, 0.0, 0.0, 0.0, 0.0, 0.0, 7.241919822069477e-05, 0.0, 0.0, 0.0, 0.0, 0.0, 0.0, 0.0, 0.0002525116516235699, 0.0, 0.0, 0.0, 0.0, 0.0, 0.00018206324945832254, 0.0, 0.0004882813373114914, 0.0, 0.0, 0.000732421875, 0.00014321016632178093, 0.000468231003350542, 0.0], [0.0, 4.238749175780475e-06, 0.0, 0.030162504693084943, 0.0, 0.0, 0.0312871195968913, 0.0, 3.814697265625e-06, 0.022701712773249946, 3.857573664637371e-06, 0.019931777313108308, 0.0, 0.0, 0.00984571980648323, 0.0, 0.0, 0.02913411961898249, 0.00031086462513317276, 0.02198659296157847, 1.7746473050243285e-07, 7.38499176413945e-07, 1.1368683772161603e-12, 0.0, 0.0, 7.446071199684456e-09, 3.8146972656249996e-06, 5.170745695572424e-06, 0.0, 0.011948963912427276, 0.0, 4.656612873077393e-10, 0.0, 2.2737367544323203e-13, 0.0, 0.0, 0.003015732496025266, 0.0, 0.0, 0.035671252912957155, 0.0, 1.0, 0.0, 4.656612873077393e-10, 0.003906888592689498, 3.979385129823996e-06, 1.773499640264233e-07, 7.44330205655965e-07, 0.02640080308066125, 0.0, 1.52587890625e-05, 0.0251875740430151, 2.046363078989088e-12, 0.015874610425568862, 0.0, 0.01600825667634864, 0.0, 0.0, 0.0, 2.980254976137075e-08, 0.0, 0.033922748452430596, 0.0, 3.979039320256562e-12, 0.0, 0.030161501575525183, 0.0, 0.0, 0.0, 0.014162955100879641, 0.025793572809719827, 0.0, 1.4459006904561037e-12, 0.0, 0.0, 0.03441087202601792, 0.03376720602258987, 5.6134270269401455e-06, 0.0, 0.0, 1.13686837721616e-13, 0.03754334716430066, 0.020532081046374166, 0.0], [0.0, 0.0, 0.0, 0.0, 0.0, 0.0, 0.0, 0.0, 0.0, 0.0, 0.0, 0.0, 0.0, 0.0, 0.0, 0.0, 0.0, 0.0, 0.0, 0.0, 0.0, 0.0, 0.0, 0.0, 0.0, 0.0, 0.0, 0.0, 0.0, 0.0, 0.0, 0.0, 0.0, 0.0, 0.0, 0.0, 0.0, 0.0, 0.0, 0.0, 0.0, 0.0, 1.0, 0.0, 0.0, 0.0, 0.0, 0.0, 0.0, 0.0, 0.0, 0.0, 0.0, 0.0, 0.0, 0.0, 0.0, 0.0, 0.0, 0.0, 0.0, 0.0, 0.0, 0.0, 0.0, 0.0, 0.0, 0.0, 0.0, 0.0, 0.0, 0.0, 0.0, 0.0, 0.0, 0.0, 0.0, 0.0, 0.0, 0.0, 0.0, 0.0, 0.0, 0.0], [0.0, 0.0, 0.0, 0.0005272345256705209, 0.0, 0.0, 0.0, 0.0, 1.6463337068036156e-06, 9.539430630424278e-07, 3.814697265625e-06, 0.0009092471603836037, 0.0, 0.0, 6.984919309616088e-10, 0.0, 0.0, 0.001363477470930862, 5.8877041337266156e-05, 0.0006311629722091446, 3.4924596548080444e-10, 3.814697265625e-06, 0.0, 0.0, 3.5184134834891407e-06, 9.418652443214187e-10, 9.536743164062502e-07, 0.0006486011290263341, 0.0, 0.00011882664376067292, 0.0, 4.656612873077393e-10, 0.0, 0.0, 0.0, 0.0, 0.0, 0.0, 0.0, 0.0016379198246391279, 0.0, 4.656612873077393e-10, 0.0, 1.0, 0.0009886379152809007, 0.0005495190524811509, 0.0, 7.941442723691989e-10, 0.0, 0.0, 9.536743164062498e-07, 0.0, 0.0, 0.000217671711516083, 0.0, 0.0015016926343355069, 0.0, 2.3283064365386958e-10, 0.0, 0.0, 9.568186298477553e-07, 0.0010628504165588442, 0.0, 0.0, 0.0, 0.0, 0.0, 0.0, 0.0, 0.000647934165674654, 0.0, 0.0, 0.0, 0.0, 0.0, 0.0003675877150985739, 0.0, 0.0007041777066860906, 0.0, 0.0, 0.0, 3.4011098885352746e-10, 0.0007873396921321987, 0.0], [0.0, 9.340357208873806e-05, 0.0, 0.62602848662706, 0.0, 0.0, 0.48123834281968336, 0.0, 0.00010356549628478271, 0.2624713884462357, 0.00031304864613938886, 0.4386329015093109, 1.0676237818563185e-11, 0.0, 0.0020789230816414773, 0.0, 0.0, 0.054488989512282315, 0.25532008127679284, 0.5205238604468911, 0.0004771513450769464, 7.492106824845047e-06, 0.12289517475716583, 0.0, 4.250458250727225e-06, 8.967831720098241e-07, 7.908657180192655e-05, 0.013183988463063349, 0.0, 0.36097660916227386, 0.3952847075210474, 1.1156732011324639e-10, 0.0, 1.8835023826421547e-11, 0.0, 0.0, 0.005026220826708775, 0.0, 0.0, 0.3240328710360198, 0.00026935838270642566, 0.003906888592689498, 0.0, 0.0009886379152809007, 1.0, 0.0005522024469316727, 7.0499663