"{\"names\": [\"172.217.10.1\", \"104.88.86.240\", \"38.93.140.48\", \"192.168.10.15\", \"104.88.108.223\", \"195.142.105.15\", \"172.217.12.163\", \"206.217.206.48\", \"172.217.6.228\", \"178.255.83.1\", \"74.119.118.82\", \"192.168.10.9\", \"172.217.7.6\", \"35.186.227.40\", \"31.13.71.36\", \"206.126.112.142\", \"151.101.2.49\", \"192.168.10.25\", \"172.217.3.98\", \"192.168.10.16\", \"72.30.202.150\", \"172.217.12.132\", \"50.31.164.173\", \"162.208.20.178\", \"23.15.4.16\", \"216.58.217.99\", \"172.217.6.198\", \"172.217.12.174\", \"169.46.44.40\", \"192.168.10.17\", \"52.84.143.130\", \"104.19.195.102\", \"216.200.232.61\", \"104.97.73.166\", \"152.163.13.79\", \"192.229.163.25\", \"74.119.118.86\", \"54.225.188.92\", \"188.165.145.88\", \"192.168.10.14\", \"8.43.72.98\", \"199.96.57.6\", \"68.67.178.110\", \"104.88.70.158\", \"192.168.10.19\", \"69.172.216.56\", \"157.240.18.35\", \"172.217.11.34\", \"185.54.150.20\", \"69.169.85.7\", \"198.232.124.194\", \"74.119.118.72\", \"172.217.12.134\", \"192.168.10.5\", \"23.111.9.30\", \"192.168.10.8\", \"151.101.66.2\", \"68.67.178.199\", \"213.239.195.215\", \"138.108.7.20\", \"52.84.145.87\", \"192.168.10.50\", \"52.84.145.198\", \"52.40.24.51\", \"212.77.100.137\", \"185.54.150.115\", \"172.217.10.138\", \"152.163.66.165\", \"52.84.137.78\", \"192.168.10.51\", \"68.67.178.109\", \"129.146.14.96\", \"54.152.24.232\", \"172.217.10.33\", \"52.8.229.108\", \"192.168.10.12\", \"64.147.131.201\", \"172.217.12.206\", \"68.67.180.12\", \"172.217.10.134\", \"38.69.238.16\", \"172.217.10.142\", \"192.168.10.3\", \"172.217.6.202\"], \"funcEdges\": [[1.0, 0.0, 0.0, 0.0, 0.0, 0.0, 0.0, 0.0, 0.0, 0.0, 0.0, 0.0, 0.0, 0.0, 0.0, 0.0, 0.0, 0.0, 0.0, 0.0, 0.0, 0.0, 0.0, 0.0, 0.0, 0.0, 0.0, 0.0, 0.0, 0.0, 0.0, 0.0, 0.0, 0.0, 0.0, 0.0, 0.0, 0.0, 0.0, 0.0, 0.0, 0.0, 0.0, 0.0, 0.0, 0.0, 0.0, 0.0, 0.0, 0.0, 0.0, 0.0, 0.0, 0.0, 0.0, 0.0, 0.0, 0.0, 0.0, 0.0, 0.0, 0.0, 0.0, 0.0, 0.0, 0.0, 0.0, 0.0, 0.0, 0.0, 0.0, 0.0, 0.0, 0.0, 0.0, 0.0, 0.0, 0.0, 0.0, 0.0, 0.0, 0.0, 0.0, 0.0], [0.0, 1.0, 0.0, 7.515499865038219e-13, 0.0, 0.0, 0.0, 0.0, 4.853240506589091e-13, 8.395764230853929e-13, 1.1882279259676305e-13, 4.2866549848816987e-13, 0.0, 0.0, 3.105092515410445e-13, 0.0, 0.0, 3.1747465170527597e-13, 5.490810662462375e-13, 3.3527498212411583e-13, 1.8321721850945368e-16, 1.352655195423709e-14, 0.0, 0.0, 2.5969369369655062e-15, 2.175583928816829e-15, 1.2119313774444922e-13, 8.349147895625573e-13, 0.0, 4.3292150114321257e-13, 0.0, 0.0, 0.0, 0.0, 0.0, 0.0, 0.0, 0.0, 0.0, 4.282991969258919e-13, 0.0, 3.1581142364296874e-14, 0.0, 0.0, 6.959108418877278e-13, 4.4959176239609196e-13, 1.0993033110567225e-15, 3.3582948098583288e-15, 0.0, 0.0, 2.842170943040401e-14, 8.881784197001252e-16, 0.0, 8.256367671220939e-13, 0.0, 5.508326902235256e-13, 0.0, 0.0, 0.0, 0.0, 5.801557143511543e-15, 5.976232846458513e-13, 0.0, 0.0, 0.0, 0.0, 0.0, 0.0, 0.0, 5.429383763214784e-13, 0.0, 0.0, 0.0, 0.0, 0.0, 3.0988024303579207e-13, 0.0, 4.901569468198765e-13, 0.0, 0.0, 0.0, 1.0453833164232294e-14, 9.797289534615478e-13, 0.0], [0.0, 0.0, 1.0, 0.03403767659510981, 0.0, 0.009466634061735885, 0.064277643322324, 0.0, 0.0, 0.03626170169052237, 0.0, 0.034501771843740134, 0.0, 0.03125, 0.0, 0.0, 0.0, 0.08784079910334996, 0.0, 0.0677368354873798, 0.0, 0.0, 0.0, 0.0, 0.0, 0.0, 0.0, 0.0, 0.0, 0.04456015789790373, 0.0, 0.07308498338352318, 0.025003828874980948, 0.0, 0.0, 0.0, 0.0, 0.0, 0.0078124999999999965, 0.0530791328133971, 0.028260912449432476, 0.0015914078979037316, 0.0, 0.0, 0.037387383581958554, 0.0, 0.06230983588802043, 0.014078475937763374, 0.0, 0.0, 0.0, 0.015624999999999997, 0.0, 0.026083376478101036, 0.0, 0.02830313415743799, 0.0, 0.012209043097404127, 0.0, 0.0015914078979037314, 0.0, 0.06505650040094343, 0.0, 0.0, 0.015624999999999997, 0.0, 0.0, 0.0, 0.0, 0.03533504549969682, 0.00914272806933674, 0.0, 0.0, 0.0, 0.0, 0.0349258005465043, 0.0, 0.035288515680505644, 0.0, 0.0015914078979037316, 0.021507915775058478, 0.002188185859617631, 0.074874142365772, 0.0], [0.0, 7.515499865038219e-13, 0.03403767659510981, 1.0, 0.0, 0.024527612012958527, 0.4250262213026049, 5.323754396902478e-08, 1.1621681115838375e-12, 0.64024860621862, 0.0011658251166773016, 0.5840698699483441, 4.06669404322151e-05, 0.00874227777344987, 6.597203288482235e-05, 0.0, 0.0010064196841237417, 0.23581801256457063, 3.885393333587139e-06, 0.31185598981682955, 0.4318260210156225, 5.4397932685186897e-05, 3.180733276094421e-05, 0.0, 0.10657706212133242, 6.148402363583066e-15, 3.985732669952653e-06, 0.3737996172471199, 0.014733247431883882, 0.42448315157605687, 7.547551454790612e-05, 0.03704031857891717, 0.07019021629912962, 0.0008544921875, 0.0, 0.0, 3.6386502350334286e-07, 0.0017417624394506185, 0.012041632026461767, 0.407054618073708, 0.06623843367028978, 0.2632176216222636, 3.6216890132880816e-05, 3.928203326989121e-12, 0.7984013561537197, 1.0599307764468929e-05, 0.4241714957465965, 0.30018152808310167, 2.322055022781418e-10, 0.0, 0.33274826843489724, 0.05482151474866448, 5.2426922257409155e-20, 0.40538445226705205, 1.1834774076266494e-11, 0.46806790828349204, 0.0, 0.0841433044229901, 0.0, 0.005064410238715164, 7.370990774311949e-14, 0.3943811297691027, 0.0, 3.407724084314154e-05, 0.04217889959872634, 2.619344741106033e-10, 9.431430914090834e-05, 1.6034174588557553e-20, 0.00043671435214779296, 0.43506046479716404, 0.04740426896025893, 0.0, 7.559542384208394e-20, 1.0124035685905577e-05, 0.0, 0.5829619362465928, 3.3187146315612225e-09, 0.20596699955910097, 1.576358184582302e-20, 0.00134629792840507, 0.02445893614589291, 0.00842056712970687, 0.2921768988200467, 0.0], [0.0, 0.0, 0.0, 0.0, 1.0, 0.0, 0.0, 0.0, 0.0, 0.0, 0.0, 0.0, 0.0, 0.0, 0.0, 0.0, 0.0, 0.0, 0.0, 0.0, 0.0, 0.0, 0.0, 0.0, 0.0, 0.0, 0.0, 0.0, 0.0, 0.0, 0.0, 0.0, 0.0, 0.0, 0.0, 0.0, 0.0, 0.0, 0.0, 0.0, 0.0, 0.0, 0.0, 0.0, 0.0, 0.0, 0.0, 0.0, 0.0, 0.0, 0.0, 0.0, 0.0, 0.0, 0.0, 0.0, 0.0, 0.0, 0.0, 0.0, 0.0, 0.0, 0.0, 0.0, 0.0, 0.0, 0.0, 0.0, 0.0, 0.0, 0.0, 0.0, 0.0, 0.0, 0.0, 0.0, 0.0, 0.0, 0.0, 0.0, 0.0, 0.0, 0.0, 0.0], [0.0, 0.0, 0.009466634061735885, 0.024527612012958527, 0.0, 1.0, 0.0048876114400948755, 0.0, 0.0, 0.030129989197330977, 0.000619104224321991, 0.00857197633115288, 3.509394597401418e-05, 0.007812499999999997, 5.77354478660453e-05, 0.0, 0.0004499276560378235, 0.02252111852910875, 0.0, 0.016555556508164804, 3.0840524453119594e-05, 0.00011487830634575419, 0.0, 0.0, 0.0017146555609363115, 0.0, 0.0, 0.0, 0.005042947065374241, 0.027040599175410657, 0.00013415595878084308, 0.007882304408180649, 0.009378828874980951, 0.0006518791044579939, 0.0, 0.0, 0.0, 0.0015230038235117694, 0.010892338194885342, 0.016138891019412092, 0.02819885605941939, 0.0032807517729522657, 0.0, 0.0, 0.01466982132634815, 0.0, 0.005000264647537738, 0.020275620553609555, 0.0, 0.0, 0.015806199409587197, 0.013668585826846293, 0.0, 0.03674524017294881, 0.0, 0.029749569457011744, 0.0, 0.0, 0.0, 0.004998279234424822, 0.0, 0.021339315432240512, 0.0, 2.301955554224768e-05, 0.0038007732141740486, 0.0, 5.40055310750312e-05, 0.0, 0.0006394402417651991, 0.01937130818675888, 0.014185675134710979, 0.0, 0.0, 0.0, 0.0, 0.019895123078534985, 0.0, 0.007927452180791786, 0.0, 0.0015022707377377437, 0.016359262875510826, 0.0014703298132896351, 0.016138960768572373, 0.0], [0.0, 0.0, 0.064277643322324, 0.4250262213026049, 0.0, 0.0048876114400948755, 1.0, 1.862645149230957e-09, 0.0, 0.3599658661490964, 0.000447950383594299, 0.3387072455400155, 4.702092930886276e-06, 0.0, 9.795538788682489e-07, 0.0, 0.00025722714613205026, 0.24026759538826, 1.3313357934877067e-06, 0.5047934291156544, 0.2526455763199557, 3.7742981806564744e-06, 2.9706408837825028e-05, 0.0, 0.014074636164461125, 0.0, 1.5775270587577102e-06, 0.19734157183961182, 0.0, 0.24185701854855318, 1.1175870895385742e-08, 0.061999346881015806, 0.13508303458255086, 0.0007611947047183732, 0.0, 0.0, 4.493791604079702e-11, 0.00126878683405983, 0.002671070005586647, 0.34979027797474377, 0.025079621275470934, 0.02344208267653316, 2.8950012530145228e-05, 0.0, 0.26456615545212653, 9.272492897571488e-06, 0.12905648176796963, 0.19786006922452676, 2.3184040801608383e-10, 0.0, 0.20781502743664987, 0.014977483616939622, 0.0, 0.18668563485047085, 0.0, 0.3620097661185059, 0.0, 0.0022878588846257587, 0.0, 0.0042967388645951616, 0.0, 0.5079608338064462, 0.0, 0.0, 0.04311250107052865, 3.4867083744641064e-10, 0.0, 0.0, 0.0002972146739130435, 0.22167813381769452, 0.11644395546959564, 0.0, 0.0, 1.0467442940826954e-05, 0.0, 0.1350465649128036, 3.138279526823589e-09, 0.4373032984005352, 0.0, 0.0045881551067601545, 0.004228487366868867, 0.0032462281432485505, 0.19977532506787016, 0.0], [0.0, 0.0, 0.0, 5.323754396902478e-08, 0.0, 0.0, 1.862645149230957e-09, 1.0, 0.0, 3.528448930501175e-08, 3.707833848083779e-08, 4.3945672568473566e-08, 0.0, 0.0, 0.0, 0.0, 0.0, 3.515299352398572e-08, 1.1455317359443013e-08, 2.6848441971565705e-08, 0.0, 0.0, 0.0, 0.0, 2.7683225773813364e-08, 0.0, 7.078051567077635e-08, 0.0, 0.0, 3.6986992142942325e-08, 1.8626451492309568e-09, 0.0, 2.284416641573968e-08, 0.0, 0.0, 0.0, 0.0, 0.0, 0.0, 9.433081185094344e-08, 0.0, 1.2759045624544376e-09, 0.0, 0.0, 3.518896506337747e-08, 0.0, 7.078051567077635e-08, 0.0, 0.0, 0.0, 0.0, 0.0, 0.0, 4.050932248894993e-08, 0.0, 1.8597039649282108e-08, 0.0, 0.0, 0.0, 7.078051567077635e-08, 0.0, 5.464620919270513e-08, 0.0, 0.0, 1.3504310166399106e-08, 0.0, 0.0, 0.0, 0.0, 3.395153182754508e-08, 0.0, 0.0, 0.0, 0.0, 0.0, 7.218713421317806e-08, 0.0, 0.0, 0.0, 0.0, 0.0, 2.793967723846435e-08, 2.3729337740364224e-08, 0.0], [0.0, 4.853240506589091e-13, 0.0, 1.1621681115838375e-12, 0.0, 0.0, 0.0, 0.0, 1.0, 6.399008063390283e-13, 1.298703638300743e-13, 8.915387966537125e-13, 0.0, 0.0, 9.301865746151362e-13, 0.0, 0.0, 6.724670353413631e-13, 5.262304264530515e-13, 7.445611679632849e-13, 0.0, 3.0804262045296376e-14, 0.0, 0.0, 3.118739602172923e-14, 1.414129553730939e-14, 1.9329646037771958e-13, 7.273506611905402e-13, 0.0, 4.724485384703067e-13, 0.0, 0.0, 0.0, 0.0, 0.0, 0.0, 0.0, 0.0, 0.0, 9.000958629585214e-13, 0.0, 2.842170943040401e-14, 0.0, 1.2266141971972701e-14, 7.716230771301889e-13, 1.8160825148998245e-13, 0.0, 0.0, 0.0, 0.0, 3.41459090173246e-14, 0.0, 0.0, 2.2267668416383296e-13, 0.0, 9.774335153579278e-13, 0.0, 0.0, 0.0, 0.0, 1.9730996195299934e-14, 5.999213277325374e-13, 0.0, 0.0, 0.0, 0.0, 0.0, 0.0, 0.0, 7.704023095144209e-13, 0.0, 0.0, 0.0, 0.0, 0.0, 1.1909893908305692e-12, 0.0, 3.450857980736566e-13, 0.0, 0.0, 0.0, 0.0, 5.589470396142852e-13, 0.0], [0.0, 8.395764230853929e-13, 0.03626170169052237, 0.64024860621862, 0.0, 0.030129989197330977, 0.3599658661490964, 3.528448930501175e-08, 6.399008063390283e-13, 1.0, 0.0003417541460935204, 0.31110913987678634, 6.370569763548114e-05, 0.01265275515904556, 2.60881482510739e-05, 0.0, 0.0010293872591693944, 0.4903098547299397, 1.0926882941673812e-06, 0.3445452367905234, 0.40438200522066625, 3.542817236232117e-05, 8.946218944482358e-06, 0.0, 0.22750845097365124, 6.95835563529927e-15, 3.3524723236200147e-06, 0.3559645450111613, 0.0002503286469187506, 0.5548647682205609, 3.122088183973022e-05, 0.040945084342325674, 0.062030516189741404, 0.0020131754620153408, 0.0, 0.0, 9.404308046713419e-08, 0.0008918869010275682, 0.017144026326872765, 0.40973183444273775, 0.049429446390374464, 0.050838624541009486, 1.5687242880679284e-05, 7.107429676073997e-15, 0.5233689346049366, 2.0753559350374533e-05, 0.41931536312766116, 0.4682530181193389, 9.125623762907684e-11, 0.0, 0.4554724660571352, 0.0909007449238221, 2.7789922116665056e-20, 0.30933224045077146, 3.058313098948555e-13, 0.35362368617734186, 0.0, 0.18039489675725662, 0.0, 0.009997007248641257, 5.624683733502522e-14, 0.2524294617962202, 0.0, 2.4051176486259643e-06, 0.06784430833987531, 1.353923343953137e-10, 0.00012207031250012682, 2.4743416115267407e-20, 0.0009302955829810751, 0.3845487023885148, 0.023661621398752587, 0.0, 2.258293039950615e-20, 1.71146132706348e-05, 0.0, 0.4794959830882593, 2.784418562042947e-09, 0.27624474488185913, 4.9932000106651895e-20, 0.002425685165659615, 0.029233450337378696, 0.01779261432141222, 0.40934906837294205, 0.0], [0.0, 1.1882279259676305e-13, 0.0, 0.0011658251166773016, 0.0, 0.000619104224321991, 0.000447950383594299, 3.707833848083779e-08, 1.298703638300743e-13, 0.0003417541460935204, 1.0, 3.806021196297866e-08, 3.2630879317028104e-06, 0.0, 3.814699682380319e-06, 0.0, 0.0002430927230366386, 0.0007130004007980707, 1.5535208761851297e-08, 0.0005566387074687733, 4.562555825863738e-13, 3.5246386624132986e-14, 0.0, 0.0, 0.0004940550681619609, 4.5502243337083255e-15, 3.449968012468497e-08, 5.740002271971752e-13, 0.0, 0.0002701435745904133, 0.0, 0.00024414062499999995, 1.4535728843659334e-08, 0.0, 0.0, 0.0, 0.0, 0.0005082192381509113, 0.0, 0.0002841784714378272, 4.547473508864641e-13, 3.814697294366164e-06, 0.0, 2.842170943040401e-14, 0.00033423982632277074, 2.9760813005020705e-14, 0.0004063251082820886, 0.0005792424843797275, 0.0, 0.0, 3.552713678800501e-14, 3.0464268466536187e-16, 0.0, 0.0005494407320172317, 0.0, 0.0009609002078201243, 0.0, 0.0, 0.0, 3.44991899612196e-08, 1.2295711689552785e-14, 0.0004801615161258305, 0.0, 0.0, 0.00024415552616119374, 0.0, 8.197555508932681e-17, 0.0, 0.00024414062499999995, 0.0005118801645852004, 4.3299447092243753e-16, 0.0, 0.0, 3.8146972657270836e-06, 0.0, 0.00043638334970088645, 0.0, 6.242844183450256e-14, 0.0, 0.0, 4.547473508864642e-13, 0.0002442075555069221, 0.0005906477089565851, 0.0], [0.0, 4.2866549848816987e-13, 0.034501771843740134, 0.5840698699483441, 0.0, 0.00857197633115288, 0.3387072455400155, 4.3945672568473566e-08, 8.915387966537125e-13, 0.31110913987678634, 3.806021196297866e-08, 1.0, 3.744723053143163e-05, 0.007812499999999997, 3.698852924877545e-05, 0.0, 0.0, 0.33271604871901383, 2.1567604100611346e-06, 0.24042131305444187, 0.6680329301595891, 5.224966612537476e-05, 7.778777844625449e-06, 0.0, 0.11003306555602077, 1.1019275740246033e-14, 3.281136903767353e-06, 0.19158466304750002, 0.0, 0.35232262957468896, 0.00010538817521764869, 0.03722075491801359, 0.10537306967918332, 8.078229447172037e-20, 0.0, 0.0, 2.3834915387506033e-07, 0.0, 0.009464914071956583, 0.36890376679932513, 0.03870283586467583, 0.27760081435165085, 1.2407599447972683e-05, 6.774419250962166e-12, 0.593468076600586, 2.3195615300342253e-05, 0.2671759018242192, 0.4262770627974086, 6.725514421411388e-11, 0.0, 0.10284275045778381, 0.07582632342052201, 5.3963526732723443e-20, 0.4563399239729437, 1.8337034485944914e-11, 0.38709871273596685, 0.0, 0.08198400220548983, 0.0, 0.007083501064806456, 3.409232311417909e-14, 0.28334922463182677, 0.0, 6.093343656998311e-05, 0.10037490246083532, 9.531094582223168e-11, 0.00011385508232198441, 9.222462813962628e-20, 0.0, 0.3976550905029508, 0.08755388619020395, 0.0, 5.973267254483329e-20, 7.850462942189255e-06, 0.0, 0.4133928706512301, 2.116875794794656e-09, 0.19433160082305267, 1.0343547275983003e-19, 0.0011869741793564185, 0.029270121140340676, 0.003924070984614547, 0.40643284525992607, 0.0], [0.0, 0.0, 0.0, 4.06669404322151e-05, 0.0, 3.509394597401418e-05, 4.702092930886276e-06, 0.0, 0.0, 6.370569763548114e-05, 3.2630879317028104e-06, 3.744723053143163e-05, 1.0, 0.0, 1.678213067518852e-05, 0.0, 0.0, 4.114014070004206e-05, 4.006437612260414e-06, 5.955411886394409e-05, 2.3670159138316835e-05, 2.3308236950083394e-07, 7.752628294304753e-06, 0.0, 1.5518030750458975e-05, 0.0, 3.3445331392751307e-06, 1.2722874267657823e-19, 0.0, 4.562128092038339e-05, 1.758318968805029e-05, 1.1030835746259667e-06, 0.0, 0.0, 0.0, 0.0, 0.0, 0.0, 0.0, 3.906175189649226e-05, 0.0, 3.41827125808591e-05, 1.1056333795140116e-05, 0.0, 4.959742937686485e-05, 1.9790714293233443e-05, 5.708403106657639e-05, 1.758318968805029e-05, 0.0, 0.0, 0.0, 0.0, 5.421010862427522e-20, 4.3028697922771505e-05, 0.0, 2.721011324614691e-05, 0.0, 3.043037823611592e-20, 0.0, 3.944627946130506e-06, 2.7105054312137605e-20, 5.6418855708044104e-05, 0.0, 1.4206129946942957e-05, 9.095467317699113e-05, 0.0, 0.0, 2.7105054312137608e-20, 0.0, 4.152596467070433e-05, 0.0, 0.0, 5.421010862427522e-20, 1.853991482681969e-05, 0.0, 9.988625180087836e-05, 0.0, 2.7105054312137608e-20, 6.100904624562649e-20, 1.758318968805029e-05, 0.0, 2.782847049214309e-05, 3.711521044465969e-05, 0.0], [0.0, 0.0, 0.03125, 0.00874227777344987, 0.0, 0.007812499999999997, 0.0, 0.0, 0.0, 0.01265275515904556, 0.0, 0.007812499999999997, 0.0, 1.0, 0.0, 0.0, 0.0, 0.024100933977490586, 0.0, 0.027110238038615907, 0.0, 0.0, 0.0, 0.0, 0.0, 0.0, 0.0, 0.0, 0.0, 0.027343750000000003, 0.0, 0.010584983383523174, 0.009378828874980953, 0.0, 0.0, 0.0, 0.0, 0.0, 0.007812499999999999, 0.030840123414717115, 0.011367700582321123, 0.0, 0.0, 0.0, 0.031175603523124252, 0.0, 0.0, 0.010218858926256852, 0.0, 0.0, 0.0, 0.0, 0.0, 0.008044244192287013, 0.0, 0.007645313941234405, 0.0, 0.0, 0.0, 0.0, 0.0, 0.0010025734555890575, 0.0, 0.0, 0.0, 0.0, 0.0, 0.0, 0.0, 0.007812499999999997, 0.00914272806933674, 0.0, 0.0, 0.0, 0.0, 0.024514516892273002, 0.0, 0.007812499999999997, 0.0, 0.0, 0.01913663861549358, 0.0, 0.012000384018432982, 0.0], [0.0, 3.105092515410445e-13, 0.0, 6.597203288482235e-05, 0.0, 5.77354478660453e-05, 9.795538788682489e-07, 0.0, 9.301865746151362e-13, 2.60881482510739e-05, 3.814699682380319e-06, 3.698852924877545e-05, 1.678213067518852e-05, 0.0, 1.0, 0.0, 0.0, 8.979432301228344e-05, 1.724487235881108e-06, 4.047834898986565e-05, 1.5070934011864784e-12, 4.284707253048999e-05, 8.194450296678989e-07, 0.0, 2.0301100020987487e-06, 1.520779607297537e-16, 1.7323469290501632e-06, 8.49916058848329e-12, 0.0, 3.193905643826721e-06, 3.618939583017402e-05, 1.907348632817704e-06, 0.0, 0.0, 0.0, 0.0, 0.0, 0.0, 3.618939583017401e-05, 5.752611572001993e-05, 2.659568107044705e-12, 8.26992996825819e-06, 1.6002419594734842e-06, 5.2041704279304205e-18, 1.5639111086403348e-05, 2.2788334354653507e-13, 7.298435527714313e-05, 8.866520486006114e-05, 5.5177545095796053e-11, 0.0, 5.4284093745261036e-05, 3.618946411805838e-05, 0.0, 2.2931297673571503e-05, 7.275957614183426e-12, 4.4914678700243315e-05, 0.0, 1.7347234759768067e-18, 0.0, 9.536743164062499e-07, 0.0, 0.00011413480886015175, 0.0, 0.0, 1.301680625979759e-05, 5.820766091346742e-11, 1.2063131943496555e-05, 0.0, 0.0, 0.00013422350527150329, 6.334241335076613e-11, 0.0, 0.0, 5.722045898515159e-06, 0.0, 0.00011044317095601684, 5.820766091346741e-11, 1.2076957515018233e-12, 0.0, 1.2063131943391339e-05, 2.6595674565234015e-12, 5.1856402238101415e-05, 9.719099315394864e-05, 0.0], [0.0, 0.0, 0.0, 0.0, 0.0, 0.0, 0.0, 0.0, 0.0, 0.0, 0.0, 0.0, 0.0, 0.0, 0.0, 1.0, 0.0, 0.0, 0.0, 0.0, 0.0, 0.0, 0.0, 0.0, 0.0, 0.0, 0.0, 0.0, 0.0, 0.0, 0.0, 0.0, 0.0, 0.0, 0.0, 0.0, 0.0, 0.0, 0.0, 0.0, 0.0, 0.0, 0.0, 0.0, 0.0, 0.0, 0.0, 0.0, 0.0, 0.0, 0.0, 0.0, 0.0, 0.0, 0.0, 0.0, 0.0, 0.0, 0.0, 0.0, 0.0, 0.0, 0.0, 0.0, 0.0, 0.0, 0.0, 0.0, 0.0, 0.0, 0.0, 0.0, 0.0, 0.0, 0.0, 0.0, 0.0, 0.0, 0.0, 0.0, 0.0, 0.0, 0.0, 0.0], [0.0, 0.0, 0.0, 0.0010064196841237417, 0.0, 0.0004499276560378235, 0.00025722714613205026, 0.0, 0.0, 0.0010293872591693944, 0.0002430927230366386, 0.0, 0.0, 0.0, 0.0, 0.0, 1.0, 0.0010494404507750776, 0.0, 0.0001518429809510878, 0.0, 0.0, 0.0, 0.0, 0.0014387900897679562, 0.0, 0.0, 0.0, 0.0, 0.0007964961570491243, 0.0, 0.0, 0.0, 0.0011960399134683486, 0.0, 0.0, 0.0, 0.0012957099062573779, 0.0007973599423122326, 0.0008067209421430501, 0.0, 0.0, 0.0, 0.0, 0.0010939688156468828, 0.0, 0.00028851228131741646, 0.0010129254924908164, 0.0, 0.0, 0.0007973599423122323, 0.0, 0.0, 0.00036441566901919555, 0.0, 0.00033779406056439235, 0.0, 0.0, 0.0, 0.0011960399134683488, 0.0, 0.001068030923210734, 0.0, 0.0, 0.0011960399134683488, 0.0, 0.0, 0.0, 0.0, 0.0008889980629878506, 0.0, 0.0, 0.0, 0.0, 0.0, 0.0013564800892980964, 0.0, 0.0, 0.0, 0.0006153574588013714, 0.0011960399134683488, 0.0007973599423122325, 0.0016246748772044601, 0.0], [0.0, 3.1747465170527597e-13, 0.08784079910334996, 0.23581801256457063, 0.0, 0.02252111852910875, 0.24026759538826, 3.515299352398572e-08, 6.724670353413631e-13, 0.4903098547299397, 0.0007130004007980707, 0.33271604871901383, 4.114014070004206e-05, 0.024100933977490586, 8.979432301228344e-05, 0.0, 0.0010494404507750776, 1.0, 4.158973532157497e-06, 0.4981429453909637, 0.3056300478504469, 5.309741581393106e-05, 2.2313021536174477e-05, 0.0, 0.2610691507004467, 3.621850724394153e-15, 2.4424852341296425e-06, 0.24119714200423464, 0.0019383470449446684, 0.4769915291346969, 9.250696243547962e-05, 0.06819427603987978, 0.06577119764785809, 0.00012223864844599123, 0.0, 0.0, 5.039480172369295e-07, 0.0020525304091978903, 0.007591326774653868, 0.6320244294760455, 0.06583598317137201, 0.15282844455088943, 2.4373221513443763e-05, 1.0158698789260254e-11, 0.2161243859789717, 2.0333879843574442e-05, 0.18491442356595247, 0.3441834602772269, 1.6734089552602912e-10, 0.0, 0.2783774602129626, 0.042437307510855116, 5.983376338450913e-20, 0.2830718324661761, 6.436688541211935e-12, 0.5991487737086268, 0.0, 0.09384235010731538, 0.0, 0.0031719920848553677, 3.233908290947763e-14, 0.4772877571581545, 0.0, 3.6261463874333155e-05, 0.11000924559683395, 1.9696860582507537e-10, 3.302383119085347e-05, 7.534597392683893e-20, 0.00014014235166872328, 0.3828425513317174, 0.04889571392704489, 0.0, 7.261439527300117e-20, 2.7040475683826163e-05, 0.0, 0.47836498155910806, 2.0851663072200842e-09, 0.2953160038758018, 8.236944475497799e-20, 0.0032779651991825254, 0.026416827101972032, 0.004879969535003002, 0.19766706170137407, 0.0], [0.0, 5.490810662462375e-13, 0.0, 3.885393333587139e-06, 0.0, 0.0, 1.3313357934877067e-06, 1.1455317359443013e-08, 5.262304264530515e-13, 1.0926882941673812e-06, 1.5535208761851297e-08, 2.1567604100611346e-06, 4.006437612260414e-06, 0.0, 1.724487235881108e-06, 0.0, 0.0, 4.158973532157497e-06, 1.0, 1.1344647904301145e-06, 1.7336702841166138e-12, 1.1448765746111876e-06, 9.979618913146674e-07, 0.0, 7.580912864422869e-07, 0.0, 1.6641014582723832e-06, 3.2613522354220886e-11, 0.0, 3.4000674967566335e-06, 2.7939677238464355e-09, 9.587677380519234e-07, 7.471748704910667e-08, 1.6940658945086005e-21, 0.0, 0.0, 4.4894784982917576e-08, 0.0, 0.0, 3.889523771231592e-06, 4.416095669828513e-12, 4.1378202968530074e-06, 1.7795835839497117e-06, 4.386681417917174e-13, 4.1004867090309285e-06, 1.0446226432459515e-07, 1.1137894418563666e-06, 2.647601325321153e-15, 0.0, 0.0, 0.0, 3.5493038366876567e-15, 1.7941186644725332e-20, 5.303394524268972e-06, 7.275957614183426e-12, 1.6385326787099574e-06, 0.0, 4.4853736592221774e-08, 0.0, 4.157704369921718e-06, 2.7105054312137617e-20, 2.5696589345531566e-06, 0.0, 4.1228365938600883e-20, 9.981752577801275e-07, 1.1327435515322531e-10, 0.0, 2.710505431213761e-20, 0.0, 2.1854957584261378e-06, 7.641628288965274e-17, 0.0, 2.3246823454649758e-20, 0.0, 0.0, 2.513727366368769e-06, 2.3841843005912712e-09, 1.0559598176678966e-09, 4.4178964522695053e-20, 0.0, 4.416095670675546e-12, 4.7127258937086595e-06, 4.75991385530725e-06, 0.0], [0.0, 3.3527498212411583e-13, 0.0677368354873798, 0.31185598981682955, 0.0, 0.016555556508164804, 0.5047934291156544, 2.6848441971565705e-08, 7.445611679632849e-13, 0.3445452367905234, 0.0005566387074687733, 0.24042131305444187, 5.955411886394409e-05, 0.027110238038615907, 4.047834898986565e-05, 0.0, 0.0001518429809510878, 0.4981429453909637, 1.1344647904301145e-06, 1.0, 0.13725369499682327, 1.3730121260265715e-05, 1.623027592712628e-05, 0.0, 0.27726331578314745, 2.3149121979970135e-15, 3.3252490474888444e-06, 0.5168123040160084, 0.005869555577465093, 0.2968010690366464, 4.4602219882166414e-05, 0.05218228409001534, 0.11053002522684832, 0.0007971336641491315, 0.0, 0.0, 1.3966677211258478e-07, 0.0020204556094682376, 0.00589545361273997, 0.4347429913239286, 0.06577407663997778, 0.2203273707616208, 2.376160992286044e-05, 4.702530594238226e-12, 0.3487001816569306, 9.652614461118975e-06, 0.5853503192071035, 0.37447269769397507, 1.3257937918850997e-10, 0.0, 0.06250100468180822, 0.05463611442757415, 1.417778986000856e-20, 0.46030149094162953, 8.99118093966777e-12, 0.3924002584623332, 0.0, 0.20507378803346238, 0.0, 0.008058866570125327, 3.788582887329629e-14, 0.7194593981763819, 0.0, 2.348052679378331e-05, 0.1032193642634665, 1.9910001950353566e-10, 0.00010056344059474642, 1.91381538065409e-20, 0.000259575788636939, 0.25609998060529976, 0.07193235305784557, 0.0, 1.3560163941523383e-20, 2.448231567772535e-05, 0.0, 0.5820626601807912, 8.097615708277403e-10, 0.7949810064645597, 5.904500034853161e-20, 0.003759060567874239, 0.011813279927034962, 0.009423272830307743, 0.39320326919830834, 0.0], [0.0, 1.8321721850945368e-16, 0.0, 0.4318260210156225, 0.0, 3.0840524453119594e-05, 0.2526455763199557, 0.0, 0.0, 0.40438200522066625, 4.562555825863738e-13, 0.6680329301595891, 2.3670159138316835e-05, 0.0, 1.5070934011864784e-12, 0.0, 0.0, 0.3056300478504469, 1.7336702841166138e-12, 0.13725369499682327, 1.0, 2.2864010256455636e-15, 0.0, 0.0, 0.08833584491268, 9.69525101047141e-18, 4.547473508864641e-13, 0.1926556858874943, 0.0, 0.1229213249983734, 3.147647846248757e-06, 8.673617379884035e-19, 0.0, 0.0, 0.0, 0.0, 0.0, 0.0, 0.0, 0.3318167735578079, 1.3642420526593924e-12, 0.07509043630892767, 1.9073486328124998e-06, 2.6020852139652106e-18, 0.44099064712200153, 5.982669401862764e-16, 0.27585616217295417, 0.3766859970095315, 0.0, 0.0, 0.025785531156469838, 1.0993033110567223e-15, 0.0, 0.3966256442906195, 0.0, 0.32605609904077937, 0.0, 0.06967330142916175, 0.0, 2.2204460492503136e-16, 2.710505431213761e-20, 0.14547426494622653, 0.0, 4.314940134251932e-06, 1.8885887077492557e-05, 0.0, 0.0, 1.0842021724855044e-19, 0.0, 0.2633843494796888, 0.0, 0.0, 0.0, 0.0, 0.0, 0.22832014708542442, 0.0, 0.2301211304462921, 7.152784732245865e-20, 5.980530907872642e-05, 1.3642420526593924e-12, 1.888588747780707e-05, 0.25209257904541177, 0.0], [0.0, 1.352655195423709e-14, 0.0, 5.4397932685186897e-05, 0.0, 0.00011487830634575419, 3.7742981806564744e-06, 0.0, 3.0804262045296376e-14, 3.542817236232117e-05, 3.5246386624132986e-14, 5.224966612537476e-05, 2.3308236950083394e-07, 0.0, 4.284707253048999e-05, 0.0, 0.0, 5.309741581393106e-05, 1.1448765746111876e-06, 1.3730121260265715e-05, 2.2864010256455636e-15, 1.0, 3.727197154172372e-07, 0.0, 3.359370159052895e-14, 5.383393109391879e-15, 1.144876597917275e-06, 1.7311899704792074e-14, 0.0, 9.974919561125733e-05, 0.00012112864007323534, 0.0, 0.0, 0.0, 0.0, 0.0, 0.0, 0.0, 0.00012112864007323534, 0.00010321390114056435, 0.0, 1.4560673044785182e-06, 7.141908195080055e-07, 2.842170943040401e-14, 3.534122579442193e-05, 2.497737085120721e-15, 5.65481606763581e-05, 2.3076445453770804e-05, 0.0, 0.0, 0.00011331388910787396, 0.00012112864007487553, 1.1858461261560203e-20, 4.039818099034641e-05, 0.0, 0.0001214330402188562, 0.0, 0.0, 0.0, 1.1448765719853774e-06, 4.906074436567503e-14, 4.3043973921970975e-06, 0.0, 1.040704401454905e-21, 3.892811668296027e-05, 0.0, 3.516637937616994e-05, 0.0, 0.0, 3.6311255975266806e-05, 4.3299447092243763e-16, 0.0, 0.0, 3.257878337167296e-17, 0.0, 5.697202813665931e-05, 0.0, 5.884853420313417e-14, 0.0, 3.516637937610058e-05, 1.0407044014549047e-21, 0.00011091544474600777, 1.04835785695698e-05, 0.0], [0.0, 0.0, 0.0, 3.180733276094421e-05, 0.0, 0.0, 2.9706408837825028e-05, 0.0, 0.0, 8.946218944482358e-06, 0.0, 7.778777844625449e-06, 7.752628294304753e-06, 0.0, 8.194450296678989e-07, 0.0, 0.0, 2.2313021536174477e-05, 9.979618913146674e-07, 1.623027592712628e-05, 0.0, 3.727197154172372e-07, 1.0, 0.0, 7.629394531249999e-06, 0.0, 9.975852535087464e-07, 6.407260261781803e-21, 0.0, 2.0375660064547708e-05, 0.0, 0.0, 0.0, 1.6940658945086007e-21, 0.0, 0.0, 0.0, 0.0, 0.0, 3.29449685086487e-05, 0.0, 3.0906298486481325e-05, 3.417285383307361e-05, 0.0, 8.943634993222963e-06, 1.67709251022189e-05, 7.629394531250008e-06, 0.0, 0.0, 0.0, 0.0, 0.0, 1.6940658945086005e-21, 1.1831769730755194e-05, 0.0, 2.0831999198151757e-05, 0.0, 0.0, 0.0, 9.97585253508748e-07, 0.0, 1.611675042900135e-05, 0.0, 1.3552527156068805e-20, 1.3114671526905917e-05, 0.0, 0.0, 0.0, 0.0, 1.4283757514014791e-05, 7.85376277354925e-21, 0.0, 1.0772799629391012e-20, 7.629394531249999e-06, 0.0, 5.9288677341010605e-06, 1.7417818933934045e-09, 1.1641532182693479e-10, 0.0, 0.0, 0.0, 2.7319489031898856e-05, 7.27866384907094e-06, 0.0], [0.0, 0.0, 0.0, 0.0, 0.0, 0.0, 0.0, 0.0, 0.0, 0.0, 0.0, 0.0, 0.0, 0.0, 0.0, 0.0, 0.0, 0.0, 0.0, 0.0, 0.0, 0.0, 0.0, 1.0, 0.0, 0.0, 0.0, 0.0, 0.0, 0.0, 0.0, 0.0, 0.0, 0.0, 0.0, 0.0, 0.0, 0.0, 0.0, 0.0, 0.0, 0.0, 0.0, 0.0, 0.0, 0.0, 0.0, 0.0, 0.0, 0.0, 0.0, 0.0, 0.0, 0.0, 0.0, 0.0, 0.0, 0.0, 0.0, 0.0, 0.0, 0.0, 0.0, 0.0, 0.0, 0.0, 0.0, 0.0, 0.0, 0.0, 0.0, 0.0, 0.0, 0.0, 0.0, 0.0, 0.0, 0.0, 0.0, 0.0, 0.0, 0.0, 0.0, 0.0], [0.0, 2.5969369369655062e-15, 0.0, 0.10657706212133242, 0.0, 0.0017146555609363115, 0.014074636164461125, 2.7683225773813364e-08, 3.118739602172923e-14, 0.22750845097365124, 0.0004940550681619609, 0.11003306555602077, 1.5518030750458975e-05, 0.0, 2.0301100020987487e-06, 0.0, 0.0014387900897679562, 0.2610691507004467, 7.580912864422869e-07, 0.27726331578314745, 0.08833584491268, 3.359370159052895e-14, 7.629394531249999e-06, 0.0, 1.0, 1.3356851462319693e-14, 7.820558085255756e-07, 0.03410716868025258, 0.0, 0.21128758803059478, 0.0, 0.00036671004634206356, 0.0223462542154149, 0.0009765625, 0.0, 0.0, 5.066394805908202e-07, 0.0013016762694009112, 0.00048828124999999995, 0.20391784615590158, 0.0, 0.17587489552931218, 7.629394531249999e-06, 2.6214223232039368e-14, 0.12319286025229792, 1.6896818260532616e-05, 0.22591069087773652, 0.19377287836654628, 0.0, 0.0, 0.0009155273437574897, 0.03410716868024134, 0.0, 0.11842106506791017, 0.0, 0.17186508423541821, 0.0, 0.23401830349985941, 0.0, 0.0004889104727139786, 1.5748903248851124e-14, 0.1759230068993084, 0.0, 0.0, 0.12541228484174533, 0.0, 0.0, 0.0, 0.0007319802445469524, 0.2555479290688308, 0.02234607603188226, 0.0, 0.0, 4.495391591770221e-05, 0.0, 0.016895089289755645, 0.0, 0.14523660017584944, 0.0, 0.00016747908705323121, 0.0019531249999999998, 0.000866100373413241, 0.17722021891072895, 0.0], [0.0, 2.175583928816829e-15, 0.0, 6.148402363583066e-15, 0.0, 0.0, 0.0, 0.0, 1.414129553730939e-14, 6.95835563529927e-15, 4.5502243337083255e-15, 1.1019275740246033e-14, 0.0, 0.0, 1.520779607297537e-16, 0.0, 0.0, 3.621850724394153e-15, 0.0, 2.3149121979970135e-15, 9.69525101047141e-18, 5.383393109391879e-15, 0.0, 0.0, 1.3356851462319693e-14, 1.0, 0.0, 1.4648903131639533e-16, 0.0, 1.3663245025689369e-14, 0.0, 3.469446951953614e-18, 0.0, 0.0, 0.0, 0.0, 0.0, 0.0, 0.0, 4.618614639680232e-15, 0.0, 5.547755360368234e-17, 0.0, 7.017442914258083e-18, 6.681555301024199e-15, 0.0, 1.0878522348998819e-16, 6.048517470217359e-17, 0.0, 0.0, 0.0, 0.0, 0.0, 4.565804576266166e-15, 0.0, 5.3714831296612605e-15, 0.0, 2.811619441826183e-18, 0.0, 0.0, 6.5133084111342514e-15, 9.424880776570474e-15, 0.0, 0.0, 0.0, 0.0, 1.6445263018311104e-16, 0.0, 0.0, 9.080593431172517e-15, 0.0, 0.0, 0.0, 1.2906151650451997e-16, 0.0, 1.2254490347029832e-14, 0.0, 8.013285599741254e-17, 0.0, 0.0, 0.0, 2.0131687187673508e-16, 1.0990152191026221e-14, 0.0], [0.0, 1.2119313774444922e-13, 0.0, 3.985732669952653e-06, 0.0, 0.0, 1.5775270587577102e-06, 7.078051567077635e-08, 1.9329646037771958e-13, 3.3524723236200147e-06, 3.449968012468497e-08, 3.281136903767353e-06, 3.3445331392751307e-06, 0.0, 1.7323469290501632e-06, 0.0, 0.0, 2.4424852341296425e-06, 1.6641014582723832e-06, 3.3252490474888444e-06, 4.547473508864641e-13, 1.144876597917275e-06, 9.975852535087464e-07, 0.0, 7.820558085255756e-07, 0.0, 1.0, 2.183654899732068e-12, 0.0, 2.6049352888418037e-06, 0.0, 1.5546883350757818e-06, 1.4901161193847653e-08, 0.0, 0.0, 0.0, 1.4901161193847654e-07, 0.0, 0.0, 4.289921963596351e-06, 4.54747350886464e-13, 2.976813744265908e-06, 2.364013054676151e-06, 7.105427357601003e-15, 1.915300923147573e-06, 2.9802483367624286e-08, 1.3655062285135057e-06, 0.0, 0.0, 0.0, 3.5527136788005e-14, 0.0, 0.0, 3.5692145629220345e-06, 0.0, 1.7523002887344306e-06, 0.0, 2.9802322387695306e-08, 0.0, 1.5405087262554662e-06, 5.6432155235802593e-14, 5.422990165803848e-06, 0.0, 0.0, 9.834766387939453e-07, 0.0, 0.0, 0.0, 0.0, 6.661346003935711e-06, 0.0, 0.0, 0.0, 0.0, 0.0, 5.928443152394407e-06, 0.0, 5.029814824308589e-13, 0.0, 0.0, 4.5474735088646407e-13, 2.276281591788853e-06, 2.4365167949617738e-06, 0.0], [0.0, 8.349147895625573e-13, 0.0, 0.3737996172471199, 0.0, 0.0, 0.19734157183961182, 0.0, 7.273506611905402e-13, 0.3559645450111613, 5.740002271971752e-13, 0.19158466304750002, 1.2722874267657823e-19, 0.0, 8.49916058848329e-12, 0.0, 0.0, 0.24119714200423464, 3.2613522354220886e-11, 0.5168123040160084, 0.1926556858874943, 1.7311899704792074e-14, 6.407260261781803e-21, 0.0, 0.03410716868025258, 1.4648903131639533e-16, 2.183654899732068e-12, 1.0, 0.0, 0.19599909122014758, 0.0, 0.0, 0.031249999999999997, 8.352319913831437e-20, 0.0, 0.0, 0.0, 0.0, 0.0, 0.21592786811304654, 4.54747350886464e-13, 0.031250000000038525, 0.0, 4.832454987066493e-12, 0.33022347276979236, 3.83742276481832e-12, 0.47840588541029583, 0.24574418215304922, 0.0, 0.0, 0.1556555146485965, 0.03125000000000349, 3.908133429527841e-20, 0.44175199154485045, 7.275957614183426e-12, 0.16706549685194244, 0.0, 3.035209053698211e-20, 0.0, 1.1108321662088038e-16, 3.691525114083417e-14, 0.3916519618936363, 0.0, 1.1412042964544974e-19, 0.031249999999999993, 0.0, 2.197733737276213e-16, 3.3179712891633545e-20, 0.0, 0.08651504980365551, 0.03125000000000043, 0.0, 3.3486456424755885e-20, 2.1991776131967376e-16, 0.0, 0.5205170719012702, 0.0, 0.4384236940050898, 5.56062195737566e-20, 0.0, 4.547473529068847e-13, 2.2561850654876312e-11, 0.3647331454980565, 0.0], [0.0, 0.0, 0.0, 0.014733247431883882, 0.0, 0.005042947065374241, 0.0, 0.0, 0.0, 0.0002503286469187506, 0.0, 0.0, 0.0, 0.0, 0.0, 0.0, 0.0, 0.0019383470449446684, 0.0, 0.005869555577465093, 0.0, 0.0, 0.0, 0.0, 0.0, 0.0, 0.0, 0.0, 1.0, 0.0063788795384978605, 0.0, 0.0, 0.00390625, 0.0, 0.0, 0.0, 0.0, 0.0, 0.0, 0.00543031721262928, 0.0029557812239973356, 0.0, 0.0, 0.0, 0.0, 0.0, 0.0, 0.004437201830055194, 0.0, 0.0, 0.005859375000000001, 0.0020005762489514996, 0.0, 0.0, 0.0, 0.0025164065121779985, 0.0, 0.0, 0.0, 0.0, 0.0, 0.0034556708473804016, 0.0, 0.0, 0.0, 0.0, 0.0, 0.0, 0.0, 0.003906250000000001, 0.0039062499999999996, 0.0, 0.0, 0.0, 0.0, 0.004497489837405802, 0.0, 0.0, 0.0, 0.0, 0.0, 0.00390625, 0.0021735164100065143, 0.0], [0.0, 4.3292150114321257e-13, 0.04456015789790373, 0.42448315157605687, 0.0, 0.027040599175410657, 0.24185701854855318, 3.6986992142942325e-08, 4.724485384703067e-13, 0.5548647682205609, 0.0002701435745904133, 0.35232262957468896, 4.562128092038339e-05, 0.027343750000000003, 3.193905643826721e-06, 0.0, 0.0007964961570491243, 0.4769915291346969, 3.4000674967566335e-06, 0.2968010690366464, 0.1229213249983734, 9.974919561125733e-05, 2.0375660064547708e-05, 0.0, 0.21128758803059478, 1.3663245025689369e-14, 2.6049352888418037e-06, 0.19599909122014758, 0.0063788795384978605, 1.0, 0.00015432159616096005, 0.01995119633660984, 0.0827871160404226, 0.0005385598221014405, 0.0, 0.0, 1.6396481717307427e-07, 0.0013037663354008295, 0.01430693987764857, 0.21555953178791085, 0.050288997150867654, 0.1345392672415393, 2.250241337298166e-05, 8.853274864008495e-13, 0.4543499727250582, 1.7834551543776692e-06, 0.3614370889920556, 0.33203017965356957, 5.5177545095796053e-11, 0.0, 0.5178156162786149, 0.06341566814902254, 4.225506803476879e-20, 0.2263513007784469, 8.114536800782264e-12, 0.364052713556742, 0.0, 0.16504694036540743, 0.0, 0.006399625798365925, 3.357795617339377e-14, 0.3865770820255506, 0.0, 5.737316258068451e-05, 0.18626871769209263, 1.2043426789166976e-10, 2.735582886607686e-16, 4.246386371637453e-20, 0.00020866854260053133, 0.3194674331946298, 0.020092971705845404, 0.0, 4.110319019940566e-20, 2.5268216191947722e-05, 0.0, 0.40455480962842444, 2.823602085842492e-09, 0.281631801211717, 3.1759864687095756e-20, 0.002915622444389385, 0.032142719013560896, 0.011463106070238987, 0.5193587961169743, 0.0], [0.0, 0.0, 0.0, 7.547551454790612e-05, 0.0, 0.00013415595878084308, 1.1175870895385742e-08, 1.8626451492309568e-09, 0.0, 3.122088183973022e-05, 0.0, 0.00010538817521764869, 1.758318968805029e-05, 0.0, 3.618939583017402e-05, 0.0, 0.0, 9.250696243547962e-05, 2.7939677238464355e-09, 4.4602219882166414e-05, 3.147647846248757e-06, 0.00012112864007323534, 0.0, 0.0, 0.0, 0.0, 0.0, 0.0, 0.0, 0.00015432159616096005, 1.0, 0.0, 7.450580596923828e-09, 0.0, 0.0, 0.0, 0.0, 0.0, 0.0001220703125, 0.00012061072195285356, 0.0, 1.5261572854272633e-05, 0.0, 0.0, 5.120161934928421e-05, 0.0, 7.245430532109007e-05, 3.5721901794124e-05, 0.0, 0.0, 0.0001068115234375, 0.0001220703125, 0.0, 4.971471164790774e-05, 0.0, 0.00013415038996482517, 0.0, 0.0, 0.0, 0.0, 0.0, 1.9535053858310364e-05, 0.0, 6.093343656998297e-05, 4.578474909067154e-05, 0.0, 3.0517578124999993e-05, 0.0, 0.0, 4.961097930382267e-05, 0.0, 0.0, 0.0, 0.0, 0.0, 6.469542837522746e-05, 1.6097890949753073e-09, 3.7252902984619132e-09, 0.0, 4.57763671875e-05, 0.0, 0.00012876843416387442, 5.327900406970459e-05, 0.0], [0.0, 0.0, 0.07308498338352318, 0.03704031857891717, 0.0, 0.007882304408180649, 0.061999346881015806, 0.0, 0.0, 0.040945084342325674, 0.00024414062499999995, 0.03722075491801359, 1.1030835746259667e-06, 0.010584983383523174, 1.907348632817704e-06, 0.0, 0.0, 0.06819427603987978, 9.587677380519234e-07, 0.05218228409001534, 8.673617379884035e-19, 0.0, 0.0, 0.0, 0.00036671004634206356, 3.469446951953614e-18, 1.5546883350757818e-06, 0.0, 0.0, 0.01995119633660984, 0.0, 1.0, 0.03942594815348748, 0.00012207031249999999, 0.0, 0.0, 2.9802322387695312e-08, 0.0006645943883511918, 0.015877475075284763, 0.030451163264116017, 0.022973593183297017, 9.711810755373545e-07, 6.32752230355298e-07, 3.469446951953614e-18, 0.013565845005339236, 1.1374984259974094e-07, 0.060438757892529456, 0.012918019585801426, 0.0, 0.0, 0.0001220703125, 0.015624999999999997, 0.0, 0.023840869894034996, 0.0, 0.04134821546864105, 0.0, 0.012209072899726515, 0.0, 2.682209014892578e-07, 0.0, 0.06942674459008097, 0.0, 0.0, 0.016601592302322384, 0.0, 0.0, 0.0, 0.0011052234985618335, 0.03880114935067655, 0.02366288095082018, 0.0, 0.0, 0.0, 0.0, 0.018497598546291655, 0.0, 0.03826948909095575, 0.0, 0.0, 0.001920578387071881, 0.0003667175769805921, 0.07402751426243845, 0.0], [0.0, 0.0, 0.025003828874980948, 0.07019021629912962, 0.0, 0.009378828874980951, 0.13508303458255086, 2.284416641573968e-08, 0.0, 0.062030516189741404, 1.4535728843659334e-08, 0.10537306967918332, 0.0, 0.009378828874980953, 0.0, 0.0, 0.0, 0.06577119764785809, 7.471748704910667e-08, 0.11053002522684832, 0.0, 0.0, 0.0, 0.0, 0.0223462542154149, 0.0, 1.4901161193847653e-08, 0.031249999999999997, 0.00390625, 0.0827871160404226, 7.450580596923828e-09, 0.03942594815348748, 1.0, 0.0, 0.0, 0.0, 0.0, 0.0, 0.009378828874980951, 0.08111961774300938, 0.04632332367610095, 0.031250241202370875, 0.0, 0.0, 0.0979104145388428, 5.960464477539062e-08, 0.02053290728395822, 0.08011621914792771, 0.0, 0.0, 0.013671874999999998, 0.05237658468461662, 0.0, 0.07627288147362982, 0.0, 0.0685559444465182, 0.0, 0.01673091091125751, 0.0, 1.4901161193847653e-08, 0.0, 0.025093459063095284, 0.0, 0.0, 0.0937500111758709, 0.0, 0.0, 0.0, 0.0, 0.07907998342358516, 0.159180034383594, 0.0, 0.0, 0.0, 0.0, 0.11741924024837985, 0.0, 0.07916867094322261, 0.0, 0.0, 0.009845719340821945, 0.015625022351741787, 0.09329739706503107, 0.0], [0.0, 0.0, 0.0, 0.0008544921875, 0.0, 0.0006518791044579939, 0.0007611947047183732, 0.0, 0.0, 0.0020131754620153408, 0.0, 8.078229447172037e-20, 0.0, 0.0, 0.0, 0.0, 0.0011960399134683486, 0.00012223864844599123, 1.6940658945086005e-21, 0.0007971336641491315, 0.0, 0.0, 1.6940658945086007e-21, 0.0, 0.0009765625, 0.0, 0.0, 8.352319913831437e-20, 0.0, 0.0005385598221014405, 0.0, 0.00012207031249999999, 0.0, 1.0, 0.0, 0.0, 0.0, 0.0007934570312500001, 0.00048828124999999995, 0.0002963817699644381, 0.0, 1.6940658945086005e-21, 0.0, 0.0, 0.0006699163482129252, 1.672669674594273e-21, 0.00103759765625, 0.0006056098342924853, 0.0, 0.0, 0.0009155273437499998, 0.0, 1.6940658945086007e-21, 0.0004983499639451454, 