"{\"names\": [\"172.217.10.1\", \"104.88.86.240\", \"38.93.140.48\", \"192.168.10.15\", \"104.88.108.223\", \"195.142.105.15\", \"172.217.12.163\", \"206.217.206.48\", \"172.217.6.228\", \"178.255.83.1\", \"74.119.118.82\", \"192.168.10.9\", \"172.217.7.6\", \"35.186.227.40\", \"31.13.71.36\", \"206.126.112.142\", \"151.101.2.49\", \"192.168.10.25\", \"172.217.3.98\", \"192.168.10.16\", \"72.30.202.150\", \"172.217.12.132\", \"50.31.164.173\", \"162.208.20.178\", \"23.15.4.16\", \"216.58.217.99\", \"172.217.6.198\", \"172.217.12.174\", \"169.46.44.40\", \"192.168.10.17\", \"52.84.143.130\", \"104.19.195.102\", \"216.200.232.61\", \"104.97.73.166\", \"152.163.13.79\", \"192.229.163.25\", \"74.119.118.86\", \"54.225.188.92\", \"188.165.145.88\", \"192.168.10.14\", \"8.43.72.98\", \"199.96.57.6\", \"68.67.178.110\", \"104.88.70.158\", \"192.168.10.19\", \"69.172.216.56\", \"157.240.18.35\", \"172.217.11.34\", \"185.54.150.20\", \"69.169.85.7\", \"198.232.124.194\", \"74.119.118.72\", \"172.217.12.134\", \"192.168.10.5\", \"23.111.9.30\", \"192.168.10.8\", \"151.101.66.2\", \"68.67.178.199\", \"213.239.195.215\", \"138.108.7.20\", \"52.84.145.87\", \"192.168.10.50\", \"52.84.145.198\", \"52.40.24.51\", \"212.77.100.137\", \"185.54.150.115\", \"172.217.10.138\", \"152.163.66.165\", \"52.84.137.78\", \"192.168.10.51\", \"68.67.178.109\", \"129.146.14.96\", \"54.152.24.232\", \"172.217.10.33\", \"52.8.229.108\", \"192.168.10.12\", \"64.147.131.201\", \"172.217.12.206\", \"68.67.180.12\", \"172.217.10.134\", \"38.69.238.16\", \"172.217.10.142\", \"192.168.10.3\", \"172.217.6.202\"], \"funcEdges\": [[1.0, 0.0, 0.0, 0.0, 0.0, 0.0, 0.0, 0.0, 0.0, 0.0, 0.0, 0.0, 0.0, 0.0, 0.0, 0.0, 0.0, 0.0, 0.0, 0.0, 0.0, 0.0, 0.0, 0.0, 0.0, 0.0, 0.0, 0.0, 0.0, 0.0, 0.0, 0.0, 0.0, 0.0, 0.0, 0.0, 0.0, 0.0, 0.0, 0.0, 0.0, 0.0, 0.0, 0.0, 0.0, 0.0, 0.0, 0.0, 0.0, 0.0, 0.0, 0.0, 0.0, 0.0, 0.0, 0.0, 0.0, 0.0, 0.0, 0.0, 0.0, 0.0, 0.0, 0.0, 0.0, 0.0, 0.0, 0.0, 0.0, 0.0, 0.0, 0.0, 0.0, 0.0, 0.0, 0.0, 0.0, 0.0, 0.0, 0.0, 0.0, 0.0, 0.0, 0.0], [0.0, 1.0, 0.0, 7.339355336951385e-16, 0.0, 0.0, 0.0, 0.0, 4.73949268221591e-16, 8.19898850669329e-16, 1.160378833952764e-16, 4.186186508673534e-16, 0.0, 0.0, 3.0323169095805125e-16, 0.0, 0.0, 3.1003383955593356e-16, 5.362119787560913e-16, 3.2741697473058187e-16, 1.7892306495063836e-19, 1.3209523392809658e-17, 0.0, 0.0, 2.536071227505377e-18, 2.1245936804851847e-18, 1.183526735785637e-16, 8.153464741821849e-16, 0.0, 4.2277490346016853e-16, 0.0, 0.0, 0.0, 0.0, 0.0, 0.0, 0.0, 0.0, 0.0, 4.182609344979413e-16, 0.0, 3.0840959340133666e-17, 0.0, 0.0, 6.796004315309842e-16, 4.3905445546493356e-16, 1.0735383897038306e-18, 3.2795847752522742e-18, 0.0, 0.0, 2.7755575615628914e-17, 8.673617379884035e-19, 0.0, 8.062859053926698e-16, 0.0, 5.379225490464117e-16, 0.0, 0.0, 0.0, 0.0, 5.6655831479604916e-18, 5.836164889119641e-16, 0.0, 0.0, 0.0, 0.0, 0.0, 0.0, 0.0, 5.302132581264437e-16, 0.0, 0.0, 0.0, 0.0, 0.0, 3.026174248396407e-16, 0.0, 4.786688933787857e-16, 0.0, 0.0, 0.0, 1.02088214494456e-17, 9.567665561147928e-16, 0.0], [0.0, 0.0, 1.0, 3.3239918549911925e-05, 0.0, 9.24475982591395e-06, 6.277113605695703e-05, 0.0, 0.0, 3.541181805715075e-05, 0.0, 3.3693136566152474e-05, 0.0, 3.0517578125e-05, 0.0, 0.0, 0.0, 8.57820303743652e-05, 0.0, 6.614925340564433e-05, 0.0, 0.0, 0.0, 0.0, 0.0, 0.0, 0.0, 0.0, 0.0, 4.351577919717161e-05, 0.0, 7.137205408547185e-05, 2.441780163572358e-05, 0.0, 0.0, 0.0, 0.0, 0.0, 7.629394531249997e-06, 5.1835090638083106e-05, 2.7598547313898903e-05, 1.5541092752966129e-06, 0.0, 0.0, 3.65111167792564e-05, 0.0, 6.084944910939495e-05, 1.3748511657972045e-05, 0.0, 0.0, 0.0, 1.5258789062499997e-05, 0.0, 2.5472047341895543e-05, 0.0, 2.7639779450623037e-05, 0.0, 1.1922893649808718e-05, 0.0, 1.5541092752966127e-06, 0.0, 6.353173867279632e-05, 0.0, 0.0, 1.5258789062499997e-05, 0.0, 0.0, 0.0, 0.0, 3.450688037079768e-05, 8.92844538021166e-06, 0.0, 0.0, 0.0, 0.0, 3.4107227096195606e-05, 0.0, 3.446144109424379e-05, 0.0, 1.5541092752966129e-06, 2.1003823999080545e-05, 2.136900253532843e-06, 7.311927965407422e-05, 0.0], [0.0, 7.339355336951385e-16, 3.3239918549911925e-05, 1.0, 0.0, 2.3952746106404812e-05, 0.07281272209200432, 5.1989789032250765e-11, 1.1349297964685913e-15, 0.14464246901296662, 0.00572308860182522, 0.4453931678426668, 3.971380901583506e-08, 8.537380638134638e-06, 6.442581336408432e-08, 0.0, 9.828317227770916e-07, 0.6816085785489245, 3.7943294273311905e-09, 0.6335710460610061, 0.22339510388902384, 5.312298113787783e-08, 3.106184839935958e-08, 0.0, 0.29743335620554945, 6.004299183186588e-18, 3.892317060500638e-09, 0.14995714295070955, 1.4387936945199104e-05, 0.7042635984733293, 7.370655717568957e-08, 0.0011464837234943896, 6.854513310461877e-05, 0.002019638914482496, 0.0, 0.0005474041657845917, 0.0032246290718346516, 1.7009398822759946e-06, 1.175940627584157e-05, 0.4981971731161222, 6.468597038114236e-05, 0.1678403166366412, 3.536805677039142e-08, 3.8361360615128135e-15, 0.4282079909277434, 1.0350886488739188e-08, 0.2110024805461139, 0.42569629094803674, 2.2676318581849785e-13, 0.1894819049130525, 0.0003609460522203335, 5.3536635496742656e-05, 5.119816626700113e-23, 0.4869476874759904, 1.1557396558853998e-14, 0.6110230362208727, 0.0, 0.008245075961334782, 0.0, 0.3240882486380143, 7.198233178039012e-17, 0.44435127279855974, 0.0, 3.327855551088041e-08, 4.119033163938119e-05, 2.55795384873636e-13, 9.21038175204183e-08, 0.0014019741743195105, 4.2647885951932906e-07, 0.3308505843873123, 0.0008792516865772527, 0.11780176545913973, 7.38236560957851e-23, 9.886753599517165e-09, 0.0, 0.49926836942289016, 0.47649115429296546, 0.4345426889594717, 0.18253860378159298, 1.3147440707080762e-06, 2.3885679829973544e-05, 8.223210087604366e-06, 0.533845797981185, 0.0], [0.0, 0.0, 0.0, 0.0, 1.0, 0.0, 0.0, 0.0, 0.0, 0.0, 0.0, 0.0, 0.0, 0.0, 0.0, 0.0, 0.0, 0.0, 0.0, 0.0, 0.0, 0.0, 0.0, 0.0, 0.0, 0.0, 0.0, 0.0, 0.0, 0.0, 0.0, 0.0, 0.0, 0.0, 0.0, 0.0, 0.0, 0.0, 0.0, 0.0, 0.0, 0.0, 0.0, 0.0, 0.0, 0.0, 0.0, 0.0, 0.0, 0.0, 0.0, 0.0, 0.0, 0.0, 0.0, 0.0, 0.0, 0.0, 0.0, 0.0, 0.0, 0.0, 0.0, 0.0, 0.0, 0.0, 0.0, 0.0, 0.0, 0.0, 0.0, 0.0, 0.0, 0.0, 0.0, 0.0, 0.0, 0.0, 0.0, 0.0, 0.0, 0.0, 0.0, 0.0], [0.0, 0.0, 9.24475982591395e-06, 2.3952746106404812e-05, 0.0, 1.0, 4.773058046967652e-06, 0.0, 0.0, 2.9423817575518533e-05, 6.045939690644443e-07, 8.371070635891484e-06, 3.427143161524822e-08, 7.6293945312499975e-06, 5.638227330668486e-08, 0.0, 4.39382476599437e-07, 2.1993279813582763e-05, 0.0, 1.6167535652504692e-05, 3.01176996612496e-08, 1.1218584604077558e-07, 0.0, 0.0, 1.6744683212268667e-06, 0.0, 0.0, 0.0, 4.924752993529532e-06, 2.640683513223697e-05, 1.3101167849691707e-07, 7.697562898613915e-06, 9.159012573223585e-06, 6.366006879472596e-07, 0.0, 0.0, 0.0, 1.4873084213982123e-06, 1.0637049018442717e-05, 1.576063576114462e-05, 2.753794537052675e-05, 3.203859153273697e-06, 0.0, 0.0, 1.4325997389011865e-05, 0.0, 4.883070944861072e-06, 1.980041069688433e-05, 0.0, 0.0, 1.5435741610924997e-05, 1.3348228346529583e-05, 0.0, 3.5884023606395326e-05, 0.0, 2.905231392286303e-05, 0.0, 0.0, 0.0, 4.88113206486799e-06, 0.0, 2.0839175226797375e-05, 0.0, 2.248003470922625e-08, 3.7116925919668444e-06, 0.0, 5.273977644046016e-08, 0.0, 6.244533610988273e-07, 1.8917293151131718e-05, 1.385319837374119e-05, 0.0, 0.0, 0.0, 0.0, 1.942883113138182e-05, 0.0, 7.741652520304478e-06, 0.0, 1.4670612673220154e-06, 1.597584265186604e-05, 1.4358689582906593e-06, 1.5760703875558958e-05, 0.0], [0.0, 0.0, 6.277113605695703e-05, 0.07281272209200432, 0.0, 4.773058046967652e-06, 1.0, 1.8189894035458565e-12, 0.0, 0.03066177256999062, 0.004784597105419874, 0.09005338097658126, 4.591887627818629e-09, 0.0, 9.565955848322743e-10, 0.0, 2.5119838489458033e-07, 0.08514748578450923, 1.3001326108278386e-09, 0.05839284518147851, 0.031496724195624964, 3.6858380670473383e-09, 2.9010164880688503e-08, 0.0, 0.031263744761879354, 0.0, 1.5405537683180764e-09, 0.051262941841060713, 0.0, 0.048007778656559724, 1.0913936421275139e-11, 0.012518267292212561, 0.00013191702595952232, 0.005143308123452756, 0.0, 0.004358709470888884, 0.0015110714314624397, 1.2390496426365527e-06, 2.6084668023307098e-06, 0.12510389728609086, 2.4491817651827084e-05, 0.03503532176617231, 2.827149661146995e-08, 0.0, 0.05309628056314795, 9.055168845284656e-09, 0.042960703575193736, 0.11099440583607703, 2.2640664845320686e-13, 0.12678464548442694, 0.0002029443627311034, 1.46264488446676e-05, 0.0, 0.05813502312745192, 0.0, 0.10547972092515699, 0.0, 2.2342371920173425e-06, 0.0, 4.1960340474562125e-06, 0.0, 0.03998640615984903, 0.0, 0.0, 4.2102051826688135e-05, 3.404988646937604e-13, 0.0, 0.004326719189712605, 2.9024870499320654e-07, 0.12311650910920224, 0.012097288740694928, 0.03125, 0.0, 1.0222112246901323e-08, 0.0, 0.06587002431838428, 0.0510310363110476, 0.0009153352523442726, 0.03125000000000001, 4.4806202214454634e-06, 4.129382194207878e-06, 3.1701446711411626e-06, 0.11319620124014793, 0.0], [0.0, 0.0, 0.0, 5.1989789032250765e-11, 0.0, 0.0, 1.8189894035458565e-12, 1.0, 0.0, 3.4457509086925535e-11, 3.6209314922693156e-11, 4.291569586764997e-11, 0.0, 0.0, 0.0, 0.0, 0.0, 3.432909523826731e-11, 1.1186833358831067e-11, 2.6219181612857133e-11, 0.0, 0.0, 0.0, 0.0, 2.7034400169739613e-11, 0.0, 6.912159733474253e-11, 0.0, 0.0, 3.6120109514592114e-11, 1.8189894035458563e-12, 0.0, 2.2308756265370783e-11, 0.0, 0.0, 0.0, 0.0, 0.0, 0.0, 9.211993344818695e-11, 0.0, 1.2460005492719117e-12, 0.0, 0.0, 3.436422369470456e-11, 0.0, 6.912159733474253e-11, 0.0, 0.0, 0.0, 0.0, 0.0, 0.0, 3.955988524311517e-11, 0.0, 1.8161171532502058e-11, 0.0, 0.0, 0.0, 6.912159733474253e-11, 0.0, 5.3365438664751106e-11, 0.0, 0.0, 1.3187802896874127e-11, 0.0, 0.0, 0.0, 0.0, 3.315579280033699e-11, 0.0, 0.0, 0.0, 0.0, 0.0, 7.04952482550567e-11, 0.0, 0.0, 0.0, 0.0, 0.0, 2.728484105318784e-11, 2.3173181387074437e-11, 0.0], [0.0, 4.73949268221591e-16, 0.0, 1.1349297964685913e-15, 0.0, 0.0, 0.0, 0.0, 1.0, 6.249031311904574e-16, 1.2682652717780694e-16, 8.706433561071411e-16, 0.0, 0.0, 9.08385326772594e-16, 0.0, 0.0, 6.567060892005499e-16, 5.138969008330581e-16, 7.271105155891454e-16, 0.0, 3.008228715360974e-17, 0.0, 0.0, 3.045644142746995e-17, 1.3809858923153701e-17, 1.8876607458761677e-16, 7.103033800688869e-16, 0.0, 4.613755258499089e-16, 0.0, 0.0, 0.0, 0.0, 0.0, 0.0, 0.0, 0.0, 0.0, 8.789998661704311e-16, 0.0, 2.7755575615628914e-17, 0.0, 1.1978654269504591e-17, 7.5353816125995005e-16, 1.7735180809568599e-16, 0.0, 0.0, 0.0, 0.0, 3.3345614274731055e-17, 0.0, 0.0, 2.1745769937874313e-16, 0.0, 9.545249173417264e-16, 0.0, 0.0, 0.0, 0.0, 1.9268550971972592e-17, 5.858606716138061e-16, 0.0, 0.0, 0.0, 0.0, 0.0, 0.0, 0.0, 7.523460053851766e-16, 0.0, 0.0, 0.0, 0.0, 0.0, 1.1630755769829778e-15, 0.0, 3.3699784968130527e-16, 0.0, 0.0, 0.0, 0.0, 5.458467183733254e-16, 0.0], [0.0, 8.19898850669329e-16, 3.541181805715075e-05, 0.14464246901296662, 0.0, 2.9423817575518533e-05, 0.03066177256999062, 3.4457509086925535e-11, 6.249031311904574e-16, 1.0, 0.005133863961979703, 0.23389918361450532, 6.221259534714955e-08, 1.235620621000543e-05, 2.5476707276439356e-08, 0.0, 1.0052609952826117e-06, 0.20812984447664623, 1.0670784122728332e-09, 0.13651835467364046, 0.11682047325374008, 3.459782457257927e-08, 8.736541937971053e-09, 0.0, 0.004519764747732262, 6.795269175096943e-18, 3.2738987535351706e-09, 0.08705099827626403, 2.4446156925659236e-07, 0.2097909204727235, 3.0489142421611544e-08, 0.013597398012388852, 6.057667596654434e-05, 0.004658676661507894, 0.0, 0.005786262204294207, 0.003088151657818317, 8.709833017847346e-07, 1.6742213209836684e-05, 0.18390839901699366, 4.827094374060006e-05, 0.03282381696189864, 1.5319573125663363e-08, 6.940849293041012e-18, 0.18375061230052434, 2.026714780310013e-08, 0.011371986718049731, 0.2045471356567204, 8.911741955964535e-14, 0.024117548899063992, 0.0009069138448358272, 8.877025871467001e-05, 2.713859581705572e-23, 0.09551559666131941, 2.9866338856919484e-16, 0.06448174705317275, 0.0, 0.02580395399469408, 0.0, 9.762702391251228e-06, 5.492855208498557e-17, 0.09400502672205638, 0.0, 2.3487477037362932e-09, 6.625420736315949e-05, 1.3221907655792353e-13, 1.192092895509051e-07, 0.01663175994063247, 9.084917802549562e-07, 0.12900372539665933, 0.00147729703890732, 0.026348220180154713, 2.2053642968267724e-23, 1.6713489522104295e-08, 0.0, 0.0887012694764348, 0.230771734982213, 0.0015838653183027293, 0.08068715304598785, 2.3688331695894676e-06, 2.8548291345096382e-05, 1.7375599923254123e-05, 0.074732902473384, 0.0], [0.0, 1.160378833952764e-16, 0.0, 0.00572308860182522, 0.0, 6.045939690644443e-07, 0.004784597105419874, 3.6209314922693156e-11, 1.2682652717780694e-16, 0.005133863961979703, 1.0, 0.004784159691041571, 3.186609308303526e-09, 0.0, 3.72529265857453e-09, 0.0, 2.3739523734046738e-07, 0.001383114899465807, 1.5171102306495407e-11, 0.0019536685924877624, 4.455620923695056e-16, 3.442029943762987e-17, 0.0, 0.0, 4.824756525019149e-07, 4.4435784508870366e-18, 3.369109387176267e-11, 0.0019531250000005607, 0.0, 0.0019533888120845614, 0.0, 2.3841857910156245e-07, 1.4195047698886068e-11, 0.0019531249999999996, 0.0, 0.001953125, 0.0, 4.963078497567493e-07, 0.0, 0.0020504769245497053, 4.440892098500626e-16, 0.0019531287252903267, 0.0, 2.7755575615628914e-17, 0.004423649389569288, 2.906329395021553e-17, 0.0019535218018635566, 5.656664886520776e-07, 0.0, 0.0, 3.469446951953614e-17, 2.9750262174351745e-19, 0.0, 0.0068710131244845984, 0.0, 9.383791091993401e-07, 0.0, 0.0, 0.0, 3.3690615196503516e-11, 1.2007530946828891e-17, 0.003354651675253714, 0.0, 0.0, 2.3843313101679076e-07, 0.0, 8.005425301692072e-20, 0.0027050348827874766, 2.3841857910156245e-07, 0.005921880577972188, 4.228461630101929e-19, 0.0, 0.0, 3.725290298561605e-09, 0.0, 4.261556149422719e-07, 0.0, 6.09652752290064e-17, 0.0, 0.0, 4.440892098500627e-16, 2.3848394092472863e-07, 0.006383957300831417, 0.0], [0.0, 4.186186508673534e-16, 3.3693136566152474e-05, 0.4453931678426668, 0.0, 8.371070635891484e-06, 0.09005338097658126, 4.291569586764997e-11, 8.706433561071411e-16, 0.23389918361450532, 0.004784159691041571, 1.0, 3.65695610658512e-08, 7.6293945312499975e-06, 3.612161059450728e-08, 0.0, 0.0, 0.446901958309147, 2.1062113379503268e-09, 0.30621731401182595, 0.16407348802861768, 5.102506457556129e-08, 7.59646273889204e-09, 0.0, 0.3392291381385941, 1.0761011465084016e-17, 3.2042352575853056e-09, 0.11029472339596272, 0.0, 0.21984331019827777, 1.0291813986098505e-07, 0.004659286402558806, 0.00010290338835857746, 0.00527194955978826, 0.0, 0.00709568976924893, 0.0020907752592686946, 0.0, 9.2430801483951e-06, 0.33222191627980396, 3.779573814909749e-05, 0.20321816531425568, 1.2116796335910824e-08, 6.61564379976774e-15, 0.8095637204186563, 2.2651968066740482e-08, 0.2657125749713421, 0.3801556451284232, 6.567885177159558e-14, 0.18221158010819982, 0.00010892505618052146, 7.404914396535352e-05, 5.269875657492524e-23, 0.3937257575294473, 1.790726024018058e-14, 0.483975122567422, 0.0, 0.003855346441731715, 0.0, 0.2289763181193708, 3.329328429119052e-17, 0.5103230921185642, 0.0, 5.950530915037413e-08, 9.802236568440949e-05, 9.307709552952313e-14, 1.111866038300629e-07, 0.009681599114208288, 0.0, 0.6324509117018369, 0.014728949741255876, 0.07325127015754475, 5.833268803206376e-23, 7.666467716981695e-09, 0.0, 0.2897498705243384, 0.7029740721182532, 0.0489106314385564, 0.5641672959849884, 1.1591544720277525e-06, 2.858410267611394e-05, 3.8321005709126436e-06, 0.16182771180950487, 0.0], [0.0, 0.0, 0.0, 3.971380901583506e-08, 0.0, 3.427143161524822e-08, 4.591887627818629e-09, 0.0, 0.0, 6.221259534714955e-08, 3.186609308303526e-09, 3.65695610658512e-08, 1.0, 0.0, 1.638879948748879e-08, 0.0, 0.0, 4.0175918652384825e-08, 3.912536730723061e-09, 5.81583192030704e-08, 2.3115389783512534e-08, 2.2761950146565815e-10, 7.570926068656985e-09, 0.0, 1.5154326904745093e-08, 0.0, 3.2661456438233698e-09, 1.2424681902009593e-22, 0.0, 4.455203214881191e-08, 1.717108367973661e-08, 1.0772300533456706e-09, 0.0, 0.0, 0.0, 0.0, 0.0, 0.0, 0.0, 3.814624208641822e-08, 0.0, 3.338155525474521e-08, 1.0797200971816519e-08, 0.0, 4.843498962584458e-08, 1.9326869426985784e-08, 5.574612408845351e-08, 1.717108367973661e-08, 0.0, 0.0, 0.0, 0.0, 5.293955920339377e-23, 4.202021281520655e-08, 0.0, 2.6572376216940343e-08, 0.0, 2.9717166246206953e-23, 0.0, 3.852175728643072e-09, 2.646977960169688e-23, 5.509653877738682e-08, 0.0, 1.3873173776311482e-08, 8.88229230244054e-08, 0.0, 0.0, 2.6469779601696883e-23, 0.0, 4.0552699873734694e-08, 0.0, 0.0, 5.293955920339377e-23, 1.8105385573066102e-08, 0.0, 9.754516777429528e-08, 0.0, 2.6469779601696883e-23, 5.957914672424462e-23, 1.717108367973661e-08, 0.0, 2.7176240714983487e-08, 3.624532269986298e-08, 0.0], [0.0, 0.0, 3.0517578125e-05, 8.537380638134638e-06, 0.0, 7.6293945312499975e-06, 0.0, 0.0, 0.0, 1.235620621000543e-05, 0.0, 7.6293945312499975e-06, 0.0, 1.0, 0.0, 0.0, 0.0, 2.353606833739315e-05, 0.0, 2.6474841834585847e-05, 0.0, 0.0, 0.0, 0.0, 0.0, 0.0, 0.0, 0.0, 0.0, 2.6702880859375003e-05, 0.0, 1.033689783547185e-05, 9.159012573223587e-06, 0.0, 0.0, 0.0, 0.0, 0.0, 7.629394531249999e-06, 3.0117308022184683e-05, 1.1101270099922972e-05, 0.0, 0.0, 0.0, 3.0444925315551027e-05, 0.0, 0.0, 9.979354420172707e-06, 0.0, 0.0, 0.0, 0.0, 0.0, 7.855707219030287e-06, 0.0, 7.466126895736723e-06, 0.0, 0.0, 0.0, 0.0, 0.0, 9.79075640223689e-07, 0.0, 0.0, 0.0, 0.0, 0.0, 0.0, 0.0, 7.6293945312499975e-06, 8.92844538021166e-06, 0.0, 0.0, 0.0, 0.0, 2.3939957902610354e-05, 0.0, 7.6293945312499975e-06, 0.0, 0.0, 1.868812364794295e-05, 0.0, 1.1719125018000959e-05, 0.0], [0.0, 3.0323169095805125e-16, 0.0, 6.442581336408432e-08, 0.0, 5.638227330668486e-08, 9.565955848322743e-10, 0.0, 9.08385326772594e-16, 2.5476707276439356e-08, 3.72529265857453e-09, 3.612161059450728e-08, 1.638879948748879e-08, 0.0, 1.0, 0.0, 0.0, 8.768976856668305e-08, 1.6840695662901445e-09, 3.952963768541568e-08, 1.4717708995961704e-15, 4.184284426805663e-08, 8.002392867850576e-10, 0.0, 1.9825292989245593e-09, 1.485136335251501e-19, 1.69174504790055e-09, 8.299961512190713e-15, 0.0, 3.119048480299532e-09, 3.5341206865404316e-08, 1.8626451492360392e-09, 0.0, 0.0, 0.0, 0.0, 0.0, 0.0, 3.534120686540431e-08, 5.617784738283196e-08, 2.5972344795358447e-15, 8.076103484627138e-09, 1.5627362885483244e-09, 5.082197683525801e-21, 1.527256942031577e-08, 2.2254232768216316e-16, 7.127378445033509e-08, 8.658711412115346e-08, 5.3884321382613333e-14, 0.0, 5.301181029810648e-08, 3.5341273552791386e-08, 0.0, 2.239384538434717e-08, 7.105427357601002e-15, 4.386199091820636e-08, 0.0, 1.6940658945086003e-21, 0.0, 9.313225746154784e-10, 0.0, 1.1145977427749195e-07, 0.0, 0.0, 1.2711724863083584e-08, 5.684341886080803e-14, 1.1780402288570855e-08, 0.0, 0.0, 1.3107764186670243e-07, 6.185782553785755e-14, 0.0, 0.0, 5.58793544776871e-09, 0.0, 1.078546591367352e-07, 5.684341886080802e-14, 1.1793903823259993e-15, 0.0, 1.1780402288468104e-08, 2.5972338442611342e-15, 5.064101781064591e-08, 9.491307925190297e-08, 0.0], [0.0, 0.0, 0.0, 0.0, 0.0, 0.0, 0.0, 0.0, 0.0, 0.0, 0.0, 0.0, 0.0, 0.0, 0.0, 1.0, 0.0, 0.0, 0.0, 0.0, 0.0, 0.0, 0.0, 0.0, 0.0, 0.0, 0.0, 0.0, 0.0, 0.0, 0.0, 0.0, 0.0, 0.0, 0.0, 0.0, 0.0, 0.0, 0.0, 0.0, 0.0, 0.0, 0.0, 0.0, 0.0, 0.0, 0.0, 0.0, 0.0, 0.0, 0.0, 0.0, 0.0, 0.0, 0.0, 0.0, 0.0, 0.0, 0.0, 0.0, 0.0, 0.0, 0.0, 0.0, 0.0, 0.0, 0.0, 0.0, 0.0, 0.0, 0.0, 0.0, 0.0, 0.0, 0.0, 0.0, 0.0, 0.0, 0.0, 0.0, 0.0, 0.0, 0.0, 0.0], [0.0, 0.0, 0.0, 9.828317227770916e-07, 0.0, 4.39382476599437e-07, 2.5119838489458033e-07, 0.0, 0.0, 1.0052609952826117e-06, 2.3739523734046738e-07, 0.0, 0.0, 0.0, 0.0, 0.0, 1.0, 1.0248441902100368e-06, 0.0, 1.4828416108504667e-07, 0.0, 0.0, 0.0, 0.0, 1.4050684470390197e-06, 0.0, 0.0, 0.0, 0.0, 7.778282783682854e-07, 0.0, 0.0, 0.0, 1.1680077279964342e-06, 0.0, 0.0, 0.0, 1.2653417053294706e-06, 7.786718186642896e-07, 7.878134200615724e-07, 0.0, 0.0, 0.0, 0.0, 1.068328921530159e-06, 0.0, 2.817502747240395e-07, 9.891850512605629e-07, 0.0, 0.0, 7.786718186642894e-07, 0.0, 0.0, 3.5587467677655816e-07, 0.0, 3.298770122699144e-07, 0.0, 0.0, 0.0, 1.1680077279964344e-06, 0.0, 1.0429989484479824e-06, 0.0, 0.0, 1.1680077279964344e-06, 0.0, 0.0, 0.0, 0.0, 8.681621708865729e-07, 0.0, 0.0, 0.0, 0.0, 0.0, 1.3246875872051723e-06, 0.0, 0.0, 0.0, 6.009350183607143e-07, 1.1680077279964344e-06, 7.786718186642895e-07, 1.5865965597699806e-06, 0.0], [0.0, 3.1003383955593356e-16, 8.57820303743652e-05, 0.6816085785489245, 0.0, 2.1993279813582763e-05, 0.08514748578450923, 3.432909523826731e-11, 6.567060892005499e-16, 0.20812984447664623, 0.001383114899465807, 0.446901958309147, 4.0175918652384825e-08, 2.353606833739315e-05, 8.768976856668305e-08, 0.0, 1.0248441902100368e-06, 1.0, 4.0614975899975556e-09, 0.510900871350539, 0.10189109181744974, 5.185294513079205e-08, 2.1790060093920387e-08, 0.0, 0.5223841696144288, 3.5369635980411654e-18, 2.385239486454729e-09, 0.17400571846241936, 1.8929170360787778e-06, 0.7718633134748892, 9.033883050339806e-08, 0.004884337552098836, 6.422968520298642e-05, 0.003858045985584135, 0.0, 0.0020066405912382277, 0.002489081293154799, 2.0044242277323148e-06, 7.413405053372918e-06, 0.4759632804802687, 6.429295231579298e-05, 0.1762184591230745, 2.3801974134222424e-08, 9.920604286386967e-15, 0.4712063389510157, 1.9857304534740666e-08, 0.2109852696739878, 0.4697638185388806, 1.634188432871378e-13, 0.1349414075711296, 0.0008512858455142467, 4.144268311606945e-05, 5.84314095551847e-23, 0.6506065559955743, 6.28582865352728e-15, 0.5744977751637823, 0.0, 0.004023440257757892, 0.0, 0.2816725166353332, 3.158113565378675e-17, 0.5939209739561555, 0.0, 3.541158581477847e-08, 0.00010743090390315815, 1.9235215412605016e-13, 3.224983514731784e-08, 0.009485070857917255, 1.3685776530148758e-07, 0.3826844121670152, 0.0004760616925498138, 0.11047947563879053, 7.09124953837902e-23, 2.6406714534986487e-08, 0.0, 0.4047029880980034, 0.39257740957608356, 0.2956185381245047, 0.3297273217266774, 3.201137889826685e-06, 2.5797682716769562e-05, 4.765595249026369e-06, 0.44558169044837925, 0.0], [0.0, 5.362119787560913e-16, 0.0, 3.7943294273311905e-09, 0.0, 0.0, 1.3001326108278386e-09, 1.1186833358831067e-11, 5.138969008330581e-16, 1.0670784122728332e-09, 1.5171102306495407e-11, 2.1062113379503268e-09, 3.912536730723061e-09, 0.0, 1.6840695662901445e-09, 0.0, 0.0, 4.0614975899975556e-09, 1.0, 1.1078757719044087e-09, 1.6930373868326306e-15, 1.118043529893738e-09, 9.745721594869799e-10, 0.0, 7.403235219162958e-10, 0.0, 1.6250990803441242e-09, 3.1849142924043834e-14, 0.0, 3.3203784148014e-09, 2.7284841053187847e-12, 9.362966191913315e-10, 7.296629594639323e-11, 1.6543612251060552e-24, 0.0, 0.0, 4.3842563459880445e-11, 0.0, 0.0, 3.798363057843352e-09, 4.312593427566907e-15, 4.040840133645515e-09, 1.7378745937008903e-09, 4.28386857218474e-16, 4.004381551788016e-09, 1.0201393000448745e-10, 1.087685001812858e-09, 2.5855481692589387e-18, 0.0, 0.0, 0.0, 3.4661170280152897e-18, 1.7520690082739582e-23, 5.179096215106418e-09, 7.105427357601002e-15, 1.6001295690526928e-09, 0.0, 4.3802477140841576e-11, 0.0, 4.060258173751677e-09, 2.646977960169689e-23, 2.509432553274567e-09, 0.0, 4.0262076111914925e-23, 9.747805251759057e-10, 1.1061948745432159e-13, 0.0, 2.6469779601696886e-23, 0.0, 2.134273201588025e-09, 7.46252762594265e-20, 0.0, 2.2701976029931404e-23, 0.0, 0.0, 2.454811881219501e-09, 2.3283049810461633e-12, 1.0312107594413053e-12, 4.314352004169439e-23, 0.0, 4.312593428394088e-15, 4.602271380574863e-09, 4.6483533743234864e-09, 0.0], [0.0, 3.2741697473058187e-16, 6.614925340564433e-05, 0.6335710460610061, 0.0, 1.6167535652504692e-05, 0.05839284518147851, 2.6219181612857133e-11, 7.271105155891454e-16, 0.13651835467364046, 0.0019536685924877624, 0.30621731401182595, 5.81583192030704e-08, 2.6474841834585847e-05, 3.952963768541568e-08, 0.0, 1.4828416108504667e-07, 0.510900871350539, 1.1078757719044087e-09, 1.0, 0.34165062463362295, 1.3408321543228237e-08, 1.5849878835084258e-08, 0.0, 0.33280190673436294, 2.2606564433564585e-18, 3.2473135229383246e-09, 0.2090151042004587, 5.731987868618255e-06, 0.6975835595829538, 4.355685535367814e-08, 0.003692189781206363, 0.00010793947776059406, 0.003191463257398997, 0.0, 0.00390625, 0.0024815862749075304, 1.9731011811213258e-06, 5.757278918691377e-06, 0.6659786411737002, 6.42324967187283e-05, 0.0759212470425673, 2.3204697190293397e-08, 4.5923150334357675e-15, 0.3790704596130635, 9.426381309686499e-09, 0.09944101471760408, 0.27882566587062574, 1.2947204998877927e-13, 0.12827304451439953, 0.00012680956341977424, 5.335558049567788e-05, 1.3845497910164608e-23, 0.6707248728159746, 8.780450136394307e-15, 0.48135830595578466, 0.0, 0.017097655676466494, 0.0, 0.22750589982137298, 3.6997879759078407e-17, 0.47839666986934365, 0.0, 2.2930201947054014e-08, 0.00010080016041354151, 1.9443361279642154e-13, 9.820648495580705e-08, 0.007663598989038732, 2.5349198109076076e-07, 0.25464509247578815, 0.0033222490642470705, 0.1449752417664933, 1.324234759914393e-23, 2.3908511404028663e-08, 0.0, 0.3686660454695427, 0.3155586696674111, 0.18956783598184881, 0.3680854444794089, 3.6709575858146863e-06, 1.153640617874508e-05, 9.202414873347405e-06, 0.6279004838273083, 0.0], [0.0, 1.7892306495063836e-19, 0.0, 0.22339510388902384, 0.0, 3.01176996612496e-08, 0.031496724195624964, 0.0, 0.0, 0.11682047325374008, 4.455620923695056e-16, 0.16407348802861768, 2.3115389783512534e-08, 0.0, 1.4717708995961704e-15, 0.0, 0.0, 0.10189109181744974, 1.6930373868326306e-15, 0.34165062463362295, 1.0, 2.2328135016069957e-18, 0.0, 0.0, 0.04850374484503431, 9.468018564913486e-21, 4.440892098500626e-16, 0.07520997105173459, 0.0, 0.22647704017934592, 3.0738748498523017e-09, 8.470329472543003e-22, 0.0, 0.0, 0.0, 0.0, 0.0, 0.0, 0.0, 0.20597833895117112, 1.3322676295501878e-15, 7.333050420793718e-05, 1.8626451492309568e-09, 2.541098841762901e-21, 0.13982857829968376, 5.8424505877566055e-19, 0.03151939078337203, 0.08441915576851014, 0.0, 0.10012180706201738, 2.5181182769990076e-05, 1.0735383897038304e-18, 0.0, 0.18604485933312365, 0.0, 0.09966206767168219, 0.0, 0.013295285289984112, 0.0, 2.1684043449710093e-19, 2.6469779601696886e-23, 0.1427396239840626, 0.0, 4.2138087248554026e-09, 1.8443249099113825e-08, 0.0, 0.0, 1.0587911840678754e-22, 0.0, 0.23451205302753858, 0.0, 0.047464289341633666, 0.0, 0.0, 0.0, 0.2010864147482216, 0.16796953489927874, 0.00022472766645145712, 0.36996254598646344, 5.840362214719377e-08, 1.3322676295501878e-15, 1.8443249490045967e-08, 0.10412242342571104, 0.0], [0.0, 1.3209523392809658e-17, 0.0, 5.312298113787783e-08, 0.0, 1.1218584604077558e-07, 3.6858380670473383e-09, 0.0, 3.008228715360974e-17, 3.459782457257927e-08, 3.442029943762987e-17, 5.102506457556129e-08, 2.2761950146565815e-10, 0.0, 4.184284426805663e-08, 0.0, 0.0, 5.185294513079205e-08, 1.118043529893738e-09, 1.3408321543228237e-08, 2.2328135016069957e-18, 1.0, 3.639840970871457e-10, 0.0, 3.280634920950093e-17, 5.257219833390507e-18, 1.1180435526535889e-09, 1.690615205546101e-17, 0.0, 9.741132383911849e-08, 1.1828968757151888e-07, 0.0, 0.0, 0.0, 0.0, 0.0, 0.0, 0.0, 1.1828968757151888e-07, 1.0079482533258238e-07, 0.0, 1.421940727029803e-09, 6.974519721757866e-10, 2.7755575615628914e-17, 3.4512915814865166e-08, 2.439196372188204e-18, 5.5222813160505955e-08, 2.253559126344805e-08, 0.0, 0.0, 1.1065809483190816e-07, 1.1828968757312064e-07, 1.1580528575742386e-23, 3.9451348623385166e-08, 0.0, 1.1858695333872676e-07, 0.0, 0.0, 0.0, 1.1180435273294701e-09, 4.791088316960452e-17, 4.203513078317478e-09, 0.0, 1.0163128920458056e-24, 3.8015738948203387e-08, 0.0, 3.4342167359540956e-08, 0.0, 0.0, 3.546021091334649e-08, 4.22846163010193e-19, 0.0, 0.0, 3.1815218136399375e-20, 0.0, 5.563674622720636e-08, 0.0, 5.746927168274821e-17, 0.0, 3.434216735947322e-08, 1.0163128920458054e-24, 1.0831586400977321e-07, 1.0237869696845507e-08, 0.0], [0.0, 0.0, 0.0, 3.106184839935958e-08, 0.0, 0.0, 2.9010164880688503e-08, 0.0, 0.0, 8.736541937971053e-09, 0.0, 7.59646273889204e-09, 7.570926068656985e-09, 0.0, 8.002392867850576e-10, 0.0, 0.0, 2.1790060093920387e-08, 9.745721594869799e-10, 1.5849878835084258e-08, 0.0, 3.639840970871457e-10, 1.0, 0.0, 7.450580596923827e-09, 0.0, 9.742043491296351e-10, 6.257090099396292e-24, 0.0, 1.989810553178487e-08, 0.0, 0.0, 0.0, 1.6543612251060553e-24, 0.0, 0.0, 0.0, 0.0, 0.0, 3.217282080922725e-08, 0.0, 3.018193211570442e-08, 3.337192757136095e-08, 0.0, 8.7340185480693e-09, 1.6377856545135645e-08, 7.450580596923836e-09, 0.0, 0.0, 0.0, 0.0, 0.0, 1.6543612251060552e-24, 1.155446262769062e-08, 0.0, 2.0343749216945076e-08, 0.0, 0.0, 0.0, 9.742043491296368e-10, 0.0, 1.573901409082163e-08, 0.0, 1.3234889800848443e-23, 1.280729641299406e-08, 0.0, 0.0, 0.0, 0.0, 1.394898194728007e-08, 7.66969020854419e-24, 0.0, 1.052031213807716e-23, 7.450580596923827e-09, 0.0, 5.789909896583067e-09, 1.7009588802669966e-12, 1.13686837721616e-13, 0.0, 0.0, 0.0, 2.6679188507713726e-08, 7.10807016510834e-09, 0.0], [0.0, 0.0, 0.0, 0.0, 0.0, 0.0, 0.0, 0.0, 0.0, 0.0, 0.0, 0.0, 0.0, 0.0, 0.0, 0.0, 0.0, 0.0, 0.0, 0.0, 0.0, 0.0, 0.0, 1.0, 0.0, 0.0, 0.0, 0.0, 0.0, 0.0, 0.0, 0.0, 0.0, 0.0, 0.0, 0.0, 0.0, 0.0, 0.0, 0.0, 0.0, 0.0, 0.0, 0.0, 0.0, 0.0, 0.0, 0.0, 0.0, 0.0, 0.0, 0.0, 0.0, 0.0, 0.0, 0.0, 0.0, 0.0, 0.0, 0.0, 0.0, 0.0, 0.0, 0.0, 0.0, 0.0, 0.0, 0.0, 0.0, 0.0, 0.0, 0.0, 0.0, 0.0, 0.0, 0.0, 0.0, 0.0, 0.0, 0.0, 0.0, 0.0, 0.0, 0.0], [0.0, 2.536071227505377e-18, 0.0, 0.29743335620554945, 0.0, 1.6744683212268667e-06, 0.031263744761879354, 2.7034400169739613e-11, 3.045644142746995e-17, 0.004519764747732262, 4.824756525019149e-07, 0.3392291381385941, 1.5154326904745093e-08, 0.0, 1.9825292989245593e-09, 0.0, 1.4050684470390197e-06, 0.5223841696144288, 7.403235219162958e-10, 0.33280190673436294, 0.04850374484503431, 3.280634920950093e-17, 7.450580596923827e-09, 0.0, 1.0, 1.3043800256171575e-17, 7.637263755132574e-10, 0.12503330778191432, 0.0, 0.3873700982615751, 0.0, 3.5811527963092144e-07, 2.1822513882241114e-05, 9.5367431640625e-07, 0.0, 0.0, 4.947651177644729e-10, 1.2711682318368273e-06, 4.7683715820312495e-07, 0.21372670838064042, 0.0, 0.12517175282766535, 7.450580596923827e-09, 2.5599827375038445e-17, 0.40713506794478715, 1.6500799082551383e-08, 0.13887691483769116, 0.49578117367418006, 0.0, 0.2809173318553004, 8.940696716381735e-07, 3.3307781914298186e-05, 0.0, 0.35594190387151864, 0.0, 0.31458226858111443, 0.0, 0.00022853349951158146, 0.0, 0.19288239688472247, 1.5379788328956176e-17, 0.7904013619572338, 0.0, 0.0, 0.00012247293441576692, 0.0, 0.0, 0.0, 7.148244575653832e-07, 0.401751456525326, 2.182233987488502e-05, 0.125, 0.0, 4.3900308513381066e-08, 0.0, 0.4997320906921573, 0.5863947029533749, 0.12514183261735926, 0.2228279551614134, 1.635537959504211e-07, 1.9073486328124998e-06, 8.458011459113682e-07, 0.5017147550797928, 0.0], [0.0, 2.1245936804851847e-18, 0.0, 6.004299183186588e-18, 0.0, 0.0, 0.0, 0.0, 1.3809858923153701e-17, 6.795269175096943e-18, 4.4435784508870366e-18, 1.0761011465084016e-17, 0.0, 0.0, 1.485136335251501e-19, 0.0, 0.0, 3.5369635980411654e-18, 0.0, 2.2606564433564585e-18, 9.468018564913486e-21, 5.257219833390507e-18, 0.0, 0.0, 1.3043800256171575e-17, 1.0, 0.0, 1.4305569464491732e-19, 0.0, 1.3343012720399774e-17, 0.0, 3.3881317890172014e-21, 0.0, 0.0, 0.0, 0.0, 0.0, 0.0, 0.0, 4.510365859062727e-18, 0.0, 5.4177298441096034e-20, 0.0, 6.852971595955159e-21, 6.5249563486564445e-18, 0.0, 1.0623556981444159e-19, 5.90675534200914e-20, 0.0, 0.0, 0.0, 0.0, 0.0, 4.458793531509928e-18, 0.0, 5.245588993809825e-18, 0.0, 2.745722111158382e-21, 0.0, 0.0, 6.3606527452482924e-18, 9.203985133369603e-18, 0.0, 0.0, 0.0, 0.0, 1.6059827166319438e-19, 0.0, 0.0, 8.867767022629411e-18, 0.0, 0.0, 0.0, 1.2603663721144529e-19, 0.0, 1.196727572952132e-17, 0.0, 7.825474218497319e-20, 0.0, 0.0, 0.0, 1.965985076921241e-19, 1.0732570499049044e-17, 0.0], [0.0, 1.183526735785637e-16, 0.0, 3.892317060500638e-09, 0.0, 0.0, 1.5405537683180764e-09, 6.912159733474253e-11, 1.8876607458761677e-16, 3.2738987535351706e-09, 3.369109387176267e-11, 3.2042352575853056e-09, 3.2661456438233698e-09, 0.0, 1.69174504790055e-09, 0.0, 0.0, 2.385239486454729e-09, 1.6250990803441242e-09, 3.2473135229383246e-09, 4.440892098500626e-16, 1.1180435526535889e-09, 9.742043491296351e-10, 0.0, 7.637263755132574e-10, 0.0, 1.0, 2.1324754880195977e-15, 0.0, 2.543882118009574e-09, 0.0, 1.5182503272224431e-09, 1.4551915228366849e-11, 0.0, 0.0, 0.0, 1.455191522836685e-10, 0.0, 0.0, 4.189376917574562e-09, 4.440892098500625e-16, 2.907044672134676e-09, 2.308606498707179e-09, 6.93889390390723e-18, 1.8704110577613016e-09, 2.910398766369559e-11, 1.3335021762827204e-09, 0.0, 0.0, 0.0, 3.4694469519536136e-17, 0.0, 0.0, 3.4855610966035493e-09, 0.0, 1.7112307507172174e-09, 0.0, 2.9103830456733697e-11, 0.0, 1.5044030529838537e-09, 5.510952659746347e-17, 5.29588883379282e-09, 0.0, 0.0, 9.604264050722122e-10, 0.0, 0.0, 0.0, 0.0, 6.5052207069684675e-09, 0.0, 0.0, 0.0, 0.0, 0.0, 5.789495266010163e-09, 0.0, 4.911928539363856e-16, 0.0, 0.0, 4.4408920985006257e-16, 2.222931241981302e-09, 2.379410932579857e-09, 0.0], [0.0, 8.153464741821849e-16, 0.0, 0.14995714295070955, 0.0, 0.0, 0.051262941841060713, 0.0, 7.103033800688869e-16, 0.08705099827626403, 0.0019531250000005607, 0.11029472339596272, 1.2424681902009593e-22, 0.0, 8.299961512190713e-15, 0.0, 0.0, 0.17400571846241936, 3.1849142924043834e-14, 0.2090151042004587, 0.07520997105173459, 1.690615205546101e-17, 6.257090099396292e-24, 0.0, 0.12503330778191432, 1.4305569464491732e-19, 2.1324754880195977e-15, 1.0, 0.0, 0.19563527820204518, 0.0, 0.0042083251011391124, 3.0517578124999997e-05, 0.001953125, 0.0, 0.0029296875, 0.003149021807881636, 0.0, 0.0, 0.07559659611108031, 4.440892098500625e-16, 0.02649497516933832, 0.0, 4.719194323307122e-15, 0.18892814094248245, 3.747483168767891e-15, 0.0434571606170641, 0.059588038406606265, 0.0, 0.06774762293658804, 0.00035345680068394063, 3.051757812500341e-05, 3.816536552273282e-23, 0.18852540513269378, 7.105427357601002e-15, 0.047570345937300175, 0.0, 0.024935350421237686, 0.0, 1.084797037313285e-19, 3.605004994222087e-17, 0.17554717028219657, 0.0, 1.1144573207563451e-22, 3.0517578124999993e-05, 0.0, 2.1462243528088018e-19, 0.008170379042618468, 0.0, 0.09549228638883013, 0.004899552709886741, 0.15129733192011163, 3.270161760230067e-23, 2.147634387887439e-19, 0.0, 0.17521640178507744, 0.0834259612866344, 0.0005744578128428946, 0.031249999999999997, 0.0, 4.440892118231296e-16, 2.2033057280152648e-14, 0.1374459749405291, 0.0], [0.0, 0.0, 0.0, 1.4387936945199104e-05, 0.0, 4.924752993529532e-06, 0.0, 0.0, 0.0, 2.4446156925659236e-07, 0.0, 0.0, 0.0, 0.0, 0.0, 0.0, 0.0, 1.8929170360787778e-06, 0.0, 5.731987868618255e-06, 0.0, 0.0, 0.0, 0.0, 0.0, 0.0, 0.0, 0.0, 1.0, 6.229374549314317e-06, 0.0, 0.0, 3.814697265625e-06, 0.0, 0.0, 0.0, 0.0, 0.0, 0.0, 5.303044152958281e-06, 2.886505101559898e-06, 0.0, 0.0, 0.0, 0.0, 0.0, 0.0, 4.333204912163275e-06, 0.0, 0.0, 5.722045898437501e-06, 1.953687743116699e-06, 0.0, 0.0, 0.0, 2.4574282345488266e-06, 0.0, 0.0, 0.0, 0.0, 0.0, 3.3746785618949235e-06, 0.0, 0.0, 0.0, 0.0, 0.0, 0.0, 0.0, 3.814697265625001e-06, 3.8146972656249996e-06, 0.0, 0.0, 0.0, 0.0, 4.392079919341604e-06, 0.0, 0.0, 0.0, 0.0, 0.0, 3.814697265625e-06, 2.1225746191469866e-06, 0.0], [0.0, 4.2277490346016853e-16, 4.351577919717161e-05, 0.7042635984733293, 0.0, 2.640683513223697e-05, 0.048007778656559724, 3.6120109514592114e-11, 4.613755258499089e-16, 0.2097909204727235, 0.0019533888120845614, 0.21984331019827777, 4.455203214881191e-08, 2.6702880859375003e-05, 3.119048480299532e-09, 0.0, 7.778282783682854e-07, 0.7718633134748892, 3.3203784148014e-09, 0.6975835595829538, 0.22647704017934592, 9.741132383911849e-08, 1.989810553178487e-08, 0.0, 0.3873700982615751, 1.3343012720399774e-17, 2.543882118009574e-09, 0.19563527820204518, 6.229374549314317e-06, 1.0, 1.5070468375093755e-07, 0.004600746128076961, 8.08467930082252e-05, 0.0024419321873262708, 0.0, 0.003016271589749644, 0.003301658195989519, 1.2732093119148726e-06, 1.3971620974266181e-05, 0.7219288499232553, 4.911034878014419e-05, 0.13324599814437, 2.1975013059552402e-08, 8.645776234383296e-16, 0.24778881363525515, 1.7416554241969426e-09, 0.18854129629385413, 0.3331289795382204, 5.3884321382613333e-14, 0.16767311042271743, 0.0008076503577186581, 6.192936342677982e-05, 4.12647148777039e-23, 0.7075089619442712, 7.92435234451393e-15, 0.5073352841009638, 0.0, 0.044349015258856386, 0.0, 0.30535099919362685, 3.279097282557985e-17, 0.5742540256670645, 0.0, 5.602847908269972e-08, 0.0001819030446211842, 1.1761158973795875e-13, 2.6714676627028184e-19, 0.003172365197582362, 2.0377787363333138e-07, 0.3769635315214762, 0.0010608376596458907, 0.15558664627691388, 4.013983417910709e-23, 2.4675992374948947e-08, 0.0, 0.4362992142830737, 0.23468549507778888, 0.3776535198960392, 0.2645761084396604, 2.847287543349009e-06, 3.138937403668056e-05, 1.1194439521717761e-05, 0.508482017438432, 0.0], [0.0, 0.0, 0.0, 7.370655717568957e-08, 0.0, 1.3101167849691707e-07, 1.0913936421275139e-11, 1.8189894035458563e-12, 0.0, 3.0489142421611544e-08, 0.0, 1.0291813986098505e-07, 1.717108367973661e-08, 0.0, 3.5341206865404316e-08, 0.0, 0.0, 9.033883050339806e-08, 2.7284841053187847e-12, 4.355685535367814e-08, 3.0738748498523017e-09, 1.1828968757151888e-07, 0.0, 0.0, 0.0, 0.0, 0.0, 0.0, 0.0, 1.5070468375093755e-07, 1.0, 0.0, 7.275957614183426e-12, 0.0, 0.0, 0.0, 0.0, 0.0, 1.1920928955078125e-07, 1.1778390815708356e-07, 0.0, 1.4903879740500618e-08, 0.0, 0.0, 5.000158139578536e-08, 0.0, 7.075615754012703e-08, 3.488466972082422e-08, 0.0, 0.0, 1.043081283569336e-07, 1.1920928955078125e-07, 0.0, 4.8549523093659905e-08, 0.0, 1.3100624020002458e-07, 0.0, 0.0, 0.0, 0.0, 0.0, 1.9077201033506215e-08, 0.0, 5.9505309150373996e-08, 4.4711669033858925e-08, 0.0, 2.9802322387695306e-08, 0.0, 0.0, 4.844822197638932e-08, 0.0, 0.0, 0.0, 0.0, 0.0, 6.317912927268307e-08, 1.5720596630618235e-12, 3.637978807091712e-12, 0.0, 4.470348358154297e-08, 0.0, 1.257504239881586e-07, 5.203027741182089e-08, 0.0], [0.0, 0.0, 7.137205408547185e-05, 0.0011464837234943896, 0.0, 7.697562898613915e-06, 0.012518267292212561, 0.0, 0.0, 0.013597398012388852, 2.3841857910156245e-07, 0.004659286402558806, 1.0772300533456706e-09, 1.033689783547185e-05, 1.8626451492360392e-09, 0.0, 0.0, 0.004884337552098836, 9.362966191913315e-10, 0.003692189781206363, 8.470329472543003e-22, 0.0, 0.0, 0.0, 3.5811527963092144e-07, 3.3881317890172014e-21, 1.5182503272224431e-09, 0.0042083251011391124, 0.0, 0.004600746128076961, 0.0, 1.0, 3.850190249364012e-05, 0.0004884004592895508, 0.0, 0.0, 0.0019531250291038305, 6.490179573742108e-07, 1.5505346753207776e-05, 0.0034158923615911557, 2.2435149593063493e-05, 0.006016829434476873, 6.179220999563457e-10, 3.3881317890172014e-21, 0.015934843830516836, 1.1108383066380951e-10, 0.003965272224504423, 1.2615253501759205e-05, 0.0, 0.00048828125, 1.1920928955078125e-07, 1.5258789062499997e-05, 0.0, 0.016018628083661755, 0.0, 0.00942929155551141, 0.0, 1.1922922753639175e-05, 0.0, 2.6193447411060333e-10, 0.0, 0.004784939537172277, 0.0, 0.0, 1.6212492482736703e-05, 0.0, 0.0, 0.0060092715570425, 1.0793198228142906e-06, 0.013051919538421528, 0.005578867039712593, 0.0, 0.0, 0.0, 0.0, 0.012838553711508835, 0.0, 0.0005256537979403865, 0.0, 0.0, 1.8755648311248839e-06, 3.581226337701095e-07, 0.006359127124447035, 0.0], [0.0, 0.0, 2.441780163572358e-05, 6.854513310461877e-05, 0.0, 9.159012573223585e-06, 0.00013191702595952232, 2.2308756265370783e-11, 0.0, 6.057667596654434e-05, 1.4195047698886068e-11, 0.00010290338835857746, 0.0, 9.159012573223587e-06, 0.0, 0.0, 0.0, 6.422968520298642e-05, 7.296629594639323e-11, 0.00010793947776059406, 0.0, 0.0, 0.0, 0.0, 2.1822513882241114e-05, 0.0, 1.4551915228366849e-11, 3.0517578124999997e-05, 3.814697265625e-06, 8.08467930082252e-05, 7.275957614183426e-12, 3.850190249364012e-05, 1.0, 0.0, 0.0, 0.0, 0.0, 0.0, 9.159012573223585e-06, 7.92183767021576e-05, 4.5237620777442337e-05, 3.051781367419031e-05, 0.0, 0.0, 9.561563919808868e-05, 5.82076609134674e-11, 2.005166726949045e-05, 7.823849526164816e-