"{\"names\": [\"172.217.10.1\", \"104.88.86.240\", \"38.93.140.48\", \"192.168.10.15\", \"104.88.108.223\", \"195.142.105.15\", \"172.217.12.163\", \"206.217.206.48\", \"172.217.6.228\", \"178.255.83.1\", \"74.119.118.82\", \"192.168.10.9\", \"172.217.7.6\", \"35.186.227.40\", \"31.13.71.36\", \"206.126.112.142\", \"151.101.2.49\", \"192.168.10.25\", \"172.217.3.98\", \"192.168.10.16\", \"72.30.202.150\", \"172.217.12.132\", \"50.31.164.173\", \"162.208.20.178\", \"23.15.4.16\", \"216.58.217.99\", \"172.217.6.198\", \"172.217.12.174\", \"169.46.44.40\", \"192.168.10.17\", \"52.84.143.130\", \"104.19.195.102\", \"216.200.232.61\", \"104.97.73.166\", \"152.163.13.79\", \"192.229.163.25\", \"74.119.118.86\", \"54.225.188.92\", \"188.165.145.88\", \"192.168.10.14\", \"8.43.72.98\", \"199.96.57.6\", \"68.67.178.110\", \"104.88.70.158\", \"192.168.10.19\", \"69.172.216.56\", \"157.240.18.35\", \"172.217.11.34\", \"185.54.150.20\", \"69.169.85.7\", \"198.232.124.194\", \"74.119.118.72\", \"172.217.12.134\", \"192.168.10.5\", \"23.111.9.30\", \"192.168.10.8\", \"151.101.66.2\", \"68.67.178.199\", \"213.239.195.215\", \"138.108.7.20\", \"52.84.145.87\", \"192.168.10.50\", \"52.84.145.198\", \"52.40.24.51\", \"212.77.100.137\", \"185.54.150.115\", \"172.217.10.138\", \"152.163.66.165\", \"52.84.137.78\", \"192.168.10.51\", \"68.67.178.109\", \"129.146.14.96\", \"54.152.24.232\", \"172.217.10.33\", \"52.8.229.108\", \"192.168.10.12\", \"64.147.131.201\", \"172.217.12.206\", \"68.67.180.12\", \"172.217.10.134\", \"38.69.238.16\", \"172.217.10.142\", \"192.168.10.3\", \"172.217.6.202\"], \"funcEdges\": [[1.0, 0.0, 0.0, 0.0, 0.0, 0.0, 0.0, 0.0, 0.0, 0.0, 0.0, 0.0, 0.0, 0.0, 0.0, 0.0, 0.0, 0.0, 0.0, 0.0, 0.0, 0.0, 0.0, 0.0, 0.0, 0.0, 0.0, 0.0, 0.0, 0.0, 0.0, 0.0, 0.0, 0.0, 0.0, 0.0, 0.0, 0.0, 0.0, 0.0, 0.0, 0.0, 0.0, 0.0, 0.0, 0.0, 0.0, 0.0, 0.0, 0.0, 0.0, 0.0, 0.0, 0.0, 0.0, 0.0, 0.0, 0.0, 0.0, 0.0, 0.0, 0.0, 0.0, 0.0, 0.0, 0.0, 0.0, 0.0, 0.0, 0.0, 0.0, 0.0, 0.0, 0.0, 0.0, 0.0, 0.0, 0.0, 0.0, 0.0, 0.0, 0.0, 0.0, 0.0], [0.0, 1.0, 0.0, 3.5836695981207936e-19, 0.0, 0.0, 0.0, 0.0, 2.314205411238237e-19, 4.003412356783833e-19, 5.665912275159981e-20, 2.044036381188249e-19, 0.0, 0.0, 1.4806234910061096e-19, 0.0, 0.0, 1.5138371072067068e-19, 2.618222552519977e-19, 1.5987156969266693e-19, 8.736477780792889e-23, 6.449962594145341e-21, 0.0, 0.0, 1.23831602905536e-21, 1.0373992580494066e-21, 5.778939139578305e-20, 3.9811839559677e-19, 0.0, 2.0643305833016041e-19, 0.0, 0.0, 0.0, 0.0, 0.0, 0.0, 0.0, 0.0, 0.0, 2.042289719228229e-19, 0.0, 1.5059062177799642e-20, 0.0, 0.0, 3.318361482084884e-19, 2.143820583324871e-19, 5.241886668475735e-22, 1.6013597535411495e-21, 0.0, 0.0, 1.3552527156068805e-20, 4.235164736271502e-22, 0.0, 3.9369428974251455e-19, 0.0, 2.6265749465156823e-19, 0.0, 0.0, 0.0, 0.0, 2.7663980214650838e-21, 2.84968988726545e-19, 0.0, 0.0, 0.0, 0.0, 0.0, 0.0, 0.0, 2.588931924445526e-19, 0.0, 0.0, 0.0, 0.0, 0.0, 1.477624144724808e-19, 0.0, 2.337250455951102e-19, 0.0, 0.0, 0.0, 4.984776098362109e-21, 4.671711699779262e-19, 0.0], [0.0, 0.0, 1.0, 1.6230428979449182e-08, 0.0, 4.514042883747046e-09, 3.064996877781105e-08, 0.0, 0.0, 1.729092678571814e-08, 0.0, 1.6451726838941638e-08, 0.0, 1.4901161193847656e-08, 0.0, 0.0, 0.0, 4.188575701873301e-08, 0.0, 3.229944013947477e-08, 0.0, 0.0, 0.0, 0.0, 0.0, 0.0, 0.0, 0.0, 0.0, 2.124793906111895e-08, 0.0, 3.4849635783921803e-08, 1.1922754704943155e-08, 0.0, 0.0, 0.0, 0.0, 0.0, 3.7252902984619124e-09, 2.5310102850626517e-08, 1.3475853180614699e-08, 7.588424195784243e-10, 0.0, 0.0, 1.782769373987129e-08, 0.0, 2.9711645072946753e-08, 6.7131404579941625e-09, 0.0, 0.0, 0.0, 7.4505805969238265e-09, 0.0, 1.2437523116159933e-08, 0.0, 1.349598605987453e-08, 0.0, 5.821725414945663e-09, 0.0, 7.588424195784242e-10, 0.0, 3.102135677382633e-08, 0.0, 0.0, 7.4505805969238265e-09, 0.0, 0.0, 0.0, 0.0, 1.6849062681053553e-08, 4.359592470806475e-09, 0.0, 0.0, 0.0, 0.0, 1.665391948056426e-08, 0.0, 1.6826875534298727e-08, 0.0, 7.588424195784243e-10, 1.0255773437051047e-08, 1.0434083269203334e-09, 3.570277326859093e-08, 0.0], [0.0, 3.5836695981207936e-19, 1.6230428979449182e-08, 1.0, 0.0, 1.1695676809767975e-08, 3.555308695898648e-05, 2.5385639175903694e-14, 5.5416493968192935e-19, 0.36501037109546336, 0.2063140936303166, 0.4330927106802615, 1.9391508308513212e-11, 4.168642889714179e-09, 0.36198806012482976, 0.0, 4.798983021372517e-10, 0.3627174250941846, 1.852699915689058e-12, 0.6487610201103218, 0.24621750854784435, 2.593895563372941e-11, 1.5166918163749794e-11, 0.0, 0.003126864302587342, 2.931786710540326e-21, 1.900545439697577e-12, 7.322126120640115e-05, 7.025359836523e-09, 0.5734729272959225, 0.0010137778972349393, 5.598065056124949e-07, 3.3469303273739635e-08, 9.861518137121563e-07, 0.0, 0.37106906847263826, 0.04014048317350387, 8.305370518925755e-10, 5.741897595625766e-09, 0.4831841972664777, 3.158494647516717e-08, 0.09100037579770805, 0.05445931360350039, 1.8731133112855535e-18, 0.785273858951705, 0.13319983124912996, 0.001808249382521697, 0.00020785951706447106, 0.004466630484030437, 0.2678837658003993, 0.0007737509741486851, 0.005443338020758195, 2.4999104622559144e-26, 0.2484039913078972, 5.643260038502929e-18, 0.743688334475471, 0.07371833545866366, 0.41856757524117033, 0.0, 0.43698200322078395, 0.004063603577745674, 0.7440207343340419, 0.02163005294984729, 1.6249294683047074e-11, 2.0112466620791597e-08, 0.007173000639206995, 0.2683963781489701, 0.03476110924852656, 0.0001993957721611355, 0.3975885079025173, 4.314503330788475e-05, 0.27514976622977005, 0.015009915349014753, 4.827516406014241e-12, 0.0, 0.7185351443477319, 0.24469696207946157, 0.16470951692634817, 0.022399418154285214, 6.419648782754278e-10, 1.166292960447927e-08, 4.015239300588069e-09, 0.7526064703876576, 0.004989510764604821], [0.0, 0.0, 0.0, 0.0, 1.0, 0.0, 0.0, 0.0, 0.0, 0.0, 0.0, 0.0, 0.0, 0.0, 0.0, 0.0, 0.0, 0.0, 0.0, 0.0, 0.0, 0.0, 0.0, 0.0, 0.0, 0.0, 0.0, 0.0, 0.0, 0.0, 0.0, 0.0, 0.0, 0.0, 0.0, 0.0, 0.0, 0.0, 0.0, 0.0, 0.0, 0.0, 0.0, 0.0, 0.0, 0.0, 0.0, 0.0, 0.0, 0.0, 0.0, 0.0, 0.0, 0.0, 0.0, 0.0, 0.0, 0.0, 0.0, 0.0, 0.0, 0.0, 0.0, 0.0, 0.0, 0.0, 0.0, 0.0, 0.0, 0.0, 0.0, 0.0, 0.0, 0.0, 0.0, 0.0, 0.0, 0.0, 0.0, 0.0, 0.0, 0.0, 0.0, 0.0], [0.0, 0.0, 4.514042883747046e-09, 1.1695676809767975e-08, 0.0, 1.0, 2.3305947494959238e-09, 0.0, 0.0, 1.4367098425546158e-08, 2.952118989572482e-10, 4.087436833931389e-09, 1.673409746838292e-11, 3.725290298461913e-09, 2.7530406888029717e-11, 0.0, 2.1454222490206885e-10, 1.0738906158975959e-08, 0.0, 7.894304517824557e-09, 1.4705908037719533e-11, 5.477824513709745e-11, 0.0, 0.0, 8.17611484974056e-10, 0.0, 0.0, 0.0, 2.4046645476218417e-09, 1.2893962466912583e-08, 6.397054614107279e-11, 3.7585756340888256e-09, 4.472174108019329e-09, 3.1084017966174787e-10, 0.0, 0.0, 0.0, 7.262248151358459e-10, 5.193871591036483e-09, 7.695622930246397e-09, 1.3446262387952514e-08, 1.5643843521844224e-09, 0.0, 0.0, 6.9951159126034496e-09, 0.0, 2.3843119847954453e-09, 9.668169285588052e-09, 0.0, 0.0, 7.536983208459471e-09, 6.517689622328898e-09, 0.0, 1.7521495901560218e-08, 0.0, 1.4185700157647965e-08, 0.0, 0.0, 0.0, 2.3833652660488234e-09, 0.0, 1.0175378528709656e-08, 0.0, 1.097657944786438e-11, 1.8123498984213107e-09, 0.0, 2.5751843965068437e-11, 0.0, 3.0490886772403676e-10, 9.236959546451034e-09, 6.764257018428315e-09, 0.0, 0.0, 0.0, 0.0, 9.48673395087003e-09, 0.0, 3.780103769679921e-09, 0.0, 7.163385094345778e-10, 7.800704419856466e-09, 7.01107889790361e-10, 7.695656189237773e-09, 0.0], [0.0, 0.0, 3.064996877781105e-08, 3.555308695898648e-05, 0.0, 2.3305947494959238e-09, 1.0, 8.881784197001252e-16, 0.0, 1.4971568637690733e-05, 2.336229055380798e-06, 4.397137742997132e-05, 2.242132630770815e-12, 0.0, 4.670876879063839e-13, 0.0, 1.226554613743068e-10, 4.15759207932174e-05, 6.348303763807806e-13, 2.8512131436268804e-05, 1.5379259861145002e-05, 1.7997256186754582e-12, 1.4165119570648683e-11, 0.0, 1.5265500372011403e-05, 0.0, 7.522235196865607e-13, 2.5030733320830427e-05, 0.0, 2.3441298172148303e-05, 5.329070518200751e-15, 6.1124352012756646e-06, 6.441261033179801e-08, 2.511380919654666e-06, 0.0, 2.128276108832463e-06, 7.378278473937694e-07, 6.050047083186292e-10, 1.2736654308255419e-09, 6.108588734672406e-05, 1.1958895337806193e-08, 1.7107090706138822e-05, 1.3804441704819311e-11, 0.0, 2.5925918243724584e-05, 4.4214691627366484e-12, 2.0976906042575066e-05, 5.419648722464699e-05, 1.1055012131504241e-16, 6.190656517794284e-05, 9.909392711479658e-08, 7.1418207249353516e-09, 0.0, 2.8386241761451132e-05, 0.0, 5.150376998298681e-05, 0.0, 1.090936128914718e-09, 0.0, 2.0488447497344787e-09, 0.0, 1.9524612382738785e-05, 0.0, 0.0, 2.0557642493500066e-08, 1.662592112762502e-16, 0.0, 2.1126558543518578e-06, 1.4172300048496413e-10, 6.011548296347766e-05, 5.9068792679174455e-06, 1.52587890625e-05, 0.0, 4.9912657455572864e-12, 0.0, 3.216309781171107e-05, 2.491749819875371e-05, 4.4694104118372687e-07, 1.5258789062500003e-05, 2.1878028425026677e-09, 2.0162998995155655e-09, 1.5479222027056458e-09, 5.527158263679098e-05, 0.0], [0.0, 0.0, 0.0, 2.5385639175903694e-14, 0.0, 0.0, 8.881784197001252e-16, 1.0, 0.0, 1.682495560885036e-14, 1.7680329552096268e-14, 2.095492962287596e-14, 0.0, 0.0, 0.0, 0.0, 0.0, 1.676225353431021e-14, 5.462320975991732e-15, 1.2802334771902897e-14, 0.0, 0.0, 0.0, 0.0, 1.320039070788067e-14, 0.0, 3.375077994860475e-14, 0.0, 0.0, 1.763677222392193e-14, 8.881784197001251e-16, 0.0, 1.0892947395200577e-14, 0.0, 0.0, 0.0, 0.0, 0.0, 0.0, 4.4980436253997534e-14, 0.0, 6.083987056991756e-16, 0.0, 0.0, 1.677940610092996e-14, 0.0, 3.375077994860475e-14, 0.0, 0.0, 0.0, 0.0, 0.0, 0.0, 1.931635021636483e-14, 0.0, 8.86775953735452e-15, 0.0, 0.0, 0.0, 3.375077994860475e-14, 0.0, 2.6057343098023e-14, 0.0, 0.0, 6.4393568832393196e-15, 0.0, 0.0, 0.0, 0.0, 1.6189351953289547e-14, 0.0, 0.0, 0.0, 0.0, 0.0, 3.44215079370394e-14, 0.0, 0.0, 0.0, 0.0, 0.0, 1.3322676295501875e-14, 1.131502997415744e-14, 0.0], [0.0, 2.314205411238237e-19, 0.0, 5.5416493968192935e-19, 0.0, 0.0, 0.0, 0.0, 1.0, 3.051284820265905e-19, 6.192701522353854e-20, 4.2511882622419e-19, 0.0, 0.0, 4.435475228381806e-19, 0.0, 0.0, 3.20657270117456e-19, 2.5092622110989166e-19, 3.550344314400124e-19, 0.0, 1.4688616774223507e-20, 0.0, 0.0, 1.4871309290756812e-20, 6.743095177321143e-21, 9.217093485723475e-20, 3.468278222992612e-19, 0.0, 2.2528101848140084e-19, 0.0, 0.0, 0.0, 0.0, 0.0, 0.0, 0.0, 0.0, 0.0, 4.291991534035308e-19, 0.0, 1.3552527156068805e-20, 0.0, 5.8489522800315385e-21, 3.6793855530271e-19, 8.659756254672167e-20, 0.0, 0.0, 0.0, 0.0, 1.6282038220083523e-20, 0.0, 0.0, 1.0618051727477692e-19, 0.0, 4.660766197957648e-19, 0.0, 0.0, 0.0, 0.0, 9.408472154283492e-21, 2.8606478106142875e-19, 0.0, 0.0, 0.0, 0.0, 0.0, 0.0, 0.0, 3.673564479419808e-19, 0.0, 0.0, 0.0, 0.0, 0.0, 5.679079965737196e-19, 0.0, 1.6454973128969984e-19, 0.0, 0.0, 0.0, 0.0, 2.665267179557253e-19, 0.0], [0.0, 4.003412356783833e-19, 1.729092678571814e-08, 0.36501037109546336, 0.0, 1.4367098425546158e-08, 1.4971568637690733e-05, 1.682495560885036e-14, 3.051284820265905e-19, 1.0, 0.4771232071394945, 0.23182792632091095, 3.0377243821850365e-11, 6.0333038134792135e-09, 0.6155953651099895, 0.0, 4.908500953528377e-10, 0.5211303035875717, 5.210343809925943e-13, 0.3251815639009893, 0.49702257384299275, 1.6893469029579722e-11, 4.265889618149928e-12, 0.0, 0.010125692497875325, 3.3180025269028043e-21, 1.598583375749595e-12, 4.2505370252082046e-05, 1.193660006135705e-10, 0.2619914458105078, 0.0008330453044965815, 6.639354498236744e-06, 2.957845506178923e-08, 2.2747444636269014e-06, 0.0, 0.14700129846910207, 0.08419156364332159, 4.2528481532457745e-10, 8.174908793865568e-09, 0.4408552125359304, 2.3569796748339874e-08, 0.05575813355603941, 7.480260315265314e-12, 3.389086568867682e-21, 0.20370541446962856, 0.11969642540786304, 0.00034237051115352385, 9.9876531082383e-05, 0.014678304186206866, 0.5158352240225307, 0.0007030152785618954, 0.013516831184148868, 1.3251267488796738e-26, 0.5662791666199072, 1.4583173269980217e-19, 0.21460188308944983, 0.022181167398335262, 0.20170035098355205, 0.0, 0.0697112111468797, 0.0057457526000597925, 0.2824271014343929, 0.01352299635550391, 1.146849464714987e-12, 3.235068718904272e-08, 0.02629682721764496, 0.5187824120803604, 0.045227369131959294, 0.0004949032976244753, 0.214529379565516, 7.213364447789649e-07, 0.1654204338841074, 0.0083326274765667, 8.160883555714988e-12, 0.0, 0.5459283117551381, 0.2977387742786184, 0.13721949992629462, 0.02666621221444551, 1.1566568210886072e-09, 1.3939595383347843e-08, 8.484179650026427e-09, 0.3612035131437076, 0.000990406003695713], [0.0, 5.665912275159981e-20, 0.0, 0.2063140936303166, 0.0, 2.952118989572482e-10, 2.336229055380798e-06, 1.7680329552096268e-14, 6.192701522353854e-20, 0.4771232071394945, 1.0, 0.14621914698305102, 1.555961576320081e-12, 0.0, 0.49088069367563486, 0.0, 1.1591564323265009e-10, 0.2029841724950014, 7.40776479809346e-15, 0.14682203727258036, 0.5, 1.680678683478021e-20, 0.0, 0.0, 2.3558381469820063e-10, 2.169716040472186e-21, 1.6450729429571615e-14, 9.536743164065238e-07, 0.0, 0.22901576582792288, 0.0, 1.1641532182693479e-10, 6.931175634221713e-15, 9.536743164062498e-07, 0.0, 0.1250009536743164, 0.12499999999999999, 2.4233781726403774e-10, 0.0, 0.2568403213081833, 2.168404344971009e-19, 9.536761353956673e-07, 0.0, 1.3552527156068805e-20, 0.15428999852256223, 1.4191061499128678e-20, 0.0004892351180673162, 2.762043401621473e-10, 0.0, 0.5, 1.6940658945086007e-20, 1.4526495202320188e-22, 0.0, 0.37049331377054023, 0.0, 0.06701465092187707, 0.0, 0.12499999999999999, 0.0, 0.12500000000001643, 5.8630522201312945e-21, 0.0509395813394585, 0.0, 0.0, 1.1642242725429236e-10, 0.0, 0.5, 1.3208178138610726e-06, 1.1641532182693479e-10, 0.1253528024252997, 2.0646785303232075e-22, 0.054059709821428575, 0.0004882812499999999, 1.8189894035945337e-12, 0.0, 0.3958888955849953, 0.0011518902824601339, 2.976820079541328e-20, 0.0, 0.0, 2.1684043449710093e-19, 1.1644723677965265e-10, 0.1847551824740866, 0.0], [0.0, 2.044036381188249e-19, 1.6451726838941638e-08, 0.4330927106802615, 0.0, 4.087436833931389e-09, 4.397137742997132e-05, 2.095492962287596e-14, 4.2511882622419e-19, 0.23182792632091095, 0.14621914698305102, 1.0, 1.7856230989185155e-11, 3.725290298461913e-09, 0.2902788173425218, 0.0, 0.0, 0.5757593803056679, 1.028423504858558e-12, 0.21745462278462954, 0.1782120684761577, 2.4914582312285787e-11, 3.709210321724629e-12, 0.0, 0.006626453340403388, 5.254400129435555e-21, 1.564567996867825e-12, 5.385484540818492e-05, 0.0, 0.5211884938580672, 0.0008748902357402198, 2.275042188749417e-06, 5.024579509696165e-08, 2.574194120990361e-06, 0.0, 0.14172193302415903, 0.10882987335009109, 0.0, 4.513222728708545e-09, 0.6136312257103687, 1.845495026811401e-08, 0.11290562327745494, 0.017589797340471836, 3.230294824105342e-18, 0.4857203741821412, 0.12036235187790062, 0.0020620269005060705, 0.0001856228735978629, 0.014494085424932534, 0.238470631526572, 0.0008524668197969332, 0.014642055173260378, 2.5731814733850214e-26, 0.41212567666842814, 8.743779414150674e-18, 0.42255987724295146, 0.05133748008513346, 0.24350067636856995, 0.0, 0.20859834658855403, 0.013477349478936971, 0.24000423668485205, 0.01716512579913963, 2.9055326733581117e-11, 4.786248324434057e-08, 0.020122983268363745, 0.1858236376918988, 0.00887813717357313, 3.5147568528177126e-05, 0.6978762343273505, 0.0010430808037854794, 0.24122062451673748, 0.007667527949770785, 3.743392439932468e-12, 0.0, 0.52743780238509, 0.26407053692228283, 0.13144724479635525, 0.03078627702908299, 5.65993394544801e-10, 1.395708138482126e-08, 1.8711428568909392e-09, 0.40213907172009156, 0.004970276763292012], [0.0, 0.0, 0.0, 1.9391508308513212e-11, 0.0, 1.673409746838292e-11, 2.242132630770815e-12, 0.0, 0.0, 3.0377243821850365e-11, 1.555961576320081e-12, 1.7856230989185155e-11, 1.0, 0.0, 8.002343499750386e-12, 0.0, 0.0, 1.9617147779484778e-11, 1.9104183255483695e-12, 2.839761679837422e-11, 1.128681141773073e-11, 1.1114233470002839e-13, 3.6967412444614185e-12, 0.0, 7.399573683957565e-12, 0.0, 1.5947976776481298e-12, 6.066739209965622e-26, 0.0, 2.1753921947662064e-11, 8.384318202996392e-12, 5.259912369851907e-13, 0.0, 0.0, 0.0, 0.0, 0.0, 0.0, 0.0, 1.8626094768758896e-11, 0.0, 1.629958752673106e-11, 5.272070787019785e-12, 0.0, 2.3649897278244425e-11, 9.436947962395403e-12, 2.721978715256519e-11, 8.384318202996392e-12, 0.0, 0.0, 0.0, 0.0, 2.5849394142282115e-26, 2.0517682038675072e-11, 0.0, 1.2974793074677902e-11, 0.0, 1.451033508115574e-26, 0.0, 1.8809451800015e-12, 1.2924697071141055e-26, 2.6902606824895908e-11, 0.0, 6.774010632964591e-12, 4.337056788301045e-11, 0.0, 0.0, 1.2924697071141056e-26, 0.0, 1.980112298522202e-11, 0.0, 0.0, 2.5849394142282115e-26, 8.840520299348683e-12, 0.0, 4.7629476452292616e-11, 0.0, 1.2924697071141056e-26, 2.909138023644757e-26, 8.384318202996392e-12, 0.0, 1.326964878661303e-11, 1.769791147454247e-11, 0.0], [0.0, 0.0, 1.4901161193847656e-08, 4.168642889714179e-09, 0.0, 3.725290298461913e-09, 0.0, 0.0, 0.0, 6.0333038134792135e-09, 0.0, 3.725290298461913e-09, 0.0, 1.0, 0.0, 0.0, 0.0, 1.149222086786775e-08, 0.0, 1.292716886454387e-08, 0.0, 0.0, 0.0, 0.0, 0.0, 0.0, 0.0, 0.0, 0.0, 1.3038516044616701e-08, 0.0, 5.047313396226489e-09, 4.4721741080193294e-09, 0.0, 0.0, 0.0, 0.0, 0.0, 3.7252902984619136e-09, 1.4705716807707365e-08, 5.420542040978014e-09, 0.0, 0.0, 0.0, 1.48656861892339e-08, 0.0, 0.0, 4.872731650474954e-09, 0.0, 0.0, 0.0, 0.0, 0.0, 3.835794540542132e-09, 0.0, 3.645569773308947e-09, 0.0, 0.0, 0.0, 0.0, 0.0, 4.780642774529731e-10, 0.0, 0.0, 0.0, 0.0, 0.0, 0.0, 0.0, 3.725290298461913e-09, 4.359592470806475e-09, 0.0, 0.0, 0.0, 0.0, 1.1689432569633962e-08, 0.0, 3.725290298461913e-09, 0.0, 0.0, 9.125060374972143e-09, 0.0, 5.722229012695781e-09, 0.0], [0.0, 1.4806234910061096e-19, 0.0, 0.36198806012482976, 0.0, 2.7530406888029717e-11, 4.670876879063839e-13, 0.0, 4.435475228381806e-19, 0.6155953651099895, 0.49088069367563486, 0.2902788173425218, 8.002343499750386e-12, 0.0, 1.0, 0.0, 0.0, 0.28110010169882715, 8.222995929151096e-13, 0.4335826649177559, 0.4908806936738159, 2.0431076302762026e-11, 3.907418392505164e-13, 0.0, 9.680318842405075e-13, 7.25164226197022e-23, 8.260473866701904e-13, 4.052715582124372e-18, 0.0, 0.20700754929919063, 1.72564486647482e-11, 9.094947017754098e-13, 0.0, 0.0, 0.0, 0.15340021677306748, 0.030680043354613495, 0.0, 1.7256448664748198e-11, 0.2741328637383354, 1.2681808982108617e-18, 0.06843041511694874, 7.630548283927365e-13, 2.4815418376590827e-24, 0.2868390860578837, 0.055061556010699016, 3.480165256364018e-11, 4.2278864316969464e-11, 2.6310703800104167e-17, 0.5593111087868212, 2.5884672997122305e-11, 1.725648122694892e-11, 0.0, 0.5670525573013918, 3.469446951953614e-18, 0.15788965129831883, 0.0, 0.22183063188607277, 0.0, 0.15340021677352222, 0.0, 0.18073923480161763, 0.0, 0.0, 6.2068969058025314e-12, 2.775557561562892e-17, 0.4908806936795681, 0.0, 0.0, 0.2166275740071706, 3.020401637590701e-17, 0.288727996510451, 0.0, 2.7284841053558156e-12, 0.0, 0.4709869887812111, 0.06843041511300535, 0.04399098114407485, 0.0, 5.7521495549160665e-12, 1.268180588018132e-18, 2.472705947785445e-11, 0.47260931094032743, 0.0], [0.0, 0.0, 0.0, 0.0, 0.0, 0.0, 0.0, 0.0, 0.0, 0.0, 0.0, 0.0, 0.0, 0.0, 0.0, 1.0, 0.0, 0.0, 0.0, 0.0, 0.0, 0.0, 0.0, 0.0, 0.0, 0.0, 0.0, 0.0, 0.0, 0.0, 0.0, 0.0, 0.0, 0.0, 0.0, 0.0, 0.0, 0.0, 0.0, 0.0, 0.0, 0.0, 0.0, 0.0, 0.0, 0.0, 0.0, 0.0, 0.0, 0.0, 0.0, 0.0, 0.0, 0.0, 0.0, 0.0, 0.0, 0.0, 0.0, 0.0, 0.0, 0.0, 0.0, 0.0, 0.0, 0.0, 0.0, 0.0, 0.0, 0.0, 0.0, 0.0, 0.0, 0.0, 0.0, 0.0, 0.0, 0.0, 0.0, 0.0, 0.0, 0.0, 0.0, 0.0], [0.0, 0.0, 0.0, 4.798983021372517e-10, 0.0, 2.1454222490206885e-10, 1.226554613743068e-10, 0.0, 0.0, 4.908500953528377e-10, 1.1591564323265009e-10, 0.0, 0.0, 0.0, 0.0, 0.0, 1.0, 5.004122022509945e-10, 0.0, 7.240437552980794e-11, 0.0, 0.0, 0.0, 0.0, 6.860685776557714e-10, 0.0, 0.0, 0.0, 0.0, 3.797989640470144e-10, 0.0, 0.0, 0.0, 5.703162734357589e-10, 0.0, 0.0, 0.0, 6.178426295554056e-10, 3.8021084895717266e-10, 3.8467452151443964e-10, 0.0, 0.0, 0.0, 0.0, 5.216449812158979e-10, 0.0, 1.3757337633009742e-10, 4.830005133108217e-10, 0.0, 0.0, 3.8021084895717256e-10, 0.0, 0.0, 1.737669320198038e-10, 0.0, 1.6107275989741914e-10, 0.0, 0.0, 0.0, 5.70316273435759e-10, 0.0, 5.092768302968664e-10, 0.0, 0.0, 5.70316273435759e-10, 0.0, 0.0, 0.0, 0.0, 4.239073100032094e-10, 0.0, 0.0, 0.0, 0.0, 0.0, 6.468201109400255e-10, 0.0, 0.0, 0.0, 2.934253019339425e-10, 5.70316273435759e-10, 3.802108489571726e-10, 7.747053514501858e-10, 0.0], [0.0, 1.5138371072067068e-19, 4.188575701873301e-08, 0.3627174250941846, 0.0, 1.0738906158975959e-08, 4.15759207932174e-05, 1.676225353431021e-14, 3.20657270117456e-19, 0.5211303035875717, 0.2029841724950014, 0.5757593803056679, 1.9617147779484778e-11, 1.149222086786775e-08, 0.28110010169882715, 0.0, 5.004122022509945e-10, 1.0, 1.983153120115994e-12, 0.3972688436077879, 0.23000402054400157, 2.5318820864644556e-11, 1.0639677780234564e-11, 0.0, 0.014582092649786957, 1.7270330068560378e-21, 1.1646677179954732e-12, 8.49637297179782e-05, 9.242758965228407e-10, 0.4499853897002506, 0.0007257775823372622, 2.38493044536076e-06, 3.136215097802071e-08, 1.8838115163985035e-06, 0.0, 0.3776036547138259, 0.15186323260210902, 9.787227674474193e-10, 3.619826686217245e-09, 0.45723441402589043, 3.139304312294579e-08, 0.12534933623481143, 0.062492192228793694, 4.844045061712386e-18, 0.4988930418184858, 0.136039457236373, 0.004849854264179389, 0.0002293768645209378, 0.023792252007398883, 0.30900147875961514, 0.0005324486379713859, 0.0223593309527592, 2.8530961696867527e-26, 0.5417159482638317, 3.0692522722301174e-18, 0.6735725017152278, 0.07371966748896942, 0.2713877354840116, 0.0, 0.36832237834800335, 0.0027935308136189684, 0.5618425389101428, 0.03494338325798801, 1.72908133861223e-11, 5.245649604646394e-08, 0.03955972523690905, 0.24344300889830622, 0.030551670789334483, 0.0006092779122562777, 0.517389411495718, 0.002707811026025554, 0.295862505066276, 0.010233461923087692, 1.289390358153637e-11, 0.0, 0.44885293658263925, 0.4385737674538941, 0.12464450997098073, 0.04163004185135051, 1.563055610266936e-09, 1.2596524764047638e-08, 2.3269508051886566e-09, 0.2531587134632368, 0.001264676918501362], [0.0, 2.618222552519977e-19, 0.0, 1.852699915689058e-12, 0.0, 0.0, 6.348303763807806e-13, 5.462320975991732e-15, 2.5092622110989166e-19, 5.210343809925943e-13, 7.40776479809346e-15, 1.028423504858558e-12, 1.9104183255483695e-12, 0.0, 8.222995929151096e-13, 0.0, 0.0, 1.983153120115994e-12, 1.0, 5.409549667501996e-13, 8.266784115393704e-19, 5.459196923309267e-13, 4.758653122495019e-13, 0.0, 3.614860946856913e-13, 0.0, 7.935054103242794e-13, 1.555133931838078e-17, 0.0, 1.621278522852246e-12, 1.3322676295501878e-15, 4.571760835895173e-13, 3.562807419257482e-14, 8.07793566946316e-28, 0.0, 0.0, 2.140750168939475e-14, 0.0, 0.0, 1.854669461837574e-12, 2.105758509554154e-18, 1.973066471506599e-12, 8.485715789555129e-13, 2.09173270126208e-19, 1.9552644295839922e-12, 4.981148926000364e-14, 5.310961922914346e-13, 1.2624746920209661e-21, 0.0, 0.0, 0.0, 1.6924399550855907e-21, 8.555024454462686e-27, 2.5288555737824306e-12, 3.469446951953614e-18, 7.813132661390102e-13, 0.0, 2.138792829142655e-14, 0.0, 1.9825479364021862e-12, 1.292469707114106e-26, 1.2253088639035972e-12, 0.0, 1.965921685152096e-26, 4.759670533085477e-13, 5.4013421608555464e-17, 0.0, 1.2924697071141057e-26, 0.0, 1.042125586712903e-12, 3.6438123173548096e-23, 0.0, 1.1084949233364944e-26, 0.0, 0.0, 1.1986386138767095e-12, 1.136867666526447e-15, 5.035208786334498e-16, 2.1066171895358588e-26, 0.0, 2.1057585099580507e-18, 2.2472028225463197e-12, 2.26970379605639e-12, 0.0], [0.0, 1.5987156969266693e-19, 3.229944013947477e-08, 0.6487610201103218, 0.0, 7.894304517824557e-09, 2.8512131436268804e-05, 1.2802334771902897e-14, 3.550344314400124e-19, 0.3251815639009893, 0.14682203727258036, 0.21745462278462954, 2.839761679837422e-11, 1.292716886454387e-08, 0.4335826649177559, 0.0, 7.240437552980794e-11, 0.3972688436077879, 5.409549667501996e-13, 1.0, 0.14624577466271435, 6.547032003529413e-12, 7.739198649943485e-12, 0.0, 0.007611475257027945, 1.1038361539826458e-21, 1.5856023061222288e-12, 0.00010205815634788023, 2.7988222014737574e-09, 0.20529692530586371, 0.0005761606726773041, 1.8028270416046694e-06, 5.270482312529007e-08, 1.558331668651854e-06, 0.0, 0.5990337484788186, 0.17227580940781217, 9.634283110943973e-10, 2.811171347017274e-09, 0.22773443813086863, 3.136352378844155e-08, 0.08510406837418275, 0.023772511419388388, 2.2423413249198083e-18, 0.6849799916576382, 0.07294276473350138, 0.0020935369793429652, 0.00013614534466339147, 0.012611049113781048, 0.20864158639117178, 0.0004457497300682386, 0.01147098032879054, 6.760497026447563e-27, 0.591355834844089, 4.287329168161283e-18, 0.6122910139257819, 0.05134464779800025, 0.5545472720289034, 0.0, 0.5178727310971346, 0.0014480476939097207, 0.7136804065413866, 0.016357553890129665, 1.1196387669459968e-11, 4.9218828326924566e-08, 0.020981426925841554, 0.2113510521970013, 0.016908658719707623, 0.0009069001086658677, 0.09941633882050822, 0.0018334206219599043, 0.3508816496118444, 0.009147858290699478, 1.167407783399837e-11, 0.0, 0.5216992775650863, 0.23380681764617217, 0.09535774125274135, 0.008979891294657875, 1.7924597586985773e-09, 5.633010829465371e-09, 4.4933666373766625e-09, 0.8834806463786898, 0.0038620519283976526], [0.0, 8.736477780792889e-23, 0.0, 0.24621750854784435, 0.0, 1.4705908037719533e-11, 1.5379259861145002e-05, 0.0, 0.0, 0.49702257384299275, 0.5, 0.1782120684761577, 1.128681141773073e-11, 0.0, 0.4908806936738159, 0.0, 0.0, 0.23000402054400157, 8.266784115393704e-19, 0.14624577466271435, 1.0, 1.0902409675815409e-21, 0.0, 0.0, 2.3683469162614408e-05, 4.623055939899163e-24, 2.168404344971009e-19, 3.672361867760478e-05, 0.0, 0.2782318544114518, 1.5009154540294442e-12, 4.1359030627651384e-25, 0.0, 0.0, 0.0, 0.13784163742343786, 0.125, 0.0, 0.0, 0.2715009140970765, 6.505213034913027e-19, 3.5805910257781826e-08, 9.094947017729281e-13, 1.2407709188295415e-24, 0.20723010760627977, 2.85275907605303e-22, 1.5390327530943373e-05, 4.122029090259284e-05, 0.0, 0.5000488876011046, 1.2295499399409217e-08, 5.241886668475734e-22, 0.0, 0.4021530934399006, 0.0, 0.11485883319958459, 0.0, 0.1250064918385205, 0.0, 0.25, 1.2924697071141057e-26, 0.07755966101707447, 0.0, 2.057523791433302e-12, 9.005492724176672e-12, 0.0, 0.6058779646245148, 5.169878828456423e-26, 0.0, 0.20166106230036668, 0.0, 0.05359460449395868, 0.0, 0.0, 0.0, 0.39622372678470963, 0.03133201637446255, 1.0973030588450055e-07, 0.00018064577440745285, 2.8517393626559458e-11, 6.505213034913027e-19, 9.005492915061507e-12, 0.22674306957622967, 0.0], [0.0, 6.449962594145341e-21, 0.0, 2.593895563372941e-11, 0.0, 5.477824513709745e-11, 1.7997256186754582e-12, 0.0, 1.4688616774223507e-20, 1.6893469029579722e-11, 1.680678683478021e-20, 2.4914582312285787e-11, 1.1114233470002839e-13, 0.0, 2.0431076302762026e-11, 0.0, 0.0, 2.5318820864644556e-11, 5.459196923309267e-13, 6.547032003529413e-12, 1.0902409675815409e-21, 1.0, 1.7772660990583286e-13, 0.0, 1.6018725199951625e-20, 2.5670018717727086e-21, 5.459197034441352e-13, 8.254957058330571e-21, 0.0, 4.7564122968319574e-11, 5.7758636509530705e-11, 0.0, 0.0, 0.0, 0.0, 0.0, 0.0, 0.0, 5.7758636509530705e-11, 4.921622330692499e-11, 0.0, 6.94306995620021e-13, 3.405527207889583e-13, 1.3552527156068805e-20, 1.6852009675227132e-11, 1.1910138536075215e-21, 2.6964264238528298e-11, 1.1003706671605494e-11, 0.0, 0.0, 5.403227286714266e-11, 5.775863651031281e-11, 5.654554968624212e-27, 1.9263353820012288e-11, 0.0, 5.7903785809925175e-11, 0.0, 0.0, 0.0, 5.459196910788428e-13, 2.3393985922658456e-20, 2.052496620272206e-12, 0.0, 4.96246529319241e-28, 1.8562372533302435e-11, 0.0, 1.6768636406025858e-11, 0.0, 0.0, 1.7314556110032466e-11, 2.064678530323208e-22, 0.0, 0.0, 1.5534774480663758e-23, 0.0, 2.7166379993753105e-11, 0.0, 2.80611678138419e-20, 0.0, 1.6768636405992783e-11, 4.962465293192409e-28, 5.2888605473522075e-11, 4.998959812912845e-12, 0.0], [0.0, 0.0, 0.0, 1.5166918163749794e-11, 0.0, 0.0, 1.4165119570648683e-11, 0.0, 0.0, 4.265889618149928e-12, 0.0, 3.709210321724629e-12, 3.6967412444614185e-12, 0.0, 3.907418392505164e-13, 0.0, 0.0, 1.0639677780234564e-11, 4.758653122495019e-13, 7.739198649943485e-12, 0.0, 1.7772660990583286e-13, 1.0, 0.0, 3.6379788070917125e-12, 0.0, 4.756857173484547e-13, 3.0552197750958456e-27, 0.0, 9.715871841691832e-12, 0.0, 0.0, 0.0, 8.077935669463161e-28, 0.0, 0.0, 0.0, 0.0, 0.0, 1.5709385160755492e-11, 0.0, 1.47372715408713e-11, 1.6294886509453588e-11, 0.0, 4.264657494174463e-12, 7.997000266179514e-12, 3.637978807091717e-12, 0.0, 0.0, 0.0, 0.0, 0.0, 8.07793566946316e-28, 5.64182745492706e-12, 0.0, 9.933471297336463e-12, 0.0, 0.0, 0.0, 4.756857173484555e-13, 0.0, 7.685065474033999e-12, 0.0, 6.462348535570529e-27, 6.253562701657256e-12, 0.0, 0.0, 0.0, 0.0, 6.811026341445346e-12, 3.7449659221407176e-27, 0.0, 5.1368711611704886e-27, 3.6379788070917125e-12, 0.0, 2.8271044416909506e-12, 8.305463282553694e-16, 5.5511151231257815e-17, 0.0, 0.0, 0.0, 1.3026947513532093e-11, 3.4707373853068065e-12, 0.0], [0.0, 0.0, 0.0, 0.0, 0.0, 0.0, 0.0, 0.0, 0.0, 0.0, 0.0, 0.0, 0.0, 0.0, 0.0, 0.0, 0.0, 0.0, 0.0, 0.0, 0.0, 0.0, 0.0, 1.0, 0.0, 0.0, 0.0, 0.0, 0.0, 0.0, 0.0, 0.0, 0.0, 0.0, 0.0, 0.0, 0.0, 0.0, 0.0, 0.0, 0.0, 0.0, 0.0, 0.0, 0.0, 0.0, 0.0, 0.0, 0.0, 0.0, 0.0, 0.0, 0.0, 0.0, 0.0, 0.0, 0.0, 0.0, 0.0, 0.0, 0.0, 0.0, 0.0, 0.0, 0.0, 0.0, 0.0, 0.0, 0.0, 0.0, 0.0, 0.0, 0.0, 0.0, 0.0, 0.0, 0.0, 0.0, 0.0, 0.0, 0.0, 0.0, 0.0, 0.0], [0.0, 1.23831602905536e-21, 0.0, 0.003126864302587342, 0.0, 8.17611484974056e-10, 1.5265500372011403e-05, 1.320039070788067e-14, 1.4871309290756812e-20, 0.010125692497875325, 2.3558381469820063e-10, 0.006626453340403388, 7.399573683957565e-12, 0.0, 9.680318842405075e-13, 0.0, 6.860685776557714e-10, 0.014582092649786957, 3.614860946856913e-13, 0.007611475257027945, 2.3683469162614408e-05, 1.6018725199951625e-20, 3.6379788070917125e-12, 0.0, 1.0, 6.369043093833777e-21, 3.729132692935827e-13, 6.105141981538785e-05, 0.0, 0.009079496045763052, 0.0, 1.7486097638228586e-10, 1.0655524356563044e-08, 4.656612873077393e-10, 0.0, 0.0, 2.41584530158434e-13, 6.206876132015758e-10, 2.328306436538696e-10, 0.006013801300131176, 0.0, 0.015633337650778605, 3.6379788070917125e-12, 1.249991571046799e-20, 0.0070090924650273966, 8.057030802027043e-12, 6.781099357309139e-05, 0.00024208065120809573, 0.0, 0.0001371666659449709, 4.365574568545769e-10, 1.626356538784091e-08, 0.0, 0.013768137956041157, 0.0, 0.00015360462333062228, 0.004307209408531102, 0.0043073209971539106, 0.0, 0.0049221700908682435, 0.003317329641491069, 0.0024526705867491264, 0.015572218630843213, 0.0, 5.980123750769869e-08, 0.015572218630843218, 0.0, 0.013233793376326273, 3.4903537967059725e-10, 0.00019616770338150684, 1.0655439392033701e-08, 6.103515625e-05, 0.0043072094085311015, 2.143569751629935e-11, 0.0, 0.015816228440751492, 0.002936915943801362, 0.015604699668596126, 0.012802390824059012, 7.986025192891656e-11, 9.313225746154784e-10, 4.1298884077703526e-10, 0.012574572522677853, 0.0], [0.0, 1.0373992580494066e-21, 0.0, 2.931786710540326e-21, 0.0, 0.0, 0.0, 0.0, 6.743095177321143e-21, 3.3180025269028043e-21, 2.169716040472186e-21, 5.254400129435555e-21, 0.0, 0.0, 7.25164226197022e-23, 0.0, 0.0, 1.7270330068560378e-21, 0.0, 1.1038361539826458e-21, 4.623055939899163e-24, 2.5670018717727086e-21, 0.0, 0.0, 6.369043093833777e-21, 1.0, 0.0, 6.985141340083853e-23, 0.0, 6.515142929882702e-21, 0.0, 1.6543612251060553e-24, 0.0, 0.0, 0.0, 0.0, 0.0, 0.0, 0.0, 2.202327079620472e-21, 0.0, 2.6453759004441423e-23, 0.0, 3.34617753708748e-24, 3.1860138421174045e-21, 0.0, 5.187283682345781e-23, 2.8841578818404004e-23, 0.0, 0.0, 0.0, 0.0, 0.0, 2.177145279057582e-21, 0.0, 2.5613227508837035e-21, 0.0, 1.3406846245890537e-24, 0.0, 0.0, 3.1057874732657678e-21, 4.494133365903127e-21, 0.0, 0.0, 0.0, 0.0, 7.841712483554413e-23, 0.0, 0.0, 4.329964366518267e-21, 0.0, 0.0, 0.0, 6.154132676340102e-23, 0.0, 5.843396352305332e-21, 0.0, 3.821032333250644e-23, 0.0, 0.0, 0.0, 9.599536508404497e-23, 5.240512938988791e-21, 0.0], [0.0, 5.778939139578305e-20, 0.0, 1.900545439697577e-12, 0.0, 0.0, 7.522235196865607e-13, 3.375077994860475e-14, 9.217093485723475e-20, 1.598583375749595e-12, 1.6450729429571615e-14, 1.564567996867825e-12, 1.5947976776481298e-12, 0.0, 8.260473866701904e-13, 0.0, 0.0, 1.1646677179954732e-12, 7.935054103242794e-13, 1.5856023061222288e-12, 2.168404344971009e-19, 5.459197034441352e-13, 4.756857173484547e-13, 0.0, 3.729132692935827e-13, 0.0, 1.0, 1.0412477968845692e-18, 0.0, 1.2421299404343623e-12, 0.0, 7.413331675890836e-13, 7.105427357601e-15, 0.0, 0.0, 0.0, 7.105427357601e-14, 0.0, 0.0, 2.045594198034454e-12, 2.1684043449710084e-19, 1.4194554063157597e-12, 1.1272492669468647e-12, 3.388131789017202e-21, 9.132866492975105e-13, 1.4210931476413863e-14, 6.511241095130471e-13, 0.0, 0.0, 0.0, 1.6940658945086004e-20, 0.0, 0.0, 1.7019341292009518e-12, 0.0, 8.355618899986413e-13, 0.0, 1.4210854715202e-14, 0.0, 7.345718032147723e-13, 2.690894853391771e-20, 2.5858832196254006e-12, 0.0, 0.0, 4.689582056016661e-13, 0.0, 0.0, 0.0, 0.0, 3.176377298324447e-12, 0.0, 0.0, 0.0, 0.0, 0.0, 2.826901985356525e-12, 0.0, 2.398402607111258e-19, 0.0, 0.0, 2.1684043449710086e-19, 1.0854156454986826e-12, 1.1618217444237584e-12, 0.0], [0.0, 3.9811839559677e-19, 0.0, 7.322126120640115e-05, 0.0, 0.0, 2.5030733320830427e-05, 0.0, 3.468278222992612e-19, 4.2505370252082046e-05, 9.536743164065238e-07, 5.385484540818492e-05, 6.066739209965622e-26, 0.0, 4.052715582124372e-18, 0.0, 0.0, 8.49637297179782e-05, 1.555133931838078e-17, 0.00010205815634788023, 3.672361867760478e-05, 8.254957058330571e-21, 3.0552197750958456e-27, 0.0, 6.105141981538785e-05, 6.985141340083853e-23, 1.0412477968845692e-18, 1.0, 0.0, 9.552503818459237e-05, 0.0, 2.0548462407905823e-06, 1.4901161193847655e-08, 9.5367431640625e-07, 0.0, 1.430511474609375e-06, 1.537608304629705e-06, 0.0, 0.0, 3.6912400444863434e-05, 2.1684043449710084e-19, 1.2936999594403477e-05, 0.0, 2.3042941031773056e-18, 9.225006881957151e-05, 1.8298257659999467e-18, 2.121931670755083e-05, 2.9095721878225716e-05, 0.0, 3.307989401200588e-05, 1.7258632845895539e-07, 1.490116119384932e-08, 1.8635432384146885e-26, 9.205342047494813e-05, 3.469446951953614e-18, 2.322770797719735e-05, 0.0, 1.2175464072869964e-05, 0.0, 5.296860533756274e-23, 1.7602563448350033e-20, 8.57163917393538e-05, 0.0, 5.441686136505591e-26, 1.4901161193847653e-08, 0.0, 1.0479611097699227e-22, 3.989442891903549e-06, 0.0, 4.662709296329596e-05, 2.3923597216243853e-06, 7.387565035161701e-05, 1.5967586719873373e-26, 1.0486496034606636e-22, 0.0, 8.555488368411984e-05, 4.0735332659489455e-05, 2.804969789271946e-07, 1.5258789062499998e-05, 0.0, 2.168404354605125e-19, 1.0758328750074535e-17, 6.711229245143022e-05, 0.0], [0.0, 0.0, 0.0, 7.025359836523e-09, 0.0, 2.4046645476218417e-09, 0.0, 0.0, 0.0, 1.193660006135705e-10, 0.0, 0.0, 0.0, 0.0, 0.0, 0.0, 0.0, 9.242758965228407e-10, 0.0, 2.7988222014737574e-09, 0.0, 0.0, 0.0, 0.0, 0.0, 0.0, 0.0, 0.0, 1.0, 3.0416867916573813e-09, 0.0, 0.0, 1.862645149230957e-09, 0.0, 0.0, 0.0, 0.0, 0.0, 0.0, 2.589377027811661e-09, 1.409426319121044e-09, 0.0, 0.0, 0.0, 0.0, 0.0, 0.0, 2.1158227110172242e-09, 0.0, 0.0, 2.793967723846436e-09, 9.539490933187006e-10, 0.0, 0.0, 0.0, 1.1999161301507943e-09, 0.0, 0.0, 0.0, 0.0, 0.0, 1.6477922665502556e-09, 0.0, 0.0, 0.0, 0.0, 0.0, 0.0, 0.0, 1.8626451492309574e-09, 1.8626451492309568e-09, 0.0, 0.0, 0.0, 0.0, 2.1445702731160174e-09, 0.0, 0.0, 0.0, 0.0, 0.0, 1.862645149230957e-09, 1.0364133882553646e-09, 0.0], [0.0, 2.0643305833016041e-19, 2.124793906111895e-08, 0.5734729272959225, 0.0, 1.2893962466912583e-08, 2.3441298172148303e-05, 1.763677222392193e-14, 2.2528101848140084e-19, 0.2619914458105078, 0.22901576582792288, 0.5211884938580672, 2.1753921947662064e-11, 1.3038516044616701e-08, 0.20700754929919063, 0.0, 3.797989640470144e-10, 0.4499853897002506, 1.621278522852246e-12, 0.20529692530586371, 0.2782318544114518, 4.7564122968319574e-11, 9.715871841691832e-12, 0.0, 0.009079496045763052, 6.515142929882702e-21, 1.2421299404343623e-12, 9.552503818459237e-05, 3.0416867916573813e-09, 1.0, 0.00031712671936497854, 2.2464580703500785e-06, 3.947597314854746e-08, 1.1923497008429057e-06, 0.0, 0.09416674747974062, 0.4139705901805714, 6.216842343334339e-10, 6.822080553840909e-09, 0.7401040419688865, 2.3979662490304782e-08, 0.14973138419033777, 0.04587657966031619, 4.221570426944969e-19, 0.45304230100298415, 0.11954722740202636, 0.0029919934375295153, 0.00016266063454014668, 0.007796651950818864, 0.36148077397590117, 0.0001648561573652755, 0.008498966447633873, 2.0148786561378856e-26, 0.3634231639753864, 3.869312668219692e-18, 0.6062916376558815, 0.08673747024748518, 0.09625734892387405, 0.0, 0.1487980356046732, 0.008272701456469455, 0.4133865814190072, 0.0209447414072483, 2.7357655802099472e-11, 8.88198460064376e-08, 0.015754037142017605, 0.3118477323433613, 0.01780218268694967, 0.000440634564346145, 0.4344082064210435, 0.0022897573031176815, 0.461915765326131, 0.015632691953743373, 1.204882440183054e-11, 0.0, 0.8082180874800357, 0.345369207474564, 0.12731024684750794, 0.022446162807725094, 1.3902771207758833e-09, 1.532684279134793e-08, 5.4660349227137505e-09, 0.19607053720821588, 0.00295235614928571], [0.0, 0.0, 0.0, 0.0010137778972349393, 0.0, 6.397054614107279e-11, 5.329070518200751e-15, 8.881784197001251e-16, 0.0, 0.0008330453044965815, 0.0, 0.0008748902357402198, 8.384318202996392e-12, 0.0, 1.72564486647482e-11, 0.0, 0.0, 0.0007257775823372622, 1.3322676295501878e-15, 0.0005761606726773041, 1.5009154540294442e-12, 5.7758636509530705e-11, 0.0, 0.0, 0.0, 0.0, 0.0, 0.0, 0.0, 0.00031712671936497854, 1.0, 0.0, 3.552713678800501e-15, 0.0, 0.0, 0.0, 0.0011070353400732082, 0.0, 5.820766091346741e-11, 0.0002915575652397076, 0.0, 7.277285029541317e-12, 0.0, 0.0, 0.00013217309254158136, 0.0, 0.0004875564369277362, 1.70335301371212e-11, 0.0, 0.0, 0.0009765625509317033, 5.820766091346741e-11, 0.0, 0.0010684180361899501, 0.0, 0.00043448074856888147, 0.0, 0.0, 0.0, 0.0, 0.0, 0.0006259457075833711, 0.0, 2.9055326733581053e-11, 2.1831869645438928e-11, 0.0, 1.4551915228366849e-11, 0.0, 0.00025581133049403063, 0.0003592189020801093, 0.0, 0.00037177099005218786, 0.00024414062499999997, 0.0, 0.0, 0.0004834407468056002, 0.00045720188064817685, 0.0011501327859757353, 0.0, 2.1827872842550278e-11, 0.0, 6.140157421296807e-11, 0.0006393932132165428, 0.0013004005492655197], [0.0, 0.0, 3.4849635783921803e-08, 5.598065056124949e-07, 0.0, 3.7585756340888256e-09, 6.1124352012756646e-06, 0.0, 0.0, 6.639354498236744e-06, 1.1641532182693479e-10, 2.275042188749417e-06, 5.259912369851907e-13, 5.047313396226489e-09, 9.094947017754098e-13, 0.0, 0.0, 2.38493044536076e-06, 4.571760835895173e-13, 1.8028270416046694e-06, 4.1359030627651384e-25, 0.0, 0.0, 0.0, 1.7486097638228586e-10, 1.6543612251060553e-24, 7.413331675890836e-13, 2.0548462407905823e-06, 0.0, 2.2464580703500785e-06, 0.0, 1.0, 1.8799757076972714e-08, 2.3847678676247597e-07, 0.0, 0.0, 9.536743306171047e-07, 3.1690329949912635e-10, 7.570970094339735e-09, 1.6679161921831815e-06, 1.0954662887238034e-08, 2.937904997303161e-06, 3.017197753693094e-13, 1.6543612251060553e-24, 7.780685464119549e-06, 5.424015169131324e-14, 1.9361680783713e-06, 6.159791748905862e-09, 0.0, 2.384185791015625e-07, 5.820766091346741e-11, 7.4505805969238265e-09, 0.0, 7.821595743975466e-06, 0.0, 4.604146267339556e-06, 0.0, 5.821739625800378e-09, 0.0, 1.2789769243681803e-13, 0.0, 2.336396258384901e-06, 0.0, 0.0, 7.916256095086281e-09, 0.0, 0.0, 2.934214627462158e-06, 5.270116322335403e-10, 6.373007587119887e-06, 2.7240561717346645e-06, 0.0, 0.0, 0.0, 0.0, 6.2688250544476735e-06, 0.0, 2.566668935255793e-07, 0.0, 0.0, 9.158031401976972e-10, 1.7486456727056128e-10, 3.105042541233904e-06, 0.0], [0.0, 0.0, 1.1922754704943155e-08, 3.3469303273739635e-08, 0.0, 4.47217