"{\"names\": [\"172.217.10.1\", \"104.88.86.240\", \"38.93.140.48\", \"192.168.10.15\", \"104.88.108.223\", \"195.142.105.15\", \"172.217.12.163\", \"206.217.206.48\", \"172.217.6.228\", \"178.255.83.1\", \"74.119.118.82\", \"192.168.10.9\", \"172.217.7.6\", \"35.186.227.40\", \"31.13.71.36\", \"206.126.112.142\", \"151.101.2.49\", \"192.168.10.25\", \"172.217.3.98\", \"192.168.10.16\", \"72.30.202.150\", \"172.217.12.132\", \"50.31.164.173\", \"162.208.20.178\", \"23.15.4.16\", \"216.58.217.99\", \"172.217.6.198\", \"172.217.12.174\", \"169.46.44.40\", \"192.168.10.17\", \"52.84.143.130\", \"104.19.195.102\", \"216.200.232.61\", \"104.97.73.166\", \"152.163.13.79\", \"192.229.163.25\", \"74.119.118.86\", \"54.225.188.92\", \"188.165.145.88\", \"192.168.10.14\", \"8.43.72.98\", \"199.96.57.6\", \"68.67.178.110\", \"104.88.70.158\", \"192.168.10.19\", \"69.172.216.56\", \"157.240.18.35\", \"172.217.11.34\", \"185.54.150.20\", \"69.169.85.7\", \"198.232.124.194\", \"74.119.118.72\", \"172.217.12.134\", \"192.168.10.5\", \"23.111.9.30\", \"192.168.10.8\", \"151.101.66.2\", \"68.67.178.199\", \"213.239.195.215\", \"138.108.7.20\", \"52.84.145.87\", \"192.168.10.50\", \"52.84.145.198\", \"52.40.24.51\", \"212.77.100.137\", \"185.54.150.115\", \"172.217.10.138\", \"152.163.66.165\", \"52.84.137.78\", \"192.168.10.51\", \"68.67.178.109\", \"129.146.14.96\", \"54.152.24.232\", \"172.217.10.33\", \"52.8.229.108\", \"192.168.10.12\", \"64.147.131.201\", \"172.217.12.206\", \"68.67.180.12\", \"172.217.10.134\", \"38.69.238.16\", \"172.217.10.142\", \"192.168.10.3\", \"172.217.6.202\"], \"funcEdges\": [[1.0, 0.0, 0.0, 0.0, 0.0, 0.0, 0.0, 0.0, 0.0, 0.0, 0.0, 0.0, 0.0, 0.0, 0.0, 0.0, 0.0, 0.0, 0.0, 0.0, 0.0, 0.0, 0.0, 0.0, 0.0, 0.0, 0.0, 0.0, 0.0, 0.0, 0.0, 0.0, 0.0, 0.0, 0.0, 0.0, 0.0, 0.0, 0.0, 0.0, 0.0, 0.0, 0.0, 0.0, 0.0, 0.0, 0.0, 0.0, 0.0, 0.0, 0.0, 0.0, 0.0, 0.0, 0.0, 0.0, 0.0, 0.0, 0.0, 0.0, 0.0, 0.0, 0.0, 0.0, 0.0, 0.0, 0.0, 0.0, 0.0, 0.0, 0.0, 0.0, 0.0, 0.0, 0.0, 0.0, 0.0, 0.0, 0.0, 0.0, 0.0, 0.0, 0.0, 0.0], [0.0, 1.0, 0.0, 0.0, 0.0, 0.0, 0.0, 0.0, 0.0, 0.0, 0.0, 0.0, 0.0, 0.0, 0.0, 0.0, 0.0, 0.0, 0.0, 0.0, 0.0, 0.0, 0.0, 0.0, 0.0, 0.0, 0.0, 0.0, 0.0, 0.0, 0.0, 0.0, 0.0, 0.0, 0.0, 0.0, 0.0, 0.0, 0.0, 0.0, 0.0, 0.0, 0.0, 0.0, 0.0, 0.0, 0.0, 0.0, 0.0, 0.0, 0.0, 0.0, 0.0, 0.0, 0.0, 0.0, 0.0, 0.0, 0.0, 0.0, 0.0, 0.0, 0.0, 0.0, 0.0, 0.0, 0.0, 0.0, 0.0, 0.0, 0.0, 0.0, 0.0, 0.0, 0.0, 0.0, 0.0, 0.0, 0.0, 0.0, 0.0, 0.0, 0.0, 0.0], [0.0, 0.0, 1.0, 0.0, 0.0, 0.0, 0.0, 0.0, 0.0, 0.0, 0.0, 0.0, 0.0, 0.0, 0.0, 0.0, 0.0, 0.0, 0.0, 0.0, 0.0, 0.0, 0.0, 0.0, 0.0, 0.0, 0.0, 0.0, 0.0, 0.0, 0.0, 0.0, 0.0, 0.0, 0.0, 0.0, 0.0, 0.0, 0.0, 0.0, 0.0, 0.0, 0.0, 0.0, 0.0, 0.0, 0.0, 0.0, 0.0, 0.0, 0.0, 0.0, 0.0, 0.0, 0.0, 0.0, 0.0, 0.0, 0.0, 0.0, 0.0, 0.0, 0.0, 0.0, 0.0, 0.0, 0.0, 0.0, 0.0, 0.0, 0.0, 0.0, 0.0, 0.0, 0.0, 0.0, 0.0, 0.0, 0.0, 0.0, 0.0, 0.0, 0.0, 0.0], [0.0, 0.0, 0.0, 1.0, 0.0, 0.0, 0.0, 0.0, 0.0, 0.7920910621373505, 0.373795396089629, 0.3869672857411276, 0.0004784599755735566, 0.0, 0.2197035960193338, 0.0, 0.0, 0.39493921909620033, 0.0010553162311537408, 0.7746854682510012, 0.08672383507022703, 2.4440240178633028e-05, 7.808548917711611e-05, 0.0, 0.0029954573978445385, 0.35642321707371394, 0.0, 0.0005574701190194011, 0.0, 0.6173413607495649, 0.0, 0.020817955318459706, 0.0, 0.0006509103966389565, 0.0, 0.0, 0.0, 0.0, 0.0, 0.7956907330626481, 0.017762299422076716, 0.16315991255524415, 0.0, 0.045363823939990056, 0.7244288674513546, 5.72879663252943e-05, 0.18510552075543027, 0.3508051703142565, 0.0, 0.0, 0.0, 0.0, 0.00047221973508529966, 0.6653228066035884, 0.0, 0.7450691350170637, 0.0, 0.025345271241939197, 0.0, 0.0007282766139577703, 0.002130807372916615, 0.5573606913734791, 0.0, 0.0008758162260783353, 0.0, 0.0, 0.0, 0.00014442300540444254, 0.0, 0.26431016677095204, 4.529187730464766e-05, 0.0, 0.0006809030452922479, 0.0, 0.0, 0.6155786642411506, 0.0, 0.2068319307920724, 0.00014198572265374573, 0.0, 2.064994653578825e-06, 0.44298473574628944, 0.6159669914136932, 0.0], [0.0, 0.0, 0.0, 0.0, 1.0, 0.0, 0.0, 0.0, 0.0, 0.0, 0.0, 0.0, 0.0, 0.0, 0.0, 0.0, 0.0, 0.0, 0.0, 0.0, 0.0, 0.0, 0.0, 0.0, 0.0, 0.0, 0.0, 0.0, 0.0, 0.0, 0.0, 0.0, 0.0, 0.0, 0.0, 0.0, 0.0, 0.0, 0.0, 0.0, 0.0, 0.0, 0.0, 0.0, 0.0, 0.0, 0.0, 0.0, 0.0, 0.0, 0.0, 0.0, 0.0, 0.0, 0.0, 0.0, 0.0, 0.0, 0.0, 0.0, 0.0, 0.0, 0.0, 0.0, 0.0, 0.0, 0.0, 0.0, 0.0, 0.0, 0.0, 0.0, 0.0, 0.0, 0.0, 0.0, 0.0, 0.0, 0.0, 0.0, 0.0, 0.0, 0.0, 0.0], [0.0, 0.0, 0.0, 0.0, 0.0, 1.0, 0.0, 0.0, 0.0, 0.0, 0.0, 0.0, 0.0, 0.0, 0.0, 0.0, 0.0, 0.0, 0.0, 0.0, 0.0, 0.0, 0.0, 0.0, 0.0, 0.0, 0.0, 0.0, 0.0, 0.0, 0.0, 0.0, 0.0, 0.0, 0.0, 0.0, 0.0, 0.0, 0.0, 0.0, 0.0, 0.0, 0.0, 0.0, 0.0, 0.0, 0.0, 0.0, 0.0, 0.0, 0.0, 0.0, 0.0, 0.0, 0.0, 0.0, 0.0, 0.0, 0.0, 0.0, 0.0, 0.0, 0.0, 0.0, 0.0, 0.0, 0.0, 0.0, 0.0, 0.0, 0.0, 0.0, 0.0, 0.0, 0.0, 0.0, 0.0, 0.0, 0.0, 0.0, 0.0, 0.0, 0.0, 0.0], [0.0, 0.0, 0.0, 0.0, 0.0, 0.0, 1.0, 0.0, 0.0, 0.0, 0.0, 0.0, 0.0, 0.0, 0.0, 0.0, 0.0, 0.0, 0.0, 0.0, 0.0, 0.0, 0.0, 0.0, 0.0, 0.0, 0.0, 0.0, 0.0, 0.0, 0.0, 0.0, 0.0, 0.0, 0.0, 0.0, 0.0, 0.0, 0.0, 0.0, 0.0, 0.0, 0.0, 0.0, 0.0, 0.0, 0.0, 0.0, 0.0, 0.0, 0.0, 0.0, 0.0, 0.0, 0.0, 0.0, 0.0, 0.0, 0.0, 0.0, 0.0, 0.0, 0.0, 0.0, 0.0, 0.0, 0.0, 0.0, 0.0, 0.0, 0.0, 0.0, 0.0, 0.0, 0.0, 0.0, 0.0, 0.0, 0.0, 0.0, 0.0, 0.0, 0.0, 0.0], [0.0, 0.0, 0.0, 0.0, 0.0, 0.0, 0.0, 1.0, 0.0, 0.0, 0.0, 0.0, 0.0, 0.0, 0.0, 0.0, 0.0, 0.0, 0.0, 0.0, 0.0, 0.0, 0.0, 0.0, 0.0, 0.0, 0.0, 0.0, 0.0, 0.0, 0.0, 0.0, 0.0, 0.0, 0.0, 0.0, 0.0, 0.0, 0.0, 0.0, 0.0, 0.0, 0.0, 0.0, 0.0, 0.0, 0.0, 0.0, 0.0, 0.0, 0.0, 0.0, 0.0, 0.0, 0.0, 0.0, 0.0, 0.0, 0.0, 0.0, 0.0, 0.0, 0.0, 0.0, 0.0, 0.0, 0.0, 0.0, 0.0, 0.0, 0.0, 0.0, 0.0, 0.0, 0.0, 0.0, 0.0, 0.0, 0.0, 0.0, 0.0, 0.0, 0.0, 0.0], [0.0, 0.0, 0.0, 0.0, 0.0, 0.0, 0.0, 0.0, 1.0, 0.0, 0.0, 0.0, 0.0, 0.0, 0.0, 0.0, 0.0, 0.0, 0.0, 0.0, 0.0, 0.0, 0.0, 0.0, 0.0, 0.0, 0.0, 0.0, 0.0, 0.0, 0.0, 0.0, 0.0, 0.0, 0.0, 0.0, 0.0, 0.0, 0.0, 0.0, 0.0, 0.0, 0.0, 0.0, 0.0, 0.0, 0.0, 0.0, 0.0, 0.0, 0.0, 0.0, 0.0, 0.0, 0.0, 0.0, 0.0, 0.0, 0.0, 0.0, 0.0, 0.0, 0.0, 0.0, 0.0, 0.0, 0.0, 0.0, 0.0, 0.0, 0.0, 0.0, 0.0, 0.0, 0.0, 0.0, 0.0, 0.0, 0.0, 0.0, 0.0, 0.0, 0.0, 0.0], [0.0, 0.0, 0.0, 0.7920910621373505, 0.0, 0.0, 0.0, 0.0, 0.0, 1.0, 0.4063022541644711, 0.4298746537410548, 0.0005109910332794167, 0.0, 0.13506938768336513, 0.0, 0.0, 0.3437888377542865, 0.0007835247359136541, 0.5375306799207815, 0.06955201164201393, 3.8327970162202914e-05, 0.0001800681619944082, 0.0, 0.003014623566958162, 0.4222305896228633, 0.0, 0.002721565029102366, 0.0, 0.5786535328818494, 0.0, 0.017942366857850292, 0.0, 0.00030828734853541453, 0.0, 0.0, 0.0, 0.0, 0.0, 0.6989432942775242, 0.007056504007123383, 0.17499216043892923, 0.0, 0.018035281457702952, 0.5851753555802095, 3.53913959779891e-05, 0.21299742603300129, 0.3372109238820431, 0.0, 0.0, 0.0, 0.0, 0.0002503093657785357, 0.4313356603249731, 0.0, 0.6792653166491225, 0.0, 0.06292080950504299, 0.0, 0.0003561517068561416, 0.0013346913059330391, 0.5661439496143482, 0.0, 0.0008695113503533049, 0.0, 0.0, 0.0, 0.00022286887919318284, 0.0, 0.3341152629561791, 7.557179725803925e-05, 0.0, 0.00020340895386429948, 0.0, 0.0, 0.4753825418810496, 0.0, 0.12512102990719565, 0.0004497474741483621, 0.0, 7.629394531249999e-06, 0.17247789980478084, 0.535767857612597, 0.0], [0.0, 0.0, 0.0, 0.373795396089629, 0.0, 0.0, 0.0, 0.0, 0.0, 0.4063022541644711, 1.0, 0.45097439271569734, 0.0, 0.0, 0.0, 0.0, 0.0, 0.32511025834396995, 0.0, 0.26878225088258134, 0.0, 0.0, 0.0, 0.0, 0.0, 0.042874646285627205, 0.0, 0.0, 0.0, 0.37429311906986856, 0.0, 0.0, 0.0, 0.0, 0.0, 0.0, 0.0, 0.0, 0.0, 0.4517699029348238, 0.0, 0.13340906785079024, 0.0, 0.0, 0.4463036991443368, 0.0, 0.0, 0.125, 0.0, 0.0, 0.0, 0.0, 0.0, 0.12311452241203112, 0.0, 0.3726931208617384, 0.0, 0.0, 0.0, 0.0, 0.0, 0.3895684970084031, 0.0, 0.0, 0.0, 0.0, 0.0, 0.0, 0.0, 0.2683728898429712, 0.0, 0.0, 0.0, 0.0, 0.0, 0.47313578899267017, 0.0, 0.0, 0.0, 0.0, 0.0, 0.1427600601800402, 0.370238195180048, 0.0], [0.0, 0.0, 0.0, 0.3869672857411276, 0.0, 0.0, 0.0, 0.0, 0.0, 0.4298746537410548, 0.45097439271569734, 1.0, 0.0007080995967119532, 0.0, 0.07068368835064875, 0.0, 0.0, 0.4404849869878438, 0.0009335060660432065, 0.16932011696333782, 0.06714797029879599, 0.00010023056679481031, 0.00019286614702477374, 0.0, 0.0016522612366723533, 0.1856042262793489, 0.0, 0.0021367719727302544, 0.0, 0.4011642222158485, 0.0, 0.022451891449827347, 0.0, 0.0007276222225619471, 0.0, 0.0, 0.0, 0.0, 0.0, 0.5229901170904493, 0.0019531249999999998, 0.28324233217132455, 0.0, 0.03673663072958555, 0.597250613870863, 0.00015825923529106647, 0.0005757013522398407, 0.3072370021757634, 0.0, 0.0, 0.0, 0.0, 0.0004860602377701822, 0.4584982336473939, 0.0, 0.27813496775666824, 0.0, 0.05910738469346682, 0.0, 0.001255418722220719, 0.002115662808506744, 0.4898436268918307, 0.0, 0.0012847992449681602, 0.0, 0.0, 0.0, 0.0008306856018480069, 0.0, 0.5342027432768917, 0.00014428105826140783, 0.0, 0.0005380240836295101, 0.0, 0.0, 0.5284299946074251, 0.0, 0.037488367500624786, 0.0009316639131561232, 0.0, 1.2318400289028188e-05, 0.12168556529053742, 0.44157794968047404, 0.0], [0.0, 0.0, 0.0, 0.0004784599755735566, 0.0, 0.0, 0.0, 0.0, 0.0, 0.0005109910332794167, 0.0, 0.0007080995967119532, 1.0, 0.0, 0.0, 0.0, 0.0, 0.0006909382974024783, 0.0003662109375, 0.0004955958485222567, 0.00024414062500000005, 0.0, 0.0, 0.0, 0.0, 0.0, 0.0, 0.001145974636218109, 0.0, 0.0003250143083793419, 0.0, 0.0, 0.0, 0.0, 0.0, 0.0, 0.0, 0.0, 0.0, 0.0003303819865655973, 0.0, 0.0, 0.0, 0.0, 0.0007164701917976135, 0.0, 0.00048828125, 0.0, 0.0, 0.0, 0.0, 0.0, 0.00048828125, 0.0007472511150009985, 0.0, 0.000396870472670695, 0.0, 0.0002740924801698298, 0.0, 0.00012207031249999997, 0.00024414062499999995, 0.0008589898436483776, 0.0, 0.000244140625, 0.0, 0.0, 0.0, 0.00024414062499999997, 0.0, 0.000456653559367331, 0.0, 0.0, 0.00048828125, 0.0, 0.0, 0.000416150815103294, 0.0, 0.00024414062499999997, 0.0005495206358760656, 0.0, 0.0, 0.0, 0.0009212127673890343, 0.0], [0.0, 0.0, 0.0, 0.0, 0.0, 0.0, 0.0, 0.0, 0.0, 0.0, 0.0, 0.0, 0.0, 1.0, 0.0, 0.0, 0.0, 0.0, 0.0, 0.0, 0.0, 0.0, 0.0, 0.0, 0.0, 0.0, 0.0, 0.0, 0.0, 0.0, 0.0, 0.0, 0.0, 0.0, 0.0, 0.0, 0.0, 0.0, 0.0, 0.0, 0.0, 0.0, 0.0, 0.0, 0.0, 0.0, 0.0, 0.0, 0.0, 0.0, 0.0, 0.0, 0.0, 0.0, 0.0, 0.0, 0.0, 0.0, 0.0, 0.0, 0.0, 0.0, 0.0, 0.0, 0.0, 0.0, 0.0, 0.0, 0.0, 0.0, 0.0, 0.0, 0.0, 0.0, 0.0, 0.0, 0.0, 0.0, 0.0, 0.0, 0.0, 0.0, 0.0, 0.0], [0.0, 0.0, 0.0, 0.2197035960193338, 0.0, 0.0, 0.0, 0.0, 0.0, 0.13506938768336513, 0.0, 0.07068368835064875, 0.0, 0.0, 1.0, 0.0, 0.0, 0.10874598629580706, 0.0, 0.3113010804741496, 0.11601919597511973, 0.0, 0.0, 0.0, 0.0, 0.10921418926774436, 0.0, 0.0, 0.0, 0.1364206299019605, 0.0, 0.046875, 0.0, 0.0, 0.0, 0.0, 0.0, 0.0, 0.0, 0.12990494424806812, 0.005859374999999998, 0.03125, 0.0, 0.04687499999999999, 0.11321293083649081, 0.0, 0.07896456486057263, 0.30431648876467676, 0.0, 0.0, 0.0, 0.0, 0.0, 0.20822670204561322, 0.0, 0.31535208963815314, 0.0, 0.015624999999999997, 0.0, 0.0, 0.0, 0.1516005844497187, 0.0, 0.0, 0.0, 0.0, 0.0, 0.0, 0.0, 0.06913958821070641, 0.0, 0.0, 0.0, 0.0, 0.0, 0.13103318766270167, 0.0, 0.2998967469889209, 0.0, 0.0, 0.0, 0.15534431131178328, 0.1652560797231784, 0.0], [0.0, 0.0, 0.0, 0.0, 0.0, 0.0, 0.0, 0.0, 0.0, 0.0, 0.0, 0.0, 0.0, 0.0, 0.0, 1.0, 0.0, 0.0, 0.0, 0.0, 0.0, 0.0, 0.0, 0.0, 0.0, 0.0, 0.0, 0.0, 0.0, 0.0, 0.0, 0.0, 0.0, 0.0, 0.0, 0.0, 0.0, 0.0, 0.0, 0.0, 0.0, 0.0, 0.0, 0.0, 0.0, 0.0, 0.0, 0.0, 0.0, 0.0, 0.0, 0.0, 0.0, 0.0, 0.0, 0.0, 0.0, 0.0, 0.0, 0.0, 0.0, 0.0, 0.0, 0.0, 0.0, 0.0, 0.0, 0.0, 0.0, 0.0, 0.0, 0.0, 0.0, 0.0, 0.0, 0.0, 0.0, 0.0, 0.0, 0.0, 0.0, 0.0, 0.0, 0.0], [0.0, 0.0, 0.0, 0.0, 0.0, 0.0, 0.0, 0.0, 0.0, 0.0, 0.0, 0.0, 0.0, 0.0, 0.0, 0.0, 1.0, 0.0, 0.0, 0.0, 0.0, 0.0, 0.0, 0.0, 0.0, 0.0, 0.0, 0.0, 0.0, 0.0, 0.0, 0.0, 0.0, 0.0, 0.0, 0.0, 0.0, 0.0, 0.0, 0.0, 0.0, 0.0, 0.0, 0.0, 0.0, 0.0, 0.0, 0.0, 0.0, 0.0, 0.0, 0.0, 0.0, 0.0, 0.0, 0.0, 0.0, 0.0, 0.0, 0.0, 0.0, 0.0, 0.0, 0.0, 0.0, 0.0, 0.0, 0.0, 0.0, 0.0, 0.0, 0.0, 0.0, 0.0, 0.0, 0.0, 0.0, 0.0, 0.0, 0.0, 0.0, 0.0, 0.0, 0.0], [0.0, 0.0, 0.0, 0.39493921909620033, 0.0, 0.0, 0.0, 0.0, 0.0, 0.3437888377542865, 0.32511025834396995, 0.4404849869878438, 0.0006909382974024783, 0.0, 0.10874598629580706, 0.0, 0.0, 1.0, 0.0009274615396120785, 0.2607919802392072, 0.06680921129942799, 8.972657861701505e-05, 0.000173211285141524, 0.0, 0.0015041808724175832, 0.18516598536290962, 0.0, 0.002352604046281381, 0.0, 0.5031390075838306, 0.0, 0.025808762718705507, 0.0, 0.0009366090184398969, 0.0, 0.0, 0.0, 0.0, 0.0, 0.5449356733074823, 0.008100424509550608, 0.2210779929673248, 0.0, 0.03409431666590412, 0.5331512391823467, 7.79171533445468e-05, 0.12108086311045768, 0.3826073407251498, 0.0, 0.0, 0.0, 0.0, 0.0005389346289652995, 0.5185660613248162, 0.0, 0.38800687852043214, 0.0, 0.015501813538378815, 0.0, 0.0011272496179674887, 0.0004833283293076753, 0.7570248012466666, 0.0, 0.0015322480931874122, 0.0, 0.0, 0.0, 0.0006786562002015578, 0.0, 0.48494708615071136, 9.969501073467049e-05, 0.0, 0.0006540523269864439, 0.0, 0.0, 0.47195593749897014, 0.0, 0.16913285313692378, 0.0007419180014104671, 0.0, 5.531514216465193e-06, 0.27812854144920196, 0.24377879666915847, 0.0], [0.0, 0.0, 0.0, 0.0010553162311537408, 0.0, 0.0, 0.0, 0.0, 0.0, 0.0007835247359136541, 0.0, 0.0009335060660432065, 0.0003662109375, 0.0, 0.0, 0.0, 0.0, 0.0009274615396120785, 1.0, 0.0007841483606218812, 0.000244140625, 6.883588241786077e-05, 9.518753276881113e-05, 0.0, 0.0, 0.0, 0.0, 0.0007305089990874163, 0.0, 0.00027093251257370683, 0.0, 0.0, 0.0, 1.5258789062499998e-05, 0.0, 0.0, 0.0, 0.0, 0.0, 0.0011594364987449481, 0.0, 0.00012859403977564393, 0.0, 0.0, 0.0006833923633106506, 0.00014573035053042245, 0.0003323071621515934, 0.0, 0.0, 0.0, 0.0, 0.0, 0.00016159984297553905, 0.0004972998115316588, 0.0, 0.0014683784250120256, 0.0, 0.0002740924801698299, 0.0, 0.0005035400390624999, 0.00024414062500000005, 0.0013480396910657373, 0.0, 0.0003713521069563548, 0.0, 0.0, 0.0, 0.000244140625, 0.0, 0.0008677116755773978, 4.9484682071894796e-05, 0.0, 0.0002093887708958167, 0.0, 0.0, 0.0012469982508575284, 0.0, 0.00025664435492621525, 0.0003979287363240476, 0.0, 7.62939453125e-06, 0.0, 0.0005719378883543538, 0.0], [0.0, 0.0, 0.0, 0.7746854682510012, 0.0, 0.0, 0.0, 0.0, 0.0, 0.5375306799207815, 0.26878225088258134, 0.16932011696333782, 0.0004955958485222567, 0.0, 0.3113010804741496, 0.0, 0.0, 0.2607919802392072, 0.0007841483606218812, 1.0, 0.07634612274927086, 0.00012127799449938975, 8.092606923494664e-05, 0.0, 0.00328967396610702, 0.324698893648557, 0.0, 0.002839967097167859, 0.0, 0.7301521586020789, 0.0, 0.01612414541080573, 0.0, 0.0002154947720480323, 0.0, 0.0, 0.0, 0.0, 0.0, 0.6371383657245329, 0.012175687334300501, 0.08601407883382832, 0.0, 0.021478661322385583, 0.6090305534796783, 0.00010440646863589932, 0.1078344758738785, 0.4125942785760272, 0.0, 0.0, 0.0, 0.0, 0.0001277021782609435, 0.6668509436107358, 0.0, 0.7920789273361701, 0.0, 0.015933987230302038, 0.0, 0.0006570395383439839, 0.0009740000924051113, 0.29302232079522395, 0.0, 0.0007806638627836974, 0.0, 0.0, 0.0, 0.00017238116470339368, 0.0, 0.2506957692461644, 0.00011875286092746096, 0.0, 0.0001221390985482551, 0.0, 0.0, 0.4203946576619871, 0.0, 0.37217801679339685, 0.0005318300831354756, 0.0, 1.8688123647942946e-05, 0.6966504026812388, 0.4809272014233408, 0.0], [0.0, 0.0, 0.0, 0.08672383507022703, 0.0, 0.0, 0.0, 0.0, 0.0, 0.06955201164201393, 0.0, 0.06714797029879599, 0.00024414062500000005, 0.0, 0.11601919597511973, 0.0, 0.0, 0.06680921129942799, 0.000244140625, 0.07634612274927086, 1.0, 0.0, 0.0, 0.0, 0.0, 0.08732705767604493, 0.0, 0.00029885628523004164, 0.0, 0.06215444161949209, 0.0, 0.0078125, 0.0, 0.0, 0.0, 0.0, 0.0, 0.0, 0.0, 0.04092344950107121, 0.0, 0.0078125, 0.0, 0.0234375, 0.07165721496010133, 0.0, 0.0, 0.05473010793196762, 0.0, 0.0, 0.0, 0.0, 0.0, 0.053166931449082425, 0.0, 0.10349175033469692, 0.0, 0.015899092480169828, 0.0, 0.0, 0.000244140625, 0.07692397291341281, 0.0, 0.00024414062500000005, 0.0, 0.0, 0.0, 0.0009765625, 0.0, 0.060199050532584175, 0.0, 0.0, 0.0, 0.0, 0.0, 0.10156557643922404, 0.0, 0.031494140625, 0.000644265573096077, 0.0, 0.0, 0.06285473870352205, 0.05556993704407932, 0.0], [0.0, 0.0, 0.0, 2.4440240178633028e-05, 0.0, 0.0, 0.0, 0.0, 0.0, 3.8327970162202914e-05, 0.0, 0.00010023056679481031, 0.0, 0.0, 0.0, 0.0, 0.0, 8.972657861701505e-05, 6.883588241786077e-05, 0.00012127799449938975, 0.0, 1.0, 0.0, 0.0, 0.0, 0.0, 0.0, 0.00013556336128747281, 0.0, 0.00012486248752599857, 0.0, 0.0, 0.0, 0.0, 0.0, 0.0, 0.0, 0.0, 0.0, 7.800705619089422e-05, 0.0, 0.00013676468746916552, 0.0, 0.0, 8.544622942444146e-05, 4.577636718749999e-05, 6.839152961737024e-05, 0.0, 0.0, 0.0, 0.0, 0.0, 0.00010681152343749999, 9.37383190919029e-06, 0.0, 1.030975047219248e-05, 0.0, 0.0, 0.0, 0.0, 0.0, 0.00011352578203553818, 0.0, 9.37383190919029e-06, 0.0, 0.0, 0.0, 0.0, 0.0, 0.00012687438053013514, 0.0, 0.0, 0.0, 0.0, 0.0, 6.894376439649522e-05, 0.0, 1.5153164417698095e-05, 0.0, 0.0, 9.373831909190288e-06, 0.0, 5.5479777715953014e-05, 0.0], [0.0, 0.0, 0.0, 7.808548917711611e-05, 0.0, 0.0, 0.0, 0.0, 0.0, 0.0001800681619944082, 0.0, 0.00019286614702477374, 0.0, 0.0, 0.0, 0.0, 0.0, 0.000173211285141524, 9.518753276881113e-05, 8.092606923494664e-05, 0.0, 0.0, 1.0, 0.0, 0.0, 0.0, 0.0, 5.7711469854852627e-05, 0.0, 2.146798417897292e-05, 0.0, 0.0, 0.0, 1.52587890625e-05, 0.0, 0.0, 0.0, 0.0, 0.0, 3.411968959808028e-05, 0.0, 7.62939453125e-05, 0.0, 0.0, 7.187518359181449e-06, 2.3881322211899747e-05, 7.968567259648878e-05, 0.0, 0.0, 0.0, 0.0, 0.0, 1.5258789062499998e-05, 0.00024414062499999992, 0.0, 0.0, 0.0, 0.0, 0.0, 1.52587890625e-05, 0.0, 0.00016702754439394102, 0.0, 0.0001220703125, 0.0, 0.0, 0.0, 0.0, 0.0, 4.759139078845258e-05, 7.074040620082535e-05, 0.0, 9.703275279332476e-05, 0.0, 0.0, 0.0003002032115665537, 0.0, 0.0, 0.0, 0.0, 0.0, 0.0, 0.00017761213608505848, 0.0], [0.0, 0.0, 0.0, 0.0, 0.0, 0.0, 0.0, 0.0, 0.0, 0.0, 0.0, 0.0, 0.0, 0.0, 0.0, 0.0, 0.0, 0.0, 0.0, 0.0, 0.0, 0.0, 0.0, 1.0, 0.0, 0.0, 0.0, 0.0, 0.0, 0.0, 0.0, 0.0, 0.0, 0.0, 0.0, 0.0, 0.0, 0.0, 0.0, 0.0, 0.0, 0.0, 0.0, 0.0, 0.0, 0.0, 0.0, 0.0, 0.0, 0.0, 0.0, 0.0, 0.0, 0.0, 0.0, 0.0, 0.0, 0.0, 0.0, 0.0, 0.0, 0.0, 0.0, 0.0, 0.0, 0.0, 0.0, 0.0, 0.0, 0.0, 0.0, 0.0, 0.0, 0.0, 0.0, 0.0, 0.0, 0.0, 0.0, 0.0, 0.0, 0.0, 0.0, 0.0], [0.0, 0.0, 0.0, 0.0029954573978445385, 0.0, 0.0, 0.0, 0.0, 0.0, 0.003014623566958162, 0.0, 0.0016522612366723533, 0.0, 0.0, 0.0, 0.0, 0.0, 0.0015041808724175832, 0.0, 0.00328967396610702, 0.0, 0.0, 0.0, 0.0, 1.0, 0.0, 0.0, 0.000991608284419148, 0.0, 0.0020097490446387752, 0.0, 0.0, 0.0, 0.0, 0.0, 0.0, 0.0, 0.0, 0.0, 0.0015947198846244647, 0.0, 0.0, 0.0, 0.0, 0.0023649393997791967, 0.0, 0.0, 0.0, 0.0, 0.0, 0.0, 0.0, 0.0, 0.0001799510342057075, 0.0, 0.0012718337037674224, 0.0, 0.0, 0.0, 0.0, 0.0, 0.0018013057184236808, 0.0, 0.0, 0.0, 0.0, 0.0, 0.0, 0.0, 8.016932815125007e-05, 0.0, 0.0, 0.0, 0.0, 0.0, 0.001799645954930275, 0.0, 0.00213897092404017, 0.0, 0.0, 0.0, 0.0, 0.001269967347355882, 0.0], [0.0, 0.0, 0.0, 0.35642321707371394, 0.0, 0.0, 0.0, 0.0, 0.0, 0.4222305896228633, 0.042874646285627205, 0.1856042262793489, 0.0, 0.0, 0.10921418926774436, 0.0, 0.0, 0.18516598536290962, 0.0, 0.324698893648557, 0.08732705767604493, 0.0, 0.0, 0.0, 0.0, 1.0, 0.0, 0.0, 0.0, 0.1327755806445667, 0.0, 0.03125, 0.0, 0.0, 0.0, 0.0, 0.0, 0.0, 0.0, 0.257305023996349, 0.0, 0.499697379473941, 0.0, 0.06320750658749286, 0.21191724173741183, 0.0, 0.0, 0.5448020205002967, 0.0, 0.0, 0.0, 0.0, 0.0, 0.4300035296299688, 0.0, 0.5319663301480805, 0.0, 0.02532481654103208, 0.0, 0.0, 0.0, 0.24949721917155532, 0.0, 0.0, 0.0, 0.0, 0.0, 0.0, 0.0, 0.43506937273198765, 0.0, 0.0, 0.0, 0.0, 0.0, 0.07880939074934203, 0.0, 0.12424165124154543, 0.0, 0.0, 0.0, 0.31012108039573844, 0.24444274249057926, 0.0], [0.0, 0.0, 0.0, 0.0, 0.0, 0.0, 0.0, 0.0, 0.0, 0.0, 0.0, 0.0, 0.0, 0.0, 0.0, 0.0, 0.0, 0.0, 0.0, 0.0, 0.0, 0.0, 0.0, 0.0, 0.0, 0.0, 1.0, 0.0, 0.0, 0.0, 0.0, 0.0, 0.0, 0.0, 0.0, 0.0, 0.0, 0.0, 0.0, 0.0, 0.0, 0.0, 0.0, 0.0, 0.0, 0.0, 0.0, 0.0, 0.0, 0.0, 0.0, 0.0, 0.0, 0.0, 0.0, 0.0, 0.0, 0.0, 0.0, 0.0, 0.0, 0.0, 0.0, 0.0, 0.0, 0.0, 0.0, 0.0, 0.0, 0.0, 0.0, 0.0, 0.0, 0.0, 0.0, 0.0, 0.0, 0.0, 0.0, 0.0, 0.0, 0.0, 0.0, 0.0], [0.0, 0.0, 0.0, 0.0005574701190194011, 0.0, 0.0, 0.0, 0.0, 0.0, 0.002721565029102366, 0.0, 0.0021367719727302544, 0.001145974636218109, 0.0, 0.0, 0.0, 0.0, 0.002352604046281381, 0.0007305089990874163, 0.002839967097167859, 0.00029885628523004164, 0.00013556336128747281, 5.7711469854852627e-05, 0.0, 0.000991608284419148, 0.0, 0.0, 1.0, 0.0, 0.003516921088052301, 0.0, 0.0, 0.0, 0.0007523100970322086, 0.0, 0.0, 0.0, 0.0, 0.0, 0.0033490625723076573, 0.0, 0.00025240064431296123, 0.0, 0.0, 0.0019668579620745275, 6.337713134709779e-05, 0.0002762207928563191, 0.0, 0.0, 0.0, 0.0, 0.0, 0.00035201336513871525, 0.00522531480497852, 0.0, 0.0017291227484348005, 0.0, 0.00027338732726453637, 0.0, 0.0005486659618258065, 0.00026167347378407927, 0.0029180442496357767, 0.0, 0.0010279054488532167, 0.0, 0.0, 0.0, 0.00029885628523004175, 0.0, 0.004535138140000406, 5.1908467248711265e-05, 0.0, 0.0003016191853529779, 0.0, 0.0, 0.002109350729016036, 0.0, 0.001849772443512314, 0.0005008562995037044, 0.0, 1.8198331065567438e-05, 0.0, 0.001568769062870697, 0.0], [0.0, 0.0, 0.0, 0.0, 0.0, 0.0, 0.0, 0.0, 0.0, 0.0, 0.0, 0.0, 0.0, 0.0, 0.0, 0.0, 0.0, 0.0, 0.0, 0.0, 0.0, 0.0, 0.0, 0.0, 0.0, 0.0, 0.0, 0.0, 1.0, 0.0, 0.0, 0.0, 0.0, 0.0, 0.0, 0.0, 0.0, 0.0, 0.0, 0.0, 0.0, 0.0, 0.0, 0.0, 0.0, 0.0, 0.0, 0.0, 0.0, 0.0, 0.0, 0.0, 0.0, 0.0, 0.0, 0.0, 0.0, 0.0, 0.0, 0.0, 0.0, 0.0, 0.0, 0.0, 0.0, 0.0, 0.0, 0.0, 0.0, 0.0, 0.0, 0.0, 0.0, 0.0, 0.0, 0.0, 0.0, 0.0, 0.0, 0.0, 0.0, 0.0, 0.0, 0.0], [0.0, 0.0, 0.0, 0.6173413607495649, 0.0, 0.0, 0.0, 0.0, 0.0, 0.5786535328818494, 0.37429311906986856, 0.4011642222158485, 0.0003250143083793419, 0.0, 0.1364206299019605, 0.0, 0.0, 0.5031390075838306, 0.00027093251257370683, 0.7301521586020789, 0.06215444161949209, 0.00012486248752599857, 2.146798417897292e-05, 0.0, 0.0020097490446387752, 0.1327755806445667, 0.0, 0.003516921088052301, 0.0, 1.0, 0.0, 0.0054245595198572135, 0.0, 0.0002032556459305622, 0.0, 0.0, 0.0, 0.0, 0.0, 0.6734753755132292, 0.007377241216337195, 0.11567175621105984, 0.0, 0.020006940108639508, 0.6488779146839183, 0.00012353099305446676, 0.01715418790788939, 0.38496313441742513, 0.0, 0.0, 0.0, 0.0, 0.00038059981731179937, 0.3481693483975217, 0.0, 0.5605908525343711, 0.0, 0.016856727115931953, 0.0, 0.0007753165183313438, 0.0014137302139924273, 0.5076774764182795, 0.0, 0.0013684537362260703, 0.0, 0.0, 0.0, 0.00038248048161955173, 0.0, 0.6319327862394697, 0.00012015462713058596, 0.0, 0.0003702246241315639, 0.0, 0.0, 0.5124765656610448, 0.0, 0.24435347342530353, 0.00028606742954028364, 0.0, 1.115950991582634e-05, 0.7021491765856033, 0.5428439240775919, 0.0], [0.0, 0.0, 0.0, 0.0, 0.0, 0.0, 0.0, 0.0, 0.0, 0.0, 0.0, 0.0, 0.0, 0.0, 0.0, 0.0, 0.0, 0.0, 0.0, 0.0, 0.0, 0.0, 0.0, 0.0, 0.0, 0.0, 0.0, 0.0, 0.0, 0.0, 1.0, 0.0, 0.0, 0.0, 0.0, 0.0, 0.0, 0.0, 0.0, 0.0, 0.0, 0.0, 0.0, 0.0, 0.0, 0.0, 0.0, 0.0, 0.0, 0.0, 0.0, 0.0, 0.0, 0.0, 0.0, 0.0, 0.0, 0.0, 0.0, 0.0, 0.0, 0.0, 0.0, 0.0, 0.0, 0.0, 0.0, 0.0, 0.0, 0.0, 0.0, 0.0, 0.0, 0.0, 0.0, 0.0, 0.0, 0.0, 0.0, 0.0, 0.0, 0.0, 0.0, 0.0], [0.0, 0.0, 0.0, 0.020817955318459706, 0.0, 0.0, 0.0, 0.0, 0.0, 0.017942366857850292, 0.0, 0.022451891449827347, 0.0, 0.0, 0.046875, 0.0, 0.0, 0.025808762718705507, 0.0, 0.01612414541080573, 0.0078125, 0.0, 0.0, 0.0, 0.0, 0.03125, 0.0, 0.0, 0.0, 0.0054245595198572135, 0.0, 1.0, 0.0, 0.0, 0.0, 0.0, 0.0, 0.0, 0.0, 0.024130963332737763, 0.003906250000000001, 0.03125, 0.0, 0.03125, 0.0074871561123243165, 0.0, 0.0, 0.013231575671053913, 0.0, 0.0, 0.0, 0.0, 0.0, 0.021875676436148954, 0.0, 0.012165227211706578, 0.0, 0.0, 0.0, 0.0, 0.0, 0.016693728541158803, 0.0, 0.0, 0.0, 0.0, 0.0, 0.0, 0.0, 0.006828164020159375, 0.0, 0.0, 0.0, 0.0, 0.0, 0.02439154003147178, 0.0, 0.00390625, 0.0, 0.0, 0.0, 0.0122452176718171, 0.0396297472001121, 0.0], [0.0, 0.0, 0.0, 0.0, 0.0, 0.0, 0.0, 0.0, 0.0, 0.0, 0.0, 0.0, 0.0, 0.0, 0.0, 0.0, 0.0, 0.0, 0.0, 0.0, 0.0, 0.0, 0.0, 0.0, 0.0, 0.0, 0.0, 0.0, 0.0, 0.0, 0.0, 0.0, 1.0, 0.0, 0.0, 0.0, 0.0, 0.0, 0.0, 0.0, 0.0, 0.0, 0.0, 0.0, 0.0, 0.0, 0.0, 0.0, 0.0, 0.0, 0.0, 0.0, 0.0, 0.0, 0.0, 0.0, 0.0, 0.0, 0.0, 0.0, 0.0, 0.0, 0.0, 0.0, 0.0, 0.0, 0.0, 0.0, 0.0, 0.0, 0.0, 0.0, 0.0, 0.0, 0.0, 0.0, 0.0, 0.0, 0.0, 0.0, 0.0, 0.0, 0.0, 0.0], [0.0, 0.0, 0.0, 0.0006509103966389565, 0.0, 0.0, 0.0, 0.0, 0.0, 0.00030828734853541453, 0.0, 0.0007276222225619471, 0.0, 0.0, 0.0, 0.0, 0.0, 0.0009366090184398969, 1.5258789062499998e-05, 0.0002154947720480323, 0.0, 0.0, 1.52587890625e-05, 0.0, 0.0, 0.0, 0.0, 0.0007523100970322086, 0.0, 0.0002032556459305622, 0.0, 0.0, 0.0, 1.0, 0.0, 0.0, 0.0, 0.0, 0.0, 0.0004942180059068455, 0.0, 1.5258789062499998e-05, 0.0, 0.0, 0.0012639970524040832, 1.5066069046433394e-05, 5.9974209427924776e-05, 0.0, 0.0, 0.0, 0.0, 0.0, 1.52587890625e-05, 0.000905488111772887, 0.0, 0.0, 0.0, 0.0, 0.0, 0.001911272914672593, 0.000515832513672675, 0.0004646424678078468, 0.0, 0.0019664513407808793, 0.0, 0.0, 0.0, 0.0, 0.0, 0.000979100997949114, 0.0, 0.0, 0.0, 0.0, 0.0, 0.0004988154515359743, 0.0, 0.0006805099521860291, 0.0, 0.0, 0.0, 0.0, 3.6985286710354174e-05, 0.0], [0.0, 0.0, 0.0, 0.0, 0.0, 0.0, 0.0, 0.0, 0.0, 0.0, 0.0, 0.0, 0.0, 0.0, 0.0, 0.0, 0.0, 0.0, 0.0, 0.0, 0.0, 0.0, 0.0, 0.0, 0.0, 0.0, 0.0, 0.0, 0.0, 0.0, 0.0, 0.0, 0.0, 0.0, 1.0, 0.0, 0.0, 0.0, 0.0, 0.0, 0.0, 0.0, 0.0, 0.0, 0.0, 0.0, 0.0, 0.0, 0.0, 0.0, 0.0, 0.0, 0.0, 0.0, 0.0, 0.0, 0.0, 0.0, 0.0, 0.0, 0.0, 0.0, 0.0, 0.0, 0.0, 0.0, 0.0, 0.0, 0.0, 0.0, 0.0, 0.0, 0.0, 0.0, 0.0, 0.0, 0.0, 0.0, 0.0, 0.0, 0.0, 0.0, 0.0, 0.0], [0.0, 0.0, 0.0, 0.0, 0.0, 0.0, 0.0, 0.0, 0.0, 0.0, 0.0, 0.0, 0.0, 0.0, 0.0, 0.0, 0.0, 0.0, 0.0, 0.0, 0.0, 0.0, 0.0, 0.0, 0.0, 0.0, 0.0, 0.0, 0.0, 0.0, 0.0, 0.0, 0.0, 0.0, 0.0, 1.0, 0.0, 0.0, 0.0, 0.0, 0.0, 0.0, 0.0, 0.0, 0.0, 0.0, 0.0, 0.0, 0.0, 0.0, 0.0, 0.0, 0.0, 0.0, 0.0, 0.0, 0.0, 0.0, 0.0, 0.0, 0.0, 0.0, 0.0, 0.0, 0.0, 0.0, 0.0, 0.0, 0.0, 0.0, 0.0, 0.0, 0.0, 0.0, 0.0, 0.0, 0.0, 0.0, 0.0, 0.0, 0.0, 0.0, 0.0, 0.0], [0.0, 0.0, 0.0, 0.0, 0.0, 0.0, 0.0, 0.0, 0.0, 0.0, 0.0, 0.0, 0.0, 0.0, 0.0, 0.0, 0.0, 0.0, 0.0, 0.0, 0.0, 0.0, 0.0, 0.0, 0.0, 0.0, 0.0, 0.0, 0.0, 0.0, 0.0, 0.0, 0.0, 0.0, 0.0, 0.0, 1.0, 0.0, 0.0, 0.0, 0.0, 0.0, 0.0, 0.0, 0.0, 0.0, 0.0, 0.0, 0.0, 0.0, 0.0, 0.0, 0.0, 0.0, 0.0, 0.0, 0.0, 0.0, 0.0, 0.0, 0.0, 0.0, 0.0, 0.0, 0.0, 0.0, 0.0, 0.0, 0.0, 0.0, 0.0, 0.0, 0.0, 0.0, 0.0, 0.0, 0.0, 0.0, 0.0, 0.0, 0.0, 0.0, 0.0, 0.0], [0.0, 0.0, 0.0, 0.0, 0.0, 0.0, 0.0, 0.0, 0.0, 0.0, 0.0, 0.0, 0.0, 0.0, 0.0, 0.0, 0.0, 0.0, 0.0, 0.0, 0.0, 0.0, 0.0, 0.0, 0.0, 0.0, 0.0, 0.0, 0.0, 0.0, 0.0, 0.0, 0.0, 0.0, 0.0, 0.0, 0.0, 1.0, 0.0, 0.0, 0.0, 0.0, 0.0, 0.0, 0.0, 0.0, 0.0, 0.0, 0.0, 0.0, 0.0, 0.0, 0.0, 0.0, 0.0, 0.0, 0.0, 0.0, 0.0, 0.0, 0.0, 0.0, 0.0, 0.0, 0.0, 0.0, 0.0, 0.0, 0.0, 0.0, 0.0, 0.0, 0.0, 0.0, 0.0, 0.0, 0.0, 0.0, 0.0, 0.0, 0.0, 0.0, 0.0, 0.0], [0.0, 0.0, 0.0, 0.0, 0.0, 0.0, 0.0, 0.0, 0.0, 0.0, 0.0, 0.0, 0.0, 0.0, 0.0, 0.0, 0.0, 0.0, 0.0, 0.0, 0.0, 0.0, 0.0, 0.0, 0.0, 0.0, 0.0, 0.0, 0.0, 0.0, 0.0, 0.0, 0.0, 0.0, 0.0, 0.0, 0.0, 0.0, 1.0, 0.0, 0.0, 0.0, 0.0, 0.0, 0.0, 0.0, 0.0, 0.0, 0.0, 0.0, 0.0, 0.0, 0.0, 0.0, 0.0, 0.0, 0.0, 0.0, 0.0, 0.0, 0.0, 0.0, 0.0, 0.0, 0.0, 0.0, 0.0, 0.0, 0.0, 0.0, 0.0, 0.0, 0.0, 0.0, 0.0, 0.0, 0.0, 0.0, 0.0, 0.0, 0.0, 0.0, 0.0, 0.0], [0.0, 0.0, 0.0, 0.7956907330626481, 0.0, 0.0, 0.0, 0.0, 0.0, 0.6989432942775242, 0.4517699029348238, 0.5229901170904493, 0.0003303819865655973, 0.0, 0.12990494424806812, 0.0, 0.0, 0.5449356733074823, 0.0011594364987449481, 0.6371383657245329, 0.04092344950107121, 7.800705619089422e-05, 3.411968959808028e-05, 0.0, 0.0015947198846244647, 0.257305023996349, 0.0, 0.0033490625723076573, 0.0, 0.6734753755132292, 0.0, 0.024130963332737763, 0.0, 0.0004942180059068455, 0.0, 0.0, 0.0, 0.0, 0.0, 1.0, 0.007761320072216086, 0.04527614041161626, 0.0, 0.03954542970575918, 0.7119934763918613, 5.935103616895217e-05, 0.21795954911597681, 0.22920015149828465, 0.0, 0.0, 0.0, 0.0, 0.00015904234487160607, 0.3955306689080814, 0.0, 0.7110444082958008, 0.0, 0.021719357693453543, 0.0, 0.0008977221855002609, 0.0004518653988877572, 0.7278629701455203, 0.0, 0.0008927225130006184, 0.0, 0.0, 0.0, 0.00022266767617534297, 0.0, 0.38534855230304665, 0.0, 0.0, 7.916717241905653e-05, 0.0, 0.0, 0.6459545297854437, 0.0, 0.15981177017129478, 0.0003850865073784862, 0.0, 7.629394531249999e-06, 0.41385374809138586, 0.645198030110895, 0.0], [0.0, 0.0, 0.0, 0.017762299422076716, 0.0, 0.0, 0.0, 0.0, 0.0, 0.007056504007123383, 0.0, 0.0019531249999999998, 0.0, 0.0, 0.005859374999999998, 0.0, 0.0, 0.008100424509550608, 0.0, 0.012175687334300501, 0.0, 0.0, 0.0, 0.0, 0.0, 0.0, 0.0, 0.0, 0.0, 0.007377241216337195, 0.0, 0.003906250000000001, 0.0, 0.0, 0.0, 0.0, 0.0, 0.0, 0.0, 0.007761320072216086, 1.0, 0.0, 0.0, 0.0, 0.005214538576894097, 0.0, 0.0, 0.007950567277446627, 0.0, 0.0, 0.0, 0.0, 0.0, 0.012342157429045812, 0.0, 0.011897181819603898, 0.0, 0.0, 0.0, 0.0, 0.0, 0.01167923019946187, 0.0, 0.0, 0.0, 0.0, 0.0, 0.0, 0.0, 0.019973577009378383, 0.0, 0.0, 0.0, 0.0, 0.0, 0.016429702439886017, 0.0, 0.005859375, 0.0, 0.0, 0.0, 0.006245066367687181, 0.015045773375224357, 0.0], [0.0, 0.0, 0.0, 0.16315991255524415, 0.0, 0.0, 0.0, 0.0, 0.0, 0.17499216043892923, 0.13340906785079024, 0.28324233217132455, 0.0, 0.0, 0.03125, 0.0, 0.0, 0.2210779929673248, 0.00012859403977564393, 0.08601407883382832, 0.0078125, 0.00013676468746916552, 7.62939453125e-05, 0.0, 0.0, 0.499697379473941, 0.0, 0.00025240064431296123, 0.0, 0.11567175621105984, 0.0, 0.03125, 0.0, 1.5258789062499998e-05, 0.0, 0.0, 0.0, 0.0, 0.0, 0.04527614041161626, 0.0, 1.0, 0.0, 0.03125, 0.27887934025673317, 8.757630770510944e-05, 0.00011065216971670519, 0.507696351830091, 0.0, 0.0, 0.0, 0.0, 0.00013732910156249997, 0.3718765920016886, 0.0, 0.22269788581929603, 0.0, 0.0, 0.0, 1.5258789062499998e-05, 0.0, 0.09025211663208224, 0.0, 0.00026702880859375005, 0.0, 0.0, 0.0, 0.0, 0.0, 0.4505952645890343, 7.074040620082537e-05, 0.0, 9.703275279332476e-05, 0.0, 0.0, 0.19616339388709353, 0.0, 1.2503729926215279e-05, 0.0, 0.0, 7.629394531249998e-06, 0.19207328598813514, 0.06622672211986444, 0.0], [0.0, 0.0, 0.0, 0.0, 0.0, 0.0, 0.0, 0.0, 0.0, 0.0, 0.0, 0.0, 0.0, 0.0, 0.0, 0.0, 0.0, 0.0, 0.0, 0.0, 0.0, 0.0, 0.0, 0.0, 0.0, 0.0, 0.0, 0.0, 0.0, 0.0, 0.0, 0.0, 0.0, 0.0, 0.0, 0.0, 0.0, 0.0, 0.0, 0.0, 0.0, 0.0, 1.0, 0.0, 0.0, 0.0, 0.0, 0.0, 0.0, 0.0, 0.0, 0.0, 0.0, 0.0, 0.0, 0.0, 0.0, 0.0, 0.0, 0.0, 0.0, 0.0, 0.0, 0.0, 0.0, 0.0, 0.0, 0.0, 0.0, 0.0, 0.0, 0.0, 0.0, 0.0, 0.0, 0.0, 0.0, 0.0, 0.0, 0.0, 0.0, 0.0, 0.0, 0.0], [0.0, 0.0, 0.0, 0.045363823939990056, 0.0, 0.0, 0.0, 0.0, 0.0, 0.018035281457702952, 0.0, 0.03673663072958555, 0.0, 0.0, 0.04687499999999999, 0.0, 0.0, 0.03409431666590412, 0.0, 0.021478661322385583, 0.0234375, 0.0, 0.0, 0.0, 0.0, 0.06320750658749286, 0.0, 0.0, 0.0, 0.020006940108639508, 0.0, 0.03125, 0.0, 0.0, 0.0, 0.0, 0.0, 0.0, 0.0, 0.03954542970575918, 0.0, 0.03125, 0.0, 1.0, 0.024682013983572917, 0.0, 0.0, 0.05329411997080353, 0.0, 0.0, 0.0, 0.0, 0.0, 0.032744502384397633, 0.0, 0.009179149367283451, 0.0, 0.015624999999999997, 0.0, 0.0, 0.0, 0.050204720035334896, 0.0, 0.0, 0.0, 0.0, 0.0, 0.0, 0.0, 0.0183046653928517, 0.0, 0.0, 0.0, 0.0, 0.0, 0.0339394658332302, 0.0, 0.0, 0.0, 0.0, 0.0, 0.02282446209587689, 0.05507876370987107, 0.0], [0.0, 0.0, 0.0, 0.7244288674513546, 0.0, 0.0, 0.0, 0.0, 0.0, 0.5851753555802095, 0.4463036991443368, 0.597250613870863, 0.0007164701917976135, 0.0, 0.11321293083649081, 0.0, 0.0, 0.5331512391823467, 0.0006833923633106506, 0.6090305534796783, 0.07165721496010133, 8.544622942444146e-05, 7.187518359181449e-06, 0.0, 0.0023649393997791967, 0.21191724173741183, 0.0, 0.0019668579620745275, 0.0, 0.6488779146839183, 0.0, 0.0074871561123243165, 0.0, 0.0012639970524040832, 0.0, 0.0, 0.0, 0.0, 0.0, 0.7119934763918613, 0.005214538576894097, 0.27887934025673317, 0.0, 0.024682013983572917, 1.0, 7.403301206825227e-05, 0.13748339240239071, 0.4807245452632344, 0.0, 0.0, 0.0, 0.0, 0.0005262297292641093, 0.618664878024937, 0.0, 0.5358697290144766, 0.0, 0.019419905178702176, 0.0, 0.0017051344362650615, 0.0018573784003277157, 0.42290650547444675, 0.0, 0.001632955235632684, 0.0, 0.0, 0.0, 0.00023188403182189602, 0.0, 0.5378779535227147, 6.351499410737213e-05, 0.0, 0.0005366984092633229, 0.0, 0.0, 0.7492117472655473, 0.0, 0.1879376638584288, 0.000377951517723084, 0.0, 3.001144720949642e-05, 0.582202794752295, 0.6533006552585885, 0.0], [0.0, 0.0, 0.0, 5.72879663252943e-05, 0.0, 0.0, 0.0, 0.0, 0.0, 3.53913959779891e-05, 0.0, 0.00015825923529106647, 0.0, 0.0, 0.0, 0.0, 0.0, 7.79171533445468e-05, 0.00014573035053042245, 0.00010440646863589932, 0.0, 4.577636718749999e-05, 2.3881322211899747e-05, 0.0, 0.0, 0.0, 0.0, 6.337713134709779e-05, 0.0, 0.00012353099305446676, 0.0, 0.0, 0.0, 1.5066069046433394e-05, 0.0, 0.0, 0.0, 0.0, 0.0, 5.935103616895217e-05, 0.0, 8.757630770510944e-05, 0.0, 0.0, 7.403301206825227e-05, 1.0, 0.00012313177199261332, 0.0, 0.0, 0.0, 0.0, 0.0, 5.4398900336899744e-05, 0.0, 0.0, 0.0, 0.0, 0.0, 0.0, 5.769983890123429e-06, 0.0, 0.00014058319678787056, 0.0, 2.3881322211899747e-05, 0.0, 0.0, 0.0, 0.0, 0.0, 4.698673321124845e-05, 0.0, 0.0, 0.0, 0.0, 0.0, 8.988081680660151e-05, 0.0, 0.0, 0.0, 0.0, 0.0, 0.0, 4.521986295559987e-05, 0.0], [0.0, 0.0, 0.0, 0.18510552075543027, 0.0, 0.0, 0.0, 0.0, 0.0, 0.21299742603300129, 0.0, 0.0005757013522398407, 0.00048828125, 0.0, 0.07896456486057263, 0.0, 0.0, 0.12108086311045768, 0.0003323071621515934, 0.1078344758738785, 0.0, 6.839152961737024e-05, 7.968567259648878e-05, 0.0, 0.0, 0.0, 0.0, 0.0002762207928563191, 0.0, 0.01715418790788939, 0.0, 0.0, 0.0, 5.9974209427924776e-05, 0.0, 0.0, 0.0, 0.0, 0.0, 0.21795954911597681, 0.0, 0.00011065216971670519, 0.0, 0.0, 0.13748339240239071, 0.00012313177199261332, 1.0, 0.06379915508737387, 0.0, 0.0, 0.0, 0.0, 0.0005525261194247356, 0.18130649075739938, 0.0, 0.11652715427793588, 0.0, 0.0, 0.0, 0.0001407208288464888, 0.0, 0.11066284415673244, 0.0, 7.968567259648879e-05, 0.0, 0.0, 0.0, 0.0, 0.0, 0.06222531449950178, 6.626316530203894e-05, 0.0, 0.0006779361759142258, 0.0, 0.0, 0.06591413617653767, 0.0, 0.07230596981039751, 0.0, 0.0, 0.0, 0.05856971614578585, 0.04478323444961827, 0.0], [0.0, 0.0, 0.0, 0.3508051703142565, 0.0, 0.0, 0.0, 0.0, 0.0, 0.3372109238820431, 0.125, 0.3072370021757634, 0.0, 0.0, 0.30431648876467676, 0.0, 0.0, 0.3826073407251498, 0.0, 0.4125942785760272, 0.05473010793196762, 0.0, 0.0, 0.0, 0.0, 0.5448020205002967, 0.0, 0.0, 0.0, 0.38496313441742513, 0.0, 0.013231575671053913, 0.0, 0.0, 0.0, 0.0, 0.0, 0.0, 0.0, 0.22920015149828465, 0.007950567277446627, 0.507696351830091, 0.0, 0.05329411997080353, 0.4807245452632344, 0.0, 0.06379915508737387, 1.0, 0.0, 0.0, 0.0, 0.0, 0.0, 0.6308673699082039, 0.0, 0.520253442897323, 0.0, 0.0043678534863413245, 0.0, 0.0, 0.0, 0.32215294531252076, 0.0, 0.0, 0.0, 0.0, 0.0, 0.0, 0.0, 0.5475679975311356, 0.0, 0.0, 0.0, 0.0, 0.0, 0.3501283103635769, 0.0, 0.28144938004239267, 0.0, 0.0, 0.0, 0.37332283070316763, 0.2557325261176983, 0.0], [0.0, 0.0, 0.0, 0.0, 0.0, 0.0, 0.0, 0.0, 0.0, 0.0, 0.0, 0.0, 0.0, 0.0, 0.0, 0.0, 0.0, 0.0, 0.0, 0.0, 0.0, 0.0, 0.0, 0.0, 0.0, 0.0, 0.0, 0.0, 0.0, 0.0, 0.0, 0.0, 0.0, 0.0, 0.0, 0.0, 0.0, 0.0, 0.0, 0.0, 0.0, 0.0, 0.0, 0.0, 0.0, 0.0, 0.0, 0.0, 1.0, 0.0, 0.0, 0.0, 0.0, 0.0, 0.0, 0.0, 0.0, 0.0, 0.0, 0.0, 0.0, 0.0, 0.0, 0.0, 0.0, 0.0, 0.0, 0.0, 0.0, 0.0, 0.0, 0.0, 0.0, 0.0, 0.0, 0.0, 0.0, 0.0, 0.0, 0.0, 0.0, 0.0, 0.0, 0.0], [0.0, 0.0, 0.0, 0.0, 0.0, 0.0, 0.0, 0.0, 0.0, 0.0, 0.0, 0.0, 0.0, 0.0, 0.0, 0.0, 0.0, 0.0, 0.0, 0.0, 0.0, 0.0, 0.0, 0.0, 0.0, 0.0, 0.0, 0.0, 0.0, 0.0, 0.0, 0.0, 0.0, 0.0, 0.0, 0.0, 0.0, 0.0, 0.0, 0.0, 0.0, 0.0, 0.0, 0.0, 0.0, 0.0, 0.0, 0.0, 0.0, 1.0, 0.0, 0.0, 0.0, 0.0, 0.0, 0.0, 0.0, 0.0, 0.0, 0.0, 0.0, 0.0, 0.0, 0.0, 0.0, 0.0, 0.0, 0.0, 0.0, 0.0, 0.0, 0.0, 0.0, 0.0, 0.0, 0.0, 0.0, 0.0, 0.0, 0.0, 0.0, 0.0, 0.0, 0.0], [0.0, 0.0, 0.0, 0.0, 0.0, 0.0, 0.0, 0.0, 0.0, 0.0, 0.0, 0.0, 0.0, 0.0, 0.0, 0.0, 0.0, 0.0, 0.0, 0.0, 0.0, 0.0, 0.0, 0.0, 0.0, 0.0, 0.0, 0.0, 0.0, 0.0, 0.0, 0.0, 0.0, 0.0, 0.0, 0.0, 0.0, 0.0, 0.0, 0.0, 0.0, 0.0, 0.0, 0.0, 0.0, 0.0, 0.0, 0.0, 0.0, 0.0, 1.0, 0.0, 0.0, 0.0, 0.0, 0.0, 0.0, 0.0, 0.0, 0.0, 0.0, 0.0, 0.0, 0.0, 0.0, 0.0, 0.0, 0.0, 0.0, 0.0, 0.0, 0.0, 0.0, 0.0, 0.0, 0.0, 0.0, 0.0, 0.0, 0.0, 0.0, 0.0, 0.0, 0.0], [0.0, 0.0, 0.0, 0.0, 0.0, 0.0, 0.0, 0.0, 0.0, 0.0, 0.0, 0.0, 0.0, 0.0, 0.0, 0.0, 0.0, 0.0, 0.0, 0.0, 0.0, 0.0, 0.0, 0.0, 0.0, 0.0, 0.0, 0.0, 0.0, 0.0, 0.0, 0.0, 0.0, 0.0, 0.0, 0.0, 0.0, 0.0, 0.0, 0.0, 0.0, 0.0, 0.0, 0.0, 0.0, 0.0, 0.0, 0.0, 0.0, 0.0, 0.0, 1.0, 0.0, 0.0, 0.0, 0.0, 0.0, 0.0, 0.0, 0.0, 0.0, 0.0, 0.0, 0.0, 0.0, 0.0, 0.0, 0.0, 0.0, 0.0, 0.0, 0.0, 0.0, 0.0, 0.0, 0.0, 0.0, 0.0, 0.0, 0.0, 0.0, 0.0, 0.0, 0.0], [0.0, 0.0, 0.0, 0.00047221973508529966, 0.0, 0.0, 0.0, 0.0, 0.0, 0.0002503093657785357, 0.0, 0.0004860602377701822, 0.00048828125, 0.0, 0.0, 0.0, 0.0, 0.0005389346289652995, 0.00016159984297553905, 0.0001277021782609435, 0.0, 0.00010681152343749999, 1.5258789062499998e-05, 0.0, 0.0, 0.0, 0.0, 0.00035201336513871525, 0.0, 0.00038059981731179937, 0.0, 0.0, 0.0, 1.52587890625e-05, 0.0, 0.0, 0.0, 0.0, 0.0, 0.00015904234487160607, 0.0, 0.00013732910156249997, 0.0, 0.0, 0.0005262297292641093, 5.4398900336899744e-05, 0.0005525261194247356, 0.0, 0.0, 0.0, 0.0, 0.0, 1.0, 0.00041546862833279183, 0.0, 0.00014789612617563055, 0.0, 0.0, 0.0, 0.0001373291015625, 0.0, 0.0005786060562799052, 0.0, 1.5258789062499998e-05, 0.0, 0.0, 0.0, 0.0, 0.0, 0.00018429756107534925, 0.0, 0.0, 0.00048828125, 0.0, 0.0, 0.00032584271897139117, 0.0, 0.0, 0.0, 0.0, 0.0, 0.0, 0.0005134034255325622, 0.0], [0.0, 0.0, 0.0, 0.6653228066035884, 0.0, 0.0, 0.0, 0.0, 0.0, 0.4313356603249731, 0.12311452241203112, 0.4584982336473939, 0.0007472511150009985, 0.0, 0.20822670204561322, 0.0, 0.0, 0.5185660613248162, 0.0004972998115316588, 0.6668509436107358, 0.053166931449082425, 9.37383190919029e-06, 0.00024414062499999992, 0.0, 0.0001799510342057075, 0.4300035296299688, 0.0, 0.00522531480497852, 0.0, 0.3481693483975217, 0.0, 0.021875676436148954, 0.0, 0.000905488111772887, 0.0, 0.0, 0.0, 0.0, 0.0, 0.3955306689080814, 0.012342157429045812, 0.3718765920016886, 0.0, 0.032744502384397633, 0.618664878024937, 0.0, 0.18130649075739938, 0.6308673699082039, 0.0, 0.0, 0.0, 0.0, 0.00041546862833279183, 1.0, 0.0, 0.5305582163463332, 0.0, 0.024053733638298262, 0.0, 0.0014460218266205975, 0.0004290552083998012, 0.34385680834735, 0.0, 0.0014193031877372533, 0.0, 0.0, 0.0, 0.0008408969920728685, 0.0, 0.3802267920909362, 7.074040620082537e-05, 0.0, 0.0005125013811261166, 0.0, 0.0, 0.24560293867407723, 0.0, 0.26691895610504013, 0.00046041575526077096, 0.0, 3.0517578125e-05, 0.38793891572328104, 0.23062776350865286, 0.0], [0.0, 0.0, 0.0, 0.0, 0.0, 0.0, 0.0, 0.0, 0.0, 0.0, 0.0, 0.0, 0.0, 0.0, 0.0, 0.0, 0.0, 0.0, 0.0, 0.0, 0.0, 0.0, 0.0, 0.0, 0.0, 0.0, 0.0, 0.0, 0.0, 0.0, 0.0, 0.0, 0.0, 0.0, 0.0, 0.0, 0.0, 0.0, 0.0, 0.0, 0.0, 0.0, 0.0, 0.0, 0.0, 0.0, 0.0, 0.0, 0.0, 0.0, 0.0, 0.0, 0.0, 0.0, 1.0, 0.0, 0.0, 0.0, 0.0, 0.0, 0.0, 0.0, 0.0, 0.0, 0.0, 0.0, 0.0, 0.0, 0.0, 0.0, 0.0, 0.0, 0.0, 0.0, 0.0, 0.0, 0.0, 0.0, 0.0, 0.0, 0.0, 0.0, 0.0, 0.0], [0.0, 0.0, 0.0, 0.7450691350170637, 0.0, 0.0, 0.0, 0.0, 0.0, 0.6792653166491225, 0.3726931208617384, 0.27813496775666824, 0.000396870472670695, 0.0, 0.31535208963815314, 0.0, 0.0, 0.38800687852043214, 0.0014683784250120256, 0.7920789273361701, 0.10349175033469692, 1.030975047219248e-05, 0.0, 0.0, 0.0012718337037674224, 0.5319663301480805, 0.0, 0.0017291227484348005, 0.0, 0.5605908525343711, 0.0, 0.012165227211706578, 0.0, 0.0, 0.0, 0.0, 0.0, 0.0, 0.0, 0.7110444082958008, 0.011897181819603898, 0.22269788581929603, 0.0, 0.009179149367283451, 0.5358697290144766, 0.0, 0.11652715427793588, 0.520253442897323, 0.0, 0.0, 0.0, 0.0, 0.00014789612617563055, 0.5305582163463332, 0.0, 1.0, 0.0, 0.011101201162540592, 0.0, 0.0004806624100707992, 0.0002489743464950644, 0.5496792315714588, 0.0, 0.0002602440962759601, 0.0, 0.0, 0.0, 0.00022952322567513757, 0.0, 0.1838090