"{\"names\": [\"172.217.10.1\", \"104.88.86.240\", \"38.93.140.48\", \"192.168.10.15\", \"104.88.108.223\", \"195.142.105.15\", \"172.217.12.163\", \"206.217.206.48\", \"172.217.6.228\", \"178.255.83.1\", \"74.119.118.82\", \"192.168.10.9\", \"172.217.7.6\", \"35.186.227.40\", \"31.13.71.36\", \"206.126.112.142\", \"151.101.2.49\", \"192.168.10.25\", \"172.217.3.98\", \"192.168.10.16\", \"72.30.202.150\", \"172.217.12.132\", \"50.31.164.173\", \"162.208.20.178\", \"23.15.4.16\", \"216.58.217.99\", \"172.217.6.198\", \"172.217.12.174\", \"169.46.44.40\", \"192.168.10.17\", \"52.84.143.130\", \"104.19.195.102\", \"216.200.232.61\", \"104.97.73.166\", \"152.163.13.79\", \"192.229.163.25\", \"74.119.118.86\", \"54.225.188.92\", \"188.165.145.88\", \"192.168.10.14\", \"8.43.72.98\", \"199.96.57.6\", \"68.67.178.110\", \"104.88.70.158\", \"192.168.10.19\", \"69.172.216.56\", \"157.240.18.35\", \"172.217.11.34\", \"185.54.150.20\", \"69.169.85.7\", \"198.232.124.194\", \"74.119.118.72\", \"172.217.12.134\", \"192.168.10.5\", \"23.111.9.30\", \"192.168.10.8\", \"151.101.66.2\", \"68.67.178.199\", \"213.239.195.215\", \"138.108.7.20\", \"52.84.145.87\", \"192.168.10.50\", \"52.84.145.198\", \"52.40.24.51\", \"212.77.100.137\", \"185.54.150.115\", \"172.217.10.138\", \"152.163.66.165\", \"52.84.137.78\", \"192.168.10.51\", \"68.67.178.109\", \"129.146.14.96\", \"54.152.24.232\", \"172.217.10.33\", \"52.8.229.108\", \"192.168.10.12\", \"64.147.131.201\", \"172.217.12.206\", \"68.67.180.12\", \"172.217.10.134\", \"38.69.238.16\", \"172.217.10.142\", \"192.168.10.3\", \"172.217.6.202\"], \"funcEdges\": [[1.0, 0.0, 0.0, 0.0, 0.0, 0.0, 0.0, 0.0, 0.0, 0.0, 0.0, 0.0, 0.0, 0.0, 0.0, 0.0, 0.0, 0.0, 0.0, 0.0, 0.0, 0.0, 0.0, 0.0, 0.0, 0.0, 0.0, 0.0, 0.0, 0.0, 0.0, 0.0, 0.0, 0.0, 0.0, 0.0, 0.0, 0.0, 0.0, 0.0, 0.0, 0.0, 0.0, 0.0, 0.0, 0.0, 0.0, 0.0, 0.0, 0.0, 0.0, 0.0, 0.0, 0.0, 0.0, 0.0, 0.0, 0.0, 0.0, 0.0, 0.0, 0.0, 0.0, 0.0, 0.0, 0.0, 0.0, 0.0, 0.0, 0.0, 0.0, 0.0, 0.0, 0.0, 0.0, 0.0, 0.0, 0.0, 0.0, 0.0, 0.0, 0.0, 0.0, 0.0], [0.0, 1.0, 0.0, 6.999354683829675e-22, 0.0, 0.0, 0.0, 0.0, 4.519932443824682e-22, 7.819164759343424e-22, 1.1066234912421838e-22, 3.9922585570082987e-22, 0.0, 0.0, 2.891842755871308e-22, 0.0, 0.0, 2.9567131000130993e-22, 5.11371592289058e-22, 3.122491595559901e-22, 1.706343316561111e-25, 1.2597583191690119e-23, 0.0, 0.0, 2.41858599424875e-24, 2.0261704258777473e-24, 1.1286990506988877e-22, 7.775749913999414e-22, 0.0, 4.0318956705109456e-22, 0.0, 0.0, 0.0, 0.0, 0.0, 0.0, 0.0, 0.0, 0.0, 3.988847107867635e-22, 0.0, 2.9412230816014925e-23, 0.0, 0.0, 6.481174769697039e-22, 4.1871495768063884e-22, 1.023805989936667e-24, 3.1276557686350576e-24, 0.0, 0.0, 2.6469779601696886e-23, 8.271806125530277e-25, 0.0, 7.689341596533487e-22, 0.0, 5.130029192413442e-22, 0.0, 0.0, 0.0, 0.0, 5.403121135673992e-24, 5.565800561065332e-22, 0.0, 0.0, 0.0, 0.0, 0.0, 0.0, 0.0, 5.056507664932668e-22, 0.0, 0.0, 0.0, 0.0, 0.0, 2.885984657665641e-22, 0.0, 4.564942296779496e-22, 0.0, 0.0, 0.0, 9.735890817113494e-24, 9.12443691363137e-22, 0.0], [0.0, 0.0, 1.0, 3.1700056600486684e-11, 0.0, 8.81649000731845e-12, 5.98632202691622e-11, 0.0, 0.0, 3.377134137835574e-11, 0.0, 3.2132278982307887e-11, 0.0, 2.9103830456733704e-11, 0.0, 0.0, 0.0, 8.18081191772129e-11, 0.0, 6.308484402241167e-11, 0.0, 0.0, 0.0, 0.0, 0.0, 0.0, 0.0, 0.0, 0.0, 4.149988097874795e-11, 0.0, 6.806569489047227e-11, 2.32866302830921e-11, 0.0, 0.0, 0.0, 0.0, 0.0, 7.275957614183423e-12, 4.9433794630129915e-11, 2.6320025743388083e-11, 1.4821141007391099e-12, 0.0, 0.0, 3.481971433568611e-11, 0.0, 5.803055678309913e-11, 1.3111602457019849e-11, 0.0, 0.0, 0.0, 1.4551915228366849e-11, 0.0, 2.429203733624987e-11, 0.0, 2.635934777319244e-11, 0.0, 1.1370557451065748e-11, 0.0, 1.4821141007391097e-12, 0.0, 6.058858744887955e-11, 0.0, 0.0, 1.4551915228366849e-11, 0.0, 0.0, 0.0, 0.0, 3.290832554893272e-11, 8.514829044543896e-12, 0.0, 0.0, 0.0, 0.0, 3.252718648547707e-11, 0.0, 3.28649912779272e-11, 0.0, 1.4821141007391099e-12, 2.0030807494240327e-11, 2.037906888516276e-12, 6.973197904021666e-11, 0.0], [0.0, 6.999354683829675e-22, 3.1700056600486684e-11, 1.0, 0.002285809979068378, 2.2843118769078075e-11, 6.943962296677047e-08, 4.95813265154369e-17, 0.39215061032950405, 0.47038084537862995, 0.006545125006719055, 0.47933900317610745, 3.787403966506487e-14, 8.141880643973006e-12, 0.007353959730803545, 0.0, 9.373013713618198e-13, 0.5509654845930375, 3.618554522830191e-15, 0.5607486354194849, 0.0028976459468806116, 5.066202272212775e-14, 0.3857956837025419, 0.0, 6.107156840990902e-06, 5.7261459190240745e-24, 0.17283929461875924, 1.4301027579375225e-07, 1.3721405930708984e-11, 0.7258613433995887, 1.980034955536991e-06, 1.0933720812744042e-09, 6.536973295652273e-11, 0.031187688803257417, 0.0, 0.0007247442743606216, 0.07259968247336968, 1.6221426794776865e-12, 1.1214643741456575e-11, 0.736666025574314, 6.168934858431088e-11, 0.05578616331268331, 0.01426320413752601, 0.00045507647679842876, 0.4593372261222306, 0.08628293129182302, 0.04465263915087665, 4.0597561926654505e-07, 0.03176106962543183, 0.0005232104800789049, 0.004388195607497972, 0.007807553238866707, 4.882637621593583e-29, 0.4767605382484989, 1.1021992262701033e-20, 0.398029071765719, 0.00014398112394270246, 0.07172055813891436, 0.006471811549266369, 0.06688648698084904, 7.93672573778452e-06, 0.7628887793067325, 4.224619716767049e-05, 3.173690367782632e-14, 3.928216136873359e-11, 0.05505460230121634, 0.0005242116760722072, 6.789279150102844e-05, 3.894448675022178e-07, 0.28718493899878705, 8.42676431794624e-08, 0.0005374018871675196, 2.931624091604444e-05, 9.428742980496564e-15, 0.0, 0.48099179388626995, 0.00047792375406144837, 0.2753547014431744, 0.016694047040733986, 1.253837652881695e-12, 2.2779159383748574e-11, 7.842264258961073e-12, 0.668140211351191, 9.745138212118792e-06], [0.0, 0.0, 0.0, 0.002285809979068378, 1.0, 0.0, 0.0, 0.0, 0.0, 0.0150632448078685, 0.0, 0.002244723235170879, 0.0, 0.0, 0.0, 0.0, 0.0, 0.0050822070882751485, 0.0, 0.009935595056099013, 0.0, 0.0, 0.013501059789650742, 0.0, 0.0, 0.0, 0.0, 0.0, 0.0, 0.00750349432114119, 0.0, 0.0, 0.0, 0.0, 0.0, 0.0, 0.0, 0.0, 0.0, 0.014523669455894866, 0.0, 0.004108429315543664, 0.0, 0.0, 0.003653275853164495, 0.0, 0.0032867434524349315, 0.0, 0.0, 0.0, 0.0063413083329637, 0.0, 0.0, 0.0011384939656984565, 0.0, 0.005354882592280457, 0.0, 0.0, 0.005924316633396884, 0.0, 0.0, 0.0019614387052606834, 0.0, 0.0, 0.0, 0.0, 0.0, 0.0, 0.0, 0.0041352554485054515, 0.0, 0.0, 0.0, 0.0, 0.0, 0.005220263927344847, 0.0, 0.0, 0.0, 0.0, 0.0, 0.0, 0.004636795329280884, 0.0], [0.0, 0.0, 8.81649000731845e-12, 2.2843118769078075e-11, 0.0, 1.0, 4.551942870109226e-12, 0.0, 0.0, 2.806073911239484e-11, 5.765857401508754e-13, 7.983275066272244e-12, 3.268378411793539e-14, 7.2759576141834235e-12, 5.377032595318304e-14, 0.0, 4.190277830118532e-13, 2.097442609174992e-11, 0.0, 1.5418563511376087e-11, 2.872247663617096e-14, 1.0698876003339346e-13, 0.0, 0.0, 1.5968974315899532e-12, 0.0, 0.0, 0.0, 4.69661044457391e-12, 2.5183520443188638e-11, 1.249424729317828e-13, 7.340968035329737e-12, 8.734715054725251e-12, 6.071097259018513e-13, 0.0, 0.0, 0.0, 1.418407842062199e-12, 1.014428045124313e-11, 1.5030513535637495e-11, 2.6262231226469754e-11, 3.0554381878602e-12, 0.0, 0.0, 1.3662335766803612e-11, 0.0, 4.656859345303604e-12, 1.8883143135914165e-11, 0.0, 0.0, 1.4720670329022405e-11, 1.2729862543611129e-11, 0.0, 3.42216716827348e-11, 0.0, 2.770644562040618e-11, 0.0, 0.0, 0.0, 4.655010285251608e-12, 0.0, 1.9873786188886046e-11, 0.0, 2.1438631734110117e-14, 3.5397458953541225e-12, 0.0, 5.029657024427429e-14, 0.0, 5.955251322735093e-13, 1.8040936614162176e-11, 1.3211439489117804e-11, 0.0, 0.0, 0.0, 0.0, 1.8528777247793027e-11, 0.0, 7.383015175156096e-12, 0.0, 1.3990986512394098e-12, 1.523575082003216e-11, 1.3693513472467988e-12, 1.5030578494605025e-11, 0.0], [0.0, 0.0, 5.98632202691622e-11, 6.943962296677047e-08, 0.0, 4.551942870109226e-12, 1.0, 1.734723475976807e-18, 0.0, 2.9241344995489713e-08, 4.562947373790621e-09, 8.588159654291273e-08, 4.379165294474248e-15, 0.0, 9.122806404421561e-16, 0.0, 2.39561447996693e-13, 8.120297029925273e-08, 1.239903078868712e-15, 5.568775671146251e-08, 3.003761691629883e-08, 3.5150890989755042e-15, 2.766624916142321e-14, 0.0, 2.981543041408477e-08, 0.0, 1.469186561887814e-15, 4.888815101724693e-08, 0.0, 4.5783785492477154e-08, 1.0408340855860843e-17, 1.1938350002491532e-08, 1.25805879554293e-10, 4.9050408587005195e-09, 0.0, 4.156789275063404e-09, 1.4410700144409558e-09, 1.1816498209348227e-12, 2.4876277945811365e-12, 1.1930837372407042e-07, 2.335721745665272e-11, 3.3412286535427387e-08, 2.6961800204725217e-14, 0.0, 5.063655906977458e-08, 8.635681958470016e-15, 4.0970519614404426e-08, 1.0585251411063865e-07, 2.1591820569344222e-19, 1.2091126011316962e-07, 1.9354282639608706e-10, 1.3948868603389359e-11, 0.0, 5.544187844033424e-08, 0.0, 1.0059330074802112e-07, 0.0, 2.1307346267865587e-12, 0.0, 4.001649901825154e-12, 0.0, 3.813400856003669e-08, 0.0, 0.0, 4.0151645495117316e-11, 3.2472502202392616e-19, 0.0, 4.126280965530972e-09, 2.7680273532219557e-13, 1.174130526630423e-07, 1.153687357015126e-08, 2.9802322387695312e-08, 0.0, 9.748565909291575e-15, 0.0, 6.281855041349819e-08, 4.866698866944084e-08, 8.729317210619665e-10, 2.980232238769532e-08, 4.273052426763023e-12, 3.938085741241339e-12, 3.0232855521594644e-12, 1.0795230983748238e-07, 0.0], [0.0, 0.0, 0.0, 4.95813265154369e-17, 0.0, 0.0, 1.734723475976807e-18, 1.0, 0.0, 3.2861241423535857e-17, 3.453189365643802e-17, 4.092759691967961e-17, 0.0, 0.0, 0.0, 0.0, 0.0, 3.2738776434199627e-17, 1.0668595656233852e-17, 2.5004560101372846e-17, 0.0, 0.0, 0.0, 0.0, 2.5782013101329435e-17, 0.0, 6.591949208711866e-17, 0.0, 0.0, 3.444682074984752e-17, 1.7347234759768069e-18, 0.0, 2.1275287881251128e-17, 0.0, 0.0, 0.0, 0.0, 0.0, 0.0, 8.785241455858893e-17, 0.0, 1.1882787220687024e-18, 0.0, 0.0, 3.277227754087883e-17, 0.0, 6.591949208711866e-17, 0.0, 0.0, 0.0, 0.0, 0.0, 0.0, 3.7727246516337556e-17, 0.0, 1.7319842846395548e-17, 0.0, 0.0, 0.0, 6.591949208711866e-17, 0.0, 5.0893248238326174e-17, 0.0, 0.0, 1.2576868912576796e-17, 0.0, 0.0, 0.0, 0.0, 3.1619828033768646e-17, 0.0, 0.0, 0.0, 0.0, 0.0, 6.722950768953008e-17, 0.0, 0.0, 0.0, 0.0, 0.0, 2.60208521396521e-17, 2.209966791827625e-17, 0.0], [0.0, 4.519932443824682e-22, 0.0, 0.39215061032950405, 0.0, 0.0, 0.0, 0.0, 1.0, 0.2707361054821491, 1.2095120160847372e-22, 0.22496045943780163, 0.0, 0.0, 8.663037555433215e-22, 0.0, 0.0, 0.42092468462539895, 4.900902756052571e-22, 0.4456409514135938, 0.0, 2.8688704637155287e-23, 0.22663088322433217, 0.0, 2.90455259585094e-23, 1.3170107768205358e-23, 1.8002135714303663e-22, 6.773980904282445e-22, 0.0, 0.4046665635291245, 0.0, 0.0, 0.0, 0.0, 0.0, 0.0, 0.0, 0.0, 0.0, 0.15325967417635417, 0.0, 2.6469779601696886e-23, 0.0, 1.1423734921936599e-23, 0.220892776603436, 1.6913586434906577e-22, 0.0, 0.0, 0.0, 0.0, 3.180085589860063e-23, 0.0, 0.0, 0.21553178630967212, 0.0, 0.34841088198626724, 0.0, 0.0, 0.0, 0.0, 1.8375922176334946e-23, 0.41462635604126097, 0.0, 0.0, 0.0, 0.0, 0.0, 0.0, 0.0, 0.18750000000000003, 0.0, 0.0, 0.0, 0.0, 0.0, 0.4997022036430659, 0.0, 0.2760419574623421, 0.0, 0.0, 0.0, 0.0, 0.0845186279161189, 0.0], [0.0, 7.819164759343424e-22, 3.377134137835574e-11, 0.47038084537862995, 0.0150632448078685, 2.806073911239484e-11, 2.9241344995489713e-08, 3.2861241423535857e-17, 0.2707361054821491, 1.0, 0.004868217805959614, 0.5420257467003843, 5.93305543395515e-14, 1.1783796510701589e-11, 0.006682576301925328, 0.0, 9.586915924860112e-13, 0.3344824208689429, 1.0176452753761608e-15, 0.37542930562518423, 0.0038992598634176724, 3.2995056698397894e-14, 0.26979765214998436, 0.0, 1.9776743159912744e-05, 6.48047368535704e-24, 0.09103122436365438, 8.301830127359775e-08, 2.3313671994837986e-13, 0.5510183274430575, 1.6270416103448858e-06, 1.2967489254368641e-08, 5.7770420042557087e-11, 0.017686073350840447, 0.0, 0.00028711191107246497, 0.08832535483017342, 8.306344049308153e-13, 1.596661873801869e-11, 0.10717908919721539, 4.6034759274101317e-11, 0.048395843512349546, 0.07291666666668128, 0.0013271892295627181, 0.23849571163839314, 0.11871100770802448, 0.019283027896306447, 1.950713497702793e-07, 0.10313079894716305, 0.0010074906719190052, 0.009803100325532098, 0.006884263515021301, 2.588138181405613e-29, 0.2634895972164032, 2.848276029293011e-22, 0.4260146758768462, 4.332259257487356e-05, 0.07758531815943855, 0.010585747947578663, 0.07991068483005266, 1.1222173046991782e-05, 0.43105097429184064, 2.6412102256843574e-05, 2.239940360771459e-15, 6.318493591609906e-11, 0.1197546675410597, 0.0010132468985944538, 8.8334705335858e-05, 9.666080031728033e-07, 0.2570928250061777, 1.4088602437089158e-09, 0.0003230867849298973, 1.6274663040169335e-05, 1.5939225694755836e-14, 0.0, 0.2100570144951822, 0.0005815210435129265, 0.5682695333204358, 0.020695754454754318, 2.259095353688686e-12, 2.7225772233101256e-11, 1.6570663378957865e-11, 0.5082223563916951, 1.9343867259681897e-06], [0.0, 1.1066234912421838e-22, 0.0, 0.006545125006719055, 0.0, 5.765857401508754e-13, 4.562947373790621e-09, 3.453189365643802e-17, 1.2095120160847372e-22, 0.004868217805959614, 1.0, 0.003999131785924079, 3.038987453750158e-15, 0.0, 0.008771251354835224, 0.0, 2.263977406887697e-13, 0.00354829661554891, 1.446829062127629e-17, 0.009090827322753152, 0.0017486029443770457, 3.2825755536680097e-23, 0.0, 0.0, 4.601246380824231e-13, 4.237726641547238e-24, 3.213033091713206e-17, 1.862645149231492e-09, 0.0, 0.0030603455227428264, 0.0, 2.27373675443232e-13, 1.3537452410589283e-17, 1.8626451492309566e-09, 0.0, 0.00024414248764514923, 0.0010161810693770455, 4.733160493438237e-13, 0.0, 0.006800333098176353, 4.235164736271502e-22, 1.8626487019446627e-09, 0.0, 2.6469779601696886e-23, 0.003026513097741426, 2.77169169904857e-23, 9.55537339975227e-07, 5.394616018791939e-13, 0.0, 0.0009765625, 3.3087224502121107e-23, 2.8372060942031617e-25, 0.0, 0.007806588831341841, 0.0, 0.006969669213014498, 0.0, 0.00024414062499999997, 0.005323867681483828, 0.0002441406250000321, 1.1451273867443935e-23, 0.008178733850899598, 0.0, 0.0, 2.2738755323103977e-13, 0.0, 0.0009765625, 2.5797222926974074e-09, 2.27373675443232e-13, 0.00024482969223691347, 4.0325752545375147e-25, 0.00010558537074497769, 9.536743164062498e-07, 3.552713678895574e-15, 0.0, 0.005725222551222038, 2.249785707929949e-06, 0.0007720404443770457, 0.0, 0.0, 4.235164736271503e-22, 2.274360093352591e-13, 0.006935787501750314, 0.0], [0.0, 3.9922585570082987e-22, 3.2132278982307887e-11, 0.47933900317610745, 0.002244723235170879, 7.983275066272244e-12, 8.588159654291273e-08, 4.092759691967961e-17, 0.22496045943780163, 0.5420257467003843, 0.003999131785924079, 1.0, 3.4875451150752257e-14, 7.2759576141834235e-12, 0.005668270340283436, 0.0, 0.0, 0.49294247876560326, 2.008639657926871e-15, 0.5837361057367401, 0.003102302474597432, 4.866129357868318e-14, 0.33275449723471473, 0.0, 1.2942291680475367e-05, 1.0262500252803818e-23, 0.024622234023905017, 1.0518524493786117e-07, 0.0, 0.527896316669287, 1.7087699916801168e-06, 4.443441774901205e-09, 9.813631854875322e-11, 0.012757764104718612, 0.0, 0.0002768006504378106, 0.06274085313299416, 0.0, 8.814888142008877e-12, 0.6287492102515551, 3.604482474241017e-11, 0.023020436904591844, 0.01684236124771445, 0.0018947195125492075, 0.3373909871271745, 0.10897927619903247, 0.015453510478139854, 3.6254467499582596e-07, 0.029594074012375127, 0.00046576295220033593, 0.0029881156705745308, 0.019165236379503854, 5.02574506520512e-29, 0.5441994710756118, 1.7077694168263035e-20, 0.5737185196386485, 0.00010026851579127629, 0.06489679807166843, 0.007849334556141934, 0.06601325080322376, 2.6322948201048772e-05, 0.6839339499853355, 3.352563632644459e-05, 5.674868502652562e-14, 9.348141258660268e-11, 0.01684730887647986, 0.00036293679236698985, 1.7340111667135018e-05, 6.864759478159595e-08, 0.3625025274810384, 2.0372671948935145e-06, 0.0004711340322592529, 1.4975640526896064e-05, 7.311313359243102e-15, 0.0, 0.2593544709866506, 0.0005157627674263336, 0.2597876104876075, 0.007167298605874648, 1.1054558487203145e-12, 2.7259924579729025e-11, 3.654575892365116e-12, 0.5402178456979118, 9.707571803304711e-06], [0.0, 0.0, 0.0, 3.787403966506487e-14, 0.0, 3.268378411793539e-14, 4.379165294474248e-15, 0.0, 0.0, 5.93305543395515e-14, 3.038987453750158e-15, 3.4875451150752257e-14, 1.0, 0.0, 1.5629577147949972e-14, 0.0, 0.0, 3.8314741756806206e-14, 3.731285792086659e-15, 5.546409530932465e-14, 2.204455355025533e-14, 2.1707487246099295e-16, 7.220197743088708e-15, 0.0, 1.445229235147962e-14, 0.0, 3.1148392141565035e-15, 1.1849100019464105e-28, 0.0, 4.248812880402747e-14, 1.6375621490227327e-14, 1.0273266347367006e-15, 0.0, 0.0, 0.0, 0.0, 0.0, 0.0, 0.0, 3.637909134523222e-14, 0.0, 3.1835131888146604e-14, 1.0297013255898017e-14, 0.0, 4.6191205621571143e-14, 1.843153898905352e-14, 5.3163646782353886e-14, 1.6375621490227327e-14, 0.0, 0.0, 0.0, 0.0, 5.048709793414476e-29, 4.007359773178725e-14, 0.0, 2.5341392723980277e-14, 0.0, 2.83404982053823e-29, 0.0, 3.6737210546904296e-15, 2.5243548967072372e-29, 5.254415395487482e-14, 0.0, 1.3230489517508966e-14, 8.470814039650478e-14, 0.0, 0.0, 2.5243548967072375e-29, 0.0, 3.8674068330511755e-14, 0.0, 0.0, 5.048709793414476e-29, 1.7266641209665396e-14, 0.0, 9.302632119588402e-14, 0.0, 2.5243548967072375e-29, 5.681910202431166e-29, 1.6375621490227327e-14, 0.0, 2.5917282786353576e-14, 3.456623334871576e-14, 0.0], [0.0, 0.0, 2.9103830456733704e-11, 8.141880643973006e-12, 0.0, 7.2759576141834235e-12, 0.0, 0.0, 0.0, 1.1783796510701589e-11, 0.0, 7.2759576141834235e-12, 0.0, 1.0, 0.0, 0.0, 0.0, 2.2445743882554198e-11, 0.0, 2.5248376688562247e-11, 0.0, 0.0, 0.0, 0.0, 0.0, 0.0, 0.0, 0.0, 0.0, 2.5465851649641994e-11, 0.0, 9.858033977004862e-12, 8.734715054725253e-12, 0.0, 0.0, 0.0, 0.0, 0.0, 7.275957614183425e-12, 2.8722103140053447e-11, 1.0586996173785183e-11, 0.0, 0.0, 0.0, 2.903454333834746e-11, 0.0, 0.0, 9.517054004833895e-12, 0.0, 0.0, 0.0, 0.0, 0.0, 7.491786211996352e-12, 0.0, 7.120253463494037e-12, 0.0, 0.0, 0.0, 0.0, 0.0, 9.33719291900338e-13, 0.0, 0.0, 0.0, 0.0, 0.0, 0.0, 0.0, 7.2759576141834235e-12, 8.514829044543896e-12, 0.0, 0.0, 0.0, 0.0, 2.283092298756633e-11, 0.0, 7.2759576141834235e-12, 0.0, 0.0, 1.7822383544867468e-11, 0.0, 1.1176228540421447e-11, 0.0], [0.0, 2.891842755871308e-22, 0.0, 0.007353959730803545, 0.0, 5.377032595318304e-14, 9.122806404421561e-16, 0.0, 8.663037555433215e-22, 0.006682576301925328, 0.008771251354835224, 0.005668270340283436, 1.5629577147949972e-14, 0.0, 1.0, 0.0, 0.0, 0.0033130172666655145, 1.6060538924123235e-15, 0.00975618124281091, 0.0019353138548316717, 3.990444590383208e-14, 7.631676547861648e-16, 0.0, 1.890687273907241e-15, 1.4163363792910585e-25, 1.6133738020902157e-15, 7.915460121336663e-21, 0.0, 0.004489586755206814, 3.370400129833633e-14, 1.7763568394050972e-15, 0.0, 0.0, 0.0, 0.0002996097983848974, 5.992195967697948e-05, 0.0, 3.3704001298336324e-14, 0.009376204430048723, 2.476915816818089e-21, 0.0001336531545252905, 1.4903414617045636e-15, 0.0011253241400352183, 0.0027586631563019104, 0.00010754210158339651, 6.797197766335973e-14, 8.257590686908098e-14, 5.138809335957845e-20, 0.0010924045093492602, 5.05560019475045e-14, 3.370406489638461e-14, 0.0, 0.008326022310043995, 6.776263578034403e-21, 0.007649203360915157, 0.0, 0.0004332629529024859, 0.006300430181483826, 0.0002996097983857856, 0.0, 0.008132854497868046, 0.0, 0.0, 1.2122845519145569e-14, 5.421010862427523e-20, 0.0009587513548429065, 0.0, 0.0, 0.0018584607685284591, 5.899221948419338e-20, 0.0005639218681844746, 0.0, 5.329070518273077e-15, 0.0, 0.007412091377936535, 0.00013365315451758857, 8.591988504702119e-05, 0.0, 1.1234667099445442e-14, 2.476915210972914e-21, 4.829503804268447e-14, 0.008387625811236723, 0.0], [0.0, 0.0, 0.0, 0.0, 0.0, 0.0, 0.0, 0.0, 0.0, 0.0, 0.0, 0.0, 0.0, 0.0, 0.0, 1.0, 0.0, 0.0, 0.0, 0.0, 0.0, 0.0, 0.0, 0.0, 0.0, 0.0, 0.0, 0.0, 0.0, 0.0, 0.0, 0.0, 0.0, 0.0, 0.0, 0.0, 0.0, 0.0, 0.0, 0.0, 0.0, 0.0, 0.0, 0.0, 0.0, 0.0, 0.0, 0.0, 0.0, 0.0, 0.0, 0.0, 0.0, 0.0, 0.0, 0.0, 0.0, 0.0, 0.0, 0.0, 0.0, 0.0, 0.0, 0.0, 0.0, 0.0, 0.0, 0.0, 0.0, 0.0, 0.0, 0.0, 0.0, 0.0, 0.0, 0.0, 0.0, 0.0, 0.0, 0.0, 0.0, 0.0, 0.0, 0.0], [0.0, 0.0, 0.0, 9.373013713618198e-13, 0.0, 4.190277830118532e-13, 2.39561447996693e-13, 0.0, 0.0, 9.586915924860112e-13, 2.263977406887697e-13, 0.0, 0.0, 0.0, 0.0, 0.0, 1.0, 9.773675825214737e-13, 0.0, 1.4141479595665614e-13, 0.0, 0.0, 0.0, 0.0, 1.3399776907339284e-12, 0.0, 0.0, 0.0, 0.0, 7.41794851654325e-13, 0.0, 0.0, 0.0, 1.1138989715542165e-12, 0.0, 0.0, 0.0, 1.2067238858504015e-12, 7.425993143694779e-13, 7.513174248328899e-13, 0.0, 0.0, 0.0, 0.0, 1.0188378539373007e-12, 0.0, 2.686980006447215e-13, 9.433603775601987e-13, 0.0, 0.0, 7.425993143694777e-13, 0.0, 0.0, 3.3938853910117927e-13, 0.0, 3.1459523417464677e-13, 0.0, 0.0, 0.0, 1.1138989715542167e-12, 0.0, 9.946813091735672e-13, 0.0, 0.0, 1.1138989715542167e-12, 0.0, 0.0, 0.0, 0.0, 8.279439648500184e-13, 0.0, 0.0, 0.0, 0.0, 0.0, 1.2633205291797374e-12, 0.0, 0.0, 0.0, 5.730962928397315e-13, 1.1138989715542167e-12, 7.425993143694778e-13, 1.5130963895511442e-12, 0.0], [0.0, 2.9567131000130993e-22, 8.18081191772129e-11, 0.5509654845930375, 0.0050822070882751485, 2.097442609174992e-11, 8.120297029925273e-08, 3.2738776434199627e-17, 0.42092468462539895, 0.3344824208689429, 0.00354829661554891, 0.49294247876560326, 3.8314741756806206e-14, 2.2445743882554198e-11, 0.0033130172666655145, 0.0, 9.773675825214737e-13, 1.0, 3.873345937726551e-15, 0.5609989426828025, 0.004028998670020755, 4.94508220012589e-14, 0.43308947638992756, 0.0, 2.848064970661515e-05, 3.373111341515699e-24, 0.0994338994674271, 1.6594478460542617e-07, 1.8052263603961732e-12, 0.4357561522962133, 1.4175343405024653e-06, 4.658067276095234e-09, 6.12542011289467e-11, 0.012757762756315088, 0.0, 0.0007375071381129412, 0.07848255721974355, 1.911567905170741e-12, 7.069973996518057e-12, 0.5528776435611532, 6.13145373495035e-11, 0.04132884496922183, 0.08784775169775746, 0.000580851485995484, 0.4867066639276429, 0.1285487259212501, 0.028505038642663093, 4.4800168851745663e-07, 0.12253380449250614, 0.0006035185132023733, 0.002845123099593427, 0.012801429645262829, 5.572453456419439e-29, 0.17157630461097817, 5.994633344199448e-21, 0.15987167952481474, 0.0001439837255643934, 0.03655087413727206, 0.017407381866737764, 0.03540856288090932, 5.456114870349548e-06, 0.6877059488290947, 6.824879542575783e-05, 3.377111989477012e-14, 1.0245409384074989e-10, 0.15030296172316393, 0.00047547462675450434, 5.967123201041891e-05, 1.1899959223755423e-06, 0.1670045712779279, 5.2886934102061605e-06, 0.0005778564552075703, 1.998723031853065e-05, 2.5183405432688224e-14, 0.0, 0.6805842906898946, 0.0008565893895583869, 0.20005969116343322, 0.010149798316773229, 3.0528429888026094e-12, 2.4602587429780543e-11, 4.544825791384095e-12, 0.22154251242669687, 2.4700721064479725e-06], [0.0, 5.11371592289058e-22, 0.0, 3.618554522830191e-15, 0.0, 0.0, 1.239903078868712e-15, 1.0668595656233852e-17, 4.900902756052571e-22, 1.0176452753761608e-15, 1.446829062127629e-17, 2.008639657926871e-15, 3.731285792086659e-15, 0.0, 1.6060538924123235e-15, 0.0, 0.0, 3.873345937726551e-15, 1.0, 1.0565526694339835e-15, 1.6146062725378329e-21, 1.0662493990838412e-15, 9.294244379873084e-16, 0.0, 7.060275286829908e-16, 0.0, 1.5498152545396082e-15, 3.037370960621246e-20, 0.0, 3.166559614945793e-15, 2.6020852139652106e-18, 8.92922038260776e-16, 6.95860824073727e-17, 1.5777218104420234e-30, 0.0, 0.0, 4.181152673709912e-17, 0.0, 0.0, 3.622401292651512e-15, 4.112809588972957e-21, 3.8536454521613265e-15, 1.657366365147486e-15, 4.0854154321525e-22, 3.818875839031235e-15, 9.728806496094461e-17, 1.0372972505692081e-15, 2.4657708828534495e-24, 0.0, 0.0, 0.0, 3.3055467872765443e-24, 1.6709032137622434e-29, 4.93917104254381e-15, 6.776263578034403e-21, 1.5260024729277542e-15, 0.0, 4.177329744419248e-17, 0.0, 3.87216393828552e-15, 2.5243548967072383e-29, 2.3931813748117132e-15, 0.0, 3.8396907913126874e-29, 9.296231509932573e-16, 1.0549496407920989e-19, 0.0, 2.524354896707238e-29, 0.0, 2.0354015365486385e-15, 7.116820932333613e-26, 0.0, 2.1650291471415905e-29, 0.0, 0.0, 2.3410910427279482e-15, 2.2204446611844667e-18, 9.834392160809567e-19, 4.114486698312224e-29, 0.0, 4.112809589761818e-21, 4.389068012785781e-15, 4.4330152266726364e-15, 0.0], [0.0, 3.122491595559901e-22, 6.308484402241167e-11, 0.5607486354194849, 0.009935595056099013, 1.5418563511376087e-11, 5.568775671146251e-08, 2.5004560101372846e-17, 0.4456409514135938, 0.37542930562518423, 0.009090827322753152, 0.5837361057367401, 5.546409530932465e-14, 2.5248376688562247e-11, 0.00975618124281091, 0.0, 1.4141479595665614e-13, 0.5609989426828025, 1.0565526694339835e-15, 1.0, 0.00424275981526136, 1.2787171881893384e-14, 0.32140027221518574, 0.0, 1.4866162611382706e-05, 2.155929988247355e-24, 0.03542964551865567, 1.9933233661695358e-07, 5.4664496122534325e-12, 0.49204697613467374, 1.1253138138228596e-06, 3.52114656563412e-09, 1.0293910766658217e-10, 3.0436165403356523e-09, 0.0, 0.0011699877899976926, 0.06033473348154455, 1.881695920106245e-12, 5.490569037143113e-12, 0.5169131500907774, 6.125688239929991e-11, 0.0303314306643561, 0.11832134739914342, 0.0012702320939985857, 0.4033477827384463, 0.03576291359830594, 0.06493089734505872, 2.6590887629568647e-07, 0.1397368708108914, 0.0004075030984202574, 0.01000768964753465, 2.2404258454669024e-05, 1.3204095754780396e-29, 0.4948527011745911, 8.373689781565005e-21, 0.5108141808447517, 0.00010028251523046924, 0.05644532800937969, 0.013840043781863869, 0.050439793580278836, 2.8282181521674233e-06, 0.603337893593037, 3.19483474416595e-05, 2.1867944666914e-14, 9.613052407602454e-11, 0.13975321920505557, 0.00041279502382226814, 3.302472406192895e-05, 1.771289274738023e-06, 0.342027444731694, 3.580899652265438e-06, 0.0006853157218981336, 1.786691072402242e-05, 2.2800933269528068e-14, 0.0, 0.1675486190259218, 0.00045665394071518, 0.30169467405847994, 1.753885018487866e-05, 3.5008979662081588e-12, 1.1001974276299553e-11, 8.776106713626294e-12, 0.45466560964557556, 7.543070172651665e-06], [0.0, 1.706343316561111e-25, 0.0, 0.0028976459468806116, 0.0, 2.872247663617096e-14, 3.003761691629883e-08, 0.0, 0.0, 0.0038992598634176724, 0.0017486029443770457, 0.003102302474597432, 2.204455355025533e-14, 0.0, 0.0019353138548316717, 0.0, 0.0, 0.004028998670020755, 1.6146062725378329e-21, 0.00424275981526136, 1.0, 2.129376889807697e-24, 0.0, 0.0, 4.6256775708231266e-08, 9.029406132615553e-27, 4.235164736271502e-22, 7.172581772969684e-08, 0.0, 0.0028642358329104066, 2.931475496151258e-15, 8.077935669463161e-28, 0.0, 0.0, 0.0, 0.00026922194809265206, 0.000732421875, 0.0, 0.0, 0.002109276032038575, 1.2705494208814505e-21, 6.993341847223013e-11, 1.7763568394002503e-15, 0.0005001440622378748, 0.0022126023246025334, 5.571795070416074e-25, 3.0059233458873776e-08, 8.050838066912664e-08, 0.0, 0.0009766579835959073, 2.4014647264471126e-11, 1.0238059899366668e-24, 0.0, 0.0018463881487814728, 0.0, 0.0013243975281175353, 0.0, 0.00024415330437211035, 0.0009765624999999999, 0.00048828125, 2.524354896707238e-29, 0.0033773167351956227, 0.0, 4.018601155143168e-15, 1.7588852976907563e-14, 0.0, 0.0011833553996572555, 1.0097419586828951e-28, 0.0, 0.00048357926468326027, 0.0, 0.00010467696190226304, 0.0, 0.0, 0.0, 0.002187302485089402, 6.119534448137217e-05, 0.0004882814643170037, 3.5282377813955635e-07, 5.569803442687394e-14, 1.2705494208814505e-21, 1.7588853349729506e-14, 0.0033459345761275502, 0.0], [0.0, 1.2597583191690119e-23, 0.0, 5.066202272212775e-14, 0.0, 1.0698876003339346e-13, 3.5150890989755042e-15, 0.0, 2.8688704637155287e-23, 3.2995056698397894e-14, 3.2825755536680097e-23, 4.866129357868318e-14, 2.1707487246099295e-16, 0.0, 3.990444590383208e-14, 0.0, 0.0, 4.94508220012589e-14, 1.0662493990838412e-15, 1.2787171881893384e-14, 2.129376889807697e-24, 1.0, 3.471222849723298e-16, 0.0, 3.128657265615552e-23, 5.0136755308060714e-24, 1.0662494207893266e-15, 1.6122963004551897e-23, 0.0, 9.289867767249917e-14, 1.1280983693267716e-13, 0.0, 0.0, 0.0, 0.0, 0.0, 0.0, 0.0, 1.1280983693267716e-13, 9.612543614633787e-14, 0.0, 1.3560683508203535e-15, 6.651420327909342e-16, 2.6469779601696886e-23, 3.291408139692799e-14, 2.3261989328271904e-24, 5.266457859087558e-14, 2.149161459297948e-14, 0.0, 0.0, 1.05531782943638e-13, 1.1280983693420471e-13, 1.1044052673094164e-29, 3.76237379297115e-14, 0.0, 1.1309333166001011e-13, 0.0, 0.0, 0.0, 1.066249396638365e-15, 4.56913787551923e-23, 4.0087824614691524e-15, 0.0, 9.692315025766426e-31, 3.625463385410632e-14, 0.0, 3.275124298051925e-14, 0.0, 0.0, 3.381749240240716e-14, 4.0325752545375156e-25, 0.0, 0.0, 3.03413564075464e-26, 0.0, 5.3059335925299034e-14, 0.0, 5.480696838640996e-23, 0.0, 3.2751242980454655e-14, 9.692315025766424e-31, 1.032980575654728e-13, 9.763593384595401e-15, 0.0], [0.0, 0.0, 0.0, 0.3857956837025419, 0.013501059789650742, 0.0, 2.766624916142321e-14, 0.0, 0.22663088322433217, 0.26979765214998436, 0.0, 0.33275449723471473, 7.220197743088708e-15, 0.0, 7.631676547861648e-16, 0.0, 0.0, 0.43308947638992756, 9.294244379873084e-16, 0.32140027221518574, 0.0, 3.471222849723298e-16, 1.0, 0.0, 7.105427357601001e-15, 0.0, 0.03125000000000092, 5.967226123234073e-30, 0.0, 0.19006787265313047, 0.0, 0.0, 0.0, 1.5777218104420236e-30, 0.0, 0.0, 0.03125, 0.0, 0.0, 0.5496347004311416, 0.0, 0.00018496629839221266, 0.03125000000003182, 0.0, 0.4176759575185235, 0.05103103630799849, 0.007583618232907697, 0.0, 0.031249999999999993, 0.0, 0.010140292890390618, 0.0, 1.5777218104420234e-30, 0.3641045361464743, 0.0, 0.25880968003840643, 0.0, 0.12449603342699635, 0.0029009201400400694, 0.12500000000000092, 0.0, 0.33825242490465784, 0.0, 1.262177448353619e-29, 1.2213989651674328e-14, 0.031249999999999993, 0.0, 0.0, 0.0, 0.18152993026336095, 7.314386566681089e-30, 0.0, 1.003295148666111e-29, 7.105427357601001e-15, 0.0, 0.36379401875633843, 1.6221607973737685e-18, 0.17425565075427674, 0.0, 0.0, 0.0, 2.544325686236737e-14, 0.3938300284358946, 0.0], [0.0, 0.0, 0.0, 0.0, 0.0, 0.0, 0.0, 0.0, 0.0, 0.0, 0.0, 0.0, 0.0, 0.0, 0.0, 0.0, 0.0, 0.0, 0.0, 0.0, 0.0, 0.0, 0.0, 1.0, 0.0, 0.0, 0.0, 0.0, 0.0, 0.0, 0.0, 0.0, 0.0, 0.0, 0.0, 0.0, 0.0, 0.0, 0.0, 0.0, 0.0, 0.0, 0.0, 0.0, 0.0, 0.0, 0.0, 0.0, 0.0, 0.0, 0.0, 0.0, 0.0, 0.0, 0.0, 0.0, 0.0, 0.0, 0.0, 0.0, 0.0, 0.0, 0.0, 0.0, 0.0, 0.0, 0.0, 0.0, 0.0, 0.0, 0.0, 0.0, 0.0, 0.0, 0.0, 0.0, 0.0, 0.0, 0.0, 0.0, 0.0, 0.0, 0.0, 0.0], [0.0, 2.41858599424875e-24, 0.0, 6.107156840990902e-06, 0.0, 1.5968974315899532e-12, 2.981543041408477e-08, 2.5782013101329435e-17, 2.90455259585094e-23, 1.9776743159912744e-05, 4.601246380824231e-13, 1.2942291680475367e-05, 1.445229235147962e-14, 0.0, 1.890687273907241e-15, 0.0, 1.3399776907339284e-12, 2.848064970661515e-05, 7.060275286829908e-16, 1.4866162611382706e-05, 4.6256775708231266e-08, 3.128657265615552e-23, 7.105427357601001e-15, 0.0, 1.0, 1.2439537292644095e-23, 7.283462290890287e-16, 1.192410543269294e-07, 0.0, 1.7733390714380962e-05, 0.0, 3.4152534449665207e-13, 2.0811571008912195e-11, 9.094947017729282e-13, 0.0, 0.0, 4.718447854656914e-16, 1.2122804945343278e-12, 4.5474735088646407e-13, 1.1745705664318703e-05, 0.0, 3.053386259917696e-05, 7.105427357601001e-15, 2.4413897872007794e-23, 1.3689633720756634e-05, 1.5736388285209067e-14, 1.324433468224441e-07, 4.72813771890812e-07, 0.0, 2.6790364442377127e-07, 8.526512829190955e-13, 3.176477614812678e-11, 0.0, 2.6890894445392886e-05, 0.0, 3.0000902994262164e-07, 8.41251837603731e-06, 8.412736322566232e-06, 0.0, 9.613613458727038e-06, 6.479159456037244e-06, 4.7903722397443875e-06, 3.041448951336565e-05, 0.0, 1.16799292007224e-10, 3.041448951336566e-05, 0.0, 2.584725268813725e-05, 6.817097259191353e-13, 3.8314004566700555e-07, 2.0811405062565822e-11, 1.1920928955078125e-07, 8.412518376037308e-06, 4.1866596711522165e-14, 0.0, 3.089107117334276e-05, 5.7361639527370355e-06, 3.047792904022681e-05, 2.500466957824026e-05, 1.5597705454866515e-13, 1.8189894035458563e-12, 8.06618829642647e-13, 2.4559711958355182e-05, 0.0], [0.0, 2.0261704258777473e-24, 0.0, 5.7261459190240745e-24, 0.0, 0.0, 0.0, 0.0, 1.3170107768205358e-23, 6.48047368535704e-24, 4.237726641547238e-24, 1.0262500252803818e-23, 0.0, 0.0, 1.4163363792910585e-25, 0.0, 0.0, 3.373111341515699e-24, 0.0, 2.155929988247355e-24, 9.029406132615553e-27, 5.0136755308060714e-24, 0.0, 0.0, 1.2439537292644095e-23, 1.0, 0.0, 1.3642854179851276e-25, 0.0, 1.2724888534927153e-23, 0.0, 3.2311742677852644e-27, 0.0, 0.0, 0.0, 0.0, 0.0, 0.0, 0.0, 4.3014200773837346e-24, 0.0, 5.1667498055549654e-26, 0.0, 6.535503002123984e-27, 6.222683285385556e-24, 0.0, 1.0131413442081603e-25, 5.633120862969532e-26, 0.0, 0.0, 0.0, 0.0, 0.0, 4.25223687315934e-24, 0.0, 5.002583497819733e-24, 0.0, 2.6185246574004955e-27, 0.0, 0.0, 6.065991158722203e-24, 8.777604230279544e-24, 0.0, 0.0, 0.0, 0.0, 1.5315844694442213e-25, 0.0, 0.0, 8.45696165335599e-24, 0.0, 0.0, 0.0, 1.2019790383476762e-25, 0.0, 1.1412883500596352e-23, 0.0, 7.462953775880164e-26, 0.0, 0.0, 0.0, 1.8749094742977534e-25, 1.0235376833962483e-23, 0.0], [0.0, 1.1286990506988877e-22, 0.0, 0.17283929461875924, 0.0, 0.0, 1.469186561887814e-15, 6.591949208711866e-17, 1.8002135714303663e-22, 0.09103122436365438, 3.213033091713206e-17, 0.024622234023905017, 3.1148392141565035e-15, 0.0, 1.6133738020902157e-15, 0.0, 0.0, 0.0994338994674271, 1.5498152545396082e-15, 0.03542964551865567, 4.235164736271502e-22, 1.0662494207893266e-15, 0.03125000000000092, 0.0, 7.283462290890287e-16, 0.0, 1.0, 2.0336871032901742e-21, 0.0, 0.08159541312738448, 0.0, 1.4479163429474288e-15, 1.3877787807814454e-17, 0.007812500000000002, 0.0, 0.0, 0.06620221422573518, 0.0, 0.0, 0.16532590926727112, 4.2351647362715008e-22, 0.06993332562077549, 0.03125000000000219, 6.617444900424223e-24, 0.1083613573916748, 0.1056067107420596, 0.017748807320222045, 0.0, 0.05681130732022077, 0.0, 3.30872245021211e-23, 0.007812499999999999, 0.0, 0.11440966573686273, 0.0, 0.08280947062276056, 0.0, 0.04255557909590598, 0.0, 0.03906250000000143, 5.255654010530803e-23, 0.08420021709091854, 0.0, 0.0, 9.159339953157541e-16, 0.048998807320220765, 0.0, 0.0, 0.0, 0.055032534968543594, 0.0, 0.0, 0.0, 0.0, 0.0, 0.11718750000000552, 0.0, 4.684380092014176e-22, 0.013782075880328065, 0.0, 4.235164736271501e-22, 2.1199524326146144e-15, 0.08274559073564781, 0.0], [0.0, 7.775749913999414e-22, 0.0, 1.4301027579375225e-07, 0.0, 0.0, 4.888815101724693e-08, 0.0, 6.773980904282445e-22, 8.301830127359775e-08, 1.862645149231492e-09, 1.0518524493786117e-07, 1.1849100019464105e-28, 0.0, 7.915460121336663e-21, 0.0, 0.0, 1.6594478460542617e-07, 3.037370960621246e-20, 1.9933233661695358e-07, 7.172581772969684e-08, 1.6122963004551897e-23, 5.967226123234073e-30, 0.0, 1.192410543269294e-07, 1.3642854179851276e-25, 2.0336871032901742e-21, 1.0, 0.0, 1.8657234020428198e-07, 0.0, 4.013371564044106e-09, 2.91038304567337e-11, 1.862645149230957e-09, 0.0, 2.7939677238464355e-09, 3.0031412199798926e-09, 0.0, 0.0, 7.20945321188739e-08, 4.2351647362715008e-22, 2.5267577332819292e-08, 0.0, 4.500574420268175e-21, 1.801759156632256e-07, 3.573878449218646e-21, 4.144397794443522e-08, 5.68275817934096e-08, 0.0, 6.460916799219898e-08, 3.3708267277139724e-10, 2.9103830456736954e-11, 3.6397328875286885e-29, 1.7979183686513308e-07, 6.776263578034403e-21, 4.5366617142963576e-08, 0.0, 2.3780203267324148e-08, 0.0, 1.0345430729992723e-25, 3.438000673505866e-23, 1.6741482761592538e-07, 0.0, 1.0628293235362483e-28, 2.9103830456733697e-11, 0.0, 2.0467990425193804e-25, 7.791880648249119e-09, 0.0, 9.106854094393743e-08, 4.6725775812976276e-09, 1.4428837959300197e-07, 3.118669281225268e-29, 2.0481437567591086e-25, 0.0, 1.6709938219554657e-07, 7.956119660056534e-08, 5.47845661967177e-10, 2.980232238769531e-08, 0.0, 4.235164755088134e-22, 2.1012360839989327e-20, 1.3107869619419966e-07, 0.0], [0.0, 0.0, 0.0, 1.3721405930708984e-11, 0.0, 4.69661044457391e-12, 0.0, 0.0, 0.0, 2.3313671994837986e-13, 0.0, 0.0, 0.0, 0.0, 0.0, 0.0, 0.0, 1.8052263603961732e-12, 0.0, 5.4664496122534325e-12, 0.0, 0.0, 0.0, 0.0, 0.0, 0.0, 0.0, 0.0, 1.0, 5.940794514955823e-12, 0.0, 0.0, 3.637978807091713e-12, 0.0, 0.0, 0.0, 0.0, 0.0, 0.0, 5.05737700744465e-12, 2.752785779533289e-12, 0.0, 0.0, 0.0, 0.0, 0.0, 0.0, 4.132466232455516e-12, 0.0, 0.0, 5.45696821063757e-12, 1.863181822888087e-12, 0.0, 0.0, 0.0, 2.34358619170077e-12, 0.0, 0.0, 0.0, 0.0, 0.0, 3.218344270605968e-12, 0.0, 0.0, 0.0, 0.0, 0.0, 0.0, 0.0, 3.637978807091714e-12, 3.6379788070917125e-12, 0.0, 0.0, 0.0, 0.0, 4.1886138146797215e-12, 0.0, 0.0, 0.0, 0.0, 0.0, 3.637978807091713e-12, 2.024244898936259e-12, 0.0], [0.0, 4.0318956705109456e-22, 4.149988097874795e-11, 0.7258613433995887, 0.00750349432114119, 2.5183520443188638e-11, 4.5783785492477154e-08, 3.444682074984752e-17, 0.4046665635291245, 0.5510183274430575, 0.0030603455227428264, 0.527896316669287, 4.248812880402747e-14, 2.5465851649641994e-11, 0.004489586755206814, 0.0, 7.41794851654325e-13, 0.4357561522962133, 3.166559614945793e-15, 0.49204697613467374, 0.0028642358329104066, 9.289867767249917e-14, 0.19006787265313047, 0.0, 1.7733390714380962e-05, 1.2724888534927153e-23, 0.08159541312738448, 1.8657234020428198e-07, 5.940794514955823e-12, 1.0, 6.193881237597237e-07, 4.387613418652497e-09, 7.710151005575676e-11, 0.008361181073549596, 0.0, 0.0001839194286713684, 0.11094670860015282, 1.214227020182488e-12, 1.3324376081720525e-11, 0.6312834165513642, 4.683527830137653e-11, 0.06157922665209256, 0.008059311607940782, 9.936187889490561e-05, 0.4512267525080519, 0.14707310687743125, 0.018522510994449688, 3.17696551836224e-07, 0.05440666709112052, 0.000706017136671682, 0.009703626265296444, 0.008062658486647124, 3.935309875269308e-29, 0.35041183402523346, 7.557251305116586e-21, 0.40660045999981465, 0.0001694091215771195, 0.08518771540863854, 0.01317359851489757, 0.08006406032572001, 1.6157620032166904e-05, 0.8433408735157637, 4.090769806103184e-05, 5.343292148847553e-14, 1.7347626173132344e-10, 0.022846173821011697, 0.0006090776022331275, 3.4769888060448575e-05, 8.606143834885644e-07, 0.23340187621699218, 4.472182232651722e-06, 0.0009021792291525996, 3.0532601472155026e-05, 2.3532860159825275e-14, 0.0, 0.43064442760059174, 0.0006745492333487578, 0.35517678132145947, 0.014091648011842893, 2.715385001515397e-12, 2.993523982685143e-11, 1.0675849458425294e-11, 0.7714218435651912, 5.766320604073652e-06], [0.0, 0.0, 0.0, 1.980034955536991e-06, 0.0, 1.249424729317828e-13, 1.0408340855860843e-17, 1.7347234759768069e-18, 0.0, 1.6270416103448858e-06, 0.0, 1.7087699916801168e-06, 1.6375621490227327e-14, 0.0, 3.370400129833633e-14, 0.0, 0.0, 1.4175343405024653e-06, 2.6020852139652106e-18, 1.1253138138228596e-06, 2.931475496151258e-15, 1.1280983693267716e-13, 0.0, 0.0, 0.0, 0.0, 0.0, 0.0, 0.0, 6.193881237597237e-07, 1.0, 0.0, 6.938893903907228e-18, 0.0, 0.0, 0.0, 2.162178398580485e-06, 0.0, 1.1368683772161603e-13, 5.694483696088039e-07, 0.0, 1.4213447323322885e-14, 0.0, 0.0, 2.581505713702761e-07, 0.0, 9.522586658744848e-07, 3.3268613549064845e-14, 0.0, 0.0, 1.907348732288483e-06, 1.1368683772161603e-13, 0.0, 2.0867539769334964e-06, 0.0, 8.485952120485966e-07, 0.0, 0.0, 0.0, 0.0, 0.0, 1.2225502101237716e-06, 0.0, 5.6748685026525493e-14, 4.2640370401247907e-14, 0.0, 2.8421709430404e-14, 0.0, 4.996315048711536e-07, 7.015994181252135e-07, 0.0, 7.261152149456794e-07, 4.7683715820312495e-07, 0.0, 0.0, 9.442202086046879e-07, 8.929724231409704e-07, 2.246353097608858e-06, 0.0, 4.263256414560601e-14, 0.0, 1.1992494963470327e-13, 1.24881486956356e-06, 2.5398448227842182e-06], [0.0, 0.0, 6.806569489047227e-11, 1.0933720812744042e-09, 0.0, 7.340968035329737e-12, 1.1938350002491532e-08, 0.0, 0.0, 1.2967489254368641e-08, 2.27373675443232e-13, 4.443441774901205e-09, 1.0273266347367006e-15, 9.858033977004862e-12, 1.7763568394050972e-15, 0.0, 0.0, 4.658067276095234e-09, 8.92922038260776e-16, 3.52114656563412e-09, 8.077935669463161e-28, 0.0, 0.0, 0.0, 3.415