"{\"names\": [\"172.217.10.1\", \"104.88.86.240\", \"38.93.140.48\", \"192.168.10.15\", \"104.88.108.223\", \"195.142.105.15\", \"172.217.12.163\", \"206.217.206.48\", \"172.217.6.228\", \"178.255.83.1\", \"74.119.118.82\", \"192.168.10.9\", \"172.217.7.6\", \"35.186.227.40\", \"31.13.71.36\", \"206.126.112.142\", \"151.101.2.49\", \"192.168.10.25\", \"172.217.3.98\", \"192.168.10.16\", \"72.30.202.150\", \"172.217.12.132\", \"50.31.164.173\", \"162.208.20.178\", \"23.15.4.16\", \"216.58.217.99\", \"172.217.6.198\", \"172.217.12.174\", \"169.46.44.40\", \"192.168.10.17\", \"52.84.143.130\", \"104.19.195.102\", \"216.200.232.61\", \"104.97.73.166\", \"152.163.13.79\", \"192.229.163.25\", \"74.119.118.86\", \"54.225.188.92\", \"188.165.145.88\", \"192.168.10.14\", \"8.43.72.98\", \"199.96.57.6\", \"68.67.178.110\", \"104.88.70.158\", \"192.168.10.19\", \"69.172.216.56\", \"157.240.18.35\", \"172.217.11.34\", \"185.54.150.20\", \"69.169.85.7\", \"198.232.124.194\", \"74.119.118.72\", \"172.217.12.134\", \"192.168.10.5\", \"23.111.9.30\", \"192.168.10.8\", \"151.101.66.2\", \"68.67.178.199\", \"213.239.195.215\", \"138.108.7.20\", \"52.84.145.87\", \"192.168.10.50\", \"52.84.145.198\", \"52.40.24.51\", \"212.77.100.137\", \"185.54.150.115\", \"172.217.10.138\", \"152.163.66.165\", \"52.84.137.78\", \"192.168.10.51\", \"68.67.178.109\", \"129.146.14.96\", \"54.152.24.232\", \"172.217.10.33\", \"52.8.229.108\", \"192.168.10.12\", \"64.147.131.201\", \"172.217.12.206\", \"68.67.180.12\", \"172.217.10.134\", \"38.69.238.16\", \"172.217.10.142\", \"192.168.10.3\", \"172.217.6.202\"], \"funcEdges\": [[1.0, 0.0, 0.0, 0.0, 0.0, 0.0, 0.0, 0.0, 0.0, 0.0, 0.0, 0.0, 0.0, 0.0, 0.0, 0.0, 0.0, 0.0, 0.0, 0.0, 0.0, 0.0, 0.0, 0.0, 0.0, 0.0, 0.0, 0.0, 0.0, 0.0, 0.0, 0.0, 0.0, 0.0, 0.0, 0.0, 0.0, 0.0, 0.0, 0.0, 0.0, 0.0, 0.0, 0.0, 0.0, 0.0, 0.0, 0.0, 0.0, 0.0, 0.0, 0.0, 0.0, 0.0, 0.0, 0.0, 0.0, 0.0, 0.0, 0.0, 0.0, 0.0, 0.0, 0.0, 0.0, 0.0, 0.0, 0.0, 0.0, 0.0, 0.0, 0.0, 0.0, 0.0, 0.0, 0.0, 0.0, 0.0, 0.0, 0.0, 0.0, 0.0, 0.0, 0.0], [0.0, 1.0, 0.0, 7.695871861799136e-10, 0.0, 0.0, 0.0, 0.0, 4.96971827874723e-10, 8.597262572394424e-10, 1.2167453961908536e-10, 4.3895347045188594e-10, 0.0, 0.0, 3.1796147357802954e-10, 0.0, 0.0, 3.250940433462026e-10, 5.622590118361472e-10, 3.433215816950946e-10, 1.8761443175368057e-13, 1.385118920113878e-11, 0.0, 0.0, 2.6592634234526784e-12, 2.227797943108433e-12, 1.24101773050316e-10, 8.549527445120587e-10, 0.0, 4.433116171706497e-10, 0.0, 0.0, 0.0, 0.0, 0.0, 0.0, 0.0, 0.0, 0.0, 4.385783776521133e-10, 0.0, 3.233908978104e-11, 0.0, 0.0, 7.126127020930333e-10, 4.6038196469359817e-10, 1.1256865905220838e-12, 3.4388938852949287e-12, 0.0, 0.0, 2.9103830456733704e-11, 9.094947017729282e-13, 0.0, 8.454520495330241e-10, 0.0, 5.640526747888902e-10, 0.0, 0.0, 0.0, 0.0, 5.9407945149558204e-12, 6.119662434773517e-10, 0.0, 0.0, 0.0, 0.0, 0.0, 0.0, 0.0, 5.559688973531938e-10, 0.0, 0.0, 0.0, 0.0, 0.0, 3.173173688686511e-10, 0.0, 5.019207135435536e-10, 0.0, 0.0, 0.0, 1.0704725160173869e-11, 1.003242448344625e-09, 0.0], [0.0, 0.0, 1.0, 0.0, 0.0, 0.0, 0.0, 0.0, 0.0, 0.0, 0.0, 0.0, 0.0, 0.0, 0.0, 0.0, 0.0, 0.0, 0.0, 0.0, 0.0, 0.0, 0.0, 0.0, 0.0, 0.0, 0.0, 0.0, 0.0, 0.0, 0.0, 0.0, 0.0, 0.0, 0.0, 0.0, 0.0, 0.0, 0.0, 0.0, 0.0, 0.0, 0.0, 0.0, 0.0, 0.0, 0.0, 0.0, 0.0, 0.0, 0.0, 0.0, 0.0, 0.0, 0.0, 0.0, 0.0, 0.0, 0.0, 0.0, 0.0, 0.0, 0.0, 0.0, 0.0, 0.0, 0.0, 0.0, 0.0, 0.0, 0.0, 0.0, 0.0, 0.0, 0.0, 0.0, 0.0, 0.0, 0.0, 0.0, 0.0, 0.0, 0.0, 0.0], [0.0, 7.695871861799136e-10, 0.0, 1.0, 0.0, 0.16531062838336502, 0.18203881892357499, 5.451524502428138e-05, 1.1900601462618496e-09, 0.25074624681245383, 0.21878805052766928, 0.15963375312523329, 0.04164294700258826, 0.0, 0.06755536167405808, 0.0, 0.21407717561498554, 0.3237862830535698, 0.00397864277359323, 0.4315291601201928, 0.01631677536084738, 0.05570348306963138, 0.03257070874720687, 0.0, 0.3583834711182503, 6.29596402030906e-12, 0.004081390254031517, 2.0038280701596563e-08, 0.0, 0.06256603569198396, 0.07728692689705587, 0.1255640436347395, 0.00028940664129915763, 0.12500000000000006, 0.0, 0.0, 0.0003725977840674231, 0.0, 0.04475559021076179, 0.5020246811198333, 1.1832834428989915e-09, 0.03844684485137878, 0.037086095496069955, 4.02248020683686e-09, 0.11682520128029679, 0.010853691150816183, 0.23682679489604183, 0.3004494004999463, 2.377784343328172e-07, 0.0, 0.26641117223190086, 0.044755826216291844, 5.3685168391586974e-17, 0.5170143632078841, 1.211880865409689e-08, 0.3302349017432062, 0.0, 2.6613245466361048e-05, 0.0, 0.0025136835660024013, 7.547894552895435e-11, 0.359758567844194, 0.0, 0.034895094623376935, 0.13856187387631771, 2.6822090148925776e-07, 0.09657785256029014, 1.6418994778682934e-17, 0.13174886252731763, 0.5012892319643859, 2.3782981997613566e-07, 0.0, 7.740971401429395e-17, 0.010367012542367311, 0.0, 0.2616779718722643, 3.398363782718692e-06, 1.203279245014433e-06, 1.614190781012277e-17, 0.10408385976967838, 1.1832814237941023e-09, 0.21073682395469714, 0.39338810919043327, 0.0], [0.0, 0.0, 0.0, 0.0, 1.0, 0.0, 0.0, 0.0, 0.0, 0.0, 0.0, 0.0, 0.0, 0.0, 0.0, 0.0, 0.0, 0.0, 0.0, 0.0, 0.0, 0.0, 0.0, 0.0, 0.0, 0.0, 0.0, 0.0, 0.0, 0.0, 0.0, 0.0, 0.0, 0.0, 0.0, 0.0, 0.0, 0.0, 0.0, 0.0, 0.0, 0.0, 0.0, 0.0, 0.0, 0.0, 0.0, 0.0, 0.0, 0.0, 0.0, 0.0, 0.0, 0.0, 0.0, 0.0, 0.0, 0.0, 0.0, 0.0, 0.0, 0.0, 0.0, 0.0, 0.0, 0.0, 0.0, 0.0, 0.0, 0.0, 0.0, 0.0, 0.0, 0.0, 0.0, 0.0, 0.0, 0.0, 0.0, 0.0, 0.0, 0.0, 0.0, 0.0], [0.0, 0.0, 0.0, 0.16531062838336502, 0.0, 1.0, 0.05121536802201518, 0.0, 0.0, 0.30712551597940024, 0.07279001081164277, 0.10266641386730369, 0.03593620067739052, 0.0, 0.059121098614830385, 0.0, 0.08454159132481215, 0.5786163758504939, 0.0, 0.5275210365373999, 0.031580697039994464, 0.11763538569805229, 0.0, 0.0, 0.10040124043498412, 0.0, 0.0, 0.0, 0.0, 0.13204976963258924, 0.13737570179158332, 0.20412414523193145, 0.0, 0.03402069087198857, 0.0, 0.0, 0.0, 0.0, 0.1118601836375919, 0.6978528774310039, 0.0, 0.02551551815399144, 0.0, 0.0, 0.09467352075580551, 0.0, 0.0780143349829161, 0.3092823713515773, 0.0, 0.0, 0.25988307908686226, 0.1118601836375919, 0.0, 0.243634220590268, 0.0, 0.20319622384290223, 0.0, 0.0, 0.0, 0.0, 0.0, 0.6709090915641698, 0.0, 0.023572024875261624, 0.09357494105181911, 0.0, 0.05530166382083195, 0.0, 0.013446561974333974, 0.2445017067244159, 0.0, 0.0, 0.0, 0.0, 0.0, 0.1511449916963306, 0.0, 0.0, 0.0, 0.08081718197482339, 0.0, 0.33484228664948046, 0.5451933301510979, 0.0], [0.0, 0.0, 0.0, 0.18203881892357499, 0.0, 0.05121536802201518, 1.0, 1.9073486328125e-06, 0.0, 0.0064221944758385534, 0.10000554062664913, 0.0049596240603565125, 0.004814943161227546, 0.0, 0.0010030631719610869, 0.0, 0.11152545174505608, 0.12016436329897877, 0.0013632878525314117, 0.11041884973221362, 0.0, 0.00386488133699223, 0.030419362649932828, 0.0, 0.11555868098515008, 0.0, 0.0016153877081678952, 0.0, 0.0, 0.01994158175323554, 1.1444091796875e-05, 0.00038602022218852284, 7.629394531250002e-06, 0.0, 0.0, 0.0, 4.601642602577615e-08, 0.0, 0.0, 0.2556907137736569, 0.0, 0.03036146542393024, 0.029644812830868714, 0.0, 0.011483369215037634, 0.009495032727113203, 0.05310192399166723, 0.16817616783012085, 2.3740457780846984e-07, 0.0, 0.0, 2.3462730446578794e-07, 0.0, 0.10425928507076668, 0.0, 0.15426706613587096, 0.0, 0.0, 0.0, 0.0017750603745839515, 0.0, 0.18307189630010776, 0.0, 0.0, 0.011973137904491045, 3.570389375451245e-07, 0.0, 0.0, 0.0, 0.12034042861609666, 2.368500358179996e-07, 0.0, 0.0, 0.010718661571406801, 0.0, 0.1042116519579312, 3.213598235467355e-06, 4.291534423828125e-06, 0.0, 0.0, 0.0, 0.024687599713496784, 0.19404242618655732, 0.0], [0.0, 0.0, 0.0, 5.451524502428138e-05, 0.0, 0.0, 1.9073486328125e-06, 1.0, 0.0, 3.613131704833203e-05, 3.79682186043779e-05, 4.500036871011693e-05, 0.0, 0.0, 0.0, 0.0, 0.0, 3.599666536856138e-05, 1.1730244976069645e-05, 2.749280457888328e-05, 0.0, 0.0, 0.0, 0.0, 2.8347623192384885e-05, 0.0, 7.247924804687499e-05, 0.0, 0.0, 3.787467995437294e-05, 1.9073486328124998e-06, 0.0, 2.3392426409717434e-05, 0.0, 0.0, 0.0, 0.0, 0.0, 0.0, 9.659475133536608e-05, 0.0, 1.306526271953344e-06, 0.0, 0.0, 3.603350022489853e-05, 0.0, 7.247924804687499e-05, 0.0, 0.0, 0.0, 0.0, 0.0, 0.0, 4.148154622868473e-05, 0.0, 1.904336860086488e-05, 0.0, 0.0, 0.0, 7.247924804687499e-05, 0.0, 5.5957718213330056e-05, 0.0, 0.0, 1.3828413610392684e-05, 0.0, 0.0, 0.0, 0.0, 3.476636859140616e-05, 0.0, 0.0, 0.0, 0.0, 0.0, 7.391962543429433e-05, 0.0, 0.0, 0.0, 0.0, 0.0, 2.8610229492187493e-05, 2.4298841846132965e-05, 0.0], [0.0, 4.96971827874723e-10, 0.0, 1.1900601462618496e-09, 0.0, 0.0, 0.0, 0.0, 1.0, 6.55258425691165e-10, 1.3298725256199609e-10, 9.129357277734016e-10, 0.0, 0.0, 9.525110524058995e-10, 0.0, 0.0, 6.886062441895558e-10, 5.388599566879247e-10, 7.624306359944037e-10, 0.0, 3.154356433438349e-11, 0.0, 0.0, 3.193589352625073e-11, 1.4480686630204815e-11, 1.9793557542678485e-10, 7.448070770591131e-10, 0.0, 4.837873033935941e-10, 0.0, 0.0, 0.0, 0.0, 0.0, 0.0, 0.0, 0.0, 0.0, 9.216981636695259e-10, 0.0, 2.9103830456733704e-11, 0.0, 1.2560529379300046e-11, 7.901420309813134e-10, 1.8596684952574203e-10, 0.0, 0.0, 0.0, 0.0, 3.496541083374039e-11, 0.0, 0.0, 2.2802092458376495e-10, 0.0, 1.000891919726518e-09, 0.0, 0.0, 0.0, 0.0, 2.0204540103987132e-11, 6.143194395981183e-10, 0.0, 0.0, 0.0, 0.0, 0.0, 0.0, 0.0, 7.88891964942767e-10, 0.0, 0.0, 0.0, 0.0, 0.0, 1.2195731362105029e-09, 0.0, 3.5336785722742435e-10, 0.0, 0.0, 0.0, 0.0, 5.723617685650281e-10, 0.0], [0.0, 8.597262572394424e-10, 0.0, 0.25074624681245383, 0.0, 0.30712551597940024, 0.0064221944758385534, 3.613131704833203e-05, 6.55258425691165e-10, 1.0, 0.006334648855219216, 0.13746324248622116, 0.06523463437873268, 0.0, 0.026714263809099675, 0.0, 0.0, 0.24378586446937744, 0.0011189128132273983, 0.3372726850531512, 0.005827603327602472, 0.03627844849901688, 0.009160928199149935, 0.0, 0.14421640904795718, 7.125356170546452e-12, 0.003432931659386895, 4.618041746649154e-08, 0.0, 0.05440492983408223, 0.03197018300388375, 0.12709101271555587, 0.00030297541321593215, 0.12500000000000003, 0.0, 0.0, 9.630011439834541e-05, 0.0, 0.031249999999999997, 0.5267612190369084, 3.0936420199527746e-09, 0.029806230529580535, 0.016063736709815587, 7.278007988299773e-12, 0.18353735645155814, 0.021251644774783522, 0.048500081103108134, 0.5651235529015738, 9.344638733217468e-08, 0.0, 0.23437500012348514, 0.03125011303391543, 2.845688024746502e-17, 0.36236165637374307, 3.1317126133233205e-10, 0.2853041015066723, 0.0, 3.384539704981012e-05, 0.0, 0.0010818001678006253, 5.7596761431065826e-11, 0.1687746961262337, 0.0, 0.0024628404721929874, 0.18548260044034165, 1.3864175042080123e-07, 0.12500000000012987, 2.5337258102033824e-17, 0.13174886252731763, 0.32648577799232825, 1.0484713057065135e-07, 0.0, 2.3124920729094297e-17, 0.017525363989130033, 0.0, 0.11371521001542972, 2.851244607531978e-06, 9.858259512868142e-07, 5.113036810921154e-17, 0.1278497547036722, 3.0936412185885103e-09, 0.5446139703942708, 0.5447954896702678, 0.0], [0.0, 1.2167453961908536e-10, 0.0, 0.21878805052766928, 0.0, 0.07279001081164277, 0.10000554062664913, 3.79682186043779e-05, 1.3298725256199609e-10, 0.006334648855219216, 1.0, 3.8973657050090145e-05, 0.003341402042063678, 0.0, 0.003906252474757447, 0.0, 0.24892694838951793, 0.08130605795961857, 1.590805377213573e-05, 0.1728547141086346, 4.672057165684468e-10, 3.609229990311218e-11, 0.0, 0.0, 0.2559123897978479, 4.659429717717325e-12, 3.532767244767741e-05, 5.877762326499074e-10, 0.0, 0.005200003670357008, 0.0, 0.0, 1.4884586335907158e-05, 0.0, 0.0, 0.0, 0.0, 0.0, 0.0, 0.09179004660117268, 4.656612873077393e-10, 0.003906250029430952, 0.0, 2.9103830456733704e-11, 0.014860166190443789, 3.04750725171412e-11, 0.10276275405170236, 0.07855855928877574, 0.0, 0.0, 3.637978807091713e-11, 3.1195410909733055e-13, 0.0, 0.06670978557558138, 0.0, 0.04345964110623716, 0.0, 0.0, 0.0, 3.532717052028887e-05, 1.2590808770102051e-11, 0.12884145119974338, 0.0, 0.0, 1.5258789062499997e-05, 0.0, 8.394296841147066e-14, 0.0, 0.0, 0.06559218983708305, 4.4338633822457603e-13, 0.0, 0.0, 0.003906250000104534, 0.0, 0.1348582565286876, 0.0, 6.392672443853062e-11, 0.0, 0.0, 4.656612873077394e-10, 6.853683908829395e-05, 0.1599128968308628, 0.0], [0.0, 4.3895347045188594e-10, 0.0, 0.15963375312523329, 0.0, 0.10266641386730369, 0.0049596240603565125, 4.500036871011693e-05, 9.129357277734016e-10, 0.13746324248622116, 3.8973657050090145e-05, 1.0, 0.038345964064185986, 0.0, 0.037876253950746064, 0.0, 0.0, 0.047748878628797134, 0.002208522659902602, 0.13461297594716168, 0.004267184603001871, 0.05350365811238376, 0.00796546851289646, 0.0, 0.008935464752129356, 1.1283738358011937e-11, 0.0033598841894577694, 6.800155159216643e-08, 0.0, 0.06830325100369723, 0.10791749142287226, 0.0014402005882766535, 0.00010207317221514405, 8.272106953904166e-17, 0.0, 0.0, 0.00024406953356806177, 0.0, 0.045413394840274575, 0.14028640569741302, 1.3894937701462583e-09, 0.027617057299404158, 0.012705381834724028, 6.937005312985258e-09, 0.15511286941525937, 0.023752310067550467, 0.06027261480077779, 0.04274075140223521, 6.886926767525261e-08, 0.0, 0.0681200923191754, 0.04541347904102123, 5.5258651374308806e-17, 0.16337619627838293, 1.8777123313607592e-08, 0.06783099361526274, 0.0, 2.491220280529914e-05, 0.0, 0.0013204757588232505, 3.491053886891939e-11, 0.057024101650529666, 0.0, 0.0623958390476627, 0.1467556775857208, 9.759840852196524e-08, 0.11658760429771203, 9.443801921497731e-17, 0.0, 0.05098994748054039, 7.608263987635194e-08, 0.0, 6.116625668590929e-17, 0.008038874052801797, 0.0, 0.11745361807685138, 2.1676808138697277e-06, 1.1035509889876468e-06, 1.0591792410606595e-16, 0.132212604297547, 1.3894935495020933e-09, 0.03837333162722589, 0.17054074046339163, 0.0], [0.0, 0.0, 0.0, 0.04164294700258826, 0.0, 0.03593620067739052, 0.004814943161227546, 0.0, 0.0, 0.06523463437873268, 0.003341402042063678, 0.038345964064185986, 1.0, 0.0, 0.017184901811393045, 0.0, 0.0, 0.04212750407684307, 0.004102592114954664, 0.06098341771667875, 0.02423824295763644, 0.00023867634636885396, 0.007938691373368067, 0.0, 0.01589046348846999, 0.0, 0.003424801934617734, 1.3028223250081611e-16, 0.0, 0.046716191662472595, 0.018005186240563496, 0.0011295575804169899, 0.0, 0.0, 0.0, 0.0, 0.0, 0.0, 0.0, 0.03999923394200807, 0.0, 0.035003097682799716, 0.011321685806223478, 0.0, 0.05078776768190961, 0.020265691436271046, 0.058454047812174226, 0.018005186240563496, 0.0, 0.0, 0.0, 0.0, 5.551115123125783e-17, 0.04406138667291802, 0.0, 0.027863155964054438, 0.0, 3.11607073137827e-17, 0.0, 0.004039299016837638, 2.7755575615628907e-17, 0.05777290824503716, 0.0, 0.014547077065669588, 0.09313758533323892, 0.0, 0.0, 2.775557561562891e-17, 0.0, 0.04252258782280123, 0.0, 0.0, 5.551115123125783e-17, 0.01898487278266336, 0.0, 0.10228352184409945, 0.0, 2.775557561562891e-17, 6.247326335552152e-17, 0.018005186240563496, 0.0, 0.028496353783954525, 0.03800597549533152, 0.0], [0.0, 0.0, 0.0, 0.0, 0.0, 0.0, 0.0, 0.0, 0.0, 0.0, 0.0, 0.0, 0.0, 1.0, 0.0, 0.0, 0.0, 0.0, 0.0, 0.0, 0.0, 0.0, 0.0, 0.0, 0.0, 0.0, 0.0, 0.0, 0.0, 0.0, 0.0, 0.0, 0.0, 0.0, 0.0, 0.0, 0.0, 0.0, 0.0, 0.0, 0.0, 0.0, 0.0, 0.0, 0.0, 0.0, 0.0, 0.0, 0.0, 0.0, 0.0, 0.0, 0.0, 0.0, 0.0, 0.0, 0.0, 0.0, 0.0, 0.0, 0.0, 0.0, 0.0, 0.0, 0.0, 0.0, 0.0, 0.0, 0.0, 0.0, 0.0, 0.0, 0.0, 0.0, 0.0, 0.0, 0.0, 0.0, 0.0, 0.0, 0.0, 0.0, 0.0, 0.0], [0.0, 3.1796147357802954e-10, 0.0, 0.06755536167405808, 0.0, 0.059121098614830385, 0.0010030631719610869, 0.0, 9.525110524058995e-10, 0.026714263809099675, 0.003906252474757447, 0.037876253950746064, 0.017184901811393045, 0.0, 1.0, 0.0, 0.0, 0.09194938676457824, 0.0017658749295422545, 0.04144982936562243, 1.543263642814954e-09, 0.04387540227122175, 0.0008391117103799285, 0.0, 0.0020788326421491187, 1.5572783178726779e-13, 0.0017739232553473671, 8.703140442606889e-09, 0.0, 0.0032705593792785623, 0.037057941330098196, 0.001953125000005329, 0.0, 0.0, 0.0, 0.0, 0.0, 0.0, 0.03705794133009819, 0.05890674249730041, 2.723397741613778e-09, 0.008468408287496386, 0.0016386477665008478, 5.3290705182007506e-15, 0.01601444975247703, 2.333525437916519e-10, 0.07473597980379457, 0.09079316977670261, 5.650180617809516e-08, 0.0, 0.0555869119951473, 0.03705801125689178, 0.0, 0.02348164881773722, 7.450580596923828e-09, 0.045992630989049155, 0.0, 1.77635683940025e-15, 0.0, 0.0009765624999999999, 0.0, 0.1168740442727954, 0.0, 0.0, 0.013329209610032733, 5.960464477539064e-08, 0.012352647110140473, 0.0, 0.0, 0.13744486939801936, 6.486263127118452e-08, 0.0, 0.0, 0.005859375000079523, 0.0, 0.11309380705896124, 5.960464477539063e-08, 1.236680449537867e-09, 0.0, 0.01235264711003273, 2.723397075479963e-09, 0.05310095589181585, 0.09952357698964341, 0.0], [0.0, 0.0, 0.0, 0.0, 0.0, 0.0, 0.0, 0.0, 0.0, 0.0, 0.0, 0.0, 0.0, 0.0, 0.0, 1.0, 0.0, 0.0, 0.0, 0.0, 0.0, 0.0, 0.0, 0.0, 0.0, 0.0, 0.0, 0.0, 0.0, 0.0, 0.0, 0.0, 0.0, 0.0, 0.0, 0.0, 0.0, 0.0, 0.0, 0.0, 0.0, 0.0, 0.0, 0.0, 0.0, 0.0, 0.0, 0.0, 0.0, 0.0, 0.0, 0.0, 0.0, 0.0, 0.0, 0.0, 0.0, 0.0, 0.0, 0.0, 0.0, 0.0, 0.0, 0.0, 0.0, 0.0, 0.0, 0.0, 0.0, 0.0, 0.0, 0.0, 0.0, 0.0, 0.0, 0.0, 0.0, 0.0, 0.0, 0.0, 0.0, 0.0, 0.0, 0.0], [0.0, 0.0, 0.0, 0.21407717561498554, 0.0, 0.08454159132481215, 0.11152545174505608, 0.0, 0.0, 0.0, 0.24892694838951793, 0.0, 0.0, 0.0, 0.0, 0.0, 1.0, 0.0788959845211358, 0.0, 0.1554872124939139, 0.0, 0.0, 0.0, 0.0, 0.24857618053079805, 0.0, 0.0, 0.0, 0.0, 0.0, 0.0, 0.0, 0.0, 0.0, 0.0, 0.0, 0.0, 0.0, 0.0, 0.0941850603352624, 0.0, 0.0, 0.0, 0.0, 0.0, 0.0, 0.09131243083710296, 0.08815208276100459, 0.0, 0.0, 0.0, 0.0, 0.0, 0.03982831174232288, 0.0, 0.04825438619366596, 0.0, 0.0, 0.0, 0.0, 0.0, 0.12221529142685589, 0.0, 0.0, 0.0, 0.0, 0.0, 0.0, 0.0, 0.03982831174232288, 0.0, 0.0, 0.0, 0.0, 0.0, 0.11709020465481247, 0.0, 0.0, 0.0, 0.0, 0.0, 0.0, 0.1493174734862921, 0.0], [0.0, 3.250940433462026e-10, 0.0, 0.3237862830535698, 0.0, 0.5786163758504939, 0.12016436329897877, 3.599666536856138e-05, 6.886062441895558e-10, 0.24378586446937744, 0.08130605795961857, 0.047748878628797134, 0.04212750407684307, 0.0, 0.09194938676457824, 0.0, 0.0788959845211358, 1.0, 0.004258788896929277, 0.4583654813086533, 0.03582268025543681, 0.054371753793465406, 0.022848534053042664, 0.0, 0.17870527976385842, 3.708775141779613e-12, 0.002501104879748754, 5.004061552148238e-08, 0.0, 0.13153853305257995, 0.09472712953393113, 0.12449482145666602, 8.696449072648031e-05, 0.07015659491365625, 0.0, 0.0, 0.0005160427696506158, 0.0, 0.05662281455881878, 0.546410721618013, 3.4261395684862246e-09, 0.05876516963100259, 0.024958178829766413, 1.04025075602025e-08, 0.0799588196356454, 0.02082189295982023, 0.38534105015157166, 0.5337538852607597, 1.7135707701865381e-07, 0.0, 0.16406853134865568, 0.05662298107099457, 6.126977370573735e-17, 0.3053312307977222, 6.5911690662010216e-09, 0.35698246846085185, 0.0, 1.7796321484521008e-05, 0.0, 0.00244732221990844, 3.311522089930509e-11, 0.7804094124876357, 0.0, 0.03713173900731715, 0.07697821288257786, 2.0169585236487718e-07, 0.03381640313943395, 7.715427730108307e-17, 0.04905927376367813, 0.3355891018127162, 1.6670775227485908e-07, 0.0, 7.435714075955319e-17, 0.02768944710023799, 0.0, 0.1848414804450626, 2.1352102985933663e-06, 1.0314330722692166e-06, 8.434631142909746e-17, 0.07070159218146041, 3.4261386482034385e-09, 0.21564299768535272, 0.6105852440628712, 0.0], [0.0, 5.622590118361472e-10, 0.0, 0.00397864277359323, 0.0, 0.0, 0.0013632878525314117, 1.1730244976069645e-05, 5.388599566879247e-10, 0.0011189128132273983, 1.590805377213573e-05, 0.002208522659902602, 0.004102592114954664, 0.0, 0.0017658749295422545, 0.0, 0.0, 0.004258788896929277, 1.0, 0.0011616919454004373, 1.7752783709354125e-09, 0.0011723536124018561, 0.0010219129767062194, 0.0, 0.0007762854773169018, 0.0, 0.0017040398932709204, 3.339624689072219e-08, 0.0, 0.0034816691166787927, 2.86102294921875e-06, 0.0009817781637651696, 7.651070673828523e-05, 1.7347234759768069e-18, 0.0, 0.0, 4.59722598225076e-05, 0.0, 0.0, 0.00398287234174115, 4.522081965904397e-09, 0.00423712798397748, 0.0018222935899645048, 4.491961771947186e-10, 0.004198898390047671, 0.00010696935866838544, 0.0011405203884609194, 2.711143757128861e-12, 0.0, 0.0, 0.0, 3.6344871287681604e-12, 1.837177512419874e-17, 0.005430675992851427, 7.450580596923828e-09, 0.0016778574629989964, 0.0, 4.5930226270435096e-05, 0.0, 0.004257489274799839, 2.775557561562892e-17, 0.0026313307489824324, 0.0, 4.2217846721127304e-17, 0.0010221314639668505, 1.1599293967690272e-07, 0.0, 2.7755575615628914e-17, 0.0, 0.002237947656628365, 7.82502736790044e-14, 0.0, 2.3804747217561352e-17, 0.0, 0.0, 0.0025740568231616195, 2.4414047238054618e-06, 1.081302853291926e-06, 4.5239259671239734e-17, 0.0, 4.522081966771759e-09, 0.004825831315157667, 0.004874151787834624, 0.0], [0.0, 3.433215816950946e-10, 0.0, 0.4315291601201928, 0.0, 0.5275210365373999, 0.11041884973221362, 2.749280457888328e-05, 7.624306359944037e-10, 0.3372726850531512, 0.1728547141086346, 0.13461297594716168, 0.06098341771667875, 0.0, 0.04144982936562243, 0.0, 0.1554872124939139, 0.4583654813086533, 0.0011616919454004373, 1.0, 0.051299029075798544, 0.014059644170512092, 0.01661980254937731, 0.0, 0.4357105075213258, 2.370470090748942e-12, 0.0034050550246285767, 2.416085925072548e-08, 0.0, 0.0862430083711945, 0.04567267315933841, 0.044164372787611025, 0.0002819895750260531, 0.2572478777137633, 0.0, 0.0, 0.00014301877464328682, 0.0, 0.01993102512947752, 0.3466381185887611, 2.329561651310294e-09, 0.06414681389052997, 0.02433188856100909, 4.815391328499943e-09, 0.19164641032785806, 0.00988427720818583, 0.11671571909084796, 0.2714382692714177, 1.357612842890342e-07, 0.0, 0.2986162259922469, 0.01993118829354708, 1.4518056816648765e-17, 0.6486813320290293, 9.206969282219797e-09, 0.36114614775968257, 0.0, 2.6302209885970223e-05, 0.0, 0.0010292994255418709, 3.87950887662554e-11, 0.5853293971078304, 0.0, 0.02404405943683411, 0.15858950153490647, 2.0387841997162051e-07, 0.10297696316902033, 1.9597469497897882e-17, 0.24289349281387615, 0.5694509949767023, 1.5134633762403256e-07, 0.0, 1.3885607876119945e-17, 0.02506989125399076, 0.0, 0.22606420578366498, 8.29195848527606e-07, 3.1426431674317807e-06, 6.046208035689637e-17, 0.1456722184451994, 2.3295602692194973e-09, 0.29246320130061987, 0.15349635505270012, 0.0], [0.0, 1.8761443175368057e-13, 0.0, 0.01631677536084738, 0.0, 0.031580697039994464, 0.0, 0.0, 0.0, 0.005827603327602472, 4.672057165684468e-10, 0.004267184603001871, 0.02423824295763644, 0.0, 1.543263642814954e-09, 0.0, 0.0, 0.03582268025543681, 1.7752783709354125e-09, 0.051299029075798544, 1.0, 2.341274650261057e-12, 0.0, 0.0, 0.0, 9.927937034722723e-15, 4.656612873077393e-10, 4.661874837543177e-10, 0.0, 0.007380588725393803, 0.003223191394558727, 8.881784197001252e-16, 0.0, 0.0, 0.0, 0.0, 0.0, 0.0, 0.0, 0.03942222805323743, 1.3969838619232178e-09, 0.06124063649796982, 0.0019531249999999998, 2.6645352591003757e-15, 0.054818427315302745, 6.12625346750747e-13, 0.060852794117921466, 0.01933914836917416, 0.0, 0.0, 0.0, 1.1256865905220836e-12, 0.0, 0.06692774392710135, 0.0, 0.02501946165024811, 0.0, 1.807517546714033e-15, 0.0, 2.273736754432321e-13, 2.7755575615628914e-17, 0.0388077050065581, 0.0, 0.004418498697473979, 0.019339148367352378, 0.0, 0.0, 1.1102230246251565e-16, 0.0, 0.006551908930773374, 0.0, 0.0, 0.0, 0.0, 0.0, 0.031227252228850606, 0.0, 9.354907393638814e-10, 7.324451565819765e-17, 0.061240636496615854, 1.3969838619232178e-09, 0.01933914877727444, 0.025600692838332453, 0.0], [0.0, 1.385118920113878e-11, 0.0, 0.05570348306963138, 0.0, 0.11763538569805229, 0.00386488133699223, 0.0, 3.154356433438349e-11, 0.03627844849901688, 3.609229990311218e-11, 0.05350365811238376, 0.00023867634636885396, 0.0, 0.04387540227122175, 0.0, 0.0, 0.054371753793465406, 0.0011723536124018561, 0.014059644170512092, 2.341274650261057e-12, 1.0, 0.0003816649885872509, 0.0, 3.4399950428701645e-11, 5.512594544017284e-12, 0.0011723536362672896, 1.7727385297707084e-11, 0.0, 0.10214317630592751, 0.12403572743499298, 0.0, 0.0, 0.0, 0.0, 0.0, 0.0, 0.0, 0.12403572743499298, 0.1056910347679379, 0.0, 0.0014910129197860027, 0.0007313313991761976, 2.9103830456733704e-11, 0.036189415213488056, 2.5576827751636182e-12, 0.05790531653259069, 0.023630280144661304, 0.0, 0.0, 0.11603342244646293, 0.12403572743667254, 1.2143064331837648e-17, 0.041367737334114724, 0.0, 0.12434743318410875, 0.0, 0.0, 0.0, 0.0011723536097130265, 5.023820223045123e-11, 0.004407702929609828, 0.0, 1.0656813070898226e-18, 0.039862391483351314, 0.0, 0.03601037248119802, 0.0, 0.0, 0.03718272611867321, 4.4338633822457614e-13, 0.0, 0.0, 3.336067417259311e-14, 0.0, 0.058339356811939136, 0.0, 6.026089902400939e-11, 0.0, 0.03601037248112699, 1.0656813070898224e-18, 0.11357741541991195, 0.010735184455239475, 0.0], [0.0, 0.0, 0.0, 0.03257070874720687, 0.0, 0.0, 0.030419362649932828, 0.0, 0.0, 0.009160928199149935, 0.0, 0.00796546851289646, 0.007938691373368067, 0.0, 0.0008391117103799285, 0.0, 0.0, 0.022848534053042664, 0.0010219129767062194, 0.01661980254937731, 0.0, 0.0003816649885872509, 1.0, 0.0, 0.007812499999999999, 0.0, 0.0010215272995929563, 6.561034508064566e-18, 0.0, 0.020864675906096853, 0.0, 0.0, 0.0, 1.734723475976807e-18, 0.0, 0.0, 0.0, 0.0, 0.0, 0.03373564775285627, 0.0, 0.03164804965015688, 0.03499300232506738, 0.0, 0.009158282233060314, 0.017173427304672154, 0.007812500000000009, 0.0, 0.0, 0.0, 0.0, 0.0, 1.7347234759768069e-18, 0.012115732204293319, 0.0, 0.0213319671789074, 0.0, 0.0, 0.0, 0.001021527299592958, 0.0, 0.01650355243929738, 0.0, 1.3877787807814457e-17, 0.01342942364355166, 0.0, 0.0, 0.0, 0.0, 0.014626567694351146, 8.042253080114432e-18, 0.0, 1.1031346820496397e-17, 0.007812499999999999, 0.0, 0.006071160559719486, 1.7835846588348463e-06, 1.1920928955078122e-07, 0.0, 0.0, 0.0, 0.02797515676866443, 0.007453351781448642, 0.0], [0.0, 0.0, 0.0, 0.0, 0.0, 0.0, 0.0, 0.0, 0.0, 0.0, 0.0, 0.0, 0.0, 0.0, 0.0, 0.0, 0.0, 0.0, 0.0, 0.0, 0.0, 0.0, 0.0, 1.0, 0.0, 0.0, 0.0, 0.0, 0.0, 0.0, 0.0, 0.0, 0.0, 0.0, 0.0, 0.0, 0.0, 0.0, 0.0, 0.0, 0.0, 0.0, 0.0, 0.0, 0.0, 0.0, 0.0, 0.0, 0.0, 0.0, 0.0, 0.0, 0.0, 0.0, 0.0, 0.0, 0.0, 0.0, 0.0, 0.0, 0.0, 0.0, 0.0, 0.0, 0.0, 0.0, 0.0, 0.0, 0.0, 0.0, 0.0, 0.0, 0.0, 0.0, 0.0, 0.0, 0.0, 0.0, 0.0, 0.0, 0.0, 0.0, 0.0, 0.0], [0.0, 2.6592634234526784e-12, 0.0, 0.3583834711182503, 0.0, 0.10040124043498412, 0.11555868098515008, 2.8347623192384885e-05, 3.193589352625073e-11, 0.14421640904795718, 0.2559123897978479, 0.008935464752129356, 0.01589046348846999, 0.0, 0.0020788326421491187, 0.0, 0.24857618053079805, 0.17870527976385842, 0.0007762854773169018, 0.4357105075213258, 0.0, 3.4399950428701645e-11, 0.007812499999999999, 0.0, 1.0, 1.3677415897415365e-11, 0.0008008251479301894, 1.1504411842642249e-11, 0.0, 0.02526035023200313, 0.0, 0.1255110874542731, 0.00018245993742454494, 0.5, 0.0, 0.0, 0.0005187988281249999, 0.0, 0.0, 0.2421050326252994, 0.0, 0.012845659629824573, 0.007812499999999999, 2.6843364589608312e-11, 0.013672982069676832, 0.0173023418987854, 0.12590368057107457, 0.10540961007223909, 0.0, 0.0, 0.43750000000766953, 0.0, 0.0, 0.39787024752350497, 0.0, 0.565859438339088, 0.0, 0.0001220703125, 0.0, 0.0006443240591142105, 1.612687692682355e-11, 0.35378734894267183, 0.0, 0.0, 0.012575635598365595, 0.0, 0.0, 0.0, 0.4995477704160793, 0.4036063493419765, 0.0, 0.0, 0.0, 0.046032809899727065, 0.0, 0.15528206716022344, 0.0, 1.7266497970361964e-11, 0.0, 0.0, 0.0, 0.13688678237515883, 0.34891967048382466, 0.0], [0.0, 2.227797943108433e-12, 0.0, 6.29596402030906e-12, 0.0, 0.0, 0.0, 0.0, 1.4480686630204815e-11, 7.125356170546452e-12, 4.659429717717325e-12, 1.1283738358011937e-11, 0.0, 0.0, 1.5572783178726779e-13, 0.0, 0.0, 3.708775141779613e-12, 0.0, 2.370470090748942e-12, 9.927937034722723e-15, 5.512594544017284e-12, 0.0, 0.0, 1.3677415897415365e-11, 1.0, 0.0, 1.5000476806798882e-13, 0.0, 1.3991162906305914e-11, 0.0, 3.552713678800501e-15, 0.0, 0.0, 0.0, 0.0, 0.0, 0.0, 0.0, 4.729461391032558e-12, 0.0, 5.6809014890170715e-14, 0.0, 7.185861544200277e-15, 6.84191262824878e-12, 0.0, 1.1139606885374791e-13, 6.193681889502576e-14, 0.0, 0.0, 0.0, 0.0, 0.0, 4.675383886096554e-12, 0.0, 5.500398724773131e-12, 0.0, 2.8790983084300115e-15, 0.0, 0.0, 6.6696278130014735e-12, 9.651077915208165e-12, 0.0, 0.0, 0.0, 0.0, 1.683994933075057e-13, 0.0, 0.0, 9.298527673520657e-12, 0.0, 0.0, 0.0, 1.3215899290062845e-13, 0.0, 1.2548598115358548e-11, 0.0, 8.205604454135044e-14, 0.0, 0.0, 0.0, 2.0614847680177672e-13, 1.125391584361085e-11, 0.0], [0.0, 1.24101773050316e-10, 0.0, 0.004081390254031517, 0.0, 0.0, 0.0016153877081678952, 7.247924804687499e-05, 1.9793557542678485e-10, 0.003432931659386895, 3.532767244767741e-05, 0.0033598841894577694, 0.003424801934617734, 0.0, 0.0017739232553473671, 0.0, 0.0, 0.002501104879748754, 0.0017040398932709204, 0.0034050550246285767, 4.656612873077393e-10, 0.0011723536362672896, 0.0010215272995929563, 0.0, 0.0008008251479301894, 0.0, 1.0, 2.2360626173256377e-09, 0.0, 0.002667453735774007, 0.0, 0.0015920008551176005, 1.5258789062499997e-05, 0.0, 0.0, 0.0, 0.00015258789062499997, 0.0, 0.0, 0.004392880090722664, 4.6566128730773915e-10, 0.00304825727412829, 0.0024207493679883787, 7.275957614183428e-12, 0.0019612681453031145, 3.051774296844727e-05, 0.0013982783779978298, 0.0, 0.0, 0.0, 3.637978807091712e-11, 0.0, 0.0, 0.0036548757124321633, 0.0, 0.001794355495664057, 0.0, 3.0517578124999993e-05, 0.0, 0.0015774809356855974, 5.7786526961461856e-11, 0.00555314192978314, 0.0, 0.0, 0.001007080078125, 0.0, 0.0, 0.0, 0.0, 0.006821218308030168, 0.0, 0.0, 0.0, 0.0, 0.0, 0.006070725788051873, 0.0, 5.150530380091995e-10, 0.0, 0.0, 4.656612873077392e-10, 0.0023309123499917856, 0.0024949931980408563, 0.0], [0.0, 8.549527445120587e-10, 0.0, 2.0038280701596563e-08, 0.0, 0.0, 0.0, 0.0, 7.448070770591131e-10, 4.618041746649154e-08, 5.877762326499074e-10, 6.800155159216643e-08, 1.3028223250081611e-16, 0.0, 8.703140442606889e-09, 0.0, 0.0, 5.004061552148238e-08, 3.339624689072219e-08, 2.416085925072548e-08, 4.661874837543177e-10, 1.7727385297707084e-11, 6.561034508064566e-18, 0.0, 1.1504411842642249e-11, 1.5000476806798882e-13, 2.2360626173256377e-09, 1.0, 0.0, 4.976566362424837e-08, 0.0, 0.0, 0.0, 8.552775591763391e-17, 0.0, 0.0, 0.0, 0.0, 0.0, 3.941651971782882e-08, 4.6566128730773915e-10, 3.944965893228473e-11, 0.0, 4.948433906756089e-09, 1.005858494801586e-07, 3.92952091117396e-09, 9.80941224107382e-13, 2.468486937443684e-12, 0.0, 0.0, 4.314173898683654e-11, 3.5838488650005226e-12, 4.001928631836509e-17, 5.119977719530471e-08, 7.450580596923828e-09, 3.095817778159098e-08, 0.0, 3.108054070986968e-17, 0.0, 1.137492138197815e-13, 3.780121716821419e-11, 4.376463256466529e-08, 0.0, 1.1685931995694053e-16, 0.0, 0.0, 2.2504793469708421e-13, 3.397602600103275e-17, 0.0, 4.5503444334549456e-08, 4.433922395340685e-13, 0.0, 3.4290131378950026e-17, 2.2519578759134593e-13, 0.0, 1.810134846491028e-08, 0.0, 1.5845348217783376e-08, 5.694076884352676e-17, 0.0, 4.656612893766499e-10, 2.3103335070593343e-08, 6.053370437978745e-08, 0.0], [0.0, 0.0, 0.0, 0.0, 0.0, 0.0, 0.0, 0.0, 0.0, 0.0, 0.0, 0.0, 0.0, 0.0, 0.0, 0.0, 0.0, 0.0, 0.0, 0.0, 0.0, 0.0, 0.0, 0.0, 0.0, 0.0, 0.0, 0.0, 1.0, 0.0, 0.0, 0.0, 0.0, 0.0, 0.0, 0.0, 0.0, 0.0, 0.0, 0.0, 0.0, 0.0, 0.0, 0.0, 0.0, 0.0, 0.0, 0.0, 0.0, 0.0, 0.0, 0.0, 0.0, 0.0, 0.0, 0.0, 0.0, 0.0, 0.0, 0.0, 0.0, 0.0, 0.0, 0.0, 0.0, 0.0, 0.0, 0.0, 0.0, 0.0, 0.0, 0.0, 0.0, 0.0, 0.0, 0.0, 0.0, 0.0, 0.0, 0.0, 0.0, 0.0, 0.0, 0.0], [0.0, 4.433116171706497e-10, 0.0, 0.06256603569198396, 0.0, 0.13204976963258924, 0.01994158175323554, 3.787467995437294e-05, 4.837873033935941e-10, 0.05440492983408223, 0.005200003670357008, 0.06830325100369723, 0.046716191662472595, 0.0, 0.0032705593792785623, 0.0, 0.0, 0.13153853305257995, 0.0034816691166787927, 0.0862430083711945, 0.007380588725393803, 0.10214317630592751, 0.020864675906096853, 0.0, 0.02526035023200313, 1.3991162906305914e-11, 0.002667453735774007, 4.976566362424837e-08, 0.0, 1.0, 0.1580253144688231, 0.001172855893641924, 0.00013840513948121407, 2.310749163491007e-17, 0.0, 0.0, 0.00016789997278522805, 0.0, 0.09882117688026186, 0.1278404525146145, 1.7408983534948329e-09, 0.03984776736574812, 0.02304247129393322, 9.065753460744699e-10, 0.030482303594573608, 0.0018262580780827333, 0.14010109586781383, 0.09123516387114859, 5.650180617809516e-08, 0.0, 0.09882117700324572, 0.09882124680714884, 4.326918966760324e-17, 0.03387515558042333, 8.309285684001038e-09, 0.1538991501306164, 0.0, 4.577636718941639e-05, 0.0, 0.001731559694832312, 3.438382712155522e-11, 0.08140366519934397, 0.0, 0.05875011848262094, 0.03853799261070204, 1.2332469032106984e-07, 2.8012368758862705e-13, 4.348299644556752e-17, 0.0, 0.0352376933536985, 6.486265303028952e-08, 0.0, 4.20896667641914e-17, 0.025874653380554467, 0.0, 0.05933179035964638, 2.8913685359027117e-06, 1.2389737675668412e-06, 3.2522101439586054e-17, 0.006577646023859133, 1.7408975160682974e-09, 0.14622458479354872, 0.11202472432399069, 0.0], [0.0, 0.0, 0.0, 0.07728692689705587, 0.0, 0.13737570179158332, 1.1444091796875e-05, 1.9073486328124998e-06, 0.0, 0.03197018300388375, 0.0, 0.10791749142287226, 0.018005186240563496, 0.0, 0.037057941330098196, 0.0, 0.0, 0.09472712953393113, 2.86102294921875e-06, 0.04567267315933841, 0.003223191394558727, 0.12403572743499298, 0.0, 0.0, 0.0, 0.0, 0.0, 0.0, 0.0, 0.1580253144688231, 1.0, 0.0, 7.62939453125e-06, 0.0, 0.0, 0.0, 0.0, 0.0, 0.125, 0.12350537927972205, 0.0, 0.015627850602775176, 0.0, 0.0, 0.05243045821366703, 0.0, 0.07419320864879624, 0.036579227437182976, 0.0, 0.0, 0.109375, 0.125, 0.0, 0.05090786472745753, 0.0, 0.13736999932398097, 0.0, 0.0, 0.0, 0.0, 0.0, 0.020003895150909813, 0.0, 0.06239583904766256, 0.046883583068847656, 0.0, 0.031249999999999993, 0.0, 0.0, 0.05080164280711441, 0.0, 0.0, 0.0, 0.0, 0.0, 0.06624811865623292, 1.6484240332547147e-06, 3.814697265624999e-06, 0.0, 0.046875, 0.0, 0.1318588765838074, 0.0545577001673775, 0.0], [0.0, 0.0, 0.0, 0.1255640436347395, 0.0, 0.20412414523193145, 0.00038602022218852284, 0.0, 0.0, 0.12709101271555587, 0.0, 0.0014402005882766535, 0.0011295575804169899, 0.0, 0.001953125000005329, 0.0, 0.0, 0.12449482145666602, 0.0009817781637651696, 0.044164372787611025, 8.881784197001252e-16, 0.0, 0.0, 0.0, 0.1255110874542731, 3.552713678800501e-15, 0.0015920008551176005, 0.0, 0.0, 0.001172855893641924, 0.0, 1.0, 0.00022662777820153706, 0.12499999999999999, 0.0, 0.0, 3.0517578125e-05, 0.0, 0.0, 0.001499899154034324, 4.440892098500627e-16, 0.000994489421350251, 0.0006479382838838251, 3.552713678800501e-15, 0.0008920789088846761, 0.00011647983882213473, 0.0007629394531250001, 0.19287153715960004, 0.0, 0.0, 0.125, 0.0, 0.0, 0.20616735713080694, 0.0, 0.07742992498978725, 0.0, 3.0517578124999997e-05, 0.0, 0.000274658203125, 0.0, 0.16177301997692242, 0.0, 0.0, 3.0517578125e-05, 0.0, 0.0, 0.0, 0.13174886252731763, 0.2057616756024061, 0.0, 0.0, 0.0, 0.0, 0.0, 0.0017223695113575553, 0.0, 4.440892098500626e-16, 0.0, 0.0, 0.0, 0.1255187988281264, 0.06194758560475198, 0.0], [0.0, 0.0, 0.0, 0.00028940664129915763, 0.0, 0.0, 7.629394531250002e-06, 2.3392426409717434e-05, 0.0, 0.00030297541321593215, 1.4884586335907158e-05, 0.00010207317221514405, 0.0, 0.0, 0.0, 0.0, 0.0, 8.696449072648031e-05, 7.651070673828523e-05, 0.0002819895750260531, 0.0, 0.0, 0.0, 0.0, 0.00018245993742454494, 0.0, 1.5258789062499997e-05, 0.0, 0.0, 0.00013840513948121407, 7.62939453125e-06, 0.00022662777820153706, 1.0, 0.0, 0.0, 0.0, 0.0, 0.0, 0.0, 2.345733449044889e-05, 0.0, 0.0002469912277751709, 0.0, 0.0, 3.239316183209806e-05, 6.103515624999999e-05, 1.5258789062499997e-05, 0.0, 0.0, 0.0, 0.0, 0.0, 0.0, 0.0002555882560690716, 0.0, 0.00029471575609820073, 0.0, 0.0, 0.0, 1.5258789062499997e-05, 0.0, 0.0002820741545911653, 0.0, 0.0, 1.1444091796875002e-05, 0.0, 0.0, 0.0, 0.0, 0.0002689306915504241, 0.0, 0.0, 0.0, 0.0, 0.0, 0.00023361702842650782, 0.0, 0.0, 0.0, 0.0, 0.0, 2.288818359375e-05, 0.0002501154428611734, 0.0], [0.0, 0.0, 0.0, 0.12500000000000006, 0.0, 0.03402069087198857, 0.0, 0.0, 0.0, 0.12500000000000003, 0.0, 8.272106953904166e-17, 0.0, 0.0, 0.0, 0.0, 0.0, 0.07015659491365625, 1.7347234759768069e-18, 0.2572478777137633, 0.0, 0.0, 1.734723475976807e-18, 0.0, 0.5, 0.0, 0.0, 8.552775591763391e-17, 0.0, 2.310749163491007e-17, 0.0, 0.12499999999999999, 0.0, 1.0, 0.0, 0.0, 0.0, 0.0, 0.0, 0.13542230938044988, 0.0, 1.7347234759768069e-18, 0.0, 0.0, 1.43699827777264e-16, 1.7128137467845356e-18, 6.818278214714698e-18, 0.023616922917501865, 0.0, 0.0, 0.43749999999999994, 0.0, 1.734723475976807e-18, 0.30618621784789735, 0.0, 0.4927637283262872, 0.0, 0.0, 0.0, 2.1728657369210316e-16, 5.864336727343868e-17, 0.1902131581726515, 0.0, 2.235596344668101e-16, 0.0, 0.0, 0.0, 0.0, 0.49954777041607945, 0.30618621784789735, 0.0, 0.0, 0.0, 0.0, 0.0, 5.670875129180494e-17, 0.0, 7.736502450211777e-17, 0.0, 0.0, 0.0, 0.12499999999999999, 0.17409326480181356, 0.0], [0.0, 0.0, 0.0, 0.0, 0.0, 0.0, 0.0, 0.0, 0.0, 0.0, 0.0, 0.0, 0.0, 0.0, 0.0, 0.0, 0.0, 0.0, 0.0, 0.0, 0.0, 0.0, 0.0, 0.0, 0.0, 0.0, 0.0, 0.0, 0.0, 0.0, 0.0, 0.0, 0.0, 0.0, 1.0, 0.0, 0.0, 0.0, 0.0, 0.0, 0.0, 0.0, 0.0, 0.0, 0.0, 0.0, 0.0, 0.0, 0.0, 0.0, 0.0, 0.0, 0.0, 0.0, 0.0, 0.0, 0.0, 0.0, 0.0, 0.0, 0.0, 0.0, 0.0, 0.0, 0.0, 0.0, 0.0, 0.0, 0.0, 0.0, 0.0, 0.0, 0.0, 0.0, 0.0, 0.0, 0.0, 0.0, 0.0, 0.0, 0.0, 0.0, 0.0, 0.0], [0.0, 0.0, 0.0, 0.0, 0.0, 0.0, 0.0, 0.0, 0.0, 0.0, 0.0, 0.0, 0.0, 0.0, 0.0, 0.0, 0.0, 0.0, 0.0, 0.0, 0.0, 0.0, 0.0, 0.0, 0.0, 0.0, 0.0, 0.0, 0.0, 0.0, 0.0, 0.0, 0.0, 0.0, 0.0, 1.0, 0.0, 0.0, 0.0, 0.0, 0.0, 0.0, 0.0, 0.0, 0.0, 0.0, 0.0, 0.0, 0.0, 0.0, 0.0, 0.0, 0.0, 0.0, 0.0, 0.0, 0.0, 0.0, 0.0, 0.0, 0.0, 0.0, 0.0, 0.0, 0.0, 0.0, 0.0, 0.0, 0.0, 0.0, 0.0, 0.0, 0.0, 0.0, 0.0, 0.0, 0.0, 0.0, 0.0, 0.0, 0.0, 0.0, 0.0, 0.0], [0.0, 0.0, 0.0, 0.0003725977840674231, 0.0, 0.0, 4.601642602577615e-08, 0.0, 0.0, 9.630011439834541e-05, 0.0, 0.00024406953356806177, 0.0, 0.0, 0.0, 0.0, 0.0, 0.0005160427696506158, 4.59722598225076e-05, 0.00014301877464328682, 0.0, 0.0, 0.0, 0.0, 0.0005187988281249999, 0.0, 0.00015258789062499997, 0.0, 0.0, 0.00016789997278522805, 0.0, 3.0517578125e-05, 0.0, 0.0, 0.0, 0.0, 1.0, 0.0, 0.0, 0.0001944778725273463, 0.0, 3.054058633801289e-05, 0.0, 0.0, 3.834702168814678e-08, 0.00012207031249999999, 3.0517578124999997e-05, 0.0, 0.0, 0.0, 0.0, 0.0, 0.0, 0.0005642204376858635, 0.0, 0.00034552720466669265, 0.0, 3.0517578124999993e-05, 0.0, 3.0517578124999997e-05, 0.0, 0.00019311683914373796, 0.0, 0.0, 3.0517578124999997e-05, 4.601642602577615e-08, 0.0, 0.0, 0.0, 0.0003049156429289243, 0.0, 0.0, 0.0, 0.0, 0.0, 8.573553695740807e-05, 7.483613482471074e-08, 0.0, 0.0, 0.0, 0.0, 3.054207158505109e-05, 0.00036583727096017155, 0.0], [0.0, 0.0, 0.0, 0.0, 0.0, 0.0, 0.0, 0.0, 0.0, 0.0, 0.0, 0.0, 0.0, 0.0, 0.0, 0.0, 0.0, 0.0, 0.0, 0.0, 0.0, 0.0, 0.0, 0.0, 0.0, 0.0, 0.0, 0.0, 0.0, 0.0, 0.0, 0.0, 0.0, 0.0, 0.0, 0.0, 0.0, 1.0, 0.0, 0.0, 0.0, 0.0, 0.0, 0.0, 0.0, 0.0, 0.0, 0.0, 0.0, 0.0, 0.0, 0.0, 0.0, 0.0, 0.0, 0.0, 0.0, 0.0, 0.0, 0.0, 0.0, 0.0, 0.0, 0.0, 0.0, 0.0, 0.0, 0.0, 0.0, 0.0, 0.0, 0.0, 0.0, 0.0, 0.0, 0.0, 0.0, 0.0, 0.0, 0.0, 0.0, 0.0, 0.0, 0.0], [0.0, 0.0, 0.0, 0.04475559021076179, 0.0, 0.1118601836375919, 0.0, 0.0, 0.0, 0.031249999999999997, 0.0, 0.045413394840274575, 0.0, 0.0, 0.03705794133009819, 0.0, 0.0, 0.05662281455881878, 0.0, 0.01993102512947752, 0.0, 0.12403572743499298, 0.0, 0.0, 0.0, 0.0, 0.0, 0.0, 0.0, 0.09882117688026186, 0.125, 0.0, 0.0, 0.0, 0.0, 0.0, 0.0, 0.0, 1.0, 0.0979100794374193, 0.0, 0.0, 0.0, 0.0, 0.03124999999999999, 0.0, 0.06374063471719547, 0.02095422743718298, 0.0, 0.0, 0.10937500000000001, 0.12500000000000003, 0.0, 0.034167717580523324, 0.0, 0.12497201513386472, 0.0, 0.0, 0.0, 0.0, 0.0, 0.01124437496830372, 0.0, 0.0, 0.03125, 0.0, 0.03125, 0.0, 0.0, 0.031249999999999997, 0.0, 0.0, 0.0, 0.0, 0.0, 0.050499576278770414, 0.0, 0.0, 0.0, 0.03125000000000001, 0.0, 0.11622243249201052, 0.0012506331337666101, 0.0], [0.0, 4.385783776521133e-10, 0.0, 0.5020246811198333, 0.0, 0.6978528774310039, 0.2556907137736569, 9.659475133536608e-05, 9.216981636695259e-10, 0.526761219036