"{\"names\": [\"172.217.10.1\", \"104.88.86.240\", \"38.93.140.48\", \"192.168.10.15\", \"104.88.108.223\", \"195.142.105.15\", \"172.217.12.163\", \"206.217.206.48\", \"172.217.6.228\", \"178.255.83.1\", \"74.119.118.82\", \"192.168.10.9\", \"172.217.7.6\", \"35.186.227.40\", \"31.13.71.36\", \"206.126.112.142\", \"151.101.2.49\", \"192.168.10.25\", \"172.217.3.98\", \"192.168.10.16\", \"72.30.202.150\", \"172.217.12.132\", \"50.31.164.173\", \"162.208.20.178\", \"23.15.4.16\", \"216.58.217.99\", \"172.217.6.198\", \"172.217.12.174\", \"169.46.44.40\", \"192.168.10.17\", \"52.84.143.130\", \"104.19.195.102\", \"216.200.232.61\", \"104.97.73.166\", \"152.163.13.79\", \"192.229.163.25\", \"74.119.118.86\", \"54.225.188.92\", \"188.165.145.88\", \"192.168.10.14\", \"8.43.72.98\", \"199.96.57.6\", \"68.67.178.110\", \"104.88.70.158\", \"192.168.10.19\", \"69.172.216.56\", \"157.240.18.35\", \"172.217.11.34\", \"185.54.150.20\", \"69.169.85.7\", \"198.232.124.194\", \"74.119.118.72\", \"172.217.12.134\", \"192.168.10.5\", \"23.111.9.30\", \"192.168.10.8\", \"151.101.66.2\", \"68.67.178.199\", \"213.239.195.215\", \"138.108.7.20\", \"52.84.145.87\", \"192.168.10.50\", \"52.84.145.198\", \"52.40.24.51\", \"212.77.100.137\", \"185.54.150.115\", \"172.217.10.138\", \"152.163.66.165\", \"52.84.137.78\", \"192.168.10.51\", \"68.67.178.109\", \"129.146.14.96\", \"54.152.24.232\", \"172.217.10.33\", \"52.8.229.108\", \"192.168.10.12\", \"64.147.131.201\", \"172.217.12.206\", \"68.67.180.12\", \"172.217.10.134\", \"38.69.238.16\", \"172.217.10.142\", \"192.168.10.3\", \"172.217.6.202\"], \"funcEdges\": [[1.0, 0.0, 0.0, 0.0, 0.0, 0.0, 0.0, 0.0, 0.0, 0.0, 0.0, 0.0, 0.0, 0.0, 0.0, 0.0, 0.0, 0.0, 0.0, 0.0, 0.0, 0.0, 0.0, 0.0, 0.0, 0.0, 0.0, 0.0, 0.0, 0.0, 0.0, 0.0, 0.0, 0.0, 0.0, 0.0, 0.0, 0.0, 0.0, 0.0, 0.0, 0.0, 0.0, 0.0, 0.0, 0.0, 0.0, 0.0, 0.0, 0.0, 0.0, 0.0, 0.0, 0.0, 0.0, 0.0, 0.0, 0.0, 0.0, 0.0, 0.0, 0.0, 0.0, 0.0, 0.0, 0.0, 0.0, 0.0, 0.0, 0.0, 0.0, 0.0, 0.0, 0.0, 0.0, 0.0, 0.0, 0.0, 0.0, 0.0, 0.0, 0.0, 0.0, 0.0], [0.0, 1.0, 0.0, 1.7498386709574188e-22, 0.0, 0.0, 0.0, 0.0, 1.1299831109561705e-22, 1.954791189835856e-22, 2.7665587281054595e-23, 9.980646392520747e-23, 0.0, 0.0, 7.22960688967827e-23, 0.0, 0.0, 7.391782750032748e-23, 1.278428980722645e-22, 7.806228988899752e-23, 4.265858291402778e-26, 3.1493957979225296e-24, 0.0, 0.0, 6.046464985621875e-25, 5.065426064694368e-25, 2.8217476267472193e-23, 1.9439374784998534e-22, 0.0, 1.0079739176277364e-22, 0.0, 0.0, 0.0, 0.0, 0.0, 0.0, 0.0, 0.0, 0.0, 9.972117769669087e-23, 0.0, 7.353057704003731e-24, 0.0, 0.0, 1.6202936924242597e-22, 1.0467873942015971e-22, 2.5595149748416676e-25, 7.819139421587644e-25, 0.0, 0.0, 6.617444900424222e-24, 2.0679515313825692e-25, 0.0, 1.9223353991333718e-22, 0.0, 1.2825072981033605e-22, 0.0, 0.0, 0.0, 0.0, 1.350780283918498e-24, 1.391450140266333e-22, 0.0, 0.0, 0.0, 0.0, 0.0, 0.0, 0.0, 1.264126916233167e-22, 0.0, 0.0, 0.0, 0.0, 0.0, 7.214961644164102e-23, 0.0, 1.141235574194874e-22, 0.0, 0.0, 0.0, 2.4339727042783736e-24, 2.2811092284078426e-22, 0.0], [0.0, 0.0, 1.0, 0.4591907788427251, 0.0, 2.2041225018296124e-12, 1.496580506729055e-11, 0.0, 0.0, 0.24204835400929298, 0.0, 0.2435765030067107, 0.0, 7.275957614183426e-12, 0.0, 0.0, 0.0, 0.17046804164281115, 0.4731357889926701, 0.2628334183154621, 0.0, 0.47313578899267017, 0.0, 0.0, 0.0, 0.0, 0.0, 0.0, 0.0, 0.2777115852393564, 0.0, 1.7016423722618068e-11, 5.821657570773025e-12, 0.0, 0.0, 0.4731357889926702, 0.0, 0.0, 1.8189894035458557e-12, 0.43222743531333, 6.580006435847021e-12, 3.7052852518477747e-13, 0.0, 0.0, 0.03826833588311208, 0.18220195456767657, 1.4507639195774782e-11, 3.277900614254962e-12, 0.038268335874407165, 0.0, 0.0, 0.03826833587804514, 0.0, 0.214542160602383, 0.07590881585141994, 0.3211265579691478, 0.0, 2.842639362766437e-12, 0.0, 0.03826833587477768, 0.0, 0.004158128185029796, 0.0, 0.0, 3.637978807091712e-12, 0.03826833587440714, 0.07590881585141994, 0.0, 0.0, 0.046965684944999496, 0.024249168937753134, 0.0, 0.0, 0.0, 0.0, 0.27529234785813417, 0.0, 8.2162478194818e-12, 0.0469656849367724, 0.4254698506639166, 5.007701873560082e-12, 5.09476722129069e-13, 0.13805855753566212, 0.0], [0.0, 1.7498386709574188e-22, 0.4591907788427251, 1.0, 0.0005714524947670946, 5.710779692269519e-12, 1.735990574169262e-08, 1.2395331628859225e-17, 0.348037652582376, 0.35767627325006257, 0.0016362812516797637, 0.7309165540119158, 9.468509916266217e-15, 2.0354701609932514e-12, 0.0018384899327008862, 0.0, 2.3432534284045495e-13, 0.4074990811401301, 0.5312304167819278, 0.7363789479613392, 0.0007244114867201529, 0.5845442810864268, 0.09644892092563548, 0.0, 1.5267892102477256e-06, 1.4315364797560186e-24, 0.04320982365468981, 3.575256894843806e-08, 3.430351482677246e-12, 0.6051371985613838, 4.950087388842477e-07, 2.7334302031860104e-10, 1.634243323913068e-11, 0.007796922200814354, 0.0, 0.42980628418969524, 0.2681499206183424, 4.055356698694216e-13, 2.8036609353641437e-12, 0.8272259658384442, 1.542233714607772e-11, 0.07644654082817082, 0.0035658010343815024, 0.00011376911919960719, 0.16506933512690994, 0.3940509930689284, 0.011163159787719163, 1.0149390481663626e-07, 0.05817529600271024, 0.00013080262001972622, 0.001097048901874493, 0.05218691690606896, 1.2206594053983957e-29, 0.5274265255472805, 0.08467231312937133, 0.5107682346545057, 3.5995280985675615e-05, 0.08043013953472858, 0.0016179528873165924, 0.06695665034156456, 1.98418143444613e-06, 0.4367407411527006, 1.0561549291917623e-05, 7.93422591945658e-15, 9.820540342183397e-12, 0.06399867917165639, 0.08480336604838938, 1.697319787525711e-05, 9.736121687555445e-08, 0.21576189369891569, 0.00841478877015568, 0.0001343504717918799, 7.32906022901111e-06, 2.357185745124141e-15, 0.0, 0.6360296498464304, 0.00011948093851536209, 0.0688386753607936, 0.06428739535247117, 0.448554984272966, 5.6947898459371434e-12, 1.960566064740268e-12, 0.525759052393703, 2.436284553029698e-06], [0.0, 0.0, 0.0, 0.0005714524947670946, 1.0, 0.0, 0.0, 0.0, 0.0, 0.003765811201967125, 0.0, 0.0005611808087927197, 0.0, 0.0, 0.0, 0.0, 0.0, 0.0012705517720687871, 0.0, 0.002483898764024753, 0.0, 0.0, 0.0033752649474126854, 0.0, 0.0, 0.0, 0.0, 0.0, 0.0, 0.0018758735802852976, 0.0, 0.0, 0.0, 0.0, 0.0, 0.0, 0.0, 0.0, 0.0, 0.0036309173639737166, 0.0, 0.001027107328885916, 0.0, 0.0, 0.0009133189632911237, 0.0, 0.0008216858631087329, 0.0, 0.0, 0.0, 0.001585327083240925, 0.0, 0.0, 0.0002846234914246141, 0.0, 0.0013387206480701143, 0.0, 0.0, 0.001481079158349221, 0.0, 0.0, 0.0004903596763151709, 0.0, 0.0, 0.0, 0.0, 0.0, 0.0, 0.0, 0.0010338138621263629, 0.0, 0.0, 0.0, 0.0, 0.0, 0.0013050659818362117, 0.0, 0.0, 0.0, 0.0, 0.0, 0.0, 0.001159198832320221, 0.0], [0.0, 0.0, 2.2041225018296124e-12, 5.710779692269519e-12, 0.0, 1.0, 1.1379857175273065e-12, 0.0, 0.0, 7.01518477809871e-12, 1.4414643503771885e-13, 1.995818766568061e-12, 8.170946029483848e-15, 1.8189894035458559e-12, 1.344258148829576e-14, 0.0, 1.047569457529633e-13, 5.24360652293748e-12, 0.0, 3.854640877844022e-12, 7.18061915904274e-15, 2.6747190008348364e-14, 0.0, 0.0, 3.992243578974883e-13, 0.0, 0.0, 0.0, 1.1741526111434774e-12, 6.2958801107971595e-12, 3.12356182329457e-14, 1.8352420088324344e-12, 2.183678763681313e-12, 1.5177743147546283e-13, 0.0, 0.0, 0.0, 3.5460196051554973e-13, 2.5360701128107826e-12, 3.757628383909374e-12, 6.5655578066174385e-12, 7.6385954696505e-13, 0.0, 0.0, 3.415583941700903e-12, 0.0, 1.164214836325901e-12, 4.720785783978541e-12, 0.0, 0.0, 3.680167582255601e-12, 3.1824656359027823e-12, 0.0, 8.5554179206837e-12, 0.0, 6.926611405101545e-12, 0.0, 0.0, 0.0, 1.163752571312902e-12, 0.0, 4.9684465472215116e-12, 0.0, 5.359657933527529e-15, 8.849364738385306e-13, 0.0, 1.2574142561068573e-14, 0.0, 1.4888128306837732e-13, 4.510234153540544e-12, 3.302859872279451e-12, 0.0, 0.0, 0.0, 0.0, 4.632194311948257e-12, 0.0, 1.845753793789024e-12, 0.0, 3.4977466280985245e-13, 3.80893770500804e-12, 3.423378368116997e-13, 3.757644623651256e-12, 0.0], [0.0, 0.0, 1.496580506729055e-11, 1.735990574169262e-08, 0.0, 1.1379857175273065e-12, 1.0, 4.336808689942018e-19, 0.0, 7.310336248872428e-09, 1.1407368434476552e-09, 2.1470399135728183e-08, 1.094791323618562e-15, 0.0, 2.2807016011053903e-16, 0.0, 5.989036199917324e-14, 2.0300742574813182e-08, 3.09975769717178e-16, 1.3921939177865627e-08, 7.509404229074708e-09, 8.787722747438761e-16, 6.9165622903558024e-15, 0.0, 7.453857603521193e-09, 0.0, 3.672966404719535e-16, 1.2222037754311732e-08, 0.0, 1.1445946373119288e-08, 2.6020852139652106e-18, 2.984587500622883e-09, 3.145146988857325e-11, 1.2262602146751299e-09, 0.0, 1.039197318765851e-09, 3.6026750361023895e-10, 2.954124552337057e-13, 6.219069486452841e-13, 2.9827093431017605e-08, 5.83930436416318e-12, 8.353071633856847e-09, 6.740450051181304e-15, 0.0, 1.2659139767443644e-08, 2.158920489617504e-15, 1.0242629903601107e-08, 2.6463128527659662e-08, 5.3979551423360554e-20, 3.0227815028292404e-08, 4.8385706599021766e-11, 3.4872171508473396e-12, 0.0, 1.386046961008356e-08, 0.0, 2.514832518700528e-08, 0.0, 5.326836566966397e-13, 0.0, 1.0004124754562884e-12, 0.0, 9.533502140009172e-09, 0.0, 0.0, 1.0037911373779329e-11, 8.118125550598154e-20, 0.0, 1.031570241382743e-09, 6.920068383054889e-14, 2.9353263165760575e-08, 2.884218392537815e-09, 7.450580596923828e-09, 0.0, 2.4371414773228938e-15, 0.0, 1.5704637603374547e-08, 1.216674716736021e-08, 2.1823293026549163e-10, 7.45058059692383e-09, 1.0682631066907557e-12, 9.845214353103347e-13, 7.558213880398661e-13, 2.6988077459370595e-08, 0.0], [0.0, 0.0, 0.0, 1.2395331628859225e-17, 0.0, 0.0, 4.336808689942018e-19, 1.0, 0.0, 8.215310355883964e-18, 8.632973414109506e-18, 1.0231899229919903e-17, 0.0, 0.0, 0.0, 0.0, 0.0, 8.184694108549907e-18, 2.667148914058463e-18, 6.2511400253432115e-18, 0.0, 0.0, 0.0, 0.0, 6.445503275332359e-18, 0.0, 1.6479873021779664e-17, 0.0, 0.0, 8.61170518746188e-18, 4.3368086899420173e-19, 0.0, 5.318821970312782e-18, 0.0, 0.0, 0.0, 0.0, 0.0, 0.0, 2.1963103639647233e-17, 0.0, 2.970696805171756e-19, 0.0, 0.0, 8.193069385219708e-18, 0.0, 1.6479873021779664e-17, 0.0, 0.0, 0.0, 0.0, 0.0, 0.0, 9.431811629084389e-18, 0.0, 4.329960711598887e-18, 0.0, 0.0, 0.0, 1.6479873021779664e-17, 0.0, 1.2723312059581544e-17, 0.0, 0.0, 3.144217228144199e-18, 0.0, 0.0, 0.0, 0.0, 7.904957008442161e-18, 0.0, 0.0, 0.0, 0.0, 0.0, 1.680737692238252e-17, 0.0, 0.0, 0.0, 0.0, 0.0, 6.505213034913025e-18, 5.5249169795690626e-18, 0.0], [0.0, 1.1299831109561705e-22, 0.0, 0.348037652582376, 0.0, 0.0, 0.0, 0.0, 1.0, 0.232616013083133, 3.023780040211843e-23, 0.30426379927587066, 0.0, 0.0, 2.165759388858304e-22, 0.0, 0.0, 0.3552311711563497, 0.10160531866082198, 0.32659857956587035, 0.0, 0.15491918296530904, 0.05665772080608304, 0.0, 7.26138148962735e-24, 3.2925269420513394e-24, 4.5005339285759157e-23, 1.6934952260706112e-22, 0.0, 0.11700157664792361, 0.0, 0.0, 0.0, 0.0, 0.0, 0.0, 0.25, 0.0, 0.0, 0.2881148705005299, 0.0, 0.062499999999999986, 0.0, 2.8559337304841497e-24, 0.055223194150859, 0.09592822086170631, 0.0, 0.0, 0.0, 0.0, 7.950213974650158e-24, 0.0, 0.0, 0.14106867563528247, 0.0, 0.08710272049656681, 0.0, 0.062499999999999986, 0.0, 0.0, 4.5939805440837364e-24, 0.29214502390737046, 0.0, 0.0, 0.0, 0.0, 0.0, 0.0, 0.0, 0.12116320296724911, 0.0, 0.0, 0.0, 0.0, 0.0, 0.23975925121489927, 0.0, 0.06901048936558553, 0.0, 0.0, 0.0, 0.0, 0.1132313891197484, 0.0], [0.0, 1.954791189835856e-22, 0.24204835400929298, 0.35767627325006257, 0.003765811201967125, 7.01518477809871e-12, 7.310336248872428e-09, 8.215310355883964e-18, 0.232616013083133, 1.0, 0.0012170544514899036, 0.4628491407195592, 1.4832638584887873e-14, 2.9459491276753972e-12, 0.001670644075481332, 0.0, 2.396728981215028e-13, 0.7100215822555717, 0.3726691013977702, 0.3405794364647037, 0.0009748149658544181, 0.3909963912628694, 0.06744941303749609, 0.0, 4.944185789978186e-06, 1.62011842133926e-24, 0.022757806090913595, 2.0754575318399436e-08, 5.828417998709496e-14, 0.3185443420235311, 4.0676040258622144e-07, 3.2418723135921603e-09, 1.4442605010639272e-11, 0.004421518337710112, 0.0, 0.17755985117997586, 0.1870133254201391, 2.0765860123270383e-13, 3.991654684504672e-12, 0.5070036399230254, 1.1508689818525329e-11, 0.2109875330903352, 0.01822916666667032, 0.00033179730739067953, 0.237112001111806, 0.43621436466011365, 0.004820756974076612, 4.8767837442569826e-08, 0.20327077293899853, 0.0002518726679797513, 0.0024507750813830245, 0.17920913908096306, 6.470345453514032e-30, 0.26448344913164934, 0.19432932042935283, 0.1403630567293715, 1.083064814371839e-05, 0.11156420446748666, 0.0026464369868946657, 0.1974657444097209, 2.8055432617479455e-06, 0.1263581224543859, 6.6030255642108935e-06, 5.599850901928647e-16, 1.5796233979024765e-11, 0.20742674008747267, 0.19458263215400146, 2.20836763339645e-05, 2.416520007932008e-07, 0.4114979248004124, 0.09335201937353037, 8.077169623247432e-05, 4.068665760042334e-06, 3.984806423688959e-15, 0.0, 0.1907990012023083, 0.00014538026087823164, 0.14206738333010896, 0.05842036057435089, 0.01792362444579009, 6.806443058275314e-12, 4.142665844739466e-12, 0.35386564780926, 4.835966814920474e-07], [0.0, 2.7665587281054595e-23, 0.0, 0.0016362812516797637, 0.0, 1.4414643503771885e-13, 1.1407368434476552e-09, 8.632973414109506e-18, 3.023780040211843e-23, 0.0012170544514899036, 1.0, 0.0009997829464810197, 7.597468634375395e-16, 0.0, 0.002192812838708806, 0.0, 5.6599435172192427e-14, 0.0008870741538872275, 3.6170726553190726e-18, 0.002272706830688288, 0.0004371507360942614, 8.206438884170024e-24, 0.0, 0.0, 1.1503115952060578e-13, 1.0594316603868095e-24, 8.032582729283015e-18, 4.65661287307873e-10, 0.0, 0.0007650863806857066, 0.0, 5.6843418860808e-14, 3.3843631026473208e-18, 4.6566128730773915e-10, 0.0, 6.103562191128731e-05, 0.00025404526734426136, 1.1832901233595593e-13, 0.0, 0.0017000832745440882, 1.0587911840678754e-22, 4.656621754861657e-10, 0.0, 6.617444900424222e-24, 0.0007566282744353565, 6.929229247621425e-24, 2.3888433499380674e-07, 1.3486540046979848e-13, 0.0, 0.000244140625, 8.271806125530277e-24, 7.093015235507904e-26, 0.0, 0.0019516472078354601, 0.0, 0.0017424173032536245, 0.0, 6.103515624999999e-05, 0.001330966920370957, 6.103515625000802e-05, 2.8628184668609837e-24, 0.0020446834627248995, 0.0, 0.0, 5.684688830775994e-14, 0.0, 0.000244140625, 6.449305731743518e-10, 5.6843418860808e-14, 6.120742305922837e-05, 1.0081438136343787e-25, 2.639634268624442e-05, 2.3841857910156245e-07, 8.881784197238934e-16, 0.0, 0.0014313056378055095, 5.624464269824872e-07, 0.00019301011109426142, 0.0, 0.0, 1.0587911840678757e-22, 5.685900233381477e-14, 0.0017339468754375784, 0.0], [0.0, 9.980646392520747e-23, 0.2435765030067107, 0.7309165540119158, 0.0005611808087927197, 1.995818766568061e-12, 2.1470399135728183e-08, 1.0231899229919903e-17, 0.30426379927587066, 0.4628491407195592, 0.0009997829464810197, 1.0, 8.718862787688064e-15, 1.8189894035458559e-12, 0.001417067585070859, 0.0, 0.0, 0.5498679311857612, 0.2814860664335271, 0.6908974639869172, 0.000775575618649358, 0.3392263092155071, 0.08318862430867868, 0.0, 3.2355729201188417e-06, 2.5656250632009545e-24, 0.006155558505976254, 2.6296311234465293e-08, 0.0, 0.6062955578475896, 4.271924979200292e-07, 1.1108604437253013e-09, 2.4534079637188306e-11, 0.003189441026179653, 0.0, 0.1786778272405495, 0.2637088976996688, 0.0, 2.2037220355022193e-12, 0.6630994356166948, 9.011206185602543e-12, 0.09256339877189505, 0.0042105903119286124, 0.0004736798781373019, 0.2629563738597337, 0.6080922717058957, 0.0038633776195349636, 9.063616874895649e-08, 0.18600714558103384, 0.00011644073805008398, 0.0007470289176436327, 0.18339993617281605, 1.25643626630128e-29, 0.7329423494778777, 0.1955561998993184, 0.5648607667865848, 2.5067128947819073e-05, 0.07823012062202218, 0.0019623336390354835, 0.19511193977874597, 6.580737050262193e-06, 0.6458279010356969, 8.381409081611147e-06, 1.4187171256631405e-14, 2.337035314665067e-11, 0.18282045429706004, 0.19564693409741016, 4.3350279167837545e-06, 1.7161898695398987e-08, 0.33015845670844235, 0.20781814299305115, 0.00011778350806481322, 3.743910131724016e-06, 1.8278283398107754e-15, 0.0, 0.5282903520737692, 0.0001289406918565834, 0.06494690262190188, 0.2697047652683787, 0.24721003300431446, 6.814981144932256e-12, 9.13643973091279e-13, 0.6801693817758665, 2.4268929508261778e-06], [0.0, 0.0, 0.0, 9.468509916266217e-15, 0.0, 8.170946029483848e-15, 1.094791323618562e-15, 0.0, 0.0, 1.4832638584887873e-14, 7.597468634375395e-16, 8.718862787688064e-15, 1.0, 0.0, 3.907394286987493e-15, 0.0, 0.0, 9.578685439201552e-15, 9.328214480216648e-16, 1.3866023827331162e-14, 5.511138387563833e-15, 5.426871811524824e-17, 1.805049435772177e-15, 0.0, 3.613073087869905e-15, 0.0, 7.787098035391259e-16, 2.962275004866026e-29, 0.0, 1.0622032201006867e-14, 4.093905372556832e-15, 2.5683165868417515e-16, 0.0, 0.0, 0.0, 0.0, 0.0, 0.0, 0.0, 9.094772836308055e-15, 0.0, 7.958782972036651e-15, 2.5742533139745043e-15, 0.0, 1.1547801405392786e-14, 4.60788474726338e-15, 1.3290911695588471e-14, 4.093905372556832e-15, 0.0, 0.0, 0.0, 0.0, 1.262177448353619e-29, 1.0018399432946813e-14, 0.0, 6.335348180995069e-15, 0.0, 7.085124551345576e-30, 0.0, 9.184302636726074e-16, 6.310887241768093e-30, 1.3136038488718705e-14, 0.0, 3.3076223793772415e-15, 2.1177035099126196e-14, 0.0, 0.0, 6.310887241768094e-30, 0.0, 9.668517082627939e-15, 0.0, 0.0, 1.262177448353619e-29, 4.316660302416349e-15, 0.0, 2.3256580298971004e-14, 0.0, 6.310887241768094e-30, 1.4204775506077914e-29, 4.093905372556832e-15, 0.0, 6.479320696588394e-15, 8.64155833717894e-15, 0.0], [0.0, 0.0, 7.275957614183426e-12, 2.0354701609932514e-12, 0.0, 1.8189894035458559e-12, 0.0, 0.0, 0.0, 2.9459491276753972e-12, 0.0, 1.8189894035458559e-12, 0.0, 1.0, 0.0, 0.0, 0.0, 5.6114359706385495e-12, 0.0, 6.312094172140562e-12, 0.0, 0.0, 0.0, 0.0, 0.0, 0.0, 0.0, 0.0, 0.0, 6.3664629124104985e-12, 0.0, 2.4645084942512154e-12, 2.1836787636813132e-12, 0.0, 0.0, 0.0, 0.0, 0.0, 1.8189894035458563e-12, 7.180525785013362e-12, 2.6467490434462957e-12, 0.0, 0.0, 0.0, 7.258635834586865e-12, 0.0, 0.0, 2.379263501208474e-12, 0.0, 0.0, 0.0, 0.0, 0.0, 1.872946552999088e-12, 0.0, 1.7800633658735092e-12, 0.0, 0.0, 0.0, 0.0, 0.0, 2.334298229750845e-13, 0.0, 0.0, 0.0, 0.0, 0.0, 0.0, 0.0, 1.8189894035458559e-12, 2.128707261135974e-12, 0.0, 0.0, 0.0, 0.0, 5.707730746891583e-12, 0.0, 1.8189894035458559e-12, 0.0, 0.0, 4.455595886216867e-12, 0.0, 2.7940571351053617e-12, 0.0], [0.0, 7.22960688967827e-23, 0.0, 0.0018384899327008862, 0.0, 1.344258148829576e-14, 2.2807016011053903e-16, 0.0, 2.165759388858304e-22, 0.001670644075481332, 0.002192812838708806, 0.001417067585070859, 3.907394286987493e-15, 0.0, 1.0, 0.0, 0.0, 0.0008282543166663786, 4.0151347310308086e-16, 0.0024390453107027274, 0.00048382846370791793, 9.97611147595802e-15, 1.907919136965412e-16, 0.0, 4.726718184768103e-16, 3.540840948227646e-26, 4.033434505225539e-16, 1.978865030334166e-21, 0.0, 0.0011223966888017035, 8.426000324584083e-15, 4.440892098512743e-16, 0.0, 0.0, 0.0, 7.490244959622435e-05, 1.498048991924487e-05, 0.0, 8.426000324584081e-15, 0.002344051107512181, 6.192289542045223e-22, 3.3413288631322625e-05, 3.725853654261409e-16, 0.00028133103500880456, 0.0006896657890754776, 2.688552539584913e-05, 1.6992994415839932e-14, 2.0643976717270246e-14, 1.2847023339894613e-20, 0.00027310112733731505, 1.2639000486876125e-14, 8.426016224096152e-15, 0.0, 0.0020815055775109986, 1.6940658945086007e-21, 0.0019123008402287893, 0.0, 0.00010831573822562147, 0.0015751075453709566, 7.49024495964464e-05, 0.0, 0.0020332136244670114, 0.0, 0.0, 3.0307113797863923e-15, 1.3552527156068808e-20, 0.0002396878387107266, 0.0, 0.0, 0.0004646151921321148, 1.4748054871048344e-20, 0.00014098046704611865, 0.0, 1.3322676295682693e-15, 0.0, 0.0018530228444841338, 3.341328862939714e-05, 2.1479971261755297e-05, 0.0, 2.8086667748613606e-15, 6.192288027432285e-22, 1.2073759510671118e-14, 0.0020969064528091807, 0.0], [0.0, 0.0, 0.0, 0.0, 0.0, 0.0, 0.0, 0.0, 0.0, 0.0, 0.0, 0.0, 0.0, 0.0, 0.0, 1.0, 0.0, 0.0, 0.0, 0.0, 0.0, 0.0, 0.0, 0.0, 0.0, 0.0, 0.0, 0.0, 0.0, 0.0, 0.0, 0.0, 0.0, 0.0, 0.0, 0.0, 0.0, 0.0, 0.0, 0.0, 0.0, 0.0, 0.0, 0.0, 0.0, 0.0, 0.0, 0.0, 0.0, 0.0, 0.0, 0.0, 0.0, 0.0, 0.0, 0.0, 0.0, 0.0, 0.0, 0.0, 0.0, 0.0, 0.0, 0.0, 0.0, 0.0, 0.0, 0.0, 0.0, 0.0, 0.0, 0.0, 0.0, 0.0, 0.0, 0.0, 0.0, 0.0, 0.0, 0.0, 0.0, 0.0, 0.0, 0.0], [0.0, 0.0, 0.0, 2.3432534284045495e-13, 0.0, 1.047569457529633e-13, 5.989036199917324e-14, 0.0, 0.0, 2.396728981215028e-13, 5.6599435172192427e-14, 0.0, 0.0, 0.0, 0.0, 0.0, 1.0, 2.443418956303684e-13, 0.0, 3.5353698989164035e-14, 0.0, 0.0, 0.0, 0.0, 3.349944226834821e-13, 0.0, 0.0, 0.0, 0.0, 1.8544871291358124e-13, 0.0, 0.0, 0.0, 2.7847474288855413e-13, 0.0, 0.0, 0.0, 3.0168097146260037e-13, 1.8564982859236946e-13, 1.8782935620822248e-13, 0.0, 0.0, 0.0, 0.0, 2.5470946348432516e-13, 0.0, 6.717450016118038e-14, 2.3584009439004967e-13, 0.0, 0.0, 1.8564982859236941e-13, 0.0, 0.0, 8.484713477529482e-14, 0.0, 7.864880854366169e-14, 0.0, 0.0, 0.0, 2.784747428885542e-13, 0.0, 2.486703272933918e-13, 0.0, 0.0, 2.784747428885542e-13, 0.0, 0.0, 0.0, 0.0, 2.069859912125046e-13, 0.0, 0.0, 0.0, 0.0, 0.0, 3.1583013229493435e-13, 0.0, 0.0, 0.0, 1.4327407320993287e-13, 2.784747428885542e-13, 1.8564982859236944e-13, 3.7827409738778605e-13, 0.0], [0.0, 7.391782750032748e-23, 0.17046804164281115, 0.4074990811401301, 0.0012705517720687871, 5.24360652293748e-12, 2.0300742574813182e-08, 8.184694108549907e-18, 0.3552311711563497, 0.7100215822555717, 0.0008870741538872275, 0.5498679311857612, 9.578685439201552e-15, 5.6114359706385495e-12, 0.0008282543166663786, 0.0, 2.443418956303684e-13, 1.0, 0.22660531866082295, 0.5481673243128922, 0.0010072496675051887, 0.27991918296532137, 0.10827236909748189, 0.0, 7.120162426653787e-06, 8.432778353789247e-25, 0.024858474866856776, 4.1486196151356544e-08, 4.513065900990433e-13, 0.32841301270731604, 3.543835851256163e-07, 1.1645168190238085e-09, 1.5313550282236675e-11, 0.003189440689078772, 0.0, 0.12518437678452823, 0.2696206393049359, 4.778919762926852e-13, 1.7674934991295142e-12, 0.6152661607623331, 1.5328634337375875e-11, 0.07283221124230545, 0.021961937924439366, 0.000145212871498871, 0.24667666598191074, 0.26166959057698413, 0.007126259660665773, 1.1200042212936416e-07, 0.15563345112312657, 0.00015087962830059333, 0.0007112807748983568, 0.12820035741131575, 1.3931133641048597e-29, 0.26855773256235826, 0.13686083022601064, 0.12154716736997687, 3.599593139109835e-05, 0.071637718534318, 0.004351845466684441, 0.13385214072022736, 1.364028717587387e-06, 0.3604149221043289, 1.7062198856439457e-05, 8.44277997369253e-15, 2.5613523460187472e-11, 0.16257574043079098, 0.13697969888269926, 1.4917808002604728e-05, 2.9749898059388557e-07, 0.30353934578673114, 0.07021472383672528, 0.00014446411380189257, 4.996807579632662e-06, 6.295851358172056e-15, 0.0, 0.4954348479514742, 0.00021414734738959672, 0.050014922790858306, 0.12753744957919327, 0.049749939290136984, 6.150646857445136e-12, 1.1362064478460237e-12, 0.33430149171738033, 6.175180266119931e-07], [0.0, 1.278428980722645e-22, 0.4731357889926701, 0.5312304167819278, 0.0, 0.0, 3.09975769717178e-16, 2.667148914058463e-18, 0.10160531866082198, 0.3726691013977702, 3.6170726553190726e-18, 0.2814860664335271, 9.328214480216648e-16, 0.0, 4.0151347310308086e-16, 0.0, 0.0, 0.22660531866082295, 1.0, 0.3526013098731632, 4.036515681344582e-22, 0.7368015476828444, 2.323561094968271e-16, 0.0, 1.765068821707477e-16, 0.0, 3.8745381363490206e-16, 7.593427401553115e-21, 0.0, 0.4133839888401776, 6.505213034913027e-19, 2.23230509565194e-16, 1.7396520601843174e-17, 3.9443045261050586e-31, 0.0, 0.5, 0.101605318660822, 0.0, 0.0, 0.42265262765597955, 1.0282023972432392e-21, 0.10758210211145952, 4.143415912868715e-16, 1.021353858038125e-22, 0.12500000000000094, 0.288406583016685, 2.5932431264230203e-16, 6.164427207133624e-25, 0.125, 0.0, 0.0, 0.12500000000000003, 4.1772580344056086e-30, 0.22428411733407605, 0.08798196228814968, 0.21754465997006212, 0.0, 0.19499256007701865, 0.0, 0.12500000000000097, 6.310887241768096e-30, 0.17178536492203722, 0.0, 9.599226978281719e-30, 2.324057877483143e-16, 0.12499999999999997, 0.08798196228814968, 6.310887241768095e-30, 0.0, 0.31537329659679014, 0.1819165406732839, 0.0, 5.412572867853976e-30, 0.0, 0.0, 0.2824493714355764, 5.551111652961167e-19, 2.4585980402023917e-19, 0.18749999999999997, 0.46928300941618245, 1.0282023974404544e-21, 1.0972670031964452e-15, 0.15651021986752026, 0.0], [0.0, 7.806228988899752e-23, 0.2628334183154621, 0.7363789479613392, 0.002483898764024753, 3.854640877844022e-12, 1.3921939177865627e-08, 6.2511400253432115e-18, 0.32659857956587035, 0.3405794364647037, 0.002272706830688288, 0.6908974639869172, 1.3866023827331162e-14, 6.312094172140562e-12, 0.0024390453107027274, 0.0, 3.5353698989164035e-14, 0.5481673243128922, 0.3526013098731632, 1.0, 0.00106068995381534, 0.3736071875628926, 0.08035006805379644, 0.0, 3.7165406528456764e-06, 5.3898249706183875e-25, 0.008857411379663917, 4.9833084154238394e-08, 1.3666124030633581e-12, 0.6293108822641571, 2.813284534557149e-07, 8.8028664140853e-10, 2.5734776916645542e-11, 7.609041350839131e-10, 0.0, 0.19302174387721896, 0.23027202508285802, 4.704239800265612e-13, 1.3726422592857783e-12, 0.6481924846816833, 1.5314220599824977e-11, 0.11985503595085698, 0.029580336849785855, 0.0003175580234996464, 0.29356619261433115, 0.36469438647196534, 0.01623272433626468, 6.647721907392162e-08, 0.22766346463244244, 0.00010187577460506435, 0.0025019224118836623, 0.19273484799433324, 3.301023938695099e-30, 0.4168993291475414, 0.21101667794908185, 0.5824526072908248, 2.507062880761731e-05, 0.04217937657353691, 0.003460010945465967, 0.20533919532478925, 7.070545380418558e-07, 0.44335414088257674, 7.987086860414875e-06, 5.4669861667285e-15, 2.4032631019006136e-11, 0.22766755173098344, 0.21111987670503743, 8.256181015482238e-06, 4.4282231868450573e-07, 0.2170988491750284, 0.15547130088104344, 0.0001713289304745334, 4.466727681005605e-06, 5.700233317382017e-15, 0.0, 0.7080933153914898, 0.000114163485178795, 0.07542366851461998, 0.2890982551071255, 0.2667542115628315, 2.7504935690748883e-12, 2.1940266784065735e-12, 0.560351387612285, 1.8857675431629163e-06], [0.0, 4.265858291402778e-26, 0.0, 0.0007244114867201529, 0.0, 7.18061915904274e-15, 7.509404229074708e-09, 0.0, 0.0, 0.0009748149658544181, 0.0004371507360942614, 0.000775575618649358, 5.511138387563833e-15, 0.0, 0.00048382846370791793, 0.0, 0.0, 0.0010072496675051887, 4.036515681344582e-22, 0.00106068995381534, 1.0, 5.3234422245192425e-25, 0.0, 0.0, 1.1564193927057816e-08, 2.257351533153888e-27, 1.0587911840678754e-22, 1.793145443242421e-08, 0.0, 0.0007160589582276016, 7.328688740378145e-16, 2.0194839173657902e-28, 0.0, 0.0, 0.0, 6.730548702316302e-05, 0.00018310546875, 0.0, 0.0, 0.0005273190080096438, 3.1763735522036263e-22, 1.7483354618057532e-11, 4.4408920985006257e-16, 0.0001250360155594687, 0.0005531505811506333, 1.3929487676040186e-25, 7.514808364718444e-09, 2.012709516728166e-08, 0.0, 0.00024416449589897683, 6.0036618161177816e-12, 2.559514974841667e-25, 0.0, 0.0004615970371953682, 0.0, 0.00033109938202938383, 0.0, 6.103832609302759e-05, 0.00024414062499999997, 0.0001220703125, 6.310887241768095e-30, 0.0008443291837989057, 0.0, 1.004650288785792e-15, 4.397213244226891e-15, 0.0, 0.0002958388499143139, 2.524354896707238e-29, 0.0, 0.00012089481617081507, 0.0, 2.616924047556576e-05, 0.0, 0.0, 0.0, 0.0005468256212723505, 1.529883612034304e-05, 0.00012207036607925093, 8.820594453488909e-08, 1.3924508606718485e-14, 3.1763735522036263e-22, 4.3972133374323766e-15, 0.0008364836440318876, 0.0], [0.0, 3.1493957979225296e-24, 0.47313578899267017, 0.5845442810864268, 0.0, 2.6747190008348364e-14, 8.787722747438761e-16, 0.0, 0.15491918296530904, 0.3909963912628694, 8.206438884170024e-24, 0.3392263092155071, 5.426871811524824e-17, 0.0, 9.97611147595802e-15, 0.0, 0.0, 0.27991918296532137, 0.7368015476828444, 0.3736071875628926, 5.3234422245192425e-25, 1.0, 8.678057124308245e-17, 0.0, 7.82164316403888e-24, 1.2534188827015178e-24, 2.6656235519733164e-16, 4.030740751137974e-24, 0.0, 0.368647143073088, 2.820245923316929e-14, 0.0, 0.0, 0.0, 0.0, 0.5, 0.15491918296530904, 0.0, 2.820245923316929e-14, 0.4767815870342511, 0.0, 0.1277036508227551, 1.6628550819773355e-16, 6.617444900424222e-24, 0.12500000000000822, 0.2951830238464669, 1.3166144647718896e-14, 5.37290364824487e-15, 0.125, 0.0, 2.63829457359095e-14, 0.1250000000000282, 2.761013168273541e-30, 0.27443768377403793, 0.0879819622881497, 0.21754465997009004, 0.0, 0.14096249981528122, 0.0, 0.12500000000000025, 1.1422844688798074e-23, 0.20642896791685428, 0.0, 2.4230787564416065e-31, 9.06365846352658e-15, 0.125, 0.08798196228815788, 0.0, 0.0, 0.3392899957116807, 0.1819165406732839, 0.0, 0.0, 7.5853391018866e-27, 0.0, 0.26050345150845117, 0.0, 1.370174209660249e-23, 0.18749999999999997, 0.4692830094161906, 2.423078756441606e-31, 2.58245143913682e-14, 0.12369380992567519, 0.0], [0.0, 0.0, 0.0, 0.09644892092563548, 0.0033752649474126854, 0.0, 6.9165622903558024e-15, 0.0, 0.05665772080608304, 0.06744941303749609, 0.0, 0.08318862430867868, 1.805049435772177e-15, 0.0, 1.907919136965412e-16, 0.0, 0.0, 0.10827236909748189, 2.323561094968271e-16, 0.08035006805379644, 0.0, 8.678057124308245e-17, 1.0, 0.0, 1.7763568394002503e-15, 0.0, 0.00781250000000023, 1.4918065308085183e-30, 0.0, 0.047516968163282616, 0.0, 0.0, 0.0, 3.944304526105059e-31, 0.0, 0.0, 0.0078125, 0.0, 0.0, 0.1374086751077854, 0.0, 4.6241574598053166e-05, 0.007812500000007955, 0.0, 0.10441898937963087, 0.012757759076999622, 0.0018959045582269242, 0.0, 0.007812499999999998, 0.0, 0.0025350732225976544, 0.0, 3.9443045261050586e-31, 0.09102613403661858, 0.0, 0.06470242000960161, 0.0, 0.031124008356749087, 0.0007252300350100173, 0.03125000000000023, 0.0, 0.08456310622616446, 0.0, 3.1554436208840472e-30, 3.053497412918582e-15, 0.007812499999999998, 0.0, 0.0, 0.0, 0.04538248256584024, 1.8285966416702723e-30, 0.0, 2.5082378716652776e-30, 1.7763568394002503e-15, 0.0, 0.09094850468908461, 4.055401993434421e-19, 0.043563912688569184, 0.0, 0.0, 0.0, 6.360814215591842e-15, 0.09845750710897365, 0.0], [0.0, 0.0, 0.0, 0.0, 0.0, 0.0, 0.0, 0.0, 0.0, 0.0, 0.0, 0.0, 0.0, 0.0, 0.0, 0.0, 0.0, 0.0, 0.0, 0.0, 0.0, 0.0, 0.0, 1.0, 0.0, 0.0, 0.0, 0.0, 0.0, 0.0, 0.0, 0.0, 0.0, 0.0, 0.0, 0.0, 0.0, 0.0, 0.0, 0.0, 0.0, 0.0, 0.0, 0.0, 0.0, 0.0, 0.0, 0.0, 0.0, 0.0, 0.0, 0.0, 0.0, 0.0, 0.0, 0.0, 0.0, 0.0, 0.0, 0.0, 0.0, 0.0, 0.0, 0.0, 0.0, 0.0, 0.0, 0.0, 0.0, 0.0, 0.0, 0.0, 0.0, 0.0, 0.0, 0.0, 0.0, 0.0, 0.0, 0.0, 0.0, 0.0, 0.0, 0.0], [0.0, 6.046464985621875e-25, 0.0, 1.5267892102477256e-06, 0.0, 3.992243578974883e-13, 7.453857603521193e-09, 6.445503275332359e-18, 7.26138148962735e-24, 4.944185789978186e-06, 1.1503115952060578e-13, 3.2355729201188417e-06, 3.613073087869905e-15, 0.0, 4.726718184768103e-16, 0.0, 3.349944226834821e-13, 7.120162426653787e-06, 1.765068821707477e-16, 3.7165406528456764e-06, 1.1564193927057816e-08, 7.82164316403888e-24, 1.7763568394002503e-15, 0.0, 1.0, 3.109884323161024e-24, 1.8208655727225718e-16, 2.981026358173235e-08, 0.0, 4.4333476785952405e-06, 0.0, 8.538133612416302e-14, 5.202892752228049e-12, 2.2737367544323206e-13, 0.0, 0.0, 1.1796119636642286e-16, 3.0307012363358195e-13, 1.1368683772161602e-13, 2.936426416079676e-06, 0.0, 7.63346564979424e-06, 1.7763568394002503e-15, 6.1034744680019486e-24, 3.4224084301891585e-06, 3.934097071302267e-15, 3.311083670561103e-08, 1.18203442972703e-07, 0.0, 6.697591110594282e-08, 2.1316282072977388e-13, 7.941194037031695e-12, 0.0, 6.722723611348221e-06, 0.0, 7.500225748565541e-08, 2.1031295940093273e-06, 2.103184080641558e-06, 0.0, 2.4034033646817595e-06, 1.619789864009311e-06, 1.1975930599360969e-06, 7.603622378341413e-06, 0.0, 2.9199823001806e-11, 7.603622378341415e-06, 0.0, 6.461813172034313e-06, 1.7042743147978382e-13, 9.578501141675139e-08, 5.2028512656414556e-12, 2.9802322387695312e-08, 2.103129594009327e-06, 1.0466649177880541e-14, 0.0, 7.72276779333569e-06, 1.4340409881842589e-06, 7.619482260056702e-06, 6.251167394560065e-06, 3.899426363716629e-14, 4.5474735088646407e-13, 2.0165470741066175e-13, 6.1399279895887955e-06, 0.0], [0.0, 5.065426064694368e-25, 0.0, 1.4315364797560186e-24, 0.0, 0.0, 0.0, 0.0, 3.2925269420513394e-24, 1.62011842133926e-24, 1.0594316603868095e-24, 2.5656250632009545e-24, 0.0, 0.0, 3.540840948227646e-26, 0.0, 0.0, 8.432778353789247e-25, 0.0, 5.3898249706183875e-25, 2.257351533153888e-27, 1.2534188827015178e-24, 0.0, 0.0, 3.109884323161024e-24, 1.0, 0.0, 3.410713544962819e-26, 0.0, 3.1812221337317882e-24, 0.0, 8.077935669463161e-28, 0.0, 0.0, 0.0, 0.0, 0.0, 0.0, 0.0, 1.0753550193459337e-24, 0.0, 1.2916874513887413e-26, 0.0, 1.633875750530996e-27, 1.555670821346389e-24, 0.0, 2.5328533605204008e-26, 1.408280215742383e-26, 0.0, 0.0, 0.0, 0.0, 0.0, 1.063059218289835e-24, 0.0, 1.2506458744549333e-24, 0.0, 6.546311643501239e-28, 0.0, 0.0, 1.5164977896805507e-24, 2.194401057569886e-24, 0.0, 0.0, 0.0, 0.0, 3.828961173610553e-26, 0.0, 0.0, 2.1142404133389976e-24, 0.0, 0.0, 0.0, 3.0049475958691904e-26, 0.0, 2.853220875149088e-24, 0.0, 1.865738443970041e-26, 0.0, 0.0, 0.0, 4.6872736857443834e-26, 2.5588442084906207e-24, 0.0], [0.0, 2.8217476267472193e-23, 0.0, 0.04320982365468981, 0.0, 0.0, 3.672966404719535e-16, 1.6479873021779664e-17, 4.5005339285759157e-23, 0.022757806090913595, 8.032582729283015e-18, 0.006155558505976254, 7.787098035391259e-16, 0.0, 4.033434505225539e-16, 0.0, 0.0, 0.024858474866856776, 3.8745381363490206e-16, 0.008857411379663917, 1.0587911840678754e-22, 2.6656235519733164e-16, 0.00781250000000023, 0.0, 1.8208655727225718e-16, 0.0, 1.0, 5.084217758225436e-22, 0.0, 0.02039885328184612, 0.0, 3.619790857368572e-16, 3.4694469519536134e-18, 0.0019531250000000004, 0.0, 0.0, 0.016550553556433794, 0.0, 0.0, 0.04133147731681778, 1.0587911840678752e-22, 0.017483331405193873, 0.007812500000000548, 1.6543612251060557e-24, 0.0270903393479187, 0.0264016776855149, 0.004437201830055511, 0.0, 0.014202826830055193, 0.0, 8.271806125530275e-24, 0.0019531249999999998, 0.0, 0.028602416434215683, 0.0, 0.02070236765569014, 0.0, 0.010638894773976495, 0.0, 0.009765625000000357, 1.3139135026327007e-23, 0.021050054272729636, 0.0, 0.0, 2.2898349882893854e-16, 0.012249701830055191, 0.0, 0.0, 0.0, 0.013758133742135898, 0.0, 0.0, 0.0, 0.0, 0.0, 0.02929687500000138, 0.0, 1.171095023003544e-22, 0.0034455189700820163, 0.0, 1.0587911840678753e-22, 5.299881081536536e-16, 0.020686397683911954, 0.0], [0.0, 1.9439374784998534e-22, 0.0, 3.575256894843806e-08, 0.0, 0.0, 1.2222037754311732e-08, 0.0, 1.6934952260706112e-22, 2.0754575318399436e-08, 4.65661287307873e-10, 2.6296311234465293e-08, 2.962275004866026e-29, 0.0, 1.978865030334166e-21, 0.0, 0.0, 4.1486196151356544e-08, 7.593427401553115e-21, 4.9833084154238394e-08, 1.793145443242421e-08, 4.030740751137974e-24, 1.4918065308085183e-30, 0.0, 2.981026358173235e-08, 3.410713544962819e-26, 5.084217758225436e-22, 1.0, 0.0, 4.6643085051070495e-08, 0.0, 1.0033428910110265e-09, 7.275957614183425e-12, 4.656612873077393e-10, 0.0, 6.984919309616089e-10, 7.507853049949731e-10, 0.0, 0.0, 1.8023633029718474e-08, 1.0587911840678752e-22, 6.316894333204823e-09, 0.0, 1.1251436050670438e-21, 4.50439789158064e-08, 8.934696123046615e-22, 1.0360994486108804e-08, 1.42068954483524e-08, 0.0, 1.6152291998049745e-08, 8.427066819284931e-11, 7.275957614184239e-12, 9.099332218821721e-30, 4.494795921628327e-08, 1.6940658945086007e-21, 1.1341654285740894e-08, 0.0, 5.945050816831037e-09, 0.0, 2.5863576824981807e-26, 8.595001683764665e-24, 4.1853706903981346e-08, 0.0, 2.657073308840621e-29, 7.275957614183424e-12, 0.0, 5.116997606298451e-26, 1.9479701620622797e-09, 0.0, 2.2767135235984357e-08, 1.1681443953244069e-09, 3.607209489825049e-08, 7.79667320306317e-30, 5.1203593918977716e-26, 0.0, 4.177484554888664e-08, 1.9890299150141335e-08, 1.3696141549179424e-10, 7.450580596923827e-09, 0.0, 1.0587911887720336e-22, 5.253090209997332e-21, 3.2769674048549914e-08, 0.0], [0.0, 0.0, 0.0, 3.430351482677246e-12, 0.0, 1.1741526111434774e-12, 0.0, 0.0, 0.0, 5.828417998709496e-14, 0.0, 0.0, 0.0, 0.0, 0.0, 0.0, 0.0, 4.513065900990433e-13, 0.0, 1.3666124030633581e-12, 0.0, 0.0, 0.0, 0.0, 0.0, 0.0, 0.0, 0.0, 1.0, 1.4851986287389557e-12, 0.0, 0.0, 9.094947017729282e-13, 0.0, 0.0, 0.0, 0.0, 0.0, 0.0, 1.2643442518611625e-12, 6.881964448833223e-13, 0.0, 0.0, 0.0, 0.0, 0.0, 0.0, 1.033116558113879e-12, 0.0, 0.0, 1.3642420526593926e-12, 4.657954557220218e-13, 0.0, 0.0, 0.0, 5.858965479251925e-13, 0.0, 0.0, 0.0, 0.0, 0.0, 8.04586067651492e-13, 0.0, 0.0, 0.0, 0.0, 0.0, 0.0, 0.0, 9.094947017729284e-13, 9.094947017729281e-13, 0.0, 0.0, 0.0, 0.0, 1.0471534536699304e-12, 0.0, 0.0, 0.0, 0.0, 0.0, 9.094947017729282e-13, 5.060612247340647e-13, 0.0], [0.0, 1.0079739176277364e-22, 0.2777115852393564, 0.6051371985613838, 0.0018758735802852976, 6.2958801107971595e-12, 1.1445946373119288e-08, 8.61170518746188e-18, 0.11700157664792361, 0.3185443420235311, 0.0007650863806857066, 0.6062955578475896, 1.0622032201006867e-14, 6.3664629124104985e-12, 0.0011223966888017035, 0.0, 1.8544871291358124e-13, 0.32841301270731604, 0.4133839888401776, 0.6293108822641571, 0.0007160589582276016, 0.368647143073088, 0.047516968163282616, 0.0, 4.4333476785952405e-06, 3.1812221337317882e-24, 0.02039885328184612, 4.6643085051070495e-08, 1.4851986287389557e-12, 1.0, 1.5484703093993093e-07, 1.0969033546631242e-09, 1.927537751393919e-11, 0.002090295268387399, 0.0, 0.20368501872478803, 0.0435716129156807, 3.03556755045622e-13, 3.3310940204301312e-12, 0.4918447541165652, 1.1708819575344132e-11, 0.026121698633297094, 0.0020148279019851956, 2.4840469723726403e-05, 0.31644572699463314, 0.4432833784360444, 0.004630627748612422, 7.9424137959056e-08, 0.21724070564040035, 0.0001765042841679205, 0.002425906566324111, 0.20565470348928194, 9.83827468817327e-30, 0.5599629535948641, 0.22296166340679477, 0.5821410804506624, 4.2352280394279874e-05, 0.25575613905957595, 0.0032933996287243927, 0.2236550539490502, 4.039405008041726e-06, 0.4875424376018409, 1.022692451525796e-05, 1.3358230372118883e-14, 4.336906543283086e-11, 0.2093505823228731, 0.22311393280735306, 8.692472015112144e-06, 2.151535958721411e-07, 0.15449898113539048, 0.19793984198183603, 0.0002255448072881499, 7.633150368038756e-06, 5.883215039956319e-15, 0.0, 0.6250182038538674, 0.00016863730833718946, 0.08879419533036487, 0.30898147030439094, 0.28185432217408224, 7.483809956712857e-12, 2.6689623646063235e-12, 0.726356550180944, 1.441580151018413e-06], [0.0, 0.0, 0.0, 4.950087388842477e-07, 0.0, 3.12356182329457e-14, 2.6020852139652106e-18, 4.3368086899420173e-19, 0.0, 4.0676040258622144e-07, 0.0, 4.271924979200292e-07, 4.093905372556832e-15, 0.0, 8.426000324584083e-15, 0.0, 0.0, 3.543835851256163e-07, 6.505213034913027e-19, 2.813284534557149e-07, 7.328688740378145e-16, 2.820245923316929e-14, 0.0, 0.0, 0.0, 0.0, 0.0, 0.0, 0.0, 1.5484703093993093e-07, 1.0, 0.0, 1.734723475976807e-18, 0.0, 0.0, 0.0, 5.405445996451212e-07, 0.0, 2.842170943040401e-14, 1.4236209240220097e-07, 0.0, 3.553361830830721e-15, 0.0, 0.0, 6.453764284256902e-08, 0.0, 2.380646664686212e-07, 8.317153387266211e-15, 0.0, 0.0, 4.768371830721208e-07, 2.842170943040401e-14, 0.0, 5.216884942333741e-07, 0.0, 2.1214880301214916e-07, 0.0, 0.0, 0.0, 0.0, 0.0, 3.056375525309429e-07, 0.0, 1.4187171256631373e-14, 1.0660092600311977e-14, 0.0, 7.105427357601e-15, 0.0, 1.249078762177884e-07, 1.7539985453130337e-07, 0.0, 1.8152880373641985e-07, 1.1920928955078124e-07, 0.0, 0.0, 2.3605505215117196e-07, 2.232431057852426e-07, 5.615882744022145e-07, 0.0, 1.0658141036401503e-14, 0.0, 2.9981237408675817e-14, 3.1220371739089e-07, 6.349612056960546e-07], [0.0, 0.0, 1.7016423722618068e-11, 2.7334302031860104e-10, 0.0, 1.8352420088324344e-12, 2.984587500622883e-09, 0.0, 0.0, 3.2418723135921603e-09, 5.6843418860808e-14, 1.1108604437253013e-09, 2.5683165868417515e-16, 2.4645084942512154e-12, 4.440892098512743e-16, 0.0, 0.0, 1.1645168190238085e-09, 2.23230509565194e-16, 8.8028664140853e-10