"{\"names\": [\"172.217.10.1\", \"104.88.86.240\", \"38.93.140.48\", \"192.168.10.15\", \"104.88.108.223\", \"195.142.105.15\", \"172.217.12.163\", \"206.217.206.48\", \"172.217.6.228\", \"178.255.83.1\", \"74.119.118.82\", \"192.168.10.9\", \"172.217.7.6\", \"35.186.227.40\", \"31.13.71.36\", \"206.126.112.142\", \"151.101.2.49\", \"192.168.10.25\", \"172.217.3.98\", \"192.168.10.16\", \"72.30.202.150\", \"172.217.12.132\", \"50.31.164.173\", \"162.208.20.178\", \"23.15.4.16\", \"216.58.217.99\", \"172.217.6.198\", \"172.217.12.174\", \"169.46.44.40\", \"192.168.10.17\", \"52.84.143.130\", \"104.19.195.102\", \"216.200.232.61\", \"104.97.73.166\", \"152.163.13.79\", \"192.229.163.25\", \"74.119.118.86\", \"54.225.188.92\", \"188.165.145.88\", \"192.168.10.14\", \"8.43.72.98\", \"199.96.57.6\", \"68.67.178.110\", \"104.88.70.158\", \"192.168.10.19\", \"69.172.216.56\", \"157.240.18.35\", \"172.217.11.34\", \"185.54.150.20\", \"69.169.85.7\", \"198.232.124.194\", \"74.119.118.72\", \"172.217.12.134\", \"192.168.10.5\", \"23.111.9.30\", \"192.168.10.8\", \"151.101.66.2\", \"68.67.178.199\", \"213.239.195.215\", \"138.108.7.20\", \"52.84.145.87\", \"192.168.10.50\", \"52.84.145.198\", \"52.40.24.51\", \"212.77.100.137\", \"185.54.150.115\", \"172.217.10.138\", \"152.163.66.165\", \"52.84.137.78\", \"192.168.10.51\", \"68.67.178.109\", \"129.146.14.96\", \"54.152.24.232\", \"172.217.10.33\", \"52.8.229.108\", \"192.168.10.12\", \"64.147.131.201\", \"172.217.12.206\", \"68.67.180.12\", \"172.217.10.134\", \"38.69.238.16\", \"172.217.10.142\", \"192.168.10.3\", \"172.217.6.202\"], \"funcEdges\": [[1.0, 0.0, 0.0, 0.0, 0.0, 0.0, 0.0, 0.0, 0.0, 0.0, 0.0, 0.0, 0.0, 0.0, 0.0, 0.0, 0.0, 0.0, 0.0, 0.0, 0.0, 0.0, 0.0, 0.0, 0.0, 0.0, 0.0, 0.0, 0.0, 0.0, 0.0, 0.0, 0.0, 0.0, 0.0, 0.0, 0.0, 0.0, 0.0, 0.0, 0.0, 0.0, 0.0, 0.0, 0.0, 0.0, 0.0, 0.0, 0.0, 0.0, 0.0, 0.0, 0.0, 0.0, 0.0, 0.0, 0.0, 0.0, 0.0, 0.0, 0.0, 0.0, 0.0, 0.0, 0.0, 0.0, 0.0, 0.0, 0.0, 0.0, 0.0, 0.0, 0.0, 0.0, 0.0, 0.0, 0.0, 0.0, 0.0, 0.0, 0.0, 0.0, 0.0, 0.0], [0.0, 1.0, 0.0, 4.6971874156488866e-14, 0.0, 0.0, 0.0, 0.0, 3.033275316618182e-14, 5.247352644283706e-14, 7.42642453729769e-15, 2.6791593655510617e-14, 0.0, 0.0, 1.940682822131528e-14, 0.0, 0.0, 1.9842165731579748e-14, 3.4317566640389844e-14, 2.095468638275724e-14, 1.1451076156840855e-17, 8.454094971398181e-16, 0.0, 0.0, 1.6230855856034414e-16, 1.3597399555105182e-16, 7.574571109028076e-15, 5.2182174347659834e-14, 0.0, 2.7057593821450786e-14, 0.0, 0.0, 0.0, 0.0, 0.0, 0.0, 0.0, 0.0, 0.0, 2.6768699807868244e-14, 0.0, 1.9738213977685546e-15, 0.0, 0.0, 4.349442761798299e-14, 2.8099485149755748e-14, 6.870645694104516e-17, 2.0989342561614555e-16, 0.0, 0.0, 1.7763568394002505e-15, 5.551115123125783e-17, 0.0, 5.1602297945130867e-14, 0.0, 3.442704313897035e-14, 0.0, 0.0, 0.0, 0.0, 3.6259732146947146e-16, 3.7351455290365705e-14, 0.0, 0.0, 0.0, 0.0, 0.0, 0.0, 0.0, 3.39336485200924e-14, 0.0, 0.0, 0.0, 0.0, 0.0, 1.9367515189737005e-14, 0.0, 3.063480917624228e-14, 0.0, 0.0, 0.0, 6.533645727645184e-16, 6.123305959134674e-14, 0.0], [0.0, 0.0, 1.0, 0.0021273547871943632, 0.0, 0.0005916646288584928, 0.00401735270764525, 0.0, 0.0, 0.002266356355657648, 0.0, 0.0021563607402337584, 0.0, 0.001953125, 0.0, 0.0, 0.0, 0.005490049943959373, 0.0, 0.004233552217961237, 0.0, 0.0, 0.0, 0.0, 0.0, 0.0, 0.0, 0.0, 0.0, 0.002785009868618983, 0.0, 0.004567811461470199, 0.0015627393046863092, 0.0, 0.0, 0.0, 0.0, 0.0, 0.0004882812499999998, 0.003317445800837319, 0.0017663070280895298, 9.946299361898322e-05, 0.0, 0.0, 0.0023367114738724096, 0.0, 0.003894364743001277, 0.0008799047461102109, 0.0, 0.0, 0.0, 0.0009765624999999998, 0.0, 0.0016302110298813148, 0.0, 0.0017689458848398744, 0.0, 0.000763065193587758, 0.0, 9.946299361898321e-05, 0.0, 0.004066031275058965, 0.0, 0.0, 0.0009765624999999998, 0.0, 0.0, 0.0, 0.0, 0.0022084403437310513, 0.0005714205043335463, 0.0, 0.0, 0.0, 0.0, 0.0021828625341565188, 0.0, 0.0022055322300316028, 0.0, 9.946299361898322e-05, 0.0013442447359411549, 0.00013676161622610194, 0.00467963389786075, 0.0], [0.0, 4.6971874156488866e-14, 0.0021273547871943632, 1.0, 0.0, 0.001532975750809908, 0.568193903403992, 3.327346498064049e-09, 7.263550697398984e-14, 0.6271572922369688, 0.3662776705168141, 0.30706486664675464, 2.5416837770134438e-06, 0.0005463923608406169, 4.1232520553013966e-06, 0.0, 6.290123025773386e-05, 0.5605388476297188, 2.428370833491962e-07, 0.5140892943349062, 0.026989126313476407, 3.399870792824181e-06, 1.987958297559013e-06, 0.0, 0.006661066382583276, 3.8427514772394163e-16, 2.4910829187204083e-07, 0.6670709333682778, 0.0009208279644927427, 0.5007035876210815, 4.7172196592441324e-06, 0.039967303064587886, 0.0043868885186956015, 0.12925689052687975, 0.0, 0.03503386661021387, 0.2063762605974177, 0.00010886015246566365, 0.0007526020016538604, 0.26037233573839713, 0.004139902104393111, 0.5147878686712253, 2.263555633305051e-06, 2.4551270793682007e-13, 0.5203329034441428, 6.62456735279308e-07, 0.43705527552462403, 0.018761345505193854, 1.4512843892383863e-11, 0.2692945156008921, 0.023100547342101343, 0.00342634467179153, 3.276682641088072e-21, 0.6130037430161581, 7.396733797666559e-13, 0.23058709707211344, 0.0, 0.0052589565264368815, 0.0, 0.00031652563991969775, 4.606869233944968e-15, 0.43395095328408656, 0.0, 2.129827552696346e-06, 0.002636181224920396, 1.6370904631912705e-11, 5.894644321306771e-06, 0.08809815766563858, 2.729464700923706e-05, 0.5590208919316676, 0.002962766810016183, 0.0, 4.724713990130246e-21, 6.327522303690986e-07, 0.0, 0.30459825950479824, 2.074196644725764e-10, 0.175085026633021, 9.852238653639387e-22, 8.414362052531688e-05, 0.0015286835091183068, 0.0005262854456066794, 0.7621389042967719, 0.0], [0.0, 0.0, 0.0, 0.0, 1.0, 0.0, 0.0, 0.0, 0.0, 0.0, 0.0, 0.0, 0.0, 0.0, 0.0, 0.0, 0.0, 0.0, 0.0, 0.0, 0.0, 0.0, 0.0, 0.0, 0.0, 0.0, 0.0, 0.0, 0.0, 0.0, 0.0, 0.0, 0.0, 0.0, 0.0, 0.0, 0.0, 0.0, 0.0, 0.0, 0.0, 0.0, 0.0, 0.0, 0.0, 0.0, 0.0, 0.0, 0.0, 0.0, 0.0, 0.0, 0.0, 0.0, 0.0, 0.0, 0.0, 0.0, 0.0, 0.0, 0.0, 0.0, 0.0, 0.0, 0.0, 0.0, 0.0, 0.0, 0.0, 0.0, 0.0, 0.0, 0.0, 0.0, 0.0, 0.0, 0.0, 0.0, 0.0, 0.0, 0.0, 0.0, 0.0, 0.0], [0.0, 0.0, 0.0005916646288584928, 0.001532975750809908, 0.0, 1.0, 0.0003054757150059297, 0.0, 0.0, 0.001883124324833186, 3.8694014020124436e-05, 0.000535748520697055, 2.1933716233758862e-06, 0.00048828124999999984, 3.608465491627831e-06, 0.0, 2.8120478502363968e-05, 0.0014075699080692968, 0.0, 0.0010347222817603003, 1.9275327783199746e-06, 7.179894146609637e-06, 0.0, 0.0, 0.00010716597255851947, 0.0, 0.0, 0.0, 0.00031518419158589004, 0.001690037448463166, 8.384747423802693e-06, 0.0004926440255112905, 0.0005861768046863094, 4.0742444028624616e-05, 0.0, 0.0, 0.0, 9.518773896948559e-05, 0.0006807711371803339, 0.0010086806887132558, 0.001762428503713712, 0.0002050469858095166, 0.0, 0.0, 0.0009168638328967593, 0.0, 0.0003125165404711086, 0.0012672262846005972, 0.0, 0.0, 0.0009878874630991998, 0.0008542866141778933, 0.0, 0.002296577510809301, 0.0, 0.001859348091063234, 0.0, 0.0, 0.0, 0.0003123924521515514, 0.0, 0.001333707214515032, 0.0, 1.43872222139048e-06, 0.00023754832588587804, 0.0, 3.37534569218945e-06, 0.0, 3.9965015110324946e-05, 0.00121070676167243, 0.0008866046959194362, 0.0, 0.0, 0.0, 0.0, 0.0012434451924084365, 0.0, 0.0004954657612994866, 0.0, 9.389192110860898e-05, 0.0010224539297194267, 9.18956133306022e-05, 0.0010086850480357733, 0.0], [0.0, 0.0, 0.00401735270764525, 0.568193903403992, 0.0, 0.0003054757150059297, 1.0, 1.1641532182693481e-10, 0.0, 0.352045624930028, 0.30621421474687194, 0.2105543510630929, 2.9388080818039224e-07, 0.0, 6.122211742926556e-08, 0.0, 1.607669663325314e-05, 0.7209522086030105, 8.320848709298167e-08, 0.5091595537307737, 0.015790348519997232, 2.3589363629102965e-07, 1.8566505523640642e-06, 0.0, 0.0008796647602788203, 0.0, 9.859544117235689e-08, 0.2994253044752292, 0.0, 0.5278858775995998, 6.984919309616089e-10, 0.03512495918006349, 0.008442689661409429, 0.3291717199009764, 0.0, 0.2789574061368886, 0.09670857161359614, 7.929917712873937e-05, 0.00016694187534916543, 0.3393254508216372, 0.0015674763297169334, 0.4479839683304887, 1.8093757831340768e-06, 0.0, 0.26980401729997905, 5.79530806098218e-07, 0.21219017534242962, 0.012366254326532922, 1.449002550100524e-11, 0.11421731100332197, 0.012988439214790617, 0.0009360927260587264, 0.0, 0.46638675620466663, 0.0, 0.14446521085551084, 0.0, 0.00014299118028910992, 0.0, 0.0002685461790371976, 0.0, 0.2414968405169122, 0.0, 0.0, 0.0026945313169080406, 2.1791927340400665e-11, 0.0, 0.22531553678017352, 1.857591711956522e-05, 0.2934063517801416, 0.007277747216849728, 0.0, 0.0, 6.542151838016846e-07, 0.0, 0.2500030052599039, 1.9614247042647431e-10, 0.05858145615003345, 0.0, 0.00028675969417250966, 0.0002642804604293042, 0.0002028892589530344, 0.5702378127181347, 0.0], [0.0, 0.0, 0.0, 3.327346498064049e-09, 0.0, 0.0, 1.1641532182693481e-10, 1.0, 0.0, 2.2052805815632342e-09, 2.317396155052362e-09, 2.746604535529598e-09, 0.0, 0.0, 0.0, 0.0, 0.0, 2.1970620952491077e-09, 7.159573349651883e-10, 1.6780276232228565e-09, 0.0, 0.0, 0.0, 0.0, 1.7302016108633352e-09, 0.0, 4.423782229423522e-09, 0.0, 0.0, 2.3116870089338953e-09, 1.164153218269348e-10, 0.0, 1.42776040098373e-09, 0.0, 0.0, 0.0, 0.0, 0.0, 0.0, 5.895675740683965e-09, 0.0, 7.974403515340235e-11, 0.0, 0.0, 2.199310316461092e-09, 0.0, 4.423782229423522e-09, 0.0, 0.0, 0.0, 0.0, 0.0, 0.0, 2.531832655559371e-09, 0.0, 1.1623149780801317e-09, 0.0, 0.0, 0.0, 4.423782229423522e-09, 0.0, 3.415388074544071e-09, 0.0, 0.0, 8.440193853999441e-10, 0.0, 0.0, 0.0, 0.0, 2.1219707392215675e-09, 0.0, 0.0, 0.0, 0.0, 0.0, 4.5116958883236285e-09, 0.0, 0.0, 0.0, 0.0, 0.0, 1.7462298274040218e-09, 1.483083608772764e-09, 0.0], [0.0, 3.033275316618182e-14, 0.0, 7.263550697398984e-14, 0.0, 0.0, 0.0, 0.0, 1.0, 3.999380039618927e-14, 8.116897739379644e-15, 5.572117479085703e-14, 0.0, 0.0, 5.813666091344601e-14, 0.0, 0.0, 4.2029189708835194e-14, 3.288940165331572e-14, 4.6535072997705305e-14, 0.0, 1.9252663778310235e-15, 0.0, 0.0, 1.949212251358077e-15, 8.838309710818369e-16, 1.2081028773607474e-14, 4.545941632440876e-14, 0.0, 2.952803365439417e-14, 0.0, 0.0, 0.0, 0.0, 0.0, 0.0, 0.0, 0.0, 0.0, 5.625599143490759e-14, 0.0, 1.7763568394002505e-15, 0.0, 7.666338732482938e-16, 4.8226442320636803e-14, 1.1350515718123903e-14, 0.0, 0.0, 0.0, 0.0, 2.1341193135827875e-15, 0.0, 0.0, 1.391729276023956e-14, 0.0, 6.108959470987049e-14, 0.0, 0.0, 0.0, 0.0, 1.2331872622062459e-15, 3.749508298328359e-14, 0.0, 0.0, 0.0, 0.0, 0.0, 0.0, 0.0, 4.8150144344651305e-14, 0.0, 0.0, 0.0, 0.0, 0.0, 7.443683692691058e-14, 0.0, 2.1567862379603537e-14, 0.0, 0.0, 0.0, 0.0, 3.4934189975892826e-14, 0.0], [0.0, 5.247352644283706e-14, 0.002266356355657648, 0.6271572922369688, 0.0, 0.001883124324833186, 0.352045624930028, 2.2052805815632342e-09, 3.999380039618927e-14, 1.0, 0.328567293566701, 0.3080457468221485, 3.981606102217571e-06, 0.0007907971974403475, 1.6305092656921188e-06, 0.0, 6.433670369808715e-05, 0.3442659554906481, 6.829301838546132e-08, 0.20713069422514208, 0.02527387532629164, 2.2142607726450733e-06, 5.591386840301474e-07, 0.0, 0.014219278185853203, 4.3489722720620437e-16, 2.0952952022625092e-07, 0.3744327605182908, 1.564554043242191e-05, 0.49211018369260806, 1.951305114983139e-06, 0.05112336088925857, 0.0038769072618588377, 0.2981553063365052, 0.0, 0.37032078107482924, 0.1976417061003723, 5.5742931314223016e-05, 0.0010715016454295478, 0.4069130400797877, 0.003089340399398404, 0.37826325350461154, 9.804526800424553e-07, 4.442143547546248e-16, 0.7286729898979336, 1.2970974593984083e-06, 0.30044535244024667, 0.02926581363245868, 5.703514851817302e-12, 0.1426117324074881, 0.05804248606949294, 0.005681296557738881, 1.736870132291566e-21, 0.6886049959264541, 1.911445686842847e-14, 0.21997270464218527, 0.0, 0.011274681047328539, 0.0, 0.0006248129530400786, 3.5154273334390763e-15, 0.45373078325610616, 0.0, 1.5031985303912277e-07, 0.004240269271242207, 8.462020899707106e-12, 7.629394531257927e-06, 0.27816281751090316, 5.8143473936317195e-05, 0.7116222078354419, 0.0014788513374220367, 0.0, 1.4114331499691343e-21, 1.069663329414675e-06, 0.0, 0.26999741160909574, 1.740261601276842e-10, 0.10136738037137467, 3.1207500066657434e-21, 0.00015160532285372593, 0.0018270906460861685, 0.0011120383950882638, 0.5994793686371539, 0.0], [0.0, 7.42642453729769e-15, 0.0, 0.3662776705168141, 0.0, 3.8694014020124436e-05, 0.30621421474687194, 2.317396155052362e-09, 8.116897739379644e-15, 0.328567293566701, 1.0, 0.30618622022666053, 2.0394299573142565e-07, 0.0, 2.3841873014876994e-07, 0.0, 1.5193295189789913e-05, 0.08851935356581164, 9.70950547615706e-10, 0.1250347899192168, 2.851597391164836e-14, 2.2028991640083116e-15, 0.0, 0.0, 3.0878441760122554e-05, 2.8438902085677034e-16, 2.1562300077928108e-09, 0.1250000000000359, 0.0, 0.12501688397341193, 0.0, 1.5258789062499997e-05, 9.084830527287084e-10, 0.12499999999999997, 0.0, 0.125, 0.0, 3.1763702384431955e-05, 0.0, 0.13123052317118114, 2.842170943040401e-14, 0.1250002384185809, 0.0, 1.7763568394002505e-15, 0.28311356093243445, 1.860050812813794e-15, 0.12502539531926762, 3.620265527373297e-05, 0.0, 0.0, 2.220446049250313e-15, 1.9040167791585117e-17, 0.0, 0.4397448399670143, 0.0, 6.005626298875777e-05, 0.0, 0.0, 0.0, 2.156199372576225e-09, 7.68481980597049e-16, 0.2146977072162377, 0.0, 0.0, 1.525972038507461e-05, 0.0, 5.123472193082926e-18, 0.1731222324983985, 1.5258789062499997e-05, 0.37900035699022006, 2.7062154432652346e-17, 0.0, 0.0, 2.384185791079427e-07, 0.0, 2.7273959356305403e-05, 0.0, 3.90177761465641e-15, 0.0, 0.0, 2.8421709430404014e-14, 1.5262972219182633e-05, 0.4085732672532107, 0.0], [0.0, 2.6791593655510617e-14, 0.0021563607402337584, 0.30706486664675464, 0.0, 0.000535748520697055, 0.2105543510630929, 2.746604535529598e-09, 5.572117479085703e-14, 0.3080457468221485, 0.30618622022666053, 1.0, 2.3404519082144767e-06, 0.00048828124999999984, 2.311783078048466e-06, 0.0, 0.0, 0.22514054777723075, 1.347975256288209e-07, 0.22830140113804034, 0.04175205813497432, 3.2656041328359227e-06, 4.861736152890905e-07, 0.0, 0.006877066597251298, 6.88704733765377e-16, 2.0507105648545956e-07, 0.33981681342355663, 0.0, 0.3438112338058881, 6.586760951103043e-06, 0.030985953293832965, 0.0065858168549489575, 0.3374047718264486, 0.0, 0.4541241452319315, 0.13380961659319646, 0.0, 0.0005915571294972864, 0.6056174779366618, 0.0024189272415422393, 0.3024542736549337, 7.754749654982927e-07, 4.2340120318513537e-13, 0.35697841437537386, 1.4497259562713908e-06, 0.278436998441785, 0.02664231642483804, 4.203446513382117e-12, 0.09883634971274027, 0.006971203595553374, 0.0047391452137826254, 3.3727204207952152e-21, 0.5317359512465608, 1.1460646553715571e-12, 0.29659502351525835, 0.0, 0.005124000137843115, 0.0, 0.0004427188165504035, 2.1307701946361932e-15, 0.06978619221645024, 0.0, 3.808339785623944e-06, 0.006273431403802207, 5.95693411388948e-12, 7.1159426451240255e-06, 0.31392597581358594, 0.0, 0.37386687529795604, 0.005472117886887747, 0.0, 3.7332920340520806e-21, 4.906539338868285e-07, 0.0, 0.16270929966713787, 1.32304737174666e-10, 0.056948079211665906, 6.464717047489377e-21, 7.418588620977616e-05, 0.0018293825712712923, 0.0002452544365384092, 0.3129658491585514, 0.0], [0.0, 0.0, 0.0, 2.5416837770134438e-06, 0.0, 2.1933716233758862e-06, 2.9388080818039224e-07, 0.0, 0.0, 3.981606102217571e-06, 2.0394299573142565e-07, 2.3404519082144767e-06, 1.0, 0.0, 1.0488831671992826e-06, 0.0, 0.0, 2.5712587937526288e-06, 2.504023507662759e-07, 3.7221324289965057e-06, 1.4793849461448022e-06, 1.4567648093802121e-08, 4.84539268394047e-07, 0.0, 9.69876921903686e-07, 0.0, 2.0903332120469567e-07, 7.95179641728614e-21, 0.0, 2.851330057523962e-06, 1.098949355503143e-06, 6.894272341412292e-08, 0.0, 0.0, 0.0, 0.0, 0.0, 0.0, 0.0, 2.441359493530766e-06, 0.0, 2.1364195363036936e-06, 6.910208621962572e-07, 0.0, 3.0998393360540533e-06, 1.2369196433270902e-06, 3.5677519416610245e-06, 1.098949355503143e-06, 0.0, 0.0, 0.0, 0.0, 3.3881317890172014e-21, 2.689293620173219e-06, 0.0, 1.700632077884182e-06, 0.0, 1.901898639757245e-21, 0.0, 2.465392466331566e-07, 1.6940658945086003e-21, 3.5261784817527565e-06, 0.0, 8.878831216839348e-07, 5.684667073561946e-06, 0.0, 0.0, 1.6940658945086005e-21, 0.0, 2.5953727919190204e-06, 0.0, 0.0, 3.3881317890172014e-21, 1.1587446766762305e-06, 0.0, 6.242890737554898e-06, 0.0, 1.6940658945086005e-21, 3.8130653903516555e-21, 1.098949355503143e-06, 0.0, 1.7392794057589432e-06, 2.3197006527912307e-06, 0.0], [0.0, 0.0, 0.001953125, 0.0005463923608406169, 0.0, 0.00048828124999999984, 0.0, 0.0, 0.0, 0.0007907971974403475, 0.0, 0.00048828124999999984, 0.0, 1.0, 0.0, 0.0, 0.0, 0.0015063083735931617, 0.0, 0.0016943898774134942, 0.0, 0.0, 0.0, 0.0, 0.0, 0.0, 0.0, 0.0, 0.0, 0.0017089843750000002, 0.0, 0.0006615614614701984, 0.0005861768046863095, 0.0, 0.0, 0.0, 0.0, 0.0, 0.00048828124999999995, 0.0019275077134198197, 0.0007104812863950702, 0.0, 0.0, 0.0, 0.0019484752201952657, 0.0, 0.0, 0.0006386786828910532, 0.0, 0.0, 0.0, 0.0, 0.0, 0.0005027652620179383, 0.0, 0.0004778321213271503, 0.0, 0.0, 0.0, 0.0, 0.0, 6.266084097431609e-05, 0.0, 0.0, 0.0, 0.0, 0.0, 0.0, 0.0, 0.00048828124999999984, 0.0005714205043335463, 0.0, 0.0, 0.0, 0.0, 0.0015321573057670626, 0.0, 0.00048828124999999984, 0.0, 0.0, 0.0011960399134683488, 0.0, 0.0007500240011520614, 0.0], [0.0, 1.940682822131528e-14, 0.0, 4.1232520553013966e-06, 0.0, 3.608465491627831e-06, 6.122211742926556e-08, 0.0, 5.813666091344601e-14, 1.6305092656921188e-06, 2.3841873014876994e-07, 2.311783078048466e-06, 1.0488831671992826e-06, 0.0, 1.0, 0.0, 0.0, 5.612145188267715e-06, 1.0778045224256925e-07, 2.5298968118666033e-06, 9.41933375741549e-14, 2.6779420331556242e-06, 5.1215314354243684e-08, 0.0, 1.268818751311718e-07, 9.504872545609606e-18, 1.082716830656352e-07, 5.311975367802056e-13, 0.0, 1.9961910273917006e-07, 2.261837239385876e-06, 1.192092895511065e-07, 0.0, 0.0, 0.0, 0.0, 0.0, 0.0, 2.2618372393858758e-06, 3.5953822325012456e-06, 1.6622300669029406e-13, 5.168706230161369e-07, 1.0001512246709276e-07, 3.252606517456513e-19, 9.774444429002093e-07, 1.4242708971658442e-14, 4.561522204821446e-06, 5.5415753037538215e-06, 3.4485965684872533e-12, 0.0, 3.3927558590788147e-06, 2.2618415073786487e-06, 0.0, 1.433206104598219e-06, 4.547473508864641e-13, 2.807167418765207e-06, 0.0, 1.0842021724855042e-19, 0.0, 5.960464477539062e-08, 0.0, 7.1334255537594845e-06, 0.0, 0.0, 8.135503912373494e-07, 3.637978807091714e-12, 7.539457464685347e-07, 0.0, 0.0, 8.388969079468955e-06, 3.958900834422883e-12, 0.0, 0.0, 3.5762786865719746e-07, 0.0, 6.9026981847510524e-06, 3.637978807091713e-12, 7.548098446886396e-14, 0.0, 7.539457464619587e-07, 1.662229660327126e-13, 3.2410251398813384e-06, 6.07443707212179e-06, 0.0], [0.0, 0.0, 0.0, 0.0, 0.0, 0.0, 0.0, 0.0, 0.0, 0.0, 0.0, 0.0, 0.0, 0.0, 0.0, 1.0, 0.0, 0.0, 0.0, 0.0, 0.0, 0.0, 0.0, 0.0, 0.0, 0.0, 0.0, 0.0, 0.0, 0.0, 0.0, 0.0, 0.0, 0.0, 0.0, 0.0, 0.0, 0.0, 0.0, 0.0, 0.0, 0.0, 0.0, 0.0, 0.0, 0.0, 0.0, 0.0, 0.0, 0.0, 0.0, 0.0, 0.0, 0.0, 0.0, 0.0, 0.0, 0.0, 0.0, 0.0, 0.0, 0.0, 0.0, 0.0, 0.0, 0.0, 0.0, 0.0, 0.0, 0.0, 0.0, 0.0, 0.0, 0.0, 0.0, 0.0, 0.0, 0.0, 0.0, 0.0, 0.0, 0.0, 0.0, 0.0], [0.0, 0.0, 0.0, 6.290123025773386e-05, 0.0, 2.8120478502363968e-05, 1.607669663325314e-05, 0.0, 0.0, 6.433670369808715e-05, 1.5193295189789913e-05, 0.0, 0.0, 0.0, 0.0, 0.0, 1.0, 6.559002817344235e-05, 0.0, 9.490186309442987e-06, 0.0, 0.0, 0.0, 0.0, 8.992438061049726e-05, 0.0, 0.0, 0.0, 0.0, 4.978100981557027e-05, 0.0, 0.0, 0.0, 7.475249459177179e-05, 0.0, 0.0, 0.0, 8.098186914108612e-05, 4.9834996394514535e-05, 5.042005888394063e-05, 0.0, 0.0, 0.0, 0.0, 6.837305097793017e-05, 0.0, 1.803201758233853e-05, 6.330784328067602e-05, 0.0, 0.0, 4.983499639451452e-05, 0.0, 0.0, 2.2775979313699722e-05, 0.0, 2.1112128785274522e-05, 0.0, 0.0, 0.0, 7.47524945917718e-05, 0.0, 6.675193270067087e-05, 0.0, 0.0, 7.47524945917718e-05, 0.0, 0.0, 0.0, 0.0, 5.556237893674066e-05, 0.0, 0.0, 0.0, 0.0, 0.0, 8.478000558113103e-05, 0.0, 0.0, 0.0, 3.8459841175085714e-05, 7.47524945917718e-05, 4.983499639451453e-05, 0.00010154217982527876, 0.0], [0.0, 1.9842165731579748e-14, 0.005490049943959373, 0.5605388476297188, 0.0, 0.0014075699080692968, 0.7209522086030105, 2.1970620952491077e-09, 4.2029189708835194e-14, 0.3442659554906481, 0.08851935356581164, 0.22514054777723075, 2.5712587937526288e-06, 0.0015063083735931617, 5.612145188267715e-06, 0.0, 6.559002817344235e-05, 1.0, 2.5993584575984356e-07, 0.7032553337834789, 0.01910187799065293, 3.3185884883706913e-06, 1.3945638460109048e-06, 0.0, 0.016316821918777917, 2.263656702746346e-16, 1.5265532713310266e-07, 0.3772766913915616, 0.00012114669030904178, 0.8309110599004434, 5.781685152217476e-06, 0.035512142252492496, 0.004110699852991131, 0.24691494307738465, 0.0, 0.12842499783924657, 0.15930120276190712, 0.00012828315057486814, 0.00047445792341586674, 0.35894052615153826, 0.004114748948210751, 0.47431562133643224, 1.5233263445902352e-06, 6.349186743287659e-13, 0.14877540251084118, 1.2708674902234026e-06, 0.25935366377105024, 0.02151146626732668, 1.045880597037682e-11, 0.1375057054982652, 0.05448229411291179, 0.0026523317194284447, 3.7396102115318205e-21, 0.19081907800414122, 4.0229303382574594e-13, 0.20637114670296913, 0.0, 0.0058651468817072115, 0.0, 0.00019824950530346048, 2.021192681842352e-15, 0.4631800267789148, 0.0, 2.266341492145822e-06, 0.006875577849802122, 1.231053786406721e-11, 2.063989449428342e-06, 0.08337705089925904, 8.758896979295205e-06, 0.3317026817673674, 0.003055982120440306, 0.0, 4.538399704562573e-21, 1.6900297302391352e-06, 0.0, 0.39182590174212906, 1.3032289420125527e-10, 0.18178221386421103, 5.148090297186124e-21, 0.00020487282494890784, 0.001651051693873252, 0.0003049980959376876, 0.44249067283513144, 0.0], [0.0, 3.4317566640389844e-14, 0.0, 2.428370833491962e-07, 0.0, 0.0, 8.320848709298167e-08, 7.159573349651883e-10, 3.288940165331572e-14, 6.829301838546132e-08, 9.70950547615706e-10, 1.347975256288209e-07, 2.504023507662759e-07, 0.0, 1.0778045224256925e-07, 0.0, 0.0, 2.5993584575984356e-07, 1.0, 7.090404940188216e-08, 1.0835439275728836e-13, 7.155478591319923e-08, 6.237261820716671e-08, 0.0, 4.738070540264293e-08, 0.0, 1.0400634114202395e-07, 2.0383451471388054e-12, 0.0, 2.125042185472896e-07, 1.7462298274040222e-10, 5.992298362824521e-08, 4.669842940569167e-09, 1.0587911840678753e-22, 0.0, 0.0, 2.8059240614323485e-09, 0.0, 0.0, 2.430952357019745e-07, 2.7600597936428206e-13, 2.5861376855331296e-07, 1.1122397399685698e-07, 2.7416758861982336e-14, 2.5628041931443303e-07, 6.528891520287197e-09, 6.961184011602291e-08, 1.6547508283257207e-16, 0.0, 0.0, 0.0, 2.2183148979297854e-16, 1.1213241652953332e-21, 3.3146215776681074e-07, 4.547473508864641e-13, 1.0240829241937234e-07, 0.0, 2.803358537013861e-09, 0.0, 2.5985652312010735e-07, 1.694065894508601e-21, 1.606036834095723e-07, 0.0, 2.5767728711625552e-21, 6.238595361125797e-08, 7.079647197076582e-12, 0.0, 1.6940658945086007e-21, 0.0, 1.365934849016336e-07, 4.776017680603296e-18, 0.0, 1.4529264659156099e-21, 0.0, 0.0, 1.5710796039804807e-07, 1.4901151878695445e-10, 6.599748860424354e-11, 2.761185282668441e-21, 0.0, 2.760059794172216e-13, 2.945453683567912e-07, 2.9749461595670313e-07, 0.0], [0.0, 2.095468638275724e-14, 0.004233552217961237, 0.5140892943349062, 0.0, 0.0010347222817603003, 0.5091595537307737, 1.6780276232228565e-09, 4.6535072997705305e-14, 0.20713069422514208, 0.1250347899192168, 0.22830140113804034, 3.7221324289965057e-06, 0.0016943898774134942, 2.5298968118666033e-06, 0.0, 9.490186309442987e-06, 0.7032553337834789, 7.090404940188216e-08, 1.0, 0.008578355937301455, 8.581325787666072e-07, 1.0143922454453925e-06, 0.0, 0.017328957236446715, 1.4468201237481334e-16, 2.0782806546805278e-07, 0.31356149125213084, 0.00036684722359156834, 0.6390739570123869, 2.787638742635401e-06, 0.07007670323373204, 0.00690812657667802, 0.2042536484735358, 0.0, 0.25, 0.15882152159408194, 0.00012627847559176485, 0.0003684658507962481, 0.2784673614489449, 0.004110879789998611, 0.3227034504001368, 1.4851006201787774e-06, 2.939081621398891e-13, 0.23703238993600365, 6.032884038199359e-07, 0.24934139054795917, 0.02340454360587344, 8.286211199281873e-12, 0.07920382761952652, 0.008115812058865551, 0.0034147571517233843, 8.86111866250535e-22, 0.18858364404588443, 5.619488087292356e-13, 0.18908479132745665, 0.0, 0.012817111752091399, 0.0, 0.0005036791606328329, 2.367864304581018e-15, 0.613791306332806, 0.0, 1.467532924611457e-06, 0.006451210266466657, 1.2443751218970979e-11, 6.285215037171651e-06, 0.053003650562739126, 1.622348678980869e-05, 0.2993080102765399, 0.004495772066115348, 0.0, 8.475102463452115e-22, 1.5301447298578344e-06, 0.0, 0.2613590069951155, 5.061009817673377e-11, 0.15236859043194334, 3.690312521783226e-21, 0.00023494128549213992, 0.0007383299954396851, 0.0005889545518942339, 0.3807304755587293, 0.0], [0.0, 1.1451076156840855e-17, 0.0, 0.026989126313476407, 0.0, 1.9275327783199746e-06, 0.015790348519997232, 0.0, 0.0, 0.02527387532629164, 2.851597391164836e-14, 0.04175205813497432, 1.4793849461448022e-06, 0.0, 9.41933375741549e-14, 0.0, 0.0, 0.01910187799065293, 1.0835439275728836e-13, 0.008578355937301455, 1.0, 1.4290006410284772e-16, 0.0, 0.0, 0.0055209903070425, 6.059531881544631e-19, 2.842170943040401e-14, 0.012040980367968393, 0.0, 0.007682582812398337, 1.967279903905473e-07, 5.421010862427522e-20, 0.0, 0.0, 0.0, 0.0, 0.0, 0.0, 0.0, 0.020738548347362995, 8.526512829121202e-14, 0.0046931522693079795, 1.1920928955078124e-07, 1.6263032587282567e-19, 0.027561915445125096, 3.7391683761642275e-17, 0.017241010135809635, 0.023542874813095718, 0.0, 0.0, 0.0016115956972793648, 6.870645694104514e-17, 0.0, 0.024789102768163717, 0.0, 0.02037850619004871, 0.0, 0.00435458133932261, 0.0, 1.387778780781446e-17, 1.6940658945086007e-21, 0.009092141559139158, 0.0, 2.6968375839074577e-07, 1.1803679423432848e-06, 0.0, 0.0, 6.776263578034403e-21, 0.0, 0.01646152184248055, 0.0, 0.0, 0.0, 0.0, 0.0, 0.014270009192839026, 0.0, 0.014382570652893256, 4.4704904576536654e-21, 3.7378318174204012e-06, 8.526512829121202e-14, 1.1803679673629419e-06, 0.015755786190338236, 0.0], [0.0, 8.454094971398181e-16, 0.0, 3.399870792824181e-06, 0.0, 7.179894146609637e-06, 2.3589363629102965e-07, 0.0, 1.9252663778310235e-15, 2.2142607726450733e-06, 2.2028991640083116e-15, 3.2656041328359227e-06, 1.4567648093802121e-08, 0.0, 2.6779420331556242e-06, 0.0, 0.0, 3.3185884883706913e-06, 7.155478591319923e-08, 8.581325787666072e-07, 1.4290006410284772e-16, 1.0, 2.3294982213577325e-08, 0.0, 2.0996063494080594e-15, 3.3646206933699246e-16, 7.155478736982969e-08, 1.0819937315495046e-15, 0.0, 6.234324725703583e-06, 7.5705400045772085e-06, 0.0, 0.0, 0.0, 0.0, 0.0, 0.0, 0.0, 7.5705400045772085e-06, 6.450868821285272e-06, 0.0, 9.100420652990739e-08, 4.4636926219250343e-08, 1.7763568394002505e-15, 2.2088266121513706e-06, 1.5610856782004506e-16, 3.534260042272381e-06, 1.4422778408606753e-06, 0.0, 0.0, 7.082118069242122e-06, 7.570540004679721e-06, 7.411538288475127e-22, 2.5248863118966506e-06, 0.0, 7.5895650136785125e-06, 0.0, 0.0, 0.0, 7.155478574908609e-08, 3.0662965228546892e-15, 2.690248370123186e-07, 0.0, 6.504402509093156e-23, 2.4330072926850167e-06, 0.0, 2.197898711010621e-06, 0.0, 0.0, 2.2694534984541754e-06, 2.7062154432652352e-17, 0.0, 0.0, 2.03617396072956e-18, 0.0, 3.560751758541207e-06, 0.0, 3.678033387695885e-15, 0.0, 2.197898711006286e-06, 6.504402509093155e-23, 6.9322152966254854e-06, 6.552236605981125e-07, 0.0], [0.0, 0.0, 0.0, 1.987958297559013e-06, 0.0, 0.0, 1.8566505523640642e-06, 0.0, 0.0, 5.591386840301474e-07, 0.0, 4.861736152890905e-07, 4.84539268394047e-07, 0.0, 5.1215314354243684e-08, 0.0, 0.0, 1.3945638460109048e-06, 6.237261820716671e-08, 1.0143922454453925e-06, 0.0, 2.3294982213577325e-08, 1.0, 0.0, 4.7683715820312495e-07, 0.0, 6.234907834429665e-08, 4.0045376636136267e-22, 0.0, 1.2734787540342317e-06, 0.0, 0.0, 0.0, 1.0587911840678754e-22, 0.0, 0.0, 0.0, 0.0, 0.0, 2.059060531790544e-06, 0.0, 1.931643655405083e-06, 2.1358033645671007e-06, 0.0, 5.589771870764352e-07, 1.0481828188886813e-06, 4.768371582031255e-07, 0.0, 0.0, 0.0, 0.0, 0.0, 1.0587911840678753e-22, 7.394856081721996e-07, 0.0, 1.3019999498844848e-06, 0.0, 0.0, 0.0, 6.234907834429675e-08, 0.0, 1.0072969018125843e-06, 0.0, 8.470329472543003e-22, 8.196669704316198e-07, 0.0, 0.0, 0.0, 0.0, 8.927348446259244e-07, 4.908601733468281e-22, 0.0, 6.732999768369383e-22, 4.7683715820312495e-07, 0.0, 3.705542333813163e-07, 1.0886136833708778e-10, 7.275957614183424e-12, 0.0, 0.0, 0.0, 1.7074680644936785e-06, 4.5491649056693374e-07, 0.0], [0.0, 0.0, 0.0, 0.0, 0.0, 0.0, 0.0, 0.0, 0.0, 0.0, 0.0, 0.0, 0.0, 0.0, 0.0, 0.0, 0.0, 0.0, 0.0, 0.0, 0.0, 0.0, 0.0, 1.0, 0.0, 0.0, 0.0, 0.0, 0.0, 0.0, 0.0, 0.0, 0.0, 0.0, 0.0, 0.0, 0.0, 0.0, 0.0, 0.0, 0.0, 0.0, 0.0, 0.0, 0.0, 0.0, 0.0, 0.0, 0.0, 0.0, 0.0, 0.0, 0.0, 0.0, 0.0, 0.0, 0.0, 0.0, 0.0, 0.0, 0.0, 0.0, 0.0, 0.0, 0.0, 0.0, 0.0, 0.0, 0.0, 0.0, 0.0, 0.0, 0.0, 0.0, 0.0, 0.0, 0.0, 0.0, 0.0, 0.0, 0.0, 0.0, 0.0, 0.0], [0.0, 1.6230855856034414e-16, 0.0, 0.006661066382583276, 0.0, 0.00010716597255851947, 0.0008796647602788203, 1.7302016108633352e-09, 1.949212251358077e-15, 0.014219278185853203, 3.0878441760122554e-05, 0.006877066597251298, 9.69876921903686e-07, 0.0, 1.268818751311718e-07, 0.0, 8.992438061049726e-05, 0.016316821918777917, 4.738070540264293e-08, 0.017328957236446715, 0.0055209903070425, 2.0996063494080594e-15, 4.7683715820312495e-07, 0.0, 1.0, 8.348032163949808e-16, 4.887848803284847e-08, 0.002131698042515786, 0.0, 0.013205474251912173, 0.0, 2.2919377896378972e-05, 0.0013966408884634313, 6.103515625e-05, 0.0, 0.0, 3.166496753692626e-08, 8.135476683755695e-05, 3.0517578124999997e-05, 0.012744865384743849, 0.0, 0.010992180970582011, 4.7683715820312495e-07, 1.6383889520024605e-15, 0.00769955376576862, 1.0560511412832885e-06, 0.014119418179858532, 0.012110804897909142, 0.0, 0.0, 5.7220458984843104e-05, 0.002131698042515084, 0.0, 0.007401316566744386, 0.0, 0.010741567764713638, 0.0, 0.014626143968741213, 0.0, 3.055690454462366e-05, 9.843064530531953e-16, 0.010995187931206775, 0.0, 0.0, 0.007838267802609083, 0.0, 0.0, 0.0, 4.574876528418452e-05, 0.015971745566801924, 0.0013966297519926413, 0.0, 0.0, 2.8096197448563882e-06, 0.0, 0.0010559430806097278, 0.0, 0.00907728751099059, 0.0, 1.0467442940826951e-05, 0.00012207031249999999, 5.4131273338327565e-05, 0.01107626368192056, 0.0], [0.0, 1.3597399555105182e-16, 0.0, 3.8427514772394163e-16, 0.0, 0.0, 0.0, 0.0, 8.838309710818369e-16, 4.3489722720620437e-16, 2.8438902085677034e-16, 6.88704733765377e-16, 0.0, 0.0, 9.504872545609606e-18, 0.0, 0.0, 2.263656702746346e-16, 0.0, 1.4468201237481334e-16, 6.059531881544631e-19, 3.3646206933699246e-16, 0.0, 0.0, 8.348032163949808e-16, 1.0, 0.0, 9.155564457274708e-18, 0.0, 8.5395281410558555e-16, 0.0, 2.168404344971009e-19, 0.0, 0.0, 0.0, 0.0, 0.0, 0.0, 0.0, 2.886634149800145e-16, 0.0, 3.467347100230146e-18, 0.0, 4.385901821411302e-19, 4.1759720631401245e-16, 0.0, 6.799076468124262e-18, 3.7803234188858496e-18, 0.0, 0.0, 0.0, 0.0, 0.0, 2.853627860166354e-16, 0.0, 3.357176956038288e-16, 0.0, 1.7572621511413644e-19, 0.0, 0.0, 4.070817756958907e-16, 5.890550485356546e-16, 0.0, 0.0, 0.0, 0.0, 1.027828938644444e-17, 0.0, 0.0, 5.675370894482823e-16, 0.0, 0.0, 0.0, 8.066344781532498e-18, 0.0, 7.659056466893645e-16, 0.0, 5.008303499838284e-18, 0.0, 0.0, 0.0, 1.2582304492295943e-17, 6.868845119391388e-16, 0.0], [0.0, 7.574571109028076e-15, 0.0, 2.4910829187204083e-07, 0.0, 0.0, 9.859544117235689e-08, 4.423782229423522e-09, 1.2081028773607474e-14, 2.0952952022625092e-07, 2.1562300077928108e-09, 2.0507105648545956e-07, 2.0903332120469567e-07, 0.0, 1.082716830656352e-07, 0.0, 0.0, 1.5265532713310266e-07, 1.0400634114202395e-07, 2.0782806546805278e-07, 2.842170943040401e-14, 7.155478736982969e-08, 6.234907834429665e-08, 0.0, 4.887848803284847e-08, 0.0, 1.0, 1.3647843123325426e-13, 0.0, 1.6280845555261273e-07, 0.0, 9.716802094223636e-08, 9.313225746154783e-10, 0.0, 0.0, 0.0, 9.313225746154784e-09, 0.0, 0.0, 2.6812012272477196e-07, 2.8421709430404e-14, 1.8605085901661926e-07, 1.4775081591725944e-07, 4.440892098500627e-16, 1.197063076967233e-07, 1.862655210476518e-09, 8.534413928209411e-08, 0.0, 0.0, 0.0, 2.2204460492503127e-15, 0.0, 0.0, 2.2307591018262716e-07, 0.0, 1.0951876804590191e-07, 0.0, 1.8626451492309566e-09, 0.0, 9.628179539096664e-08, 3.527009702237662e-15, 3.389368853627405e-07, 0.0, 0.0, 6.146728992462158e-08, 0.0, 0.0, 0.0, 0.0, 4.163341252459819e-07, 0.0, 0.0, 0.0, 0.0, 0.0, 3.7052769702465044e-07, 0.0, 3.143634265192868e-14, 0.0, 0.0, 2.8421709430404004e-14, 1.4226759948680332e-07, 1.5228229968511086e-07, 0.0], [0.0, 5.2182174347659834e-14, 0.0, 0.6670709333682778, 0.0, 0.0, 0.2994253044752292, 0.0, 4.545941632440876e-14, 0.3744327605182908, 0.1250000000000359, 0.33981681342355663, 7.95179641728614e-21, 0.0, 5.311975367802056e-13, 0.0, 0.0, 0.3772766913915616, 2.0383451471388054e-12, 0.31356149125213084, 0.012040980367968393, 1.0819937315495046e-15, 4.0045376636136267e-22, 0.0, 0.002131698042515786, 9.155564457274708e-18, 1.3647843123325426e-13, 1.0, 0.0, 0.30880286414289637, 0.0, 0.0, 0.0019531249999999998, 0.125, 0.0, 0.1875, 0.2015373957044247, 0.0, 0.0, 0.28890819739051765, 2.8421709430404e-14, 0.5837922733673547, 0.0, 3.020284366916558e-13, 0.2124289364219995, 2.39838922801145e-13, 0.5911410043347592, 0.015359011384565576, 0.0, 0.24999999999999994, 0.0226212352437722, 0.001953125000000218, 2.4425833934549005e-21, 0.2716147897182343, 4.547473508864641e-13, 0.09011906583523797, 0.0, 1.897005658561382e-21, 0.0, 6.942701038805024e-18, 2.3072031963021355e-15, 0.40912384643010014, 0.0, 7.132526852840609e-21, 0.0019531249999999996, 0.0, 1.3735835857976331e-17, 0.17312223249839848, 0.0, 0.3005597849372247, 0.001953125000000027, 0.0, 2.0929035265472428e-21, 1.374486008247961e-17, 0.0, 0.10270983016153823, 0.0, 0.03676530002194525, 3.475388723359788e-21, 0.0, 2.842170955668029e-14, 1.4101156659297695e-12, 0.5366726147679942, 0.0], [0.0, 0.0, 0.0, 0.0009208279644927427, 0.0, 0.00031518419158589004, 0.0, 0.0, 0.0, 1.564554043242191e-05, 0.0, 0.0, 0.0, 0.0, 0.0, 0.0, 0.0, 0.00012114669030904178, 0.0, 0.00036684722359156834, 0.0, 0.0, 0.0, 0.0, 0.0, 0.0, 0.0, 0.0, 1.0, 0.0003986799711561163, 0.0, 0.0, 0.000244140625, 0.0, 0.0, 0.0, 0.0, 0.0, 0.0, 0.00033939482578933, 0.00018473632649983348, 0.0, 0.0, 0.0, 0.0, 0.0, 0.0, 0.0002773251143784496, 0.0, 0.0, 0.00036621093750000005, 0.00012503601555946873, 0.0, 0.0, 0.0, 0.0001572754070111249, 0.0, 0.0, 0.0, 0.0, 0.0, 0.0002159794279612751, 0.0, 0.0, 0.0, 0.0, 0.0, 0.0, 0.0, 0.00024414062500000005, 0.00024414062499999997, 0.0, 0.0, 0.0, 0.0, 0.00028109311483786264, 0.0, 0.0, 0.0, 0.0, 0.0, 0.000244140625, 0.00013584477562540714, 0.0], [0.0, 2.7057593821450786e-14, 0.002785009868618983, 0.5007035876210815, 0.0, 0.001690037448463166, 0.5278858775995998, 2.3116870089338953e-09, 2.952803365439417e-14, 0.49211018369260806, 0.12501688397341193, 0.3438112338058881, 2.851330057523962e-06, 0.0017089843750000002, 1.9961910273917006e-07, 0.0, 4.978100981557027e-05, 0.8309110599004434, 2.125042185472896e-07, 0.6390739570123869, 0.007682582812398337, 6.234324725703583e-06, 1.2734787540342317e-06, 0.0, 0.013205474251912173, 8.5395281410558555e-16, 1.6280845555261273e-07, 0.30880286414289637, 0.0003986799711561163, 1.0, 9.645099760060003e-06, 0.03249694977103812, 0.005174194752526413, 0.15628365998888133, 0.0, 0.19304138174397723, 0.21130612454332923, 8.148539596255185e-05, 0.0008941837423530356, 0.22998622583298217, 0.0031430623219292284, 0.3385750079577463, 1.4064008358113538e-06, 5.5332967900053095e-14, 0.42923673090432946, 1.1146594714860433e-07, 0.16342729086057672, 0.020751886228348098, 3.4485965684872533e-12, 0.18434310892394862, 0.05168962289399412, 0.003963479259313909, 2.6409417521730494e-21, 0.3927035751702339, 5.071585500488915e-13, 0.2522932322596133, 0.0, 0.010315433772837964, 0.0, 0.00039997661239787034, 2.0986222608371106e-15, 0.6657427391832469, 0.0, 3.585822661292782e-06, 0.01164179485575579, 7.52714174322936e-12, 1.7097393041298038e-17, 0.08151129330598667, 1.3041783912533208e-05, 0.48441362655959025, 0.0012558107316153378, 0.0, 2.568949387462854e-21, 1.5792635119967326e-06, 0.0, 0.4031312908201973, 1.7647513036515574e-10, 0.16150937560637613, 1.9849915429434847e-21, 0.00018222640277433657, 0.002008919938347556, 0.0007164441293899367, 0.30616965501515236, 0.0], [0.0, 0.0, 0.0, 4.7172196592441324e-06, 0.0, 8.384747423802693e-06, 6.984919309616089e-10, 1.164153218269348e-10, 0.0, 1.951305114983139e-06, 0.0, 6.586760951103043e-06, 1.098949355503143e-06, 0.0, 2.261837239385876e-06, 0.0, 0.0, 5.781685152217476e-06, 1.7462298274040222e-10, 2.787638742635401e-06, 1.967279903905473e-07, 7.5705400045772085e-06, 0.0, 0.0, 0.0, 0.0, 0.0, 0.0, 0.0, 9.645099760060003e-06, 1.0, 0.0, 4.656612873077393e-10, 0.0, 0.0, 0.0, 0.0, 0.0, 7.62939453125e-06, 7.538170122053348e-06, 0.0, 9.538483033920395e-07, 0.0, 0.0, 3.200101209330263e-06, 0.0, 4.52839408256813e-06, 2.23261886213275e-06, 0.0, 0.0, 6.67572021484375e-06, 7.62939453125e-06, 0.0, 3.107169477994234e-06, 0.0, 8.384399372801573e-06, 0.0, 0.0, 0.0, 0.0, 0.0, 1.2209408661443978e-06, 0.0, 3.8083397856239357e-06, 2.861546818166971e-06, 0.0, 1.9073486328124996e-06, 0.0, 0.0, 3.1006862064889167e-06, 0.0, 0.0, 0.0, 0.0, 0.0, 4.0434642734517165e-06, 1.006118184359567e-10, 2.3283064365386958e-10, 0.0, 2.86102294921875e-06, 0.0, 8.048027135242151e-06, 3.329937754356537e-06, 0.0], [0.0, 0.0, 0.004567811461470199, 0.039967303064587886, 0.0, 0.0004926440255112905, 0.03512495918006349, 0.0, 0.0, 0.05112336088925857, 1.5258789062499997e-05, 0.030985953293832965, 6.894272341412292e-08, 0.0006615614614701984, 1.192092895511065e-07, 0.0, 0.0, 0.035512142252492496, 5.992298362824521e-08, 0.07007670323373204, 5.421010862427522e-20, 0.0, 0.0, 0.0, 2.2919377896378972e-05, 2.168404344971009e-19, 9.716802094223636e-08, 0.0, 0.0, 0.03249694977103812, 0.0, 1.0, 0.0024641217595929676, 0.03125762939453125, 0.0, 0.0, 0.12500000186264515, 4.153714927194949e-05, 0.0009923421922052977, 0.008265530185998349, 0.0014358495739560636, 6.069881722108466e-08, 3.954701439720612e-08, 2.168404344971009e-19, 0.025270904587718638, 7.109365162483809e-09, 0.003777422368283091, 0.0008073762241125891, 0.0, 0.03125, 7.62939453125e-06, 0.0009765624999999998, 0.0, 0.03274005436837718, 0.0, 0.024408635409144116, 0.0, 0.0007630670562329072, 0.0, 1.6763806343078613e-08, 0.0, 0.04249670583194143, 0.0, 0.0, 0.001037599518895149, 0.0, 0.0, 0.03125, 6.90764686601146e-05, 0.041261611650553164, 0.0014789300594262613, 0.0, 0.0, 0.0, 0.0, 0.05484083055835156, 0.0, 0.03364184306818473, 0.0, 0.0, 0.00012003614919199257, 2.2919848561287008e-05, 0.049702487011791446, 0.0], [0.0, 0.0, 0.0015627393046863092, 0.0043868885186956015, 0.0, 0.0005861768046863094, 0.008442689661409429, 1.42776040098373e-09, 0.0, 0.0038769072618588377, 9.084830527287084e-10, 0.0065858168549489575, 0.0, 0.0005861768046863095, 0.0, 0.0, 0.0, 0.004110699852991131, 4.669842940569167e-09, 0.00690812657667802, 0.0, 0.0, 0.0, 0.0, 0.0013966408884634313, 0.0, 9.313225746154783e-10, 0.0019531249999999998, 0.000244140625, 0.005174194752526413, 4.656612873077393e-10, 0.0024641217595929676, 1.0, 0.0, 0.0, 0.0, 0.0, 0.0, 0.0005861768046863094, 0.005069976108938086, 0.0028952077297563095, 0.0019531400751481797, 0.0, 0.0, 0.006119400908677675, 3.7252902984619136e-09, 0.0012833067052473888, 0.005007263696745482, 0.0, 0.0, 0.0008544921874999999, 0.0032735365427885386, 0.0, 0.0047670550921018635, 0.0, 0.004284746527907388, 0.0, 0.0010456819319535943, 0.0, 9.313225746154783e-10, 0.0, 0.0015683411914434553, 0.0, 0.0, 0.005859375698491931, 0.0, 0.0, 0.0, 0.0, 0.0049424989639740725, 0.009948752148974624, 0.0, 0.0, 0.0, 0.0, 0.007338702515523741, 0.0, 0.004948041933951413, 0.0, 0.0, 0.0006153574588013715, 0.0009765638969838617, 0.005831087316564442, 0.0], [0.0, 0.0, 0.0, 0.12925689052687975, 0.0, 4.0742444028624616e-05, 0.3291717