"{\"names\": [\"172.217.10.1\", \"104.88.86.240\", \"38.93.140.48\", \"192.168.10.15\", \"104.88.108.223\", \"195.142.105.15\", \"172.217.12.163\", \"206.217.206.48\", \"172.217.6.228\", \"178.255.83.1\", \"74.119.118.82\", \"192.168.10.9\", \"172.217.7.6\", \"35.186.227.40\", \"31.13.71.36\", \"206.126.112.142\", \"151.101.2.49\", \"192.168.10.25\", \"172.217.3.98\", \"192.168.10.16\", \"72.30.202.150\", \"172.217.12.132\", \"50.31.164.173\", \"162.208.20.178\", \"23.15.4.16\", \"216.58.217.99\", \"172.217.6.198\", \"172.217.12.174\", \"169.46.44.40\", \"192.168.10.17\", \"52.84.143.130\", \"104.19.195.102\", \"216.200.232.61\", \"104.97.73.166\", \"152.163.13.79\", \"192.229.163.25\", \"74.119.118.86\", \"54.225.188.92\", \"188.165.145.88\", \"192.168.10.14\", \"8.43.72.98\", \"199.96.57.6\", \"68.67.178.110\", \"104.88.70.158\", \"192.168.10.19\", \"69.172.216.56\", \"157.240.18.35\", \"172.217.11.34\", \"185.54.150.20\", \"69.169.85.7\", \"198.232.124.194\", \"74.119.118.72\", \"172.217.12.134\", \"192.168.10.5\", \"23.111.9.30\", \"192.168.10.8\", \"151.101.66.2\", \"68.67.178.199\", \"213.239.195.215\", \"138.108.7.20\", \"52.84.145.87\", \"192.168.10.50\", \"52.84.145.198\", \"52.40.24.51\", \"212.77.100.137\", \"185.54.150.115\", \"172.217.10.138\", \"152.163.66.165\", \"52.84.137.78\", \"192.168.10.51\", \"68.67.178.109\", \"129.146.14.96\", \"54.152.24.232\", \"172.217.10.33\", \"52.8.229.108\", \"192.168.10.12\", \"64.147.131.201\", \"172.217.12.206\", \"68.67.180.12\", \"172.217.10.134\", \"38.69.238.16\", \"172.217.10.142\", \"192.168.10.3\", \"172.217.6.202\"], \"funcEdges\": [[1.0, 0.0, 0.0, 0.0, 0.0, 0.0, 0.0, 0.0, 0.0, 0.0, 0.0, 0.0, 0.0, 0.0, 0.0, 0.0, 0.0, 0.0, 0.0, 0.0, 0.0, 0.0, 0.0, 0.0, 0.0, 0.0, 0.0, 0.0, 0.0, 0.0, 0.0, 0.0, 0.0, 0.0, 0.0, 0.0, 0.0, 0.0, 0.0, 0.0, 0.0, 0.0, 0.0, 0.0, 0.0, 0.0, 0.0, 0.0, 0.0, 0.0, 0.0, 0.0, 0.0, 0.0, 0.0, 0.0, 0.0, 0.0, 0.0, 0.0, 0.0, 0.0, 0.0, 0.0, 0.0, 0.0, 0.0, 0.0, 0.0, 0.0, 0.0, 0.0, 0.0, 0.0, 0.0, 0.0, 0.0, 0.0, 0.0, 0.0, 0.0, 0.0, 0.0, 0.0], [0.0, 1.0, 0.0, 0.0008069706533357891, 0.0, 0.0, 0.0, 0.0, 0.0005211127313855655, 0.0009014883199111055, 0.00012758500205562205, 0.00046027607423255676, 0.0, 0.0, 0.0003334067701185559, 0.0, 0.0, 0.0003408858115957877, 0.0005895713055950999, 0.00035999877084751553, 1.9672799039054736e-07, 1.4524024567773297e-05, 0.0, 0.0, 2.7884398035103157e-06, 2.3360154559928683e-06, 0.00013013014077800815, 0.0008964829290294765, 0.0, 0.00046484592228633115, 0.0, 0.0, 0.0, 0.0, 0.0, 0.0, 0.0, 0.0, 0.0, 0.00045988276092494236, 0.0, 3.39099934062438e-05, 0.0, 0.0, 0.0007472285767099045, 0.0004827454790105544, 1.1803679423432846e-06, 3.605941594667015e-06, 0.0, 0.0, 3.0517578125e-05, 9.5367431640625e-07, 0.0, 0.0008865207282911403, 0.0, 0.0005914520975194354, 0.0, 0.0, 0.0, 0.0, 6.229374549314314e-06, 0.0006416931157205075, 0.0, 0.0, 0.0, 0.0, 0.0, 0.0, 0.0, 0.0005829756425110226, 0.0, 0.0, 0.0, 0.0, 0.0, 0.0003327313773788147, 0.0, 0.0005263020141246452, 0.0, 0.0, 0.0, 1.1224717889554475e-05, 0.0010519759535154135, 0.0], [0.0, 0.0, 1.0, 0.0, 0.0, 0.0, 0.0, 0.0, 0.0, 0.0, 0.0, 0.0, 0.0, 0.0, 0.0, 0.0, 0.0, 0.0, 0.0, 0.0, 0.0, 0.0, 0.0, 0.0, 0.0, 0.0, 0.0, 0.0, 0.0, 0.0, 0.0, 0.0, 0.0, 0.0, 0.0, 0.0, 0.0, 0.0, 0.0, 0.0, 0.0, 0.0, 0.0, 0.0, 0.0, 0.0, 0.0, 0.0, 0.0, 0.0, 0.0, 0.0, 0.0, 0.0, 0.0, 0.0, 0.0, 0.0, 0.0, 0.0, 0.0, 0.0, 0.0, 0.0, 0.0, 0.0, 0.0, 0.0, 0.0, 0.0, 0.0, 0.0, 0.0, 0.0, 0.0, 0.0, 0.0, 0.0, 0.0, 0.0, 0.0, 0.0, 0.0, 0.0], [0.0, 0.0008069706533357891, 0.0, 1.0, 0.0, 0.0, 0.28063246097531647, 0.0, 0.0012478685079266652, 0.1463837214444742, 0.0038119286947070267, 0.12506789877246244, 5.703687376660783e-11, 0.0, 0.08122072160944355, 0.0, 0.0, 0.31302808272752763, 0.06435436879017223, 0.28702128632740204, 0.001874690939639333, 4.1763681487139784e-05, 9.30851568902923e-12, 0.0, 7.580427384245389e-06, 6.6017967685595925e-06, 0.002314563306132344, 0.021011660224957318, 0.0, 0.2240501772346995, 0.0, 2.4816936634134895e-09, 0.0, 7.759456594454723e-11, 0.0, 0.0, 0.0402097666136702, 0.0, 0.0, 0.4074224655177221, 0.0012407626194212529, 0.24130003754467955, 0.0, 0.004217876205364167, 0.16649431712167093, 0.015344992812333294, 2.1490265567346773e-06, 3.0015367505770756e-06, 0.24932875955896813, 0.0, 1.9072878562282827e-05, 0.24746973468885733, 5.6292979131376703e-11, 0.21522261644579319, 0.0127074919032783, 0.11510819124711963, 0.0, 3.021391778223419e-09, 0.0, 1.0009041640343227e-06, 7.914541078696884e-05, 0.3623765112125186, 0.0, 1.0440543008784476e-10, 0.0, 0.28124999999999994, 2.3615887962620955e-07, 1.7216563869052236e-11, 0.0, 0.19056812985105642, 0.24938264131129642, 0.0, 8.11699682822523e-11, 2.3708836791760352e-07, 0.0, 0.3215401046407182, 0.2900637570510116, 0.0014776619950453462, 1.6926017123907295e-11, 0.0, 0.0012407605022363246, 0.3209956347649504, 0.29015472229442507, 0.0], [0.0, 0.0, 0.0, 0.0, 1.0, 0.0, 0.0, 0.0, 0.0, 0.0, 0.0, 0.0, 0.0, 0.0, 0.0, 0.0, 0.0, 0.0, 0.0, 0.0, 0.0, 0.0, 0.0, 0.0, 0.0, 0.0, 0.0, 0.0, 0.0, 0.0, 0.0, 0.0, 0.0, 0.0, 0.0, 0.0, 0.0, 0.0, 0.0, 0.0, 0.0, 0.0, 0.0, 0.0, 0.0, 0.0, 0.0, 0.0, 0.0, 0.0, 0.0, 0.0, 0.0, 0.0, 0.0, 0.0, 0.0, 0.0, 0.0, 0.0, 0.0, 0.0, 0.0, 0.0, 0.0, 0.0, 0.0, 0.0, 0.0, 0.0, 0.0, 0.0, 0.0, 0.0, 0.0, 0.0, 0.0, 0.0, 0.0, 0.0, 0.0, 0.0, 0.0, 0.0], [0.0, 0.0, 0.0, 0.0, 0.0, 1.0, 0.0, 0.0, 0.0, 0.0, 0.0, 0.0, 0.0, 0.0, 0.0, 0.0, 0.0, 0.0, 0.0, 0.0, 0.0, 0.0, 0.0, 0.0, 0.0, 0.0, 0.0, 0.0, 0.0, 0.0, 0.0, 0.0, 0.0, 0.0, 0.0, 0.0, 0.0, 0.0, 0.0, 0.0, 0.0, 0.0, 0.0, 0.0, 0.0, 0.0, 0.0, 0.0, 0.0, 0.0, 0.0, 0.0, 0.0, 0.0, 0.0, 0.0, 0.0, 0.0, 0.0, 0.0, 0.0, 0.0, 0.0, 0.0, 0.0, 0.0, 0.0, 0.0, 0.0, 0.0, 0.0, 0.0, 0.0, 0.0, 0.0, 0.0, 0.0, 0.0, 0.0, 0.0, 0.0, 0.0, 0.0, 0.0], [0.0, 0.0, 0.0, 0.28063246097531647, 0.0, 0.0, 1.0, 0.0, 0.0, 0.18553853242996368, 0.0, 0.2201818835032462, 0.0, 0.0, 0.045342265631875725, 0.0, 0.0, 0.4704964175052257, 0.2466274127146479, 0.39903252593443506, 0.0, 0.0, 0.125, 0.0, 0.0, 0.0, 0.0, 0.0, 0.0, 0.11215757610998182, 0.0, 0.0, 0.0, 0.0, 0.0, 0.0, 0.04825171993640425, 0.0, 0.0, 0.27946671861821015, 0.0, 0.2502969567751304, 0.0, 0.0, 0.031249999999999993, 0.0, 0.0, 0.0, 0.24893674258009407, 0.0, 0.0, 0.24602456040751805, 0.0, 0.3067376163493338, 0.0, 0.2596444523271992, 0.0, 0.0, 0.0, 0.0, 0.0, 0.41089931745816216, 0.0, 0.0, 0.0, 0.37438246097531647, 0.0, 0.0, 0.0, 0.7017561334993556, 0.24835526315789475, 0.0, 0.0, 0.0, 0.0, 0.4552165465915897, 0.43447809655183395, 0.49999999999999983, 0.0, 0.0, 0.0, 0.4596610003631837, 0.7551568762240958, 0.0], [0.0, 0.0, 0.0, 0.0, 0.0, 0.0, 0.0, 1.0, 0.0, 0.0, 0.0, 0.0, 0.0, 0.0, 0.0, 0.0, 0.0, 0.0, 0.0, 0.0, 0.0, 0.0, 0.0, 0.0, 0.0, 0.0, 0.0, 0.0, 0.0, 0.0, 0.0, 0.0, 0.0, 0.0, 0.0, 0.0, 0.0, 0.0, 0.0, 0.0, 0.0, 0.0, 0.0, 0.0, 0.0, 0.0, 0.0, 0.0, 0.0, 0.0, 0.0, 0.0, 0.0, 0.0, 0.0, 0.0, 0.0, 0.0, 0.0, 0.0, 0.0, 0.0, 0.0, 0.0, 0.0, 0.0, 0.0, 0.0, 0.0, 0.0, 0.0, 0.0, 0.0, 0.0, 0.0, 0.0, 0.0, 0.0, 0.0, 0.0, 0.0, 0.0, 0.0, 0.0], [0.0, 0.0005211127313855655, 0.0, 0.0012478685079266652, 0.0, 0.0, 0.0, 0.0, 1.0, 0.000687088258977539, 0.0001394472413424476, 0.0009572824936857223, 0.0, 0.0, 0.0009987802292875684, 0.0, 0.0, 0.0007220559811073077, 0.0005650356179439974, 0.0007994664665684679, 0.0, 3.30758245154905e-05, 0.0, 0.0, 3.348721149018189e-05, 1.5184100463953644e-05, 0.00020755049393871635, 0.0007809868256343366, 0.0, 0.0005072877554432413, 0.0, 0.0, 0.0, 0.0, 0.0, 0.0, 0.0, 0.0, 0.0, 0.0009664705736679368, 0.0, 3.0517578125e-05, 0.0, 1.3170669654428925e-05, 0.0008285239702782617, 0.00019500037520830447, 0.0, 0.0, 0.0, 0.0, 3.6663890630400164e-05, 0.0, 0.0, 0.00023909726901634592, 0.0, 0.0010495112456191534, 0.0, 0.0, 0.0, 0.0, 2.118599584407841e-05, 0.0006441606206960365, 0.0, 0.0, 0.0, 0.0, 0.0, 0.0, 0.0, 0.0008272131810318268, 0.0, 0.0, 0.0, 0.0, 0.0, 0.0012788151208750643, 0.0, 0.0003705330542601037, 0.0, 0.0, 0.0, 0.0, 0.0006001648138348429, 0.0], [0.0, 0.0009014883199111055, 0.0, 0.1463837214444742, 0.0, 0.0, 0.18553853242996368, 0.0, 0.000687088258977539, 1.0, 0.0047769044587717925, 0.3904372318980327, 6.091487804405888e-11, 0.0, 0.14106549088104314, 0.0, 0.0, 0.6253792344820093, 0.4611004801882895, 0.4606153077283075, 0.002450671267790576, 3.9319225596918e-05, 0.2812500000214658, 0.0, 2.158351757979295e-05, 7.471477471886917e-06, 0.0009313493062851426, 0.048423677425343835, 0.0, 0.1779387612493798, 0.0, 2.1388968059838166e-09, 0.0, 3.675071579640085e-11, 0.0, 0.0, 0.1131762991672179, 0.0, 0.0, 0.19397237404264245, 0.0032439187747140006, 0.18161370218599956, 0.0, 7.631544504339422e-06, 0.06671847453586556, 0.00015547554790290284, 1.0407302365171325e-06, 6.073286891255132e-06, 0.0979856390432224, 0.0, 0.00012948358945985967, 0.1185246509057605, 2.983920166236588e-11, 0.5547625588843174, 0.0003283838685228114, 0.3153956091134664, 0.0, 7.500744999056219e-09, 0.0, 4.858154924253135e-07, 6.039458171434128e-05, 0.5752079847854545, 0.0, 1.0365383033195792e-10, 0.0, 0.14537641208924207, 1.3618671342498803e-07, 2.656804075159822e-11, 0.0, 0.2661579274897475, 0.1099401847852513, 0.0, 2.424823687843078e-11, 7.579537326829448e-08, 0.0, 0.4939657102858193, 0.49243739459989655, 0.03371343269652267, 5.36140768704846e-11, 0.0, 0.003243917934422666, 0.41353670823820154, 0.401538557646837, 0.0], [0.0, 0.00012758500205562205, 0.0, 0.0038119286947070267, 0.0, 0.0, 0.0, 0.0, 0.0001394472413424476, 0.0047769044587717925, 1.0, 0.0053193523650475775, 0.0, 0.0, 0.0025949712639151586, 0.0, 0.0, 0.0038019414240852405, 0.001495529214933747, 0.003769653511681471, 0.0004899007014564756, 3.7845519463205755e-05, 0.0, 0.0, 3.4368300093541834e-05, 4.885766175685162e-06, 0.0005264282226562499, 0.0006163280509271093, 0.0, 0.0013860102388283109, 0.0, 0.0, 0.0, 0.0, 0.0, 0.0, 0.0, 0.0, 0.0, 0.0029271889061912495, 0.00048828125, 3.0860589317098965e-05, 0.0, 3.0517578125e-05, 0.002504389169115111, 3.195542963973385e-05, 1.0841314543814684e-06, 6.442889569203821e-07, 0.0, 0.0, 3.814697265625e-05, 3.271075919008425e-07, 0.0, 0.0013972210194922235, 0.0, 0.008543670465187048, 0.0, 0.0, 0.0, 1.1920928955078124e-07, 1.3202419896918529e-05, 0.005320048775535279, 0.0, 0.0, 0.0, 0.0, 8.802058204502626e-08, 0.0, 0.0, 0.004457773099013978, 4.6492427299017304e-07, 0.0, 0.0, 1.0961149659644819e-07, 0.0, 0.003739758373717021, 0.0, 6.703202900485668e-05, 0.0, 0.0, 0.0004882812500000001, 1.5422932267962989e-06, 0.003214105806321128, 0.0], [0.0, 0.00046027607423255676, 0.0, 0.12506789877246244, 0.0, 0.0, 0.2201818835032462, 0.0, 0.0009572824936857223, 0.3904372318980327, 0.0053193523650475775, 1.0, 8.441204985522666e-11, 0.0, 0.1155347161939298, 0.0, 0.0, 0.3595634992331387, 0.14632996708804027, 0.6451640798581288, 0.004175663186428013, 6.336151926743194e-05, 0.4045115788612838, 0.0, 1.6869295757009907e-05, 1.1831857232490725e-05, 0.00222887373009119, 0.0713047949623075, 0.0, 0.20142344359909528, 0.0, 2.676474028805178e-09, 0.0, 8.673932821297015e-11, 0.0, 0.0, 0.1125873465182766, 0.0, 0.0, 0.11076240094386117, 0.001456989819524883, 0.15945421850486646, 0.0, 0.00727397728306883, 0.10266037431846069, 0.0008343391445785342, 1.6344732014461397e-06, 3.837842812036779e-06, 0.07221466122184568, 0.0, 6.161803190933628e-05, 0.08829088213241776, 5.794289562346723e-11, 0.26371383729464093, 0.019689240855689395, 0.7658258912743026, 0.0, 7.0461493365129015e-09, 0.0, 7.705930214778126e-07, 3.660635320501602e-05, 0.2683189749468494, 0.0, 1.5316000520803454e-10, 0.0, 0.10233934881432823, 1.7305720938150894e-07, 9.902544043636405e-11, 0.0, 0.35905784528034945, 0.07977843019098561, 0.0, 6.413746877068402e-11, 1.1795702829963242e-07, 0.0, 0.35350834911317286, 0.5768732024204557, 0.11596987653843414, 1.1106299318744221e-10, 0.0, 0.001456989588162707, 0.21612355253748247, 0.4209824499082666, 0.0], [0.0, 0.0, 0.0, 5.703687376660783e-11, 0.0, 0.0, 0.0, 0.0, 0.0, 6.091487804405888e-11, 0.0, 8.441204985522666e-11, 1.0, 0.0, 0.0, 0.0, 0.0, 8.236626355677584e-11, 4.3655745685100555e-11, 5.907962900665483e-11, 2.910383045673371e-11, 0.0, 0.0, 0.0, 0.0, 0.0, 0.0, 1.3661082222677576e-10, 0.0, 3.874472479573988e-11, 0.0, 0.0, 0.0, 0.0, 0.0, 0.0, 0.0, 0.0, 0.0, 3.938460189886061e-11, 0.0, 0.0, 0.0, 0.0, 8.540990254850548e-11, 0.0, 5.820766091346741e-11, 0.0, 0.0, 0.0, 0.0, 0.0, 5.820766091346741e-11, 8.907927453529817e-11, 0.0, 4.73106470907563e-11, 0.0, 3.267436983225701e-11, 0.0, 1.4551915228366849e-11, 2.9103830456733697e-11, 1.0239956899265976e-10, 0.0, 2.9103830456733704e-11, 0.0, 0.0, 0.0, 2.91038304567337e-11, 0.0, 5.4437346383015036e-11, 0.0, 0.0, 5.820766091346741e-11, 0.0, 0.0, 4.9609043014442206e-11, 0.0, 2.91038304567337e-11, 6.550796459627934e-11, 0.0, 0.0, 0.0, 1.0981711952555588e-10, 0.0], [0.0, 0.0, 0.0, 0.0, 0.0, 0.0, 0.0, 0.0, 0.0, 0.0, 0.0, 0.0, 0.0, 1.0, 0.0, 0.0, 0.0, 0.0, 0.0, 0.0, 0.0, 0.0, 0.0, 0.0, 0.0, 0.0, 0.0, 0.0, 0.0, 0.0, 0.0, 0.0, 0.0, 0.0, 0.0, 0.0, 0.0, 0.0, 0.0, 0.0, 0.0, 0.0, 0.0, 0.0, 0.0, 0.0, 0.0, 0.0, 0.0, 0.0, 0.0, 0.0, 0.0, 0.0, 0.0, 0.0, 0.0, 0.0, 0.0, 0.0, 0.0, 0.0, 0.0, 0.0, 0.0, 0.0, 0.0, 0.0, 0.0, 0.0, 0.0, 0.0, 0.0, 0.0, 0.0, 0.0, 0.0, 0.0, 0.0, 0.0, 0.0, 0.0, 0.0, 0.0], [0.0, 0.0003334067701185559, 0.0, 0.08122072160944355, 0.0, 0.0, 0.045342265631875725, 0.0, 0.0009987802292875684, 0.14106549088104314, 0.0025949712639151586, 0.1155347161939298, 0.0, 0.0, 1.0, 0.0, 0.0, 0.11366587883377238, 0.032838380320195364, 0.10133966424335802, 0.0016182292175283331, 7.377299639645529e-08, 0.0, 0.0, 0.0, 1.632924669441661e-07, 0.0008525291296214598, 0.009125904192746961, 0.0, 0.266567711188192, 0.0, 5.587935447692871e-09, 0.0, 0.0, 0.0, 0.0, 0.0, 0.0, 0.0, 0.10599113855033256, 0.0028556895103104087, 0.07876575845186584, 0.0, 5.58793544769287e-09, 0.01663138465313182, 0.0002446878769588752, 1.5561059376420054e-08, 3.627735242422542e-08, 0.05924643791500231, 0.0, 0.0, 0.07332355751067662, 0.0, 0.11746982653941387, 0.0078125, 0.2063414043460624, 0.0, 1.8626451492309566e-09, 0.0, 0.0, 0.0, 0.10481632233096969, 0.0, 0.0, 0.0, 0.06250000000000001, 1.1297340173812586e-07, 0.0, 0.0, 0.04252091808903046, 0.06801339844781358, 0.0, 0.0, 8.33857099169057e-08, 0.0, 0.03658178382471936, 0.0625, 0.0012967534390546185, 0.0, 0.0, 0.0028556888118184778, 0.0029221577848753183, 0.1391095652817056, 0.0], [0.0, 0.0, 0.0, 0.0, 0.0, 0.0, 0.0, 0.0, 0.0, 0.0, 0.0, 0.0, 0.0, 0.0, 0.0, 1.0, 0.0, 0.0, 0.0, 0.0, 0.0, 0.0, 0.0, 0.0, 0.0, 0.0, 0.0, 0.0, 0.0, 0.0, 0.0, 0.0, 0.0, 0.0, 0.0, 0.0, 0.0, 0.0, 0.0, 0.0, 0.0, 0.0, 0.0, 0.0, 0.0, 0.0, 0.0, 0.0, 0.0, 0.0, 0.0, 0.0, 0.0, 0.0, 0.0, 0.0, 0.0, 0.0, 0.0, 0.0, 0.0, 0.0, 0.0, 0.0, 0.0, 0.0, 0.0, 0.0, 0.0, 0.0, 0.0, 0.0, 0.0, 0.0, 0.0, 0.0, 0.0, 0.0, 0.0, 0.0, 0.0, 0.0, 0.0, 0.0], [0.0, 0.0, 0.0, 0.0, 0.0, 0.0, 0.0, 0.0, 0.0, 0.0, 0.0, 0.0, 0.0, 0.0, 0.0, 0.0, 1.0, 0.0, 0.0, 0.0, 0.0, 0.0, 0.0, 0.0, 0.0, 0.0, 0.0, 0.0, 0.0, 0.0, 0.0, 0.0, 0.0, 0.0, 0.0, 0.0, 0.0, 0.0, 0.0, 0.0, 0.0, 0.0, 0.0, 0.0, 0.0, 0.0, 0.0, 0.0, 0.0, 0.0, 0.0, 0.0, 0.0, 0.0, 0.0, 0.0, 0.0, 0.0, 0.0, 0.0, 0.0, 0.0, 0.0, 0.0, 0.0, 0.0, 0.0, 0.0, 0.0, 0.0, 0.0, 0.0, 0.0, 0.0, 0.0, 0.0, 0.0, 0.0, 0.0, 0.0, 0.0, 0.0, 0.0, 0.0], [0.0, 0.0003408858115957877, 0.0, 0.31302808272752763, 0.0, 0.0, 0.4704964175052257, 0.0, 0.0007220559811073077, 0.6253792344820093, 0.0038019414240852405, 0.3595634992331387, 8.236626355677584e-11, 0.0, 0.11366587883377238, 0.0, 0.0, 1.0, 0.48223824285435923, 0.2542778851998559, 0.000606516206925977, 4.8508442386166955e-05, 0.25703854587639524, 0.0, 1.2085368644961156e-05, 3.8889326030666996e-06, 0.002466928734931656, 0.05247138846105391, 0.0, 0.2401820109641869, 0.0, 3.076644267881573e-09, 0.0, 1.1165249567507468e-10, 0.0, 0.0, 0.016025146489712476, 0.0, 0.0, 0.307878509665032, 0.0035925677241650114, 0.23307295695185992, 0.0, 0.010907819767446897, 0.1651807611664316, 0.0024171703656113777, 1.7590546923052736e-06, 3.890103801112715e-06, 0.17968091839191194, 0.0, 5.5379782480565144e-05, 0.17460067123232595, 6.424601423326724e-11, 0.5854069702292302, 0.006911341694760802, 0.321589277748442, 0.0, 1.847960178658821e-09, 0.0, 3.7991778518928406e-07, 3.4723825869709737e-05, 0.6742371697863361, 0.0, 1.8265820660441067e-10, 0.0, 0.21149343008935345, 1.4616369304340147e-07, 8.090212347526048e-11, 0.0, 0.3430336962869547, 0.17480574804936264, 0.0, 7.796911322908925e-11, 1.1876511053682508e-07, 0.0, 0.5660771107411737, 0.45879434498287286, 0.2665805683404449, 8.84435178530773e-11, 0.0, 0.0035925667591785687, 0.43655644524974835, 0.29019564077334026, 0.0], [0.0, 0.0005895713055950999, 0.0, 0.06435436879017223, 0.0, 0.0, 0.2466274127146479, 0.0, 0.0005650356179439974, 0.4611004801882895, 0.001495529214933747, 0.14632996708804027, 4.3655745685100555e-11, 0.0, 0.032838380320195364, 0.0, 0.0, 0.48223824285435923, 1.0, 0.25132614304637024, 0.0018615142930819711, 3.1763855091778054e-06, 0.12500000001134723, 0.0, 0.0, 0.0, 0.0009348906497827809, 0.03501850297968591, 0.0, 0.11934748015915751, 0.0, 0.0, 0.0, 1.8189894035458563e-12, 0.0, 0.0, 0.044075373930652376, 0.0, 0.0, 0.07731762892675212, 0.004741746619480169, 0.002486917001065382, 0.0, 0.00047101633069812924, 0.08485643280153829, 0.004169293345845929, 1.8738541871700195e-06, 2.8428402762751524e-06, 0.0, 0.0, 0.0, 3.8110359755352026e-06, 1.9264202472631818e-11, 0.5579127062019252, 0.0078125, 0.1883051971406955, 0.0, 3.2674369832257024e-11, 0.0, 5.749511575068385e-07, 2.910383045673371e-11, 0.6115083683712871, 0.0, 4.4268620843452784e-11, 0.0, 0.12162741271464794, 0.0, 2.9103830456733704e-11, 0.0, 0.26198552994190294, 8.205135897323572e-08, 0.0, 2.4961086618401612e-11, 0.0, 0.0, 0.5598339532040961, 0.20137448276233583, 0.13382822069343464, 4.7436801949029876e-11, 0.0, 0.004741746620389664, 0.2921055006677795, 0.43047694501239, 0.0], [0.0, 0.00035999877084751553, 0.0, 0.28702128632740204, 0.0, 0.0, 0.39903252593443506, 0.0, 0.0007994664665684679, 0.4606153077283075, 0.003769653511681471, 0.6451640798581288, 5.907962900665483e-11, 0.0, 0.10133966424335802, 0.0, 0.0, 0.2542778851998559, 0.25132614304637024, 1.0, 0.0020255081081847126, 8.652638655302371e-05, 0.18750000000964714, 0.0, 1.4638643032852793e-05, 2.4856180458771624e-06, 0.0011724770917158965, 0.02533449714968872, 0.0, 0.13950348941767868, 0.0, 1.922147919035641e-09, 0.0, 2.5688978677753484e-11, 0.0, 0.0, 0.05328436876304479, 0.0, 0.0, 0.3039188839931529, 0.0024427224380843427, 0.17589274369262775, 0.0, 0.0050493037776731566, 0.10146351230004383, 0.003162845730917377, 3.756233121146304e-06, 6.8129554246978365e-06, 0.14235602443465833, 0.0, 6.493397085429659e-06, 0.17108992740664336, 1.5223285944574295e-11, 0.39585571320894264, 0.009654207022072906, 0.5218731254568687, 0.0, 1.8994792974355266e-09, 0.0, 9.431180813240954e-07, 4.067959899816502e-05, 0.4290419398088331, 0.0, 9.306238446041314e-11, 0.0, 0.21378201810016195, 5.573088546222024e-08, 2.054943617622777e-11, 0.0, 0.4718219625236979, 0.15869813732045757, 0.0, 1.4560115164310347e-11, 6.982024466873191e-08, 0.0, 0.27034198376389623, 0.45398057334931974, 0.19381520933113663, 6.339908637231297e-11, 0.0, 0.0024427209888571036, 0.4571906320299479, 0.4106288080458901, 0.0], [0.0, 1.9672799039054736e-07, 0.0, 0.001874690939639333, 0.0, 0.0, 0.0, 0.0, 0.0, 0.002450671267790576, 0.0004899007014564756, 0.004175663186428013, 2.910383045673371e-11, 0.0, 0.0016182292175283331, 0.0, 0.0, 0.000606516206925977, 0.0018615142930819711, 0.0020255081081847126, 1.0, 2.4550044076721382e-06, 0.0, 0.0, 0.0, 1.0410196504121414e-08, 0.00048828125, 0.0004888330069651674, 0.0, 0.0048631816292800095, 0.0, 9.313225746154785e-10, 0.0, 0.0, 0.0, 0.0, 0.0, 0.0, 0.0, 0.003283871145326046, 0.00146484375, 1.4197178440194628e-06, 0.0, 2.7939677238464355e-09, 0.003817210760615571, 6.423842355945113e-07, 4.565462153008643e-06, 1.9102792736431147e-06, 0.0, 0.0, 0.0, 1.1803679423432844e-06, 0.0, 0.002206364811452254, 0.0, 0.0027079040890525684, 0.0, 1.8953195190632138e-09, 0.0, 2.3841857910156255e-07, 2.9103830456733704e-11, 0.0013921580788821173, 0.0, 2.910383045673371e-11, 0.0, 0.0, 0.0, 1.1641532182693481e-10, 0.0, 0.0009344466463083968, 0.0, 0.0, 0.0, 0.0, 0.0, 0.00330939444875111, 0.0, 0.0009809331375192213, 7.680244125081026e-11, 0.0, 0.00146484375, 0.00042983444064825717, 0.001876047806713727, 0.0], [0.0, 1.4524024567773297e-05, 0.0, 4.1763681487139784e-05, 0.0, 0.0, 0.0, 0.0, 3.30758245154905e-05, 3.9319225596918e-05, 3.7845519463205755e-05, 6.336151926743194e-05, 0.0, 0.0, 7.377299639645529e-08, 0.0, 0.0, 4.8508442386166955e-05, 3.1763855091778054e-06, 8.652638655302371e-05, 2.4550044076721382e-06, 1.0, 0.0, 0.0, 3.6070962420726256e-05, 5.780374336587468e-06, 2.8201106196912307e-05, 1.8588510765928503e-05, 0.0, 5.74307688006114e-05, 0.0, 0.0, 0.0, 0.0, 0.0, 0.0, 0.0, 0.0, 0.0, 2.148610824905519e-05, 0.0, 5.90799341131156e-06, 0.0, 3.0517578125e-05, 5.993685459876037e-05, 2.681924773649966e-06, 2.93184971878092e-06, 3.9354367135228465e-06, 0.0, 0.0, 7.629394531250002e-06, 1.761153719768978e-06, 1.2732925824820994e-11, 3.81591872165104e-05, 0.0, 7.217073585287827e-05, 0.0, 0.0, 0.0, 3.5694334648427084e-07, 5.267857314199763e-05, 3.406658819883394e-05, 0.0, 1.1174478422630179e-12, 0.0, 0.0, 7.44739886402106e-08, 0.0, 0.0, 2.9542149896317458e-05, 4.6492427299017315e-07, 0.0, 0.0, 3.4981202281200994e-08, 0.0, 3.2617051939094054e-05, 0.0, 6.318813245499966e-05, 0.0, 0.0, 1.1174478422630177e-12, 9.988554674694977e-06, 6.000327322646554e-05, 0.0], [0.0, 0.0, 0.0, 9.30851568902923e-12, 0.0, 0.0, 0.125, 0.0, 0.0, 0.2812500000214658, 0.0, 0.4045115788612838, 0.0, 0.0, 0.0, 0.0, 0.0, 0.25703854587639524, 0.12500000001134723, 0.18750000000964714, 0.0, 0.0, 1.0, 0.0, 0.0, 0.0, 0.0, 6.87974332032831e-12, 0.0, 2.5591831420627737e-12, 0.0, 0.0, 0.0, 1.8189894035458565e-12, 0.0, 0.0, 0.0, 0.0, 0.0, 4.0673839566803315e-12, 0.0, 9.094947017729282e-12, 0.0, 0.0, 8.568189572312175e-13, 2.8468754544138607e-12, 9.499272417603586e-12, 0.0, 0.0, 0.0, 0.0, 0.0, 1.8189894035458563e-12, 0.12500000002910383, 0.0, 0.3892494720807615, 0.0, 0.0, 0.0, 1.8189894035458565e-12, 0.0, 0.13333840365027724, 0.0, 1.4551915228366852e-11, 0.0, 0.0, 0.0, 0.0, 0.0, 0.11613959987901369, 8.432913565734071e-12, 0.0, 1.156720552364883e-11, 0.0, 0.0, 0.02648507195927569, 0.5, 0.12499999999999997, 0.0, 0.0, 0.0, 0.125, 0.0786749694744842, 0.0], [0.0, 0.0, 0.0, 0.0, 0.0, 0.0, 0.0, 0.0, 0.0, 0.0, 0.0, 0.0, 0.0, 0.0, 0.0, 0.0, 0.0, 0.0, 0.0, 0.0, 0.0, 0.0, 0.0, 1.0, 0.0, 0.0, 0.0, 0.0, 0.0, 0.0, 0.0, 0.0, 0.0, 0.0, 0.0, 0.0, 0.0, 0.0, 0.0, 0.0, 0.0, 0.0, 0.0, 0.0, 0.0, 0.0, 0.0, 0.0, 0.0, 0.0, 0.0, 0.0, 0.0, 0.0, 0.0, 0.0, 0.0, 0.0, 0.0, 0.0, 0.0, 0.0, 0.0, 0.0, 0.0, 0.0, 0.0, 0.0, 0.0, 0.0, 0.0, 0.0, 0.0, 0.0, 0.0, 0.0, 0.0, 0.0, 0.0, 0.0, 0.0, 0.0, 0.0, 0.0], [0.0, 2.7884398035103157e-06, 0.0, 7.580427384245389e-06, 0.0, 0.0, 0.0, 0.0, 3.348721149018189e-05, 2.158351757979295e-05, 3.4368300093541834e-05, 1.6869295757009907e-05, 0.0, 0.0, 0.0, 0.0, 0.0, 1.2085368644961156e-05, 0.0, 1.4638643032852793e-05, 0.0, 3.6070962420726256e-05, 0.0, 0.0, 1.0, 1.4341810052048214e-05, 1.2063131943391339e-05, 1.2063250152310439e-05, 0.0, 4.199561523108259e-05, 0.0, 0.0, 0.0, 0.0, 0.0, 0.0, 0.0, 0.0, 0.0, 1.0573493201658213e-05, 0.0, 0.0, 0.0, 2.8147307867913126e-05, 3.40036660058178e-05, 0.0, 0.0, 0.0, 0.0, 0.0, 8.042087962260894e-06, 0.0, 0.0, 7.986040142305134e-06, 0.0, 2.490103842841004e-05, 0.0, 0.0, 0.0, 0.0, 1.6910256100420932e-05, 2.3686017941614364e-05, 0.0, 0.0, 0.0, 0.0, 0.0, 0.0, 0.0, 1.4206267109120669e-05, 0.0, 0.0, 0.0, 0.0, 0.0, 2.2923581688671098e-05, 0.0, 1.8105235375770266e-05, 0.0, 0.0, 0.0, 0.0, 1.9230450413190632e-05, 0.0], [0.0, 2.3360154559928683e-06, 0.0, 6.6017967685595925e-06, 0.0, 0.0, 0.0, 0.0, 1.5184100463953644e-05, 7.471477471886917e-06, 4.885766175685162e-06, 1.1831857232490725e-05, 0.0, 0.0, 1.632924669441661e-07, 0.0, 0.0, 3.8889326030666996e-06, 0.0, 2.4856180458771624e-06, 1.0410196504121414e-08, 5.780374336587468e-06, 0.0, 0.0, 1.4341810052048214e-05, 1.0, 0.0, 1.5729139968165945e-07, 0.0, 1.467079763564263e-05, 0.0, 3.725290298461914e-09, 0.0, 0.0, 0.0, 0.0, 0.0, 0.0, 0.0, 4.9591997075633555e-06, 0.0, 5.956856959747565e-08, 0.0, 7.53492195457135e-09, 7.174265376078593e-06, 0.0, 1.1680724429438756e-07, 6.494546180967053e-08, 0.0, 0.0, 0.0, 0.0, 0.0, 4.90249533374758e-06, 0.0, 5.76758609322771e-06, 0.0, 3.0189533878603077e-09, 0.0, 0.0, 6.993611653645833e-06, 1.0119888676017317e-05, 0.0, 0.0, 0.0, 0.0, 1.765796670944111e-07, 0.0, 0.0, 9.750212953789597e-06, 0.0, 0.0, 0.0, 1.3857874813976938e-07, 0.0, 1.3158158817410205e-05, 0.0, 8.604199896099108e-08, 0.0, 0.0, 0.0, 2.1616234521089983e-07, 1.1800586059630091e-05, 0.0], [0.0, 0.00013013014077800815, 0.0, 0.002314563306132344, 0.0, 0.0, 0.0, 0.0, 0.00020755049393871635, 0.0009313493062851426, 0.0005264282226562499, 0.00222887373009119, 0.0, 0.0, 0.0008525291296214598, 0.0, 0.0, 0.002466928734931656, 0.0009348906497827809, 0.0011724770917158965, 0.00048828125, 2.8201106196912307e-05, 0.0, 0.0, 1.2063131943391339e-05, 0.0, 1.0, 0.002344681595024848, 0.0, 0.0015203034482040062, 0.0, 0.0, 0.0, 0.0, 0.0, 0.0, 0.0, 0.0, 0.0, 0.0007538231781172143, 0.0004882812499999999, 3.0517578124999997e-05, 0.0, 7.629394531250002e-06, 0.0006326925744154124, 0.0001728508825663526, 0.0, 0.0, 0.0, 0.0, 3.814697265624999e-05, 0.0, 0.0, 0.0024455009359201246, 0.0, 0.0017224770876153976, 0.0, 0.0, 0.0, 0.0, 6.059356529514183e-05, 0.0005984299911333135, 0.0, 0.0, 0.0, 0.0, 0.0, 0.0, 0.0, 0.0022481473809020883, 0.0, 0.0, 0.0, 0.0, 0.0, 0.0008008723946377465, 0.0, 0.0005400722543835344, 0.0, 0.0, 0.00048828124999999995, 0.0, 0.0007101300272889449, 0.0], [0.0, 0.0008964829290294765, 0.0, 0.021011660224957318, 0.0, 0.0, 0.0, 0.0, 0.0007809868256343366, 0.048423677425343835, 0.0006163280509271093, 0.0713047949623075, 1.3661082222677576e-10, 0.0, 0.009125904192746961, 0.0, 0.0, 0.05247138846105391, 0.03501850297968591, 0.02533449714968872, 0.0004888330069651674, 1.8588510765928503e-05, 6.87974332032831e-12, 0.0, 1.2063250152310439e-05, 1.5729139968165945e-07, 0.002344681595024848, 1.0, 0.0, 0.05218308050045986, 0.0, 0.0, 0.0, 8.96823521890889e-11, 0.0, 0.0, 0.0, 0.0, 0.0, 0.041331216579642074, 0.0004882812499999999, 4.136596556457939e-05, 0.0, 0.0051888090322106725, 0.10547190770450679, 0.004120401318955146, 1.0285914250096222e-06, 2.5883961589169482e-06, 0.0, 0.0, 4.523739209986111e-05, 3.757937907466788e-06, 4.196326317056599e-11, 0.05368685757234383, 0.0078125, 0.032462002225509545, 0.0, 3.259030905539231e-11, 0.0, 1.192746956302912e-07, 3.963744909337736e-05, 0.045890543356126474, 0.0, 1.2253587828316888e-10, 0.0, 0.0, 2.3597986317292978e-07, 3.5626445440058916e-11, 0.0, 0.04771381964654453, 4.649304609616754e-07, 0.0, 3.59558088008139e-11, 2.3613489816938315e-07, 0.0, 0.01898063956794176, 0.0, 0.01661505185281042, 5.970672363086992e-11, 0.0, 0.00048828125216941, 0.024225602674982485, 0.06347418960374, 0.0], [0.0, 0.0, 0.0, 0.0, 0.0, 0.0, 0.0, 0.0, 0.0, 0.0, 0.0, 0.0, 0.0, 0.0, 0.0, 0.0, 0.0, 0.0, 0.0, 0.0, 0.0, 0.0, 0.0, 0.0, 0.0, 0.0, 0.0, 0.0, 1.0, 0.0, 0.0, 0.0, 0.0, 0.0, 0.0, 0.0, 0.0, 0.0, 0.0, 0.0, 0.0, 0.0, 0.0, 0.0, 0.0, 0.0, 0.0, 0.0, 0.0, 0.0, 0.0, 0.0, 0.0, 0.0, 0.0, 0.0, 0.0, 0.0, 0.0, 0.0, 0.0, 0.0, 0.0, 0.0, 0.0, 0.0, 0.0, 0.0, 0.0, 0.0, 0.0, 0.0, 0.0, 0.0, 0.0, 0.0, 0.0, 0.0, 0.0, 0.0, 0.0, 0.0, 0.0, 0.0], [0.0, 0.00046484592228633115, 0.0, 0.2240501772346995, 0.0, 0.0, 0.11215757610998182, 0.0, 0.0005072877554432413, 0.1779387612493798, 0.0013860102388283109, 0.20142344359909528, 3.874472479573988e-11, 0.0, 0.266567711188192, 0.0, 0.0, 0.2401820109641869, 0.11934748015915751, 0.13950348941767868, 0.0048631816292800095, 5.74307688006114e-05, 2.5591831420627737e-12, 0.0, 4.199561523108259e-05, 1.467079763564263e-05, 0.0015203034482040062, 0.05218308050045986, 0.0, 1.0, 0.0, 6.466578864881055e-10, 0.0, 2.422996114856746e-11, 0.0, 0.0, 0.055881863243326835, 0.0, 0.0, 0.11049360785349248, 0.0018254642319141979, 0.09559171129941821, 0.0, 0.0009506131500853834, 0.14828487289330283, 0.0010420268907114186, 2.8119550695615196e-06, 2.893076576069077e-06, 0.05924643791500231, 0.0, 0.00012895791324949962, 0.07332365544871101, 4.537103382489674e-11, 0.1639215403875669, 0.008712917545387073, 0.37150030615194896, 0.0, 2.009478463641638e-09, 0.0, 6.039930316104486e-07, 3.6054055907811886e-05, 0.17127622326197828, 0.0, 1.6313239767862204e-10, 0.0, 0.12931531047810613, 2.937309758369322e-07, 4.559522648090741e-11, 0.0, 0.12349838769488522, 0.06801342126388886, 0.0, 4.413421441692876e-11, 2.3022672695397192e-07, 0.0, 0.15208491082885392, 0.06309486052584061, 0.016964045969736934, 3.4101895039115386e-11, 0.0, 0.001825463353808831, 0.07150373261061185, 0.15285691496012166, 0.0], [0.0, 0.0, 0.0, 0.0, 0.0, 0.0, 0.0, 0.0, 0.0, 0.0, 0.0, 0.0, 0.0, 0.0, 0.0, 0.0, 0.0, 0.0, 0.0, 0.0, 0.0, 0.0, 0.0, 0.0, 0.0, 0.0, 0.0, 0.0, 0.0, 0.0, 1.0, 0.0, 0.0, 0.0, 0.0, 0.0, 0.0, 0.0, 0.0, 0.0, 0.0, 0.0, 0.0, 0.0, 0.0, 0.0, 0.0, 0.0, 0.0, 0.0, 0.0, 0.0, 0.0, 0.0, 0.0, 0.0, 0.0, 0.0, 0.0, 0.0, 0.0, 0.0, 0.0, 0.0, 0.0, 0.0, 0.0, 0.0, 0.0, 0.0, 0.0, 0.0, 0.0, 0.0, 0.0, 0.0, 0.0, 0.0, 0.0, 0.0, 0.0, 0.0, 0.0, 0.0], [0.0, 0.0, 0.0, 2.4816936634134895e-09, 0.0, 0.0, 0.0, 0.0, 0.0, 2.1388968059838166e-09, 0.0, 2.676474028805178e-09, 0.0, 0.0, 5.587935447692871e-09, 0.0, 0.0, 3.076644267881573e-09, 0.0, 1.922147919035641e-09, 9.313225746154785e-10, 0.0, 0.0, 0.0, 0.0, 3.725290298461914e-09, 0.0, 0.0, 0.0, 6.466578864881055e-10, 0.0, 1.0, 0.0, 0.0, 0.0, 0.0, 0.0, 0.0, 0.0, 2.8766349950716213e-09, 4.656612873077394e-10, 3.725290298461914e-09, 0.0, 3.725290298461914e-09, 8.925385609059711e-10, 0.0, 0.0, 1.5773267353837386e-09, 0.0, 0.0, 0.0, 0.0, 0.0, 2.607783846396083e-09, 0.0, 1.4502080931313727e-09, 0.0, 0.0, 0.0, 0.0, 0.0, 1.990047519345141e-09, 0.0, 0.0, 0.0, 0.0, 0.0, 0.0, 0.0, 8.139805817794055e-10, 0.0, 0.0, 0.0, 0.0, 0.0, 2.9076981582011914e-09, 0.0, 4.656612873077393e-10, 0.0, 0.0, 0.0, 1.459743699051988e-09, 4.724234008802426e-09, 0.0], [0.0, 0.0, 0.0, 0.0, 0.0, 0.0, 0.0, 0.0, 0.0, 0.0, 0.0, 0.0, 0.0, 0.0, 0.0, 0.0, 0.0, 0.0, 0.0, 0.0, 0.0, 0.0, 0.0, 0.0, 0.0, 0.0, 0.0, 0.0, 0.0, 0.0, 0.0, 0.0, 1.0, 0.0, 0.0, 0.0, 0.0, 0.0, 0.0, 0.0, 0.0, 0.0, 0.0, 0.0, 0.0, 0.0, 0.0, 0.0, 0.0, 0.0, 0.0, 0.0, 0.0, 0.0, 0.0, 0.0, 0.0, 0.0, 0.0, 0.0, 0.0, 0.0, 0.0, 0.0, 0.0, 0.0, 0.0, 0.0, 0.0, 0.0, 0.0, 0.0, 0.0, 0.0, 0.0, 0.0, 0.0, 0.0, 0.0, 0.0, 0.0, 0.0, 0.0, 0.0], [0.0, 0.0, 0.0, 7.759456594454723e-11, 0.0, 0.0, 0.0, 0.0, 0.0, 3.675071579640085e-11, 0.0, 8.673932821297015e-11, 0.0, 0.0, 0.0, 0.0, 0.0, 1.1165249567507468e-10, 1.8189894035458563e-12, 2.5688978677753484e-11, 0.0, 0.0, 1.8189894035458565e-12, 0.0, 0.0, 0.0, 0.0, 8.96823521890889e-11, 0.0, 2.422996114856746e-11, 0.0, 0.0, 0.0, 1.0, 0.0, 0.0, 0.0, 0.0, 0.0, 5.891537736735886e-11, 0.0, 1.8189894035458563e-12, 0.0, 0.0, 1.5068019061137238e-10, 1.7960153873483412e-12, 7.149482897272679e-12, 0.0, 0.0, 0.0, 0.0, 0.0, 1.8189894035458565e-12, 1.0794259450112427e-10, 0.0, 0.0, 0.0, 0.0, 0.0, 2.2784148629577076e-10, 6.149202748211324e-11, 5.5389698482495164e-11, 0.0, 2.3441926727066986e-10, 0.0, 0.0, 0.0, 0.0, 0.0, 1.1671793436397482e-10, 0.0, 0.0, 0.0, 0.0, 0.0, 5.946343559455565e-11, 0.0, 8.112310793233264e-11, 0.0, 0.0, 0.0, 0.0, 4.4089897525732725e-12, 0.0], [0.0, 0.0, 0.0, 0.0, 0.0, 0.0, 0.0, 0.0, 0.0, 0.0, 0.0, 0.0, 0.0, 0.0, 0.0, 0.0, 0.0, 0.0, 0.0, 0.0, 0.0, 0.0, 0.0, 0.0, 0.0, 0.0, 0.0, 0.0, 0.0, 0.0, 0.0, 0.0, 0.0, 0.0, 1.0, 0.0, 0.0, 0.0, 0.0, 0.0, 0.0, 0.0, 0.0, 0.0, 0.0, 0.0, 0.0, 0.0, 0.0, 0.0, 0.0, 0.0, 0.0, 0.0, 0.0, 0.0, 0.0, 0.0, 0.0, 0.0, 0.0, 0.0, 0.0, 0.0, 0.0, 0.0, 0.0, 0.0, 0.0, 0.0, 0.0, 0.0, 0.0, 0.0, 0.0, 0.0, 0.0, 0.0, 0.0, 0.0, 0.0, 0.0, 0.0, 0.0], [0.0, 0.0, 0.0, 0.0, 0.0, 0.0, 0.0, 0.0, 0.0, 0.0, 0.0, 0.0, 0.0, 0.0, 0.0, 0.0, 0.0, 0.0, 0.0, 0.0, 0.0, 0.0, 0.0, 0.0, 0.0, 0.0, 0.0, 0.0, 0.0, 0.0, 0.0, 0.0, 0.0, 0.0, 0.0, 1.0, 0.0, 0.0, 0.0, 0.0, 0.0, 0.0, 0.0, 0.0, 0.0, 0.0, 0.0, 0.0, 0.0, 0.0, 0.0, 0.0, 0.0, 0.0, 0.0, 0.0, 0.0, 0.0, 0.0, 0.0, 0.0, 0.0, 0.0, 0.0, 0.0, 0.0, 0.0, 0.0, 0.0, 0.0, 0.0, 0.0, 0.0, 0.0, 0.0, 0.0, 0.0, 0.0, 0.0, 0.0, 0.0, 0.0, 0.0, 0.0], [0.0, 0.0, 0.0, 0.0402097666136702, 0.0, 0.0, 0.04825171993640425, 0.0, 0.0, 0.1131762991672179, 0.0, 0.1125873465182766, 0.0, 0.0, 0.0, 0.0, 0.0, 0.016025146489712476, 0.044075373930652376, 0.05328436876304479, 0.0, 0.0, 0.0, 0.0, 0.0, 0.0, 0.0, 0.0, 0.0, 0.055881863243326835, 0.0, 0.0, 0.0, 0.0, 0.0, 0.0, 1.0, 0.0, 0.0, 0.008516154089106592, 0.0, 0.02412585996820213, 0.0, 0.0, 0.0402097666136702, 0.0, 0.0, 0.0, 0.0, 0.0, 0.0, 0.0, 0.0, 0.0, 0.0, 0.02618950054192323, 0.0, 0.0, 0.0, 0.0, 0.0, 0.0730745320478992, 0.0, 0.0, 0.0, 0.04825171993640425, 0.0, 0.0, 0.0, 0.07586602993120287, 0.0, 0.0, 0.0, 0.0, 0.0, 0.06817292943634941, 0.07847137490995588, 0.0, 0.0, 0.0, 0.0, 0.025683254366540315, 0.11518009941423714, 0.0], [0.0, 0.0, 0.0, 0.0, 0.0, 0.0, 0.0, 0.0, 0.0, 0.0, 0.0, 0.0, 0.0, 0.0, 0.0, 0.0, 0.0, 0.0, 0.0, 0.0, 0.0, 0.0, 0.0, 0.0, 0.0, 0.0, 0.0, 0.0, 0.0, 0.0, 0.0, 0.0, 0.0, 0.0, 0.0, 0.0, 0.0, 1.0, 0.0, 0.0, 0.0, 0.0, 0.0, 0.0, 0.0, 0.0, 0.0, 0.0, 0.0, 0.0, 0.0, 0.0, 0.0, 0.0, 0.0, 0.0, 0.0, 0.0, 0.0, 0.0, 0.0, 0.0, 0.0, 0.0, 0.0, 0.0, 0.0, 0.0, 0.0, 0.0, 0.0, 0.0, 0.0, 0.0, 0.0, 0.0, 0.0, 0.0, 0.0, 0.0, 0.0, 0.0, 0.0, 0.0], [0.0, 0.0, 0.0, 0.0, 0.0, 0.0, 0.0, 0.0, 0.0, 0.0, 0.0, 0.0, 0.0, 0.0, 0.0, 0.0, 0.0, 0.0, 0.0, 0.0, 0.0, 0.0, 0.0, 0.0, 0.0, 0.0, 0.0, 0.0, 0.0, 0.0, 0.0, 0.0, 0.0, 0.0, 0.0, 0.0, 0.0, 0.0, 1.0, 0.0, 0.0, 0.0, 0.0, 0.0, 0.0, 0.0, 0.0, 0.0, 0.0, 0.0, 0.0, 0.0, 0.0, 0.0, 0.0, 0.0, 0.0, 0.0, 0.0, 0.0, 0.0, 0.0, 0.0, 0.0, 0.0, 0.0, 0.0, 0.0, 0.0, 0.0, 0.0, 0.0, 0.0, 0.0, 0.0, 0.0, 0.0, 0.0, 0.0, 0.0, 0.0, 0.0, 0.0, 0.0], [0.0, 0.00045988276092494236, 0.0, 0.4074224655177221, 0.0, 0.0, 0.27946671861821015, 0.0, 0.0009664705736679368, 0.19397237404264245, 0.0029271889061912495, 0.11076240094386117, 3.938460189886061e-11, 0.0, 0.10599113855033256, 0.0, 0.0, 0.307878509665032, 0.07731762892675212, 0.3039188839931529, 0.003283871145326046, 2.148610824905519e-05, 4.0673839566803315e-12, 0.0, 1.0573493201658213e-05, 4.9591997075633555e-06, 0.0007538231781172143, 0.041331216579642074, 0.0, 0.11049360785349248, 0.0, 2.8766349950716213e-09, 0.0, 5.891537736735886e-11, 0.0, 0.0, 0.008516154089106592, 0.0, 0.0, 1.0, 0.0032233380673859, 0.28537002330365724, 0.0, 0.013103358597113023, 0.13854963777415846, 0.0011339819760042996, 2.1445305093854415e-06, 7.6183783438706005e-06, 0.24932875955896813, 0.0, 0.00012281924659617404, 0.2474689692440851, 1.8959324940634498e-11, 0.22385614906802154, 0.009911527172331366, 0.04087745005402131, 0.0, 2.5891492001358918e-09, 0.0, 1.1931630637472865e-07, 1.6944477498857205e-05, 0.3317011716566085, 0.0, 1.064208165407918e-10, 0.0, 0.2800842576428936, 1.561548571290159e-07, 2.6544055482786056e-11, 0.0, 0.16839017858583388, 0.24938261139199305, 0.0, 9.437462379819933e-12, 1.3332598977830308e-07, 0.0, 0.31484836422606155, 0.31310354322462614, 0.010451624725311293, 4.590588896018102e-11, 0.0, 0.003223337143073943, 0.30895277297149437, 0.27551077411367475, 0.0], [0.0, 0.0, 0.0, 0.0012407626194212529, 0.0, 0.0, 0.0, 0.0, 0.0, 0.0032439187747140006, 0.00048828125, 0.001456989819524883, 0.0, 0.0, 0.0028556895103104087, 0.0, 0.0, 0.0035925677241650114, 0.004741746619480169, 0.0024427224380843427, 0.00146484375, 0.0, 0.0, 0.0, 0.0, 0.0, 0.0004882812499999999, 0.0004882812499999999, 0.0, 0.0018254642319141979, 0.0, 4.656612873077394e-10, 0.0, 0.0, 0.0, 0.0, 0.0, 0.0, 0.0, 0.0032233380673859, 1.0, 0.0, 0.0, 0.0, 0.0021548670616514053, 0.0, 0.0, 9.477814766701015e-10, 0.0, 0.0, 0.0, 0.0, 0.0, 0.0031114276791629823, 0.0, 0.0006537176622181046, 0.0, 0.0, 0.0, 0.0, 0.0, 0.0005793535857655581, 0.0, 0.0, 0.0, 0.0, 0.0, 0.0, 0.0, 0.0020200932129885592, 0.0, 0.0, 0.0, 0.0, 0.0, 0.0014565059956665803, 0.0, 0.003906250698491931, 0.0, 0.0, 0.005859375, 0.0011456813305742474, 0.003745848026804336, 0.0], [0.0, 3.39099934062438e-05, 0.0, 0.24130003754467955, 0.0, 0.0, 0.2502969567751304, 0.0, 3.0517578125e-05, 0.18161370218599956, 3.0860589317098965e-05, 0.15945421850486646, 0.0, 0.0, 0.07876575845186584, 0.0, 0.0, 0.23307295695185992, 0.002486917001065382, 0.17589274369262775, 1.4197178440194628e-06, 5.90799341131156e-06, 9.094947017729282e-12, 0.0, 0.0, 5.956856959747565e-08, 3.0517578124999997e-05, 4.136596556457939e-05, 0.0, 0.09559171129941821, 0.0, 3.725290298461914e-09, 0.0, 1.8189894035458563e-12, 0.0, 0.0, 0.02412585996820213, 0.0, 0.0, 0.28537002330365724, 0.0, 1.0, 0.0, 3.725290298461914e-09, 0.031255108741515984, 3.183508103859197e-05, 1.4187997122113865e-06, 5.95464164524772e-06, 0.21120642464529, 0.0, 0.0001220703125, 0.2015005923441208, 1.6370904631912705e-11, 0.1269968834045509, 0.0, 0.1280660534107891, 0.0, 0.0, 0.0, 2.38420398090966e-07, 0.0, 0.27138198761944476, 0.0, 3.1832314562052495e-11, 0.0, 0.24129201260420147, 0.0, 0.0, 0.0, 0.11330364080703713, 0.2063485824777586, 0.0, 1.156720552364883e-11, 0.0, 0.0, 0.27528697620814335, 0.27013764818071895, 4.4907416215521164e-05, 0.0, 0.0, 9.09494701772928e-13, 0.3003467773144053, 0.16425664837099332, 0.0], [0.0, 0.0, 0.0, 0.0, 0.0, 0.0, 0.0, 0.0, 0.0, 0.0, 0.0, 0.0, 0.0, 0.0, 0.0, 0.0, 0.0, 0.0, 0.0, 0.0, 0.0, 0.0, 0.0, 0.0, 0.0, 0.0, 0.0, 0.0, 0.0, 0.0, 0.0, 0.0, 0.0, 0.0, 0.0, 0.0, 0.0, 0.0, 0.0, 0.0, 0.0, 0.0, 1.0, 0.0, 0.0, 0.0, 0.0, 0.0, 0.0, 0.0, 0.0, 0.0, 0.0, 0.0, 0.0, 0.0, 0.0, 0.0, 0.0, 0.0, 0.0, 0.0, 0.0, 0.0, 0.0, 0.0, 0.0, 0.0, 0.0, 0.0, 0.0, 0.0, 0.0, 0.0, 0.0, 0.0, 0.0, 0.0, 0.0, 0.0, 0.0, 0.0, 0.0, 0.0], [0.0, 0.0, 0.0, 0.004217876205364167, 0.0, 0.0, 0.0, 0.0, 1.3170669654428925e-05, 7.631544504339422e-06, 3.0517578125e-05, 0.00727397728306883, 0.0, 0.0, 5.58793544769287e-09, 0.0, 0.0, 0.010907819767446897, 0.00047101633069812924, 0.0050493037776731566, 2.7939677238464355e-09, 3.0517578125e-05, 0.0, 0.0, 2.8147307867913126e-05, 7.53492195457135e-09, 7.629394531250002e-06, 0.0051888090322106725, 0.0, 0.0009506131500853834, 0.0, 3.725290298461914e-09, 0.0, 0.0, 0.0, 0.0, 0.0, 0.0, 0.0, 0.013103358597113023, 0.0, 3.725290298461914e-09, 0.0, 1.0, 0.007909103322247205, 0.004396152419849207, 0.0, 6.3531541789535914e-09, 0.0, 0.0, 7.629394531249998e-06, 0.0, 0.0, 0.001741373692128664, 0.0, 0.012013541074684055, 0.0, 1.8626451492309566e-09, 0.0, 0.0, 7.654549038782042e-06, 0.008502803332470754, 0.0, 0.0, 0.0, 0.0, 0.0, 0.0, 0.0, 0.005183473325397232, 0.0, 0.0, 0.0, 0.0, 0.0, 0.002940701720788591, 0.0, 0.0056334216534887245, 0.0, 0.0, 0.0, 2.7208879108282197e-09, 0.00629871753705759, 0.0], [0.0, 0.0007472285767099045, 0.0, 0.16649431712167093, 0.0, 0.0, 0.031249999999999993, 0.0, 0.0008285239702782617, 0.06671847453586556, 0.002504389169115111, 0.10266037431846069, 8.540990254850548e-11, 0.0, 0.01663138465313182, 0.0, 0.0, 0.1651807611664316, 0.08485643280153829, 0.10146351230004383, 0.003817210760615571, 5.993685459876037e-05, 8.568189572312175e-13, 0.0, 3.40036660058178e-05, 7.174265376078593e-06, 0.0006326925744154124, 0.10547190770450679, 0.0, 0.14828487289330283, 0.0, 8.925385609059711e-10, 0.0, 1.5068019061137238e-10, 0.0, 0.0, 0.0402097666136702, 0.0, 0.0, 0.13854963777415846, 0.0021548670616514053, 0.031255108741515984, 0.0, 0.007909103322247205, 1.0, 0.004417619575453381, 5.639973066982357e-07, 5.2838461846689146e-06, 0.0, 0.0, 1.7059844799040144e-05, 3.0779706209559573e-06, 6.273147216607443e-11, 0.050397151233632725, 0.012683201720054937, 0.11024783477601108, 0.0, 2.315033099496624e-09, 0.0, 5.38753865159001e-07, 5.063407924813483e-05, 0.10443034988575539, 0.0, 1.9466343350800086e-10, 0.0, 0.031249999999999997, 1.3308380019147997e-07, 2.7642730691658976e-11, 0.0, 0.08434339010165964, 8.871848769605392e-08, 0.0, 6.397943607131516e-11, 7.153928383350195e-08, 0.0, 0.07526248429932177, 0.040063757051011645, 0.01647940332323107, 4.505533191240835e-11, 0.0, 0.0021548664436076095, 0.07651644645225927, 0.09001154612715259, 0.0], [0.0, 0.0004827454790105544, 0.0, 0.015344992812333294, 0.0, 0.0, 0.0, 0.0, 0.00019500037520830447, 0.00015547554790290284, 3.195542963973385e-05, 0.0008343391445785342, 0.0, 0.0, 0.0002446878769588752, 0.0, 0.0, 0.0024171703656113777, 0.004169293345845929, 0.00