"{\"names\": [\"172.217.10.1\", \"104.88.86.240\", \"38.93.140.48\", \"192.168.10.15\", \"104.88.108.223\", \"195.142.105.15\", \"172.217.12.163\", \"206.217.206.48\", \"172.217.6.228\", \"178.255.83.1\", \"74.119.118.82\", \"192.168.10.9\", \"172.217.7.6\", \"35.186.227.40\", \"31.13.71.36\", \"206.126.112.142\", \"151.101.2.49\", \"192.168.10.25\", \"172.217.3.98\", \"192.168.10.16\", \"72.30.202.150\", \"172.217.12.132\", \"50.31.164.173\", \"162.208.20.178\", \"23.15.4.16\", \"216.58.217.99\", \"172.217.6.198\", \"172.217.12.174\", \"169.46.44.40\", \"192.168.10.17\", \"52.84.143.130\", \"104.19.195.102\", \"216.200.232.61\", \"104.97.73.166\", \"152.163.13.79\", \"192.229.163.25\", \"74.119.118.86\", \"54.225.188.92\", \"188.165.145.88\", \"192.168.10.14\", \"8.43.72.98\", \"199.96.57.6\", \"68.67.178.110\", \"104.88.70.158\", \"192.168.10.19\", \"69.172.216.56\", \"157.240.18.35\", \"172.217.11.34\", \"185.54.150.20\", \"69.169.85.7\", \"198.232.124.194\", \"74.119.118.72\", \"172.217.12.134\", \"192.168.10.5\", \"23.111.9.30\", \"192.168.10.8\", \"151.101.66.2\", \"68.67.178.199\", \"213.239.195.215\", \"138.108.7.20\", \"52.84.145.87\", \"192.168.10.50\", \"52.84.145.198\", \"52.40.24.51\", \"212.77.100.137\", \"185.54.150.115\", \"172.217.10.138\", \"152.163.66.165\", \"52.84.137.78\", \"192.168.10.51\", \"68.67.178.109\", \"129.146.14.96\", \"54.152.24.232\", \"172.217.10.33\", \"52.8.229.108\", \"192.168.10.12\", \"64.147.131.201\", \"172.217.12.206\", \"68.67.180.12\", \"172.217.10.134\", \"38.69.238.16\", \"172.217.10.142\", \"192.168.10.3\", \"172.217.6.202\"], \"funcEdges\": [[1.0, 0.0, 0.0, 0.0, 0.0, 0.0, 0.0, 0.0, 0.0, 0.0, 0.0, 0.0, 0.0, 0.0, 0.0, 0.0, 0.0, 0.0, 0.0, 0.0, 0.0, 0.0, 0.0, 0.0, 0.0, 0.0, 0.0, 0.0, 0.0, 0.0, 0.0, 0.0, 0.0, 0.0, 0.0, 0.0, 0.0, 0.0, 0.0, 0.0, 0.0, 0.0, 0.0, 0.0, 0.0, 0.0, 0.0, 0.0, 0.0, 0.0, 0.0, 0.0, 0.0, 0.0, 0.0, 0.0, 0.0, 0.0, 0.0, 0.0, 0.0, 0.0, 0.0, 0.0, 0.0, 0.0, 0.0, 0.0, 0.0, 0.0, 0.0, 0.0, 0.0, 0.0, 0.0, 0.0, 0.0, 0.0, 0.0, 0.0, 0.0, 0.0, 0.0, 0.0], [0.0, 1.0, 0.0, 3.9402863932411576e-07, 0.0, 0.0, 0.0, 0.0, 2.5444957587185816e-07, 4.401798437065945e-07, 6.22973642849717e-08, 2.247441768713656e-07, 0.0, 0.0, 1.6279627447195113e-07, 0.0, 0.0, 1.6644815019325573e-07, 2.8787661406010737e-07, 1.7578064982788844e-07, 9.605858905788445e-11, 7.091808870983055e-09, 0.0, 0.0, 1.3615428728077713e-09, 1.1406325468715177e-09, 6.354010780176179e-08, 4.3773580519017407e-07, 0.0, 2.2697554799137263e-07, 0.0, 0.0, 0.0, 0.0, 0.0, 0.0, 0.0, 0.0, 0.0, 2.24552129357882e-07, 0.0, 1.655761396789248e-08, 0.0, 0.0, 3.6485770347163306e-07, 2.3571556592312226e-07, 5.763515343473069e-10, 1.7607136692710035e-09, 0.0, 0.0, 1.4901161193847656e-08, 4.656612873077393e-10, 0.0, 4.3287144936090835e-07, 0.0, 2.887949694919118e-07, 0.0, 0.0, 0.0, 0.0, 3.04168679165738e-09, 3.1332671666040407e-07, 0.0, 0.0, 0.0, 0.0, 0.0, 0.0, 0.0, 2.8465607544483525e-07, 0.0, 0.0, 0.0, 0.0, 0.0, 1.6246649286074935e-07, 0.0, 2.569834053342994e-07, 0.0, 0.0, 0.0, 5.480819282009021e-09, 5.13660133552448e-07, 0.0], [0.0, 0.0, 1.0, 0.0, 0.0, 0.0, 0.0, 0.0, 0.0, 0.0, 0.0, 0.0, 0.0, 0.0, 0.0, 0.0, 0.0, 0.0, 0.0, 0.0, 0.0, 0.0, 0.0, 0.0, 0.0, 0.0, 0.0, 0.0, 0.0, 0.0, 0.0, 0.0, 0.0, 0.0, 0.0, 0.0, 0.0, 0.0, 0.0, 0.0, 0.0, 0.0, 0.0, 0.0, 0.0, 0.0, 0.0, 0.0, 0.0, 0.0, 0.0, 0.0, 0.0, 0.0, 0.0, 0.0, 0.0, 0.0, 0.0, 0.0, 0.0, 0.0, 0.0, 0.0, 0.0, 0.0, 0.0, 0.0, 0.0, 0.0, 0.0, 0.0, 0.0, 0.0, 0.0, 0.0, 0.0, 0.0, 0.0, 0.0, 0.0, 0.0, 0.0, 0.0], [0.0, 3.9402863932411576e-07, 0.0, 1.0, 0.0, 0.0, 0.05156196827459418, 0.027911805452432065, 6.09310794886067e-07, 0.21984669120474032, 0.019481870166674117, 0.4190999834567978, 0.06313805066526397, 0.0, 3.965855547336111e-05, 0.0, 0.0, 0.46273731179570105, 0.41899786477163237, 0.29363690211798493, 9.15376435370768e-07, 2.0392422601142473e-08, 0.0006955843050476224, 0.0, 0.3475849472508441, 3.2235335783982385e-09, 0.41737362734890227, 1.025959971921744e-05, 0.0, 0.3903605596282419, 0.002716387653505156, 0.23570754392609117, 0.1481762003451687, 3.7887971652610954e-14, 0.0, 0.0, 0.19077006544252062, 0.0, 0.0, 0.39355911622312645, 6.058411227642836e-07, 0.14819721595095006, 0.0, 2.0595098659004723e-06, 0.2709441167496216, 0.08113759954829522, 0.1392803731042169, 1.4655941164927127e-09, 0.00012174255837840241, 0.0, 9.312928985489661e-09, 0.00012083483139104362, 2.748680621649253e-14, 0.5334218080520428, 6.204830030897608e-06, 0.5441087380913748, 0.0, 0.013625981678776856, 0.0, 0.13928037254361025, 3.864522011082463e-08, 0.39350485580462047, 0.0, 5.097921391008045e-14, 0.021346565658098483, 0.00013732910156249997, 1.1531195294248513e-10, 8.406525326685662e-15, 0.0, 0.6112450131973098, 0.00012176886782778146, 0.0, 3.9633773575318505e-14, 1.1576580464726734e-10, 0.0, 0.7524569458660051, 0.0017399622567519702, 0.0006160789734473897, 8.264656798782859e-15, 0.0, 6.058400889825804e-07, 0.07717652006028163, 0.47185976390288503, 0.0], [0.0, 0.0, 0.0, 0.0, 1.0, 0.0, 0.0, 0.0, 0.0, 0.0, 0.0, 0.0, 0.0, 0.0, 0.0, 0.0, 0.0, 0.0, 0.0, 0.0, 0.0, 0.0, 0.0, 0.0, 0.0, 0.0, 0.0, 0.0, 0.0, 0.0, 0.0, 0.0, 0.0, 0.0, 0.0, 0.0, 0.0, 0.0, 0.0, 0.0, 0.0, 0.0, 0.0, 0.0, 0.0, 0.0, 0.0, 0.0, 0.0, 0.0, 0.0, 0.0, 0.0, 0.0, 0.0, 0.0, 0.0, 0.0, 0.0, 0.0, 0.0, 0.0, 0.0, 0.0, 0.0, 0.0, 0.0, 0.0, 0.0, 0.0, 0.0, 0.0, 0.0, 0.0, 0.0, 0.0, 0.0, 0.0, 0.0, 0.0, 0.0, 0.0, 0.0, 0.0], [0.0, 0.0, 0.0, 0.0, 0.0, 1.0, 0.0, 0.0, 0.0, 0.0, 0.0, 0.0, 0.0, 0.0, 0.0, 0.0, 0.0, 0.0, 0.0, 0.0, 0.0, 0.0, 0.0, 0.0, 0.0, 0.0, 0.0, 0.0, 0.0, 0.0, 0.0, 0.0, 0.0, 0.0, 0.0, 0.0, 0.0, 0.0, 0.0, 0.0, 0.0, 0.0, 0.0, 0.0, 0.0, 0.0, 0.0, 0.0, 0.0, 0.0, 0.0, 0.0, 0.0, 0.0, 0.0, 0.0, 0.0, 0.0, 0.0, 0.0, 0.0, 0.0, 0.0, 0.0, 0.0, 0.0, 0.0, 0.0, 0.0, 0.0, 0.0, 0.0, 0.0, 0.0, 0.0, 0.0, 0.0, 0.0, 0.0, 0.0, 0.0, 0.0, 0.0, 0.0], [0.0, 0.0, 0.0, 0.05156196827459418, 0.0, 0.0, 1.0, 0.0009765625, 0.0, 0.4532998472401214, 0.0, 0.29318731519625546, 0.49735447879008726, 0.0, 2.213977814056432e-05, 0.0, 0.0, 0.15651631705339744, 0.18445717623014674, 0.003305953581067175, 0.0, 0.0, 0.0007533538129251287, 0.0, 0.4841229182759272, 0.0, 0.31353230231602647, 0.0, 0.0, 0.2908232600111582, 0.005859375, 0.1976423537605237, 0.003906250000000001, 0.0, 0.0, 0.0, 2.3560410125197388e-05, 0.0, 0.0, 0.313510521883752, 0.0, 0.001581723931812874, 0.0, 0.0, 0.2033497308182016, 0.0, 0.3952847075210474, 0.0, 0.00012155114383793656, 0.0, 0.0, 0.00012012917988648342, 0.0, 0.31353267521062866, 0.0, 0.26803350851742286, 0.0, 0.0, 0.0, 0.3952847075210474, 0.0, 0.16571448168431674, 0.0, 0.0, 0.00439453125, 0.00018280393602310374, 0.0, 0.0, 0.0, 0.3417574595070222, 0.0001212672183388158, 0.0, 0.0, 0.0, 0.0, 0.2574962534330974, 0.0016453622965592858, 0.002197265625, 0.0, 0.0, 0.0, 0.006670322844724061, 0.2945089543054555, 0.0], [0.0, 0.0, 0.0, 0.027911805452432065, 0.0, 0.0, 0.0009765625, 1.0, 0.0, 0.018499234328746, 0.019439727925441484, 0.02304018877957987, 0.0, 0.0, 0.0, 0.0, 0.0, 0.018430292668703427, 0.006005885427747658, 0.01407631594438824, 0.0, 0.0, 0.0, 0.0, 0.014513983074501061, 0.0, 0.03710937499999999, 0.0, 0.0, 0.019391836136638946, 0.0009765624999999999, 0.0, 0.011976922321775326, 0.0, 0.0, 0.0, 0.0, 0.0, 0.0, 0.04945651268370743, 0.0, 0.0006689414512401122, 0.0, 0.0, 0.018449152115148047, 0.0, 0.03710937499999999, 0.0, 0.0, 0.0, 0.0, 0.0, 0.0, 0.021238551669086583, 0.0, 0.009750204723642818, 0.0, 0.0, 0.0, 0.03710937499999999, 0.0, 0.02865035172522499, 0.0, 0.0, 0.007080147768521054, 0.0, 0.0, 0.0, 0.0, 0.017800380718799955, 0.0, 0.0, 0.0, 0.0, 0.0, 0.037846848222358696, 0.0, 0.0, 0.0, 0.0, 0.0, 0.014648437499999997, 0.012441007025220078, 0.0], [0.0, 2.5444957587185816e-07, 0.0, 6.09310794886067e-07, 0.0, 0.0, 0.0, 0.0, 1.0, 3.354923139538765e-07, 6.8089473311742e-08, 4.674230926199816e-07, 0.0, 0.0, 4.876856588318205e-07, 0.0, 0.0, 3.525663970250526e-07, 2.7589629782421747e-07, 3.903644856291347e-07, 0.0, 1.6150304939204346e-08, 0.0, 0.0, 1.6351177485440374e-08, 7.4141115546648654e-09, 1.0134301461851384e-07, 3.8134122345426593e-07, 0.0, 2.4769909933752017e-07, 0.0, 0.0, 0.0, 0.0, 0.0, 0.0, 0.0, 0.0, 0.0, 4.7190945979879727e-07, 0.0, 1.4901161193847656e-08, 0.0, 6.4309910422016235e-09, 4.0455271986243245e-07, 9.521502695717992e-08, 0.0, 0.0, 0.0, 0.0, 1.790229034687508e-08, 0.0, 0.0, 1.1674671338688766e-07, 0.0, 5.124566628999773e-07, 0.0, 0.0, 0.0, 0.0, 1.0344724533241412e-08, 3.145315530742366e-07, 0.0, 0.0, 0.0, 0.0, 0.0, 0.0, 0.0, 4.039126860506967e-07, 0.0, 0.0, 0.0, 0.0, 0.0, 6.244214457397775e-07, 0.0, 1.8092434290044127e-07, 0.0, 0.0, 0.0, 0.0, 2.9304922550529437e-07, 0.0], [0.0, 4.401798437065945e-07, 0.0, 0.21984669120474032, 0.0, 0.0, 0.4532998472401214, 0.018499234328746, 3.354923139538765e-07, 1.0, 0.010444777390290039, 0.32376019933709094, 0.42339196684962566, 0.0, 6.887963421925935e-05, 0.0, 0.0, 0.10551090559115334, 0.07231029874882292, 0.1460400532213582, 1.1966168299758672e-06, 1.9198840623495117e-08, 0.0008005780815212805, 0.0, 0.5184497496109451, 3.6481823593197836e-09, 0.290332757246802, 2.364437374284367e-05, 0.0, 0.2790724477834048, 0.0039650959184369255, 0.2627932478754004, 0.15512341156655726, 1.7944685447461352e-14, 0.0, 0.0, 0.04930565857195285, 0.0, 0.0, 0.25498781734081316, 1.5839447142158206e-06, 0.12258835166821652, 0.0, 3.726340090009484e-09, 0.17363587302247552, 0.09047361230278654, 0.534826287835707, 2.96547211487067e-09, 4.7844550314073436e-05, 0.0, 6.32244089159471e-08, 5.787336470007837e-05, 1.456992268670209e-14, 0.3871899234590843, 1.60343685802154e-07, 0.38035006073751765, 0.0, 0.017328843289502783, 0.0, 0.5348262875647525, 2.9489541852705703e-08, 0.43422867232104034, 0.0, 5.061222184177633e-14, 0.03838870179664637, 7.098457621545023e-05, 6.649741866454493e-11, 1.2972676148241318e-14, 0.0, 0.3700068309262863, 5.368173085217349e-05, 0.0, 1.183995941329628e-14, 3.7009459603659416e-11, 0.0, 0.363592793553823, 0.0014598372390563726, 0.0005047428870588489, 2.617874847191631e-14, 0.0, 1.5839443039173173e-06, 0.05813893764849796, 0.3835474870008875, 0.0], [0.0, 6.22973642849717e-08, 0.0, 0.019481870166674117, 0.0, 0.0, 0.0, 0.019439727925441484, 6.8089473311742e-08, 0.010444777390290039, 1.0, 0.019954512409646154, 0.0, 0.0, 1.2670758124585735e-06, 0.0, 0.0, 0.04836738511076656, 0.008144923531333493, 0.03112648981071827, 2.3920932688304474e-07, 1.8479257550393435e-08, 0.0, 0.0, 0.01179775317740393, 2.3856280154712706e-09, 0.018087768293210835, 3.009414311167526e-07, 0.0, 0.014063035695210316, 0.0, 0.0, 0.007620908203984465, 0.0, 0.0, 0.0, 0.0, 0.0, 0.0, 0.0271475887309101, 2.384185791015625e-07, 1.506864712748973e-08, 0.0, 1.4901161193847656e-08, 0.023677679267584812, 1.5603237128776295e-08, 0.018087511777541303, 3.145942172462803e-10, 0.0, 0.0, 1.862645149230957e-08, 1.5972050385783324e-10, 0.0, 0.01774320293822301, 0.0, 0.02392063480287924, 0.0, 0.0, 0.0, 0.0180875113063879, 6.44649409029225e-09, 0.0310139923314336, 0.0, 0.0, 0.007812499999999998, 0.0, 4.297879982667298e-11, 0.0, 0.0, 0.014272115481054507, 2.2701380517098293e-10, 0.0, 0.0, 5.352123857248447e-11, 0.0, 0.025526723951885547, 0.0, 3.2730482912527676e-08, 0.0, 0.0, 2.3841857910156255e-07, 0.0350908616132065, 0.025471552876214623, 0.0], [0.0, 2.247441768713656e-07, 0.0, 0.4190999834567978, 0.0, 0.0, 0.29318731519625546, 0.02304018877957987, 4.674230926199816e-07, 0.32376019933709094, 0.019954512409646154, 1.0, 0.300885256311044, 0.0, 5.6413435641567284e-05, 0.0, 0.0, 0.3887600434654553, 0.380907847570754, 0.13039975111420044, 2.0388980402480533e-06, 3.093824182980075e-08, 0.0005074764316454929, 0.0, 0.45905443811330693, 5.777274039302112e-09, 0.553996892188934, 3.481679441518921e-05, 0.0, 0.9159998064872419, 0.0020974502900197854, 0.32938110732911113, 0.052261464174153754, 4.235318760398933e-14, 0.0, 0.0, 0.12496360118684763, 0.0, 0.0, 0.5754525885692288, 7.114208103148843e-07, 0.052444098605718435, 0.0, 3.551746720248452e-06, 0.23379188842462512, 0.09365903428871594, 0.1760835889393208, 1.8739466855648334e-09, 3.5261065049729336e-05, 0.0, 3.0086929643230604e-08, 4.311078229121961e-05, 2.829242950364611e-14, 0.5930325515575735, 9.613887136567087e-06, 0.6976447158951427, 0.0, 0.01275504783631316, 0.0, 0.17608358851750433, 1.7874195900886727e-08, 0.27267847688261015, 0.0, 7.478515879298562e-14, 0.026929862526013745, 4.9970385163246204e-05, 8.450059051831491e-11, 4.835226583806838e-14, 0.0, 0.5338342543037369, 3.8954311616692194e-05, 0.0, 3.1317123423185556e-14, 5.7596205224429894e-11, 0.0, 0.7490202262485263, 0.0011098525767013006, 0.0005650181063616751, 5.4229977142305765e-14, 0.0, 7.114206973450718e-07, 0.04073124215162156, 0.6137086326037534, 0.0], [0.0, 0.0, 0.0, 0.06313805066526397, 0.0, 0.0, 0.49735447879008726, 0.0, 0.0, 0.42339196684962566, 0.0, 0.300885256311044, 1.0, 0.0, 0.0, 0.0, 0.0, 0.19760857462761883, 0.2243735564099529, 2.884747510090568e-14, 1.4210854715202007e-14, 0.0, 0.0, 0.0, 0.49440304080235736, 0.0, 0.3201900133272732, 6.670450304041785e-14, 0.0, 0.30899506323137066, 0.0, 0.2018391962076979, 0.0, 0.0, 0.0, 0.0, 0.0, 0.0, 0.0, 0.31622944498438654, 0.0, 0.0, 0.0, 0.0, 0.2018391962077396, 0.0, 0.3617377802164221, 0.0, 0.0, 0.0, 0.0, 0.0, 2.842170943040401e-14, 0.31730455038427063, 0.0, 0.28118334299321224, 0.0, 1.5954282144656744e-14, 0.0, 0.3617377802164008, 1.4210854715202e-14, 0.13479273078444973, 0.0, 1.4210854715202004e-14, 0.0, 0.0, 0.0, 1.4210854715202002e-14, 0.0, 0.35835456902879625, 0.0, 0.0, 2.842170943040401e-14, 0.0, 0.0, 0.26902566230263564, 0.0, 1.4210854715202002e-14, 3.198631083802702e-14, 0.0, 0.0, 0.0, 0.2937889596388364, 0.0], [0.0, 0.0, 0.0, 0.0, 0.0, 0.0, 0.0, 0.0, 0.0, 0.0, 0.0, 0.0, 0.0, 1.0, 0.0, 0.0, 0.0, 0.0, 0.0, 0.0, 0.0, 0.0, 0.0, 0.0, 0.0, 0.0, 0.0, 0.0, 0.0, 0.0, 0.0, 0.0, 0.0, 0.0, 0.0, 0.0, 0.0, 0.0, 0.0, 0.0, 0.0, 0.0, 0.0, 0.0, 0.0, 0.0, 0.0, 0.0, 0.0, 0.0, 0.0, 0.0, 0.0, 0.0, 0.0, 0.0, 0.0, 0.0, 0.0, 0.0, 0.0, 0.0, 0.0, 0.0, 0.0, 0.0, 0.0, 0.0, 0.0, 0.0, 0.0, 0.0, 0.0, 0.0, 0.0, 0.0, 0.0, 0.0, 0.0, 0.0, 0.0, 0.0, 0.0, 0.0], [0.0, 1.6279627447195113e-07, 0.0, 3.965855547336111e-05, 0.0, 0.0, 2.213977814056432e-05, 0.0, 4.876856588318205e-07, 6.887963421925935e-05, 1.2670758124585735e-06, 5.6413435641567284e-05, 0.0, 0.0, 1.0, 0.0, 0.0, 5.550091739930292e-05, 1.6034365390720392e-05, 4.948225793132716e-05, 7.901509851212564e-07, 3.602197089670668e-11, 0.0, 0.0, 0.0, 7.973264987508111e-11, 4.162739890729784e-07, 4.456007906614727e-06, 0.0, 0.00013016001522860938, 0.0, 2.7284841053187847e-12, 0.0, 0.0, 0.0, 0.0, 0.0, 0.0, 0.0, 5.175348562027957e-05, 1.3943796437062543e-06, 3.845984299407512e-05, 0.0, 2.7284841053187843e-12, 8.12079328766202e-06, 1.1947650242132578e-07, 7.598173523642604e-12, 1.771355098839132e-11, 2.892892476318472e-05, 0.0, 0.0, 3.580251831576007e-05, 0.0, 5.735831373994818e-05, 3.814697265625e-06, 0.00010075263884085078, 0.0, 9.09494701772928e-13, 0.0, 0.0, 0.0, 5.117984488816879e-05, 0.0, 0.0, 0.0, 3.051757812500001e-05, 5.516279381744427e-11, 0.0, 0.0, 2.0762167035659405e-05, 3.3209667210846475e-05, 0.0, 0.0, 4.071567867036411e-11, 0.0, 1.786219913316375e-05, 3.0517578125e-05, 6.331803901633879e-07, 0.0, 0.0, 1.394379302645741e-06, 1.4268348558961515e-06, 6.792459242270781e-05, 0.0], [0.0, 0.0, 0.0, 0.0, 0.0, 0.0, 0.0, 0.0, 0.0, 0.0, 0.0, 0.0, 0.0, 0.0, 0.0, 1.0, 0.0, 0.0, 0.0, 0.0, 0.0, 0.0, 0.0, 0.0, 0.0, 0.0, 0.0, 0.0, 0.0, 0.0, 0.0, 0.0, 0.0, 0.0, 0.0, 0.0, 0.0, 0.0, 0.0, 0.0, 0.0, 0.0, 0.0, 0.0, 0.0, 0.0, 0.0, 0.0, 0.0, 0.0, 0.0, 0.0, 0.0, 0.0, 0.0, 0.0, 0.0, 0.0, 0.0, 0.0, 0.0, 0.0, 0.0, 0.0, 0.0, 0.0, 0.0, 0.0, 0.0, 0.0, 0.0, 0.0, 0.0, 0.0, 0.0, 0.0, 0.0, 0.0, 0.0, 0.0, 0.0, 0.0, 0.0, 0.0], [0.0, 0.0, 0.0, 0.0, 0.0, 0.0, 0.0, 0.0, 0.0, 0.0, 0.0, 0.0, 0.0, 0.0, 0.0, 0.0, 1.0, 0.0, 0.0, 0.0, 0.0, 0.0, 0.0, 0.0, 0.0, 0.0, 0.0, 0.0, 0.0, 0.0, 0.0, 0.0, 0.0, 0.0, 0.0, 0.0, 0.0, 0.0, 0.0, 0.0, 0.0, 0.0, 0.0, 0.0, 0.0, 0.0, 0.0, 0.0, 0.0, 0.0, 0.0, 0.0, 0.0, 0.0, 0.0, 0.0, 0.0, 0.0, 0.0, 0.0, 0.0, 0.0, 0.0, 0.0, 0.0, 0.0, 0.0, 0.0, 0.0, 0.0, 0.0, 0.0, 0.0, 0.0, 0.0, 0.0, 0.0, 0.0, 0.0, 0.0, 0.0, 0.0, 0.0, 0.0], [0.0, 1.6644815019325573e-07, 0.0, 0.46273731179570105, 0.0, 0.0, 0.15651631705339744, 0.018430292668703427, 3.525663970250526e-07, 0.10551090559115334, 0.04836738511076656, 0.3887600434654553, 0.19760857462761883, 0.0, 5.550091739930292e-05, 0.0, 0.0, 1.0, 0.6197035219345506, 0.10983240204421145, 2.961504916630747e-07, 2.3685762883870584e-08, 0.0003092866834064026, 0.0, 0.6086379430759017, 1.898892872591162e-09, 0.12559616244827493, 2.562079514699898e-05, 0.0, 0.48083146567347423, 0.0016029131766620206, 0.147137818876044, 0.04452581925195792, 5.451782015384506e-14, 0.0, 0.0, 0.2642138980611153, 0.0, 0.0, 0.19069135084377056, 1.754183459064947e-06, 0.06001685466300442, 0.0, 5.32608387082368e-06, 0.1668426573565957, 0.059725294631381445, 0.1647516730633818, 1.8994647466370677e-09, 8.773482343355075e-05, 0.0, 2.704090941433845e-08, 8.525423400015915e-05, 3.137012413733752e-14, 0.47346133015979147, 3.374678561894923e-06, 0.33109303078801955, 0.0, 0.009111716600074756, 0.0, 0.1647516723899751, 1.6954993100444207e-08, 0.5005965821576474, 0.0, 8.91885774435599e-14, 0.06485349478330978, 0.00010326827641081711, 7.136899074384838e-11, 3.950298997815453e-14, 0.0, 0.43054108233617705, 8.535436916472785e-05, 0.0, 3.8070856068891235e-14, 5.799077662930912e-11, 0.0, 0.300739516608556, 0.0010932276728798035, 0.0005280937330018389, 4.31853114516979e-14, 0.0, 1.7541829878801605e-06, 0.0451034628258065, 0.27054254030617475, 0.0], [0.0, 2.8787661406010737e-07, 0.0, 0.41899786477163237, 0.0, 0.0, 0.18445717623014674, 0.006005885427747658, 2.7589629782421747e-07, 0.07231029874882292, 0.008144923531333493, 0.380907847570754, 0.2243735564099529, 0.0, 1.6034365390720392e-05, 0.0, 0.0, 0.6197035219345506, 1.0, 0.05422889017713087, 9.089425259189312e-07, 1.5509694869032253e-09, 0.00019746668199083477, 0.0, 0.3974581643862537, 0.0, 0.2991448678440345, 1.709887840804976e-05, 0.0, 0.4410904517675998, 0.00146484375, 0.09855849028752321, 0.03917348185000204, 8.881784197001251e-16, 0.0, 0.0, 0.02353779702912389, 0.0, 0.0, 0.28912725639533643, 2.3153059665430514e-06, 0.037424127170671395, 0.0, 2.2998844272369592e-07, 0.010021043630830697, 0.05476831163821334, 0.17983450933174716, 1.3881056036499768e-09, 0.0, 0.0, 0.0, 1.8608574099292981e-09, 9.406348863589755e-15, 0.3715494324348956, 3.814697265625e-06, 0.3687583639319253, 0.0, 0.02351627585046277, 0.0, 0.17983450869751716, 1.4210854715202007e-14, 0.2617232659452414, 0.0, 2.161553752121718e-14, 0.023331309551027368, 5.938838511457419e-05, 0.0, 1.4210854715202004e-14, 0.0, 0.41752316841970555, 4.0064140123650254e-11, 0.0, 1.2188030575391412e-14, 0.0, 0.0, 0.410585434633395, 0.0012499992185883964, 0.0005536270608854662, 2.3162500951674744e-14, 0.0, 2.3153059669871406e-06, 0.06671370380048186, 0.24304925721761844, 0.0], [0.0, 1.7578064982788844e-07, 0.0, 0.29363690211798493, 0.0, 0.0, 0.003305953581067175, 0.01407631594438824, 3.903644856291347e-07, 0.1460400532213582, 0.03112648981071827, 0.13039975111420044, 2.884747510090568e-14, 0.0, 4.948225793132716e-05, 0.0, 0.0, 0.10983240204421145, 0.05422889017713087, 1.0, 9.890176309495667e-07, 4.224921218409361e-08, 0.0007336460234224763, 0.0, 0.15367984229494233, 1.2136806864634582e-09, 0.2770018779155109, 1.2370359936371446e-05, 0.0, 0.13194683359089387, 0.002451732949597702, 0.17756527948269252, 0.1443786624133392, 1.2543446619996818e-14, 0.0, 0.0, 0.07322561261736285, 0.0, 0.0, 0.2718540577570159, 1.1927355654708705e-06, 0.1884000130858023, 0.0, 2.465480360191971e-06, 0.03507119622573618, 0.037552713949602544, 0.027001307251029148, 3.3266383909657405e-09, 6.950977755598552e-05, 0.0, 3.1706040456199507e-09, 8.354000361652508e-05, 7.433245090124167e-15, 0.26902214281507497, 4.713968272496536e-06, 0.22866564791042635, 0.0, 0.013466731461616754, 0.0, 0.02700130587743782, 1.9863085448322764e-08, 0.391347189152062, 0.0, 4.5440617412311105e-14, 0.02227632164685263, 0.0001043857510254697, 2.7212346417099726e-11, 1.0033904382923716e-14, 0.0, 0.30854024980364136, 7.748932486350467e-05, 0.0, 7.109431232573412e-15, 3.4091916342154255e-11, 0.0, 0.2101154166946994, 0.0004245482744461343, 0.0016090333017250717, 3.095658514273094e-14, 0.0, 1.1927348578403826e-06, 0.03828594981422252, 0.24863156574958, 0.0], [0.0, 9.605858905788445e-11, 0.0, 9.15376435370768e-07, 0.0, 0.0, 0.0, 0.0, 0.0, 1.1966168299758672e-06, 2.3920932688304474e-07, 2.0388980402480533e-06, 1.4210854715202007e-14, 0.0, 7.901509851212564e-07, 0.0, 0.0, 2.961504916630747e-07, 9.089425259189312e-07, 9.890176309495667e-07, 1.0, 1.1987326209336612e-09, 0.0, 0.0, 0.0, 5.083103761778034e-12, 2.384185791015625e-07, 2.3868799168221065e-07, 0.0, 2.3746004049218796e-06, 0.0, 4.547473508864641e-13, 0.0, 0.0, 0.0, 0.0, 0.0, 0.0, 0.0, 1.6034527076787335e-06, 7.152557373046875e-07, 6.932216035251283e-10, 0.0, 1.3642420526593924e-12, 1.8638724417068218e-06, 3.136641775363825e-10, 2.2292295668987515e-09, 9.32753551583552e-10, 0.0, 0.0, 0.0, 5.763515343473068e-10, 0.0, 1.077326568091921e-06, 0.0, 1.3222187934826994e-06, 0.0, 9.254489839175849e-13, 0.0, 1.1641532182693484e-10, 1.4210854715202004e-14, 6.797646869541588e-07, 0.0, 1.4210854715202007e-14, 0.0, 0.0, 0.0, 5.684341886080802e-14, 0.0, 4.5627277651777187e-07, 0.0, 0.0, 0.0, 0.0, 0.0, 1.6159152581792529e-06, 0.0, 4.789712585543073e-07, 3.75011920169972e-14, 0.0, 7.152557373046875e-07, 2.0988009797278182e-07, 9.16038968121937e-07, 0.0], [0.0, 7.091808870983055e-09, 0.0, 2.0392422601142473e-08, 0.0, 0.0, 0.0, 0.0, 1.6150304939204346e-08, 1.9198840623495117e-08, 1.8479257550393435e-08, 3.093824182980075e-08, 0.0, 0.0, 3.602197089670668e-11, 0.0, 0.0, 2.3685762883870584e-08, 1.5509694869032253e-09, 4.224921218409361e-08, 1.1987326209336612e-09, 1.0, 0.0, 0.0, 1.7612774619495242e-08, 2.8224484065368496e-09, 1.3770071385211087e-08, 9.076421272426027e-09, 0.0, 2.8042367578423535e-08, 0.0, 0.0, 0.0, 0.0, 0.0, 0.0, 0.0, 0.0, 0.0, 1.049126379348398e-08, 0.0, 2.8847624078669726e-09, 0.0, 1.4901161193847656e-08, 2.9266042284550963e-08, 1.3095335808837725e-09, 1.4315672454984961e-09, 1.9215999577748274e-09, 0.0, 0.0, 3.725290298461915e-09, 8.599383397309462e-10, 6.217248937900876e-15, 1.863241563306172e-08, 0.0, 3.523961711566322e-08, 0.0, 0.0, 0.0, 1.7428874340052287e-10, 2.572195954199103e-08, 1.6634076268961885e-08, 0.0, 5.456288292299892e-16, 0.0, 0.0, 3.636425226572783e-11, 0.0, 0.0, 1.4424877879061259e-08, 2.2701380517098298e-10, 0.0, 0.0, 1.7080665176367673e-11, 0.0, 1.592629489213577e-08, 0.0, 3.0853580300292805e-08, 0.0, 0.0, 5.456288292299891e-16, 4.877223962253407e-09, 2.9298473255110128e-08, 0.0], [0.0, 0.0, 0.0, 0.0006955843050476224, 0.0, 0.0, 0.0007533538129251287, 0.0, 0.0, 0.0008005780815212805, 0.0, 0.0005074764316454929, 0.0, 0.0, 0.0, 0.0, 0.0, 0.0003092866834064026, 0.00019746668199083477, 0.0007336460234224763, 0.0, 0.0, 1.0, 0.0, 0.0, 0.0, 0.0, 3.3592496681290578e-15, 0.0, 0.0012620147289244166, 0.0, 0.0, 0.0, 8.881784197001252e-16, 0.0, 0.0, 0.0, 0.0, 0.0, 0.0005835884066030145, 0.0, 4.440892098500626e-15, 0.0, 0.0, 0.000480059276395179, 1.390075905475518e-15, 4.638316610158001e-15, 0.0, 0.0, 0.0, 0.0, 0.0, 8.881784197001251e-16, 0.000547133669701627, 0.0, 0.0007474708295797598, 0.0, 0.0, 0.0, 8.881784197001252e-16, 0.0, 0.0008403265314841561, 0.0, 7.105427357601002e-15, 0.0, 0.0, 0.0, 0.0, 0.0, 0.0005927631580195892, 4.117633577018589e-15, 0.0, 5.648049572094155e-15, 0.0, 0.0, 0.0008331530103963385, 0.0009131953453234413, 6.1035156249999986e-05, 0.0, 0.0, 0.0, 0.0007572280466363298, 0.0007822099457327061, 0.0], [0.0, 0.0, 0.0, 0.0, 0.0, 0.0, 0.0, 0.0, 0.0, 0.0, 0.0, 0.0, 0.0, 0.0, 0.0, 0.0, 0.0, 0.0, 0.0, 0.0, 0.0, 0.0, 0.0, 1.0, 0.0, 0.0, 0.0, 0.0, 0.0, 0.0, 0.0, 0.0, 0.0, 0.0, 0.0, 0.0, 0.0, 0.0, 0.0, 0.0, 0.0, 0.0, 0.0, 0.0, 0.0, 0.0, 0.0, 0.0, 0.0, 0.0, 0.0, 0.0, 0.0, 0.0, 0.0, 0.0, 0.0, 0.0, 0.0, 0.0, 0.0, 0.0, 0.0, 0.0, 0.0, 0.0, 0.0, 0.0, 0.0, 0.0, 0.0, 0.0, 0.0, 0.0, 0.0, 0.0, 0.0, 0.0, 0.0, 0.0, 0.0, 0.0, 0.0, 0.0], [0.0, 1.3615428728077713e-09, 0.0, 0.3475849472508441, 0.0, 0.0, 0.4841229182759272, 0.014513983074501061, 1.6351177485440374e-08, 0.5184497496109451, 0.01179775317740393, 0.45905443811330693, 0.49440304080235736, 0.0, 0.0, 0.0, 0.0, 0.6086379430759017, 0.3974581643862537, 0.15367984229494233, 0.0, 1.7612774619495242e-08, 0.0, 0.0, 1.0, 7.002836939476667e-09, 0.41002247574025696, 5.8902588634328316e-09, 0.0, 0.5046872278065666, 0.0, 0.26167677658782756, 0.09341948796136701, 0.0, 0.0, 0.0, 0.26562499999999994, 0.0, 0.0, 0.4565637849427633, 0.0, 0.07545038572086056, 0.0, 1.3743802669879456e-08, 0.217323156348149, 0.06600427218598784, 0.3298939182664758, 0.0, 0.0, 0.0, 3.926800762822702e-09, 0.0, 0.0, 0.6488774580215093, 0.0, 0.5688045637210226, 0.0, 0.0625, 0.0, 0.3298939182664758, 8.256960986533658e-09, 0.27120688210887345, 0.0, 0.0, 0.020925004103905995, 0.0, 0.0, 0.0, 0.0, 0.6525326577111108, 0.0, 0.0, 0.0, 0.0, 0.0, 0.4131502923227751, 0.0, 8.840446960825325e-09, 0.0, 0.0, 0.0, 0.022615443605257097, 0.5452764529359365, 0.0], [0.0, 1.1406325468715177e-09, 0.0, 3.2235335783982385e-09, 0.0, 0.0, 0.0, 0.0, 7.4141115546648654e-09, 3.6481823593197836e-09, 2.3856280154712706e-09, 5.777274039302112e-09, 0.0, 0.0, 7.973264987508111e-11, 0.0, 0.0, 1.898892872591162e-09, 0.0, 1.2136806864634582e-09, 5.083103761778034e-12, 2.8224484065368496e-09, 0.0, 0.0, 7.002836939476667e-09, 1.0, 0.0, 7.680244125081028e-11, 0.0, 7.163475408028628e-09, 0.0, 1.8189894035458565e-12, 0.0, 0.0, 0.0, 0.0, 0.0, 0.0, 0.0, 2.4214842322086697e-09, 0.0, 2.9086215623767406e-11, 0.0, 3.679161110630542e-12, 3.5030592656633753e-09, 0.0, 5.703478725311893e-11, 3.171165127425319e-11, 0.0, 0.0, 0.0, 0.0, 0.0, 2.3937965496814357e-09, 0.0, 2.816204147083843e-09, 0.0, 1.4740983339161659e-12, 0.0, 0.0, 3.4148494402567544e-09, 4.941351892586581e-09, 0.0, 0.0, 0.0, 0.0, 8.622054057344292e-11, 0.0, 0.0, 4.7608461688425765e-09, 0.0, 0.0, 0.0, 6.766540436512177e-11, 0.0, 6.424882235063577e-09, 0.0, 4.201269480517143e-11, 0.0, 0.0, 0.0, 1.0554802012250968e-10, 5.7620049119287556e-09, 0.0], [0.0, 6.354010780176179e-08, 0.0, 0.41737362734890227, 0.0, 0.0, 0.31353230231602647, 0.03710937499999999, 1.0134301461851384e-07, 0.290332757246802, 0.018087768293210835, 0.553996892188934, 0.3201900133272732, 0.0, 4.162739890729784e-07, 0.0, 0.0, 0.12559616244827493, 0.2991448678440345, 0.2770018779155109, 2.384185791015625e-07, 1.3770071385211087e-08, 0.0, 0.0, 0.41002247574025696, 0.0, 1.0, 1.1448640600707265e-06, 0.0, 0.5682689954398199, 0.0, 0.4068561473563483, 0.007812499999999998, 0.0, 0.0, 0.0, 0.07812499999999999, 0.0, 0.0, 0.8072037669969749, 2.3841857910156245e-07, 0.015625014901161197, 0.0, 3.725290298461915e-09, 0.22526817286825143, 0.015625084399845002, 0.30767023907102586, 0.0, 0.0, 0.0, 1.8626451492309567e-08, 0.0, 0.0, 0.6432584041555378, 0.0, 0.5245816515392165, 0.0, 0.015624999999999997, 0.0, 0.30767023907102586, 2.958670180426847e-08, 0.6018968810184966, 0.0, 0.0, 0.015624999999999998, 0.0, 0.0, 0.0, 0.0, 0.6339596476288301, 0.0, 0.0, 0.0, 0.0, 0.0, 0.573981579021833, 0.0, 2.6370715546071014e-07, 0.0, 0.0, 2.3841857910156247e-07, 0.0810546875, 0.6446983755257478, 0.0], [0.0, 4.3773580519017407e-07, 0.0, 1.025959971921744e-05, 0.0, 0.0, 0.0, 0.0, 3.8134122345426593e-07, 2.364437374284367e-05, 3.009414311167526e-07, 3.481679441518921e-05, 6.670450304041785e-14, 0.0, 4.456007906614727e-06, 0.0, 0.0, 2.562079514699898e-05, 1.709887840804976e-05, 1.2370359936371446e-05, 2.3868799168221065e-07, 9.076421272426027e-09, 3.3592496681290578e-15, 0.0, 5.8902588634328316e-09, 7.680244125081028e-11, 1.1448640600707265e-06, 1.0, 0.0, 2.5480019775615166e-05, 0.0, 0.0, 0.0, 4.379021102982856e-14, 0.0, 0.0, 0.0, 0.0, 0.0, 2.0181258095528357e-05, 2.3841857910156245e-07, 2.019822537332978e-08, 0.0, 2.5335981602591174e-06, 5.1499954933841206e-05, 2.0119147065210675e-06, 5.022419067429796e-10, 1.2638653119711661e-09, 0.0, 0.0, 2.208857036126031e-08, 1.8349306188802676e-09, 2.0489874595002926e-14, 2.621428592399601e-05, 3.814697265625e-06, 1.5850587024174583e-05, 0.0, 1.5913236843453276e-14, 0.0, 5.823959747572813e-11, 1.9354223190125665e-08, 2.240749187310863e-05, 0.0, 5.983197181795355e-14, 0.0, 0.0, 1.1522454256490712e-10, 1.7395725312528768e-14, 0.0, 2.329776349928932e-05, 2.2701682664144307e-10, 0.0, 1.7556547266022413e-14, 1.1530024324676912e-10, 0.0, 9.267890414034063e-06, 0.0, 8.112818287505089e-06, 2.91536736478857e-14, 0.0, 2.3841858016084475e-07, 1.1828907556143792e-05, 3.099325664245117e-05, 0.0], [0.0, 0.0, 0.0, 0.0, 0.0, 0.0, 0.0, 0.0, 0.0, 0.0, 0.0, 0.0, 0.0, 0.0, 0.0, 0.0, 0.0, 0.0, 0.0, 0.0, 0.0, 0.0, 0.0, 0.0, 0.0, 0.0, 0.0, 0.0, 1.0, 0.0, 0.0, 0.0, 0.0, 0.0, 0.0, 0.0, 0.0, 0.0, 0.0, 0.0, 0.0, 0.0, 0.0, 0.0, 0.0, 0.0, 0.0, 0.0, 0.0, 0.0, 0.0, 0.0, 0.0, 0.0, 0.0, 0.0, 0.0, 0.0, 0.0, 0.0, 0.0, 0.0, 0.0, 0.0, 0.0, 0.0, 0.0, 0.0, 0.0, 0.0, 0.0, 0.0, 0.0, 0.0, 0.0, 0.0, 0.0, 0.0, 0.0, 0.0, 0.0, 0.0, 0.0, 0.0], [0.0, 2.2697554799137263e-07, 0.0, 0.3903605596282419, 0.0, 0.0, 0.2908232600111582, 0.019391836136638946, 2.4769909933752017e-07, 0.2790724477834048, 0.014063035695210316, 0.9159998064872419, 0.30899506323137066, 0.0, 0.00013016001522860938, 0.0, 0.0, 0.48083146567347423, 0.4410904517675998, 0.13194683359089387, 2.3746004049218796e-06, 2.8042367578423535e-08, 0.0012620147289244166, 0.0, 0.5046872278065666, 7.163475408028628e-09, 0.5682689954398199, 2.5480019775615166e-05, 0.0, 1.0, 0.002725567400482218, 0.3381906862511642, 0.0708634314143816, 1.1831035717073955e-14, 0.0, 0.0, 0.08596478606603676, 0.0, 0.0, 0.5376502072996447, 8.913399569893544e-07, 0.049713725744846574, 0.0, 4.641665771901286e-07, 0.20348346055991684, 0.054688008802192725, 0.13655856483225015, 1.412635046908729e-09, 2.892892476318472e-05, 0.0, 6.296773107885723e-08, 3.5802566137065925e-05, 2.215382510981286e-14, 0.5659662258660206, 4.254354270208532e-06, 0.6784030124081004, 0.0, 0.02343750000098119, 0.0, 0.1365585637541437, 1.7604519486236272e-08, 0.2602357295755898, 0.0, 7.965449105401467e-14, 0.05976611489022357, 6.314224144438776e-05, 1.4342332804537705e-10, 2.226329418013057e-14, 0.0, 0.5528927705960622, 3.320967835150823e-05, 0.0, 2.1549909383265995e-14, 1.124153940204941e-10, 0.0, 0.7084015272559299, 0.0014803806903821884, 0.0006343545689942227, 1.665131593706806e-14, 0.0, 8.913395282269683e-07, 0.04916592227098457, 0.6334647403807475, 0.0], [0.0, 0.0, 0.0, 0.002716387653505156, 0.0, 0.0, 0.005859375, 0.0009765624999999999, 0.0, 0.0039650959184369255, 0.0, 0.0020974502900197854, 0.0, 0.0, 0.0, 0.0, 0.0, 0.0016029131766620206, 0.00146484375, 0.002451732949597702, 0.0, 0.0, 0.0, 0.0, 0.0, 0.0, 0.0, 0.0, 0.0, 0.002725567400482218, 1.0, 0.0, 0.00390625, 0.0, 0.0, 0.0, 0.0, 0.0, 0.0, 0.0039097139427777755, 0.0, 0.0014595086208875174, 0.0, 0.0, 0.005371620669792583, 0.0, 0.0, 0.0, 0.0, 0.0, 0.0, 0.0, 0.0, 0.0032068980872492136, 0.0, 0.00022009824334056325, 0.0, 0.0, 0.0, 0.0, 0.0, 0.002235839123651274, 0.0, 0.0, 0.004394531249999999, 0.0, 0.0, 0.0, 0.0, 0.0031088420303878026, 0.0, 0.0, 0.0, 0.0, 0.0, 0.0009765624999999998, 0.0008439931050264139, 0.0019531249999999996, 0.0, 0.0, 0.0, 0.005859375, 0.0012495661613753058, 0.0], [0.0, 0.0, 0.0, 0.23570754392609117, 0.0, 0.0, 0.1976423537605237, 0.0, 0.0, 0.2627932478754004, 0.0, 0.32938110732911113, 0.2018391962076979, 0.0, 2.7284841053187847e-12, 0.0, 0.0, 0.147137818876044, 0.09855849028752321, 0.17756527948269252, 4.547473508864641e-13, 0.0, 0.0, 0.0, 0.26167677658782756, 1.8189894035458565e-12, 0.4068561473563483, 0.0, 0.0, 0.3381906862511642, 0.0, 1.0, 0.11603342243918698, 0.0, 0.0, 0.0, 0.015625, 0.0, 0.0, 0.38791522653075355, 2.273736754432321e-13, 0.17853342244100598, 0.0, 1.8189894035458565e-12, 0.12500000000043576, 0.05963767747693298, 0.140625, 7.701790700115911e-13, 0.0, 0.0, 0.0, 0.0, 0.0, 0.48710749784927215, 0.0, 0.3886556344782904, 0.0, 0.015624999999999998, 0.0, 0.140625, 0.0, 0.5094645299923932, 0.0, 0.0, 0.015625, 0.0, 0.0, 0.0, 0.0, 0.4879327078535859, 0.0, 0.0, 0.0, 0.0, 0.0, 0.2782962309134891, 0.0, 2.2737367544323206e-13, 0.0, 0.0, 0.0, 0.015625000000712767, 0.5227808152390285, 0.0], [0.0, 0.0, 0.0, 0.1481762003451687, 0.0, 0.0, 0.003906250000000001, 0.011976922321775326, 0.0, 0.15512341156655726, 0.007620908203984465, 0.052261464174153754, 0.0, 0.0, 0.0, 0.0, 0.0, 0.04452581925195792, 0.03917348185000204, 0.1443786624133392, 0.0, 0.0, 0.0, 0.0, 0.09341948796136701, 0.0, 0.007812499999999998, 0.0, 0.0, 0.0708634314143816, 0.00390625, 0.11603342243918698, 1.0, 0.0, 0.0, 0.0, 0.0, 0.0, 0.0, 0.012010155259109832, 0.0, 0.1264595086208875, 0.0, 0.0, 0.016585298858034208, 0.031249999999999997, 0.007812499999999998, 0.0, 0.0, 0.0, 0.0, 0.0, 0.0, 0.13086118710736466, 0.0, 0.15089446712227877, 0.0, 0.0, 0.0, 0.007812499999999998, 0.0, 0.14442196715067662, 0.0, 0.0, 0.005859375000000001, 0.0, 0.0, 0.0, 0.0, 0.13769251407381713, 0.0, 0.0, 0.0, 0.0, 0.0, 0.119611918554372, 0.0, 0.0, 0.0, 0.0, 0.0, 0.01171875, 0.12805910674492077, 0.0], [0.0, 0.0, 0.0, 3.7887971652610954e-14, 0.0, 0.0, 0.0, 0.0, 0.0, 1.7944685447461352e-14, 0.0, 4.235318760398933e-14, 0.0, 0.0, 0.0, 0.0, 0.0, 5.451782015384506e-14, 8.881784197001251e-16, 1.2543446619996818e-14, 0.0, 0.0, 8.881784197001252e-16, 0.0, 0.0, 0.0, 0.0, 4.379021102982856e-14, 0.0, 1.1831035717073955e-14, 0.0, 0.0, 0.0, 1.0, 0.0, 0.0, 0.0, 0.0, 0.0, 2.8767274105155694e-14, 0.0, 8.881784197001251e-16, 0.0, 0.0, 7.357431182195917e-14, 8.769606383536822e-16, 3.4909584459339254e-15, 0.0, 0.0, 0.0, 0.0, 0.0, 8.881784197001252e-16, 5.2706344971252084e-14, 0.0, 0.0, 0.0, 0.0, 0.0, 1.1125072573035682e-13, 3.0025404044000604e-14, 2.7045751212155842e-14, 0.0, 1.1446253284700677e-13, 0.0, 0.0, 0.0, 0.0, 0.0, 5.699117888865958e-14, 0.0, 0.0, 0.0, 0.0, 0.0, 2.903488066140413e-14, 0.0, 3.96108925450843e-14, 0.0, 0.0, 0.0, 0.0, 2.1528270276236682e-15, 0.0], [0.0, 0.0, 0.0, 0.0, 0.0, 0.0, 0.0, 0.0, 0.0, 0.0, 0.0, 0.0, 0.0, 0.0, 0.0, 0.0, 0.0, 0.0, 0.0, 0.0, 0.0, 0.0, 0.0, 0.0, 0.0, 0.0, 0.0, 0.0, 0.0, 0.0, 0.0, 0.0, 0.0, 0.0, 1.0, 0.0, 0.0, 0.0, 0.0, 0.0, 0.0, 0.0, 0.0, 0.0, 0.0, 0.0, 0.0, 0.0, 0.0, 0.0, 0.0, 0.0, 0.0, 0.0, 0.0, 0.0, 0.0, 0.0, 0.0, 0.0, 0.0, 0.0, 0.0, 0.0, 0.0, 0.0, 0.0, 0.0, 0.0, 0.0, 0.0, 0.0, 0.0, 0.0, 0.0, 0.0, 0.0, 0.0, 0.0, 0.0, 0.0, 0.0, 0.0, 0.0], [0.0, 0.0, 0.0, 0.0, 0.0, 0.0, 0.0, 0.0, 0.0, 0.0, 0.0, 0.0, 0.0, 0.0, 0.0, 0.0, 0.0, 0.0, 0.0, 0.0, 0.0, 0.0, 0.0, 0.0, 0.0, 0.0, 0.0, 0.0, 0.0, 0.0, 0.0, 0.0, 0.0, 0.0, 0.0, 1.0, 0.0, 0.0, 0.0, 0.0, 0.0, 0.0, 0.0, 0.0, 0.0, 0.0, 0.0, 0.0, 0.0, 0.0, 0.0, 0.0, 0.0, 0.0, 0.0, 0.0, 0.0, 0.0, 0.0, 0.0, 0.0, 0.0, 0.0, 0.0, 0.0, 0.0, 0.0, 0.0, 0.0, 0.0, 0.0, 0.0, 0.0, 0.0, 0.0, 0.0, 0.0, 0.0, 0.0, 0.0, 0.0, 0.0, 0.0, 0.0], [0.0, 0.0, 0.0, 0.19077006544252062, 0.0, 0.0, 2.3560410125197388e-05, 0.0, 0.0, 0.04930565857195285, 0.0, 0.12496360118684763, 0.0, 0.0, 0.0, 0.0, 0.0, 0.2642138980611153, 0.02353779702912389, 0.07322561261736285, 0.0, 0.0, 0.0, 0.0, 0.26562499999999994, 0.0, 0.07812499999999999, 0.0, 0.0, 0.08596478606603676, 0.0, 0.015625, 0.0, 0.0, 0.0, 0.0, 1.0, 0.0, 0.0, 0.0995726707340013, 0.0, 0.0156367802050626, 0.0, 0.0, 1.9633675104331152e-05, 0.06249999999999999, 0.015624999999999998, 0.0, 0.0, 0.0, 0.0, 0.0, 0.0, 0.2888808640951621, 0.0, 0.17690992878934664, 0.0, 0.015624999999999997, 0.0, 0.015624999999999998, 0.0, 0.09887582164159384, 0.0, 0.0, 0.015624999999999998, 2.3560410125197388e-05, 0.0, 0.0, 0.0, 0.15611680917960924, 0.0, 0.0, 0.0, 0.0, 0.0, 0.04389659492219293, 3.83161010302519e-05, 0.0, 0.0, 0.0, 0.0, 0.01563754065154616, 0.18730868273160783, 0.0], [0.0, 0.0, 0.0, 0.0, 0.0, 0.0, 0.0, 0.0, 0.0, 0.0, 0.0, 0.0, 0.0, 0.0, 0.0, 0.0, 0.0, 0.0, 0.0, 0.0, 0.0, 0.0, 0.0, 0.0, 0.0, 0.0, 0.0, 0.0, 0.0, 0.0, 0.0, 0.0, 0.0, 0.0, 0.0, 0.0, 0.0, 1.0, 0.0, 0.0, 0.0, 0.0, 0.0, 0.0, 0.0, 0.0, 0.0, 0.0, 0.0, 0.0, 0.0, 0.0, 0.0, 0.0, 0.0, 0.0, 0.0, 0.0, 0.0, 0.0, 0.0, 0.0, 0.0, 0.0, 0.0, 0.0, 0.0, 0.0, 0.0, 0.0, 0.0, 0.0, 0.0, 0.0, 0.0, 0.0, 0.0, 0.0, 0.0, 0.0, 0.0, 0.0, 0.0, 0.0], [0.0, 0.0, 0.0, 0.0, 0.0, 0.0, 0.0, 0.0, 0.0, 0.0, 0.0, 0.0, 0.0, 0.0, 0.0, 0.0, 0.0, 0.0, 0.0, 0.0, 0.0, 0.0, 0.0, 0.0, 0.0, 0.0, 0.0, 0.0, 0.0, 0.0, 0.0, 0.0, 0.0, 0.0, 0.0, 0.0, 0.0, 0.0, 1.0, 0.0, 0.0, 0.0, 0.0, 0.0, 0.0, 0.0, 0.0, 0.0, 0.0, 0.0, 0.0, 0.0, 0.0, 0.0, 0.0, 0.0, 0.0, 0.0, 0.0, 0.0, 0.0, 0.0, 0.0, 0.0, 0.0, 0.0, 0.0, 0.0, 0.0, 0.0, 0.0, 0.0, 0.0, 0.0, 0.0, 0.0, 0.0, 0.0, 0.0, 0.0, 0.0, 0.0, 0.0, 0.0], [0.0, 2.24552129357882e-07, 0.0, 0.39355911622312645, 0.0, 0.0, 0.313510521883752, 0.04945651268370743, 4.7190945979879727e-07, 0.25498781734081316, 0.0271475887309101, 0.5754525885692288, 0.31622944498438654, 0.0, 5.175348562027957e-05, 0.0, 0.0, 0.19069135084377056, 0.28912725639533643, 0.2718540577570159, 1.6034527076787335e-06, 1.049126379348398e-08, 0.0005835884066030145, 0.0, 0.4565637849427633, 2.4214842322086697e-09, 0.8072037669969749, 2.0181258095528357e-05, 0.0, 0.5376502072996447, 0.0039097139427777755, 0.38791522653075355, 0.012010155259109832, 2.8767274105155694e-14, 0.0, 0.0, 0.0995726707340013, 0.0, 0.0, 1.0, 1.5738955407157714e-06, 0.013344559751540678, 0.0, 6.398124314996593e-06, 0.2293781918806579, 0.03113865104476889, 0.24590265560959806, 3.7199113007180666e-09, 0.00012174255837840241, 0.0, 5.99703352520381e-08, 0.00012083445763871343, 9.257482881169188e-15, 0.704559354475379, 4.839612877114925e-06, 0.5607856805700477, 0.0, 0.0529705564002247, 0.0, 0.24590265462072392, 8.27367065373887e-09, 0.5842368316639257, 0.0, 5.1963289326558496e-14, 0.027478246122378622, 0.00013675989142719413, 7.62474888325273e-11, 1.2960964591204129e-14, 0.0, 0.6859077401148255, 0.00012176885321874661, 0.0, 4.6081359276464515e-15, 6.510058094643705e-11, 0.0, 0.5553150518912938, 0.0006213630203338314, 6.279827293886207e-05, 2.241498484383839e-14, 0.0, 1.5738950893915738e-06, 0.03545882156823152, 0.6355026552181784, 0.0], [0.0, 0.0, 0.0, 6.058411227642836e-07, 0.0, 0.0, 0.0, 0.0, 0.0, 1.5839447142158206e-06, 2.384185791015625e-07, 7.114208103148843e-07, 0.0, 0.0, 1.3943796437062543e-06, 0.0, 0.0, 1.754183459064947e-06, 2.3153059665430514e-06, 1.1927355654708705e-06, 7.152557373046875e-07, 0.0, 0.0, 0.0, 0.0, 0.0, 2.3841857910156245e-07, 2.3841857910156245e-07, 0.0, 8.913399569893544e-07, 0.0, 2.273736754432321e-13, 0.0, 0.0, 0.0, 0.0, 0.0, 0.0, 0.0, 1.5738955407157714e-06, 1.0, 0.0, 0.0, 0.0, 1.0521811824469753e-06, 0.0, 0.0, 4.62783924155323e-13, 0.0, 0.0, 0.0, 0.0, 0.0, 1.5192517964663e-06, 0.0, 3.191980772549339e-07, 0.0, 0.0, 0.0, 0.0, 0.0, 2.8288749304958893e-07, 0.0, 0.0, 0.0, 0.0, 0.0, 0.0, 0.0, 9.8637363915457e-07, 0.0, 0.0, 0.0, 0.0, 0.0, 7.111845681965724e-07, 0.0, 1.907348973873013e-06, 0.0, 0.0, 2.86102294921875e-06, 5.594147121944567e-07, 1.8290273568380547e-06, 0.0], [0.0, 1.655761396789248e-08, 0.0, 0.14819721595095006, 0.0, 0.0, 0.001581723931812874, 0.0006689414512401122, 1.4901161193847656e-08, 0.12258835166821652, 1.506864712748973e-08, 0.052444098605718435, 0.0, 0.0, 3.845984299407512e-05, 0.0, 0.0, 0.06001685466300442, 0.037424127170671395, 0.1884000130858023, 6.932216035251283e-10, 2.8847624078669726e-09, 4.440892098500626e-15, 0.0, 0.07545038572086056, 2.9086215623767406e-11, 0.015625014901161197, 2.019822537332978e-08, 0.0, 0.049713725744846574, 0.0014595086208875174, 0.17853342244100598, 0.1264595086208875, 8.881784197001251e-16, 0.0, 0.0, 0.0156367802050626, 0.0, 0.0, 0.013344559751540678, 0.0, 1.0, 0.0, 1.8189894035458565e-12, 0.0018217031243827006, 0.04687501554447316, 0.0156250006927733, 2.907539865843613e-09, 0.000103128137033833, 0.0, 5.960464477539063e-08, 9.838896110552773e-05, 7.993605777301126e-15, 0.10675459726752465, 0.0, 0.15041637714800193, 0.0, 0.015624999999999995, 0.0, 0.015625000116416213, 0.0, 0.12629702473935378, 0.0, 1.5543122344752195e-14, 0.017084508620887517, 0.00011781836552939525, 0.0, 0.0, 0.0, 0.14273078697444438, 0.00010075614378796807, 0.0, 5.648049572094155e-15, 0.0, 0.0, 0.11987739624263066, 0.00013190314852574167, 2.1927449323984943e-08, 0.0, 0.0, 4.440892098500625e-16, 0.01723116232074807, 0.10764542735169767, 0.0], [0.0, 0.0,