"{\"names\": [\"172.217.10.1\", \"104.88.86.240\", \"38.93.140.48\", \"192.168.10.15\", \"104.88.108.223\", \"195.142.105.15\", \"172.217.12.163\", \"206.217.206.48\", \"172.217.6.228\", \"178.255.83.1\", \"74.119.118.82\", \"192.168.10.9\", \"172.217.7.6\", \"35.186.227.40\", \"31.13.71.36\", \"206.126.112.142\", \"151.101.2.49\", \"192.168.10.25\", \"172.217.3.98\", \"192.168.10.16\", \"72.30.202.150\", \"172.217.12.132\", \"50.31.164.173\", \"162.208.20.178\", \"23.15.4.16\", \"216.58.217.99\", \"172.217.6.198\", \"172.217.12.174\", \"169.46.44.40\", \"192.168.10.17\", \"52.84.143.130\", \"104.19.195.102\", \"216.200.232.61\", \"104.97.73.166\", \"152.163.13.79\", \"192.229.163.25\", \"74.119.118.86\", \"54.225.188.92\", \"188.165.145.88\", \"192.168.10.14\", \"8.43.72.98\", \"199.96.57.6\", \"68.67.178.110\", \"104.88.70.158\", \"192.168.10.19\", \"69.172.216.56\", \"157.240.18.35\", \"172.217.11.34\", \"185.54.150.20\", \"69.169.85.7\", \"198.232.124.194\", \"74.119.118.72\", \"172.217.12.134\", \"192.168.10.5\", \"23.111.9.30\", \"192.168.10.8\", \"151.101.66.2\", \"68.67.178.199\", \"213.239.195.215\", \"138.108.7.20\", \"52.84.145.87\", \"192.168.10.50\", \"52.84.145.198\", \"52.40.24.51\", \"212.77.100.137\", \"185.54.150.115\", \"172.217.10.138\", \"152.163.66.165\", \"52.84.137.78\", \"192.168.10.51\", \"68.67.178.109\", \"129.146.14.96\", \"54.152.24.232\", \"172.217.10.33\", \"52.8.229.108\", \"192.168.10.12\", \"64.147.131.201\", \"172.217.12.206\", \"68.67.180.12\", \"172.217.10.134\", \"38.69.238.16\", \"172.217.10.142\", \"192.168.10.3\", \"172.217.6.202\"], \"funcEdges\": [[1.0, 0.0, 0.0, 0.0, 0.0, 0.0, 0.0, 0.0, 0.0, 0.0, 0.0, 0.0, 0.0, 0.0, 0.0, 0.0, 0.0, 0.0, 0.0, 0.0, 0.0, 0.0, 0.0, 0.0, 0.0, 0.0, 0.0, 0.0, 0.0, 0.0, 0.0, 0.0, 0.0, 0.0, 0.0, 0.0, 0.0, 0.0, 0.0, 0.0, 0.0, 0.0, 0.0, 0.0, 0.0, 0.0, 0.0, 0.0, 0.0, 0.0, 0.0, 0.0, 0.0, 0.0, 0.0, 0.0, 0.0, 0.0, 0.0, 0.0, 0.0, 0.0, 0.0, 0.0, 0.0, 0.0, 0.0, 0.0, 0.0, 0.0, 0.0, 0.0, 0.0, 0.0, 0.0, 0.0, 0.0, 0.0, 0.0, 0.0, 0.0, 0.0, 0.0, 0.0], [0.0, 1.0, 0.0, 8.749193354787094e-23, 0.0, 0.0, 0.0, 0.0, 5.649915554780852e-23, 9.77395594917928e-23, 1.3832793640527297e-23, 4.9903231962603734e-23, 0.0, 0.0, 3.614803444839135e-23, 0.0, 0.0, 3.695891375016374e-23, 6.392144903613225e-23, 3.903114494449876e-23, 2.132929145701389e-26, 1.5746978989612648e-24, 0.0, 0.0, 3.0232324928109374e-25, 2.532713032347184e-25, 1.4108738133736097e-23, 9.719687392499267e-23, 0.0, 5.039869588138682e-23, 0.0, 0.0, 0.0, 0.0, 0.0, 0.0, 0.0, 0.0, 0.0, 4.9860588848345435e-23, 0.0, 3.6765288520018656e-24, 0.0, 0.0, 8.101468462121299e-23, 5.2339369710079856e-23, 1.2797574874208338e-25, 3.909569710793822e-25, 0.0, 0.0, 3.308722450212111e-24, 1.0339757656912846e-25, 0.0, 9.611676995666859e-23, 0.0, 6.412536490516802e-23, 0.0, 0.0, 0.0, 0.0, 6.75390141959249e-25, 6.957250701331665e-23, 0.0, 0.0, 0.0, 0.0, 0.0, 0.0, 0.0, 6.320634581165835e-23, 0.0, 0.0, 0.0, 0.0, 0.0, 3.607480822082051e-23, 0.0, 5.70617787097437e-23, 0.0, 0.0, 0.0, 1.2169863521391868e-24, 1.1405546142039213e-22, 0.0], [0.0, 0.0, 1.0, 0.31884839863139136, 0.0, 1.1020612509148062e-12, 7.482902533645276e-12, 0.0, 0.0, 0.12102417700464649, 0.0, 0.5170729590244028, 0.0, 3.637978807091713e-12, 0.0, 0.0, 0.0, 0.38211144234945876, 0.521961426457216, 0.38141670915773107, 0.0, 0.5609535997322586, 0.0, 0.0, 0.0, 0.0, 0.0, 0.0, 0.0, 0.26076270211985275, 0.0, 8.508211861309034e-12, 2.9108287853865125e-12, 0.0, 0.0, 0.6318526020173825, 0.3952847075210474, 0.0, 9.094947017729278e-13, 0.5797986364986101, 3.2900032179235104e-12, 1.8526426259238874e-13, 0.0, 0.0, 0.01913416794155604, 0.09110097728383829, 0.39528470752830125, 1.638950307127481e-12, 0.17096722984575033, 0.0, 0.0, 0.01913416793902257, 0.0, 0.15036812342830347, 0.03795440792570997, 0.37258000759481086, 0.0, 1.4213196813832186e-12, 0.0, 0.01913416793738884, 0.0, 0.25986290892856295, 0.0, 0.0, 1.818989403545856e-12, 0.01913416793720357, 0.03795440792570997, 0.0, 0.0, 0.04201407538902728, 0.012124584468876567, 0.0, 0.0, 0.0, 0.0, 0.31442286922570395, 0.0, 0.39528470752515554, 0.0234828424683862, 0.4617207223676649, 2.503850936780041e-12, 0.3952847075213021, 0.5007996081161318, 0.0], [0.0, 8.749193354787094e-23, 0.31884839863139136, 1.0, 0.0002857262473835473, 2.8553898461347594e-12, 8.67995287084631e-09, 6.197665814429613e-18, 0.174018826291188, 0.17883813662503129, 0.0008181406258398818, 0.5544382368218805, 4.7342549581331085e-15, 1.0177350804966257e-12, 0.0009192449663504431, 0.0, 1.1716267142022747e-13, 0.4634363551694984, 0.5626752203977717, 0.5855011485790007, 0.00036220574336007645, 0.6727030844002325, 0.04822446046281774, 0.0, 7.633946051238628e-07, 7.157682398780093e-25, 0.021604911827344905, 1.787628447421903e-08, 1.715175741338623e-12, 0.7397462866839732, 2.4750436944212386e-07, 1.3667151015930052e-10, 8.17121661956534e-12, 0.003898461100407177, 0.0, 0.4038831019107703, 0.3230549201250939, 2.027678349347108e-13, 1.4018304676820718e-12, 0.640492084363188, 7.71116857303886e-12, 0.03822327041408541, 0.0017829005171907512, 5.6884559599803595e-05, 0.19420464381831837, 0.1970254965344642, 0.19456153970978224, 5.074695240831813e-08, 0.14205657515292125, 6.540131000986311e-05, 0.0005485244509372465, 0.42000623183557456, 6.1032970269919786e-30, 0.29110732281429363, 0.042336156564685666, 0.5212952455588071, 1.7997640492837807e-05, 0.04021506976736429, 0.0008089764436582962, 0.42739109855332236, 9.92090717223065e-07, 0.44791270940201866, 5.280774645958811e-06, 3.96711295972829e-15, 4.910270171091698e-12, 0.03199933958582819, 0.25720184391772793, 8.486598937628554e-06, 4.8680608437777225e-08, 0.47434279327852824, 0.39812016776761805, 6.717523589593995e-05, 3.664530114505555e-06, 1.1785928725620705e-15, 0.0, 0.597900199770133, 5.9740469257681046e-05, 0.22339929749631948, 0.42605647105877575, 0.49636102381891734, 2.8473949229685717e-12, 0.18897995981690296, 0.39244172038007813, 1.218142276514849e-06], [0.0, 0.0, 0.0, 0.0002857262473835473, 1.0, 0.0, 0.0, 0.0, 0.0, 0.0018829056009835624, 0.0, 0.00028059040439635987, 0.0, 0.0, 0.0, 0.0, 0.0, 0.0006352758860343936, 0.0, 0.0012419493820123766, 0.0, 0.0, 0.0016876324737063427, 0.0, 0.0, 0.0, 0.0, 0.0, 0.0, 0.0009379367901426488, 0.0, 0.0, 0.0, 0.0, 0.0, 0.0, 0.0, 0.0, 0.0, 0.0018154586819868583, 0.0, 0.000513553664442958, 0.0, 0.0, 0.00045665948164556186, 0.0, 0.00041084293155436644, 0.0, 0.0, 0.0, 0.0007926635416204625, 0.0, 0.0, 0.00014231174571230706, 0.0, 0.0006693603240350572, 0.0, 0.0, 0.0007405395791746105, 0.0, 0.0, 0.00024517983815758543, 0.0, 0.0, 0.0, 0.0, 0.0, 0.0, 0.0, 0.0005169069310631814, 0.0, 0.0, 0.0, 0.0, 0.0, 0.0006525329909181059, 0.0, 0.0, 0.0, 0.0, 0.0, 0.0, 0.0005795994161601105, 0.0], [0.0, 0.0, 1.1020612509148062e-12, 2.8553898461347594e-12, 0.0, 1.0, 5.689928587636533e-13, 0.0, 0.0, 3.507592389049355e-12, 7.207321751885942e-14, 9.979093832840304e-13, 4.085473014741924e-15, 9.094947017729279e-13, 6.72129074414788e-15, 0.0, 5.237847287648165e-14, 2.62180326146874e-12, 0.0, 1.927320438922011e-12, 3.59030957952137e-15, 1.3373595004174182e-14, 0.0, 0.0, 1.9961217894874415e-13, 0.0, 0.0, 0.0, 5.870763055717387e-13, 3.1479400553985798e-12, 1.561780911647285e-14, 9.176210044162172e-13, 1.0918393818406564e-12, 7.588871573773141e-14, 0.0, 0.0, 0.0, 1.7730098025777487e-13, 1.2680350564053913e-12, 1.878814191954687e-12, 3.2827789033087193e-12, 3.81929773482525e-13, 0.0, 0.0, 1.7077919708504516e-12, 0.0, 5.821074181629505e-13, 2.3603928919892706e-12, 0.0, 0.0, 1.8400837911278006e-12, 1.5912328179513911e-12, 0.0, 4.27770896034185e-12, 0.0, 3.4633057025507726e-12, 0.0, 0.0, 0.0, 5.81876285656451e-13, 0.0, 2.4842232736107558e-12, 0.0, 2.6798289667637646e-15, 4.424682369192653e-13, 0.0, 6.2870712805342864e-15, 0.0, 7.444064153418866e-14, 2.255117076770272e-12, 1.6514299361397254e-12, 0.0, 0.0, 0.0, 0.0, 2.3160971559741284e-12, 0.0, 9.22876896894512e-13, 0.0, 1.7488733140492622e-13, 1.90446885250402e-12, 1.7116891840584985e-13, 1.878822311825628e-12, 0.0], [0.0, 0.0, 7.482902533645276e-12, 8.67995287084631e-09, 0.0, 5.689928587636533e-13, 1.0, 2.168404344971009e-19, 0.0, 3.655168124436214e-09, 5.703684217238276e-10, 1.0735199567864092e-08, 5.47395661809281e-16, 0.0, 1.1403508005526952e-16, 0.0, 2.994518099958662e-14, 1.0150371287406591e-08, 1.54987884858589e-16, 6.960969588932814e-09, 3.754702114537354e-09, 4.3938613737193803e-16, 3.4582811451779012e-15, 0.0, 3.7269288017605966e-09, 0.0, 1.8364832023597674e-16, 6.111018877155866e-09, 0.0, 5.722973186559644e-09, 1.3010426069826053e-18, 1.4922937503114415e-09, 1.5725734944286623e-11, 6.131301073375649e-10, 0.0, 5.195986593829255e-10, 1.8013375180511948e-10, 1.4770622761685284e-13, 3.1095347432264206e-13, 1.4913546715508803e-08, 2.91965218208159e-12, 4.176535816928423e-09, 3.370225025590652e-15, 0.0, 6.329569883721822e-09, 1.079460244808752e-15, 5.121314951800553e-09, 1.3231564263829831e-08, 2.6989775711680277e-20, 1.5113907514146202e-08, 2.4192853299510883e-11, 1.7436085754236698e-12, 0.0, 6.93023480504178e-09, 0.0, 1.257416259350264e-08, 0.0, 2.6634182834831983e-13, 0.0, 5.002062377281442e-13, 0.0, 4.766751070004586e-09, 0.0, 0.0, 5.0189556868896645e-12, 4.059062775299077e-20, 0.0, 5.157851206913715e-10, 3.4600341915274446e-14, 1.4676631582880288e-08, 1.4421091962689076e-09, 3.725290298461914e-09, 0.0, 1.2185707386614469e-15, 0.0, 7.852318801687274e-09, 6.083373583680105e-09, 1.0911646513274582e-10, 3.725290298461915e-09, 5.341315533453779e-13, 4.922607176551674e-13, 3.7791069401993305e-13, 1.3494038729685298e-08, 0.0], [0.0, 0.0, 0.0, 6.197665814429613e-18, 0.0, 0.0, 2.168404344971009e-19, 1.0, 0.0, 4.107655177941982e-18, 4.316486707054753e-18, 5.115949614959951e-18, 0.0, 0.0, 0.0, 0.0, 0.0, 4.092347054274953e-18, 1.3335744570292315e-18, 3.1255700126716058e-18, 0.0, 0.0, 0.0, 0.0, 3.2227516376661793e-18, 0.0, 8.239936510889832e-18, 0.0, 0.0, 4.30585259373094e-18, 2.1684043449710086e-19, 0.0, 2.659410985156391e-18, 0.0, 0.0, 0.0, 0.0, 0.0, 0.0, 1.0981551819823617e-17, 0.0, 1.485348402585878e-19, 0.0, 0.0, 4.096534692609854e-18, 0.0, 8.239936510889832e-18, 0.0, 0.0, 0.0, 0.0, 0.0, 0.0, 4.7159058145421945e-18, 0.0, 2.1649803557994435e-18, 0.0, 0.0, 0.0, 8.239936510889832e-18, 0.0, 6.361656029790772e-18, 0.0, 0.0, 1.5721086140720995e-18, 0.0, 0.0, 0.0, 0.0, 3.952478504221081e-18, 0.0, 0.0, 0.0, 0.0, 0.0, 8.40368846119126e-18, 0.0, 0.0, 0.0, 0.0, 0.0, 3.2526065174565125e-18, 2.7624584897845313e-18, 0.0], [0.0, 5.649915554780852e-23, 0.0, 0.174018826291188, 0.0, 0.0, 0.0, 0.0, 1.0, 0.1163080065415665, 1.5118900201059215e-23, 0.15213189963793533, 0.0, 0.0, 1.082879694429152e-22, 0.0, 0.0, 0.17761558557817486, 0.05080265933041099, 0.16329928978293518, 0.0, 0.07745959148265452, 0.02832886040304152, 0.0, 3.630690744813675e-24, 1.6462634710256697e-24, 2.2502669642879578e-23, 8.467476130353056e-23, 0.0, 0.05850078832396181, 0.0, 0.0, 0.0, 0.0, 0.0, 0.0, 0.125, 0.0, 0.0, 0.14405743525026496, 0.0, 0.031249999999999993, 0.0, 1.4279668652420748e-24, 0.0276115970754295, 0.047964110430853156, 0.0, 0.0, 0.0, 0.0, 3.975106987325079e-24, 0.0, 0.0, 0.07053433781764124, 0.0, 0.043551360248283405, 0.0, 0.031249999999999993, 0.0, 0.0, 2.2969902720418682e-24, 0.14607251195368523, 0.0, 0.0, 0.0, 0.0, 0.0, 0.0, 0.0, 0.060581601483624556, 0.0, 0.0, 0.0, 0.0, 0.0, 0.11987962560744964, 0.0, 0.034505244682792764, 0.0, 0.0, 0.0, 0.0, 0.0566156945598742, 0.0], [0.0, 9.77395594917928e-23, 0.12102417700464649, 0.17883813662503129, 0.0018829056009835624, 3.507592389049355e-12, 3.655168124436214e-09, 4.107655177941982e-18, 0.1163080065415665, 1.0, 0.0006085272257449518, 0.2314245703597796, 7.416319292443937e-15, 1.4729745638376986e-12, 0.000835322037740666, 0.0, 1.198364490607514e-13, 0.35501079112778583, 0.1863345506988851, 0.17028971823235184, 0.00048740748292720905, 0.1954981956314347, 0.033724706518748045, 0.0, 2.472092894989093e-06, 8.1005921066963e-25, 0.011378903045456797, 1.0377287659199718e-08, 2.914208999354748e-14, 0.15927217101176555, 2.0338020129311072e-07, 1.6209361567960801e-09, 7.221302505319636e-12, 0.002210759168855056, 0.0, 0.08877992558998793, 0.09350666271006955, 1.0382930061635192e-13, 1.995827342252336e-12, 0.2535018199615127, 5.7543449092626646e-12, 0.1054937665451676, 0.00911458333333516, 0.00016589865369533976, 0.118556000555903, 0.21810718233005683, 0.002410378487038306, 2.4383918721284913e-08, 0.10163538646949927, 0.00012593633398987565, 0.0012253875406915123, 0.08960456954048153, 3.235172726757016e-30, 0.13224172456582467, 0.09716466021467642, 0.07018152836468575, 5.415324071859195e-06, 0.05578210223374333, 0.0013232184934473328, 0.09873287220486045, 1.4027716308739728e-06, 0.06317906122719295, 3.3015127821054468e-06, 2.7999254509643235e-16, 7.898116989512382e-12, 0.10371337004373633, 0.09729131607700073, 1.104183816698225e-05, 1.208260003966004e-07, 0.2057489624002062, 0.046676009686765184, 4.038584811623716e-05, 2.034332880021167e-06, 1.9924032118444795e-15, 0.0, 0.09539950060115415, 7.269013043911582e-05, 0.07103369166505448, 0.029210180287175445, 0.008961812222895046, 3.403221529137657e-12, 2.071332922369733e-12, 0.17693282390463, 2.417983407460237e-07], [0.0, 1.3832793640527297e-23, 0.0, 0.0008181406258398818, 0.0, 7.207321751885942e-14, 5.703684217238276e-10, 4.316486707054753e-18, 1.5118900201059215e-23, 0.0006085272257449518, 1.0, 0.0004998914732405099, 3.7987343171876977e-16, 0.0, 0.001096406419354403, 0.0, 2.8299717586096213e-14, 0.00044353707694361373, 1.8085363276595363e-18, 0.001136353415344144, 0.0002185753680471307, 4.103219442085012e-24, 0.0, 0.0, 5.751557976030289e-14, 5.2971583019340475e-25, 4.016291364641508e-18, 2.328306436539365e-10, 0.0, 0.0003825431903428533, 0.0, 2.8421709430404e-14, 1.6921815513236604e-18, 2.3283064365386958e-10, 0.0, 3.0517810955643654e-05, 0.00012702263367213068, 5.916450616797797e-14, 0.0, 0.0008500416372720441, 5.293955920339377e-23, 2.3283108774308284e-10, 0.0, 3.308722450212111e-24, 0.00037831413721767823, 3.464614623810712e-24, 1.1944216749690337e-07, 6.743270023489924e-14, 0.0, 0.0001220703125, 4.1359030627651384e-24, 3.546507617753952e-26, 0.0, 0.0009758236039177301, 0.0, 0.0008712086516268122, 0.0, 3.0517578124999997e-05, 0.0006654834601854785, 3.051757812500401e-05, 1.4314092334304918e-24, 0.0010223417313624497, 0.0, 0.0, 2.842344415387997e-14, 0.0, 0.0001220703125, 3.224652865871759e-10, 2.8421709430404e-14, 3.0603711529614184e-05, 5.0407190681718934e-26, 1.319817134312221e-05, 1.1920928955078122e-07, 4.440892098619467e-16, 0.0, 0.0007156528189027547, 2.812232134912436e-07, 9.650505554713071e-05, 0.0, 0.0, 5.293955920339378e-23, 2.8429501166907386e-14, 0.0008669734377187892, 0.0], [0.0, 4.9903231962603734e-23, 0.5170729590244028, 0.5544382368218805, 0.00028059040439635987, 9.979093832840304e-13, 1.0735199567864092e-08, 5.115949614959951e-18, 0.15213189963793533, 0.2314245703597796, 0.0004998914732405099, 1.0, 4.359431393844032e-15, 9.094947017729279e-13, 0.0007085337925354296, 0.0, 0.0, 0.7536105705995553, 0.6177753596114555, 0.3454487319934586, 0.000387787809324679, 0.19305995846936555, 0.04159431215433934, 0.0, 1.6177864600594208e-06, 1.2828125316004772e-24, 0.003077779252988127, 1.3148155617232647e-08, 0.0, 0.5023245854656229, 2.135962489600146e-07, 5.554302218626506e-10, 1.2267039818594153e-11, 0.0015947205130898265, 0.0, 0.5893389136202748, 0.6318544488498344, 0.0, 1.1018610177511096e-12, 0.8291833522443486, 4.5056030928012716e-12, 0.046281699385947526, 0.0021052951559643062, 0.00023683993906865094, 0.25647818692986685, 0.3040461358529479, 0.5019316888097675, 4.5318084374478245e-08, 0.2690542826982489, 5.822036902504199e-05, 0.00037351445882181634, 0.216699968086408, 6.2821813315064e-30, 0.4652776668465689, 0.0977780999496592, 0.6042491503370369, 1.2533564473909536e-05, 0.03911506031101109, 0.0009811668195177418, 0.22255596988937296, 3.2903685251310965e-06, 0.7700485093632586, 4.1907045408055736e-06, 7.0935856283157024e-15, 1.1685176573325335e-11, 0.09141022714853002, 0.2863074407985936, 2.1675139583918773e-06, 8.580949347699494e-09, 0.282281036088845, 0.22890907149652556, 5.889175403240661e-05, 1.871955065862008e-06, 9.139141699053877e-16, 0.0, 0.2641451760368846, 6.44703459282917e-05, 0.5324734513109509, 0.25985238263418936, 0.30357352476849625, 3.407490572466128e-12, 0.5000000000004569, 0.8326785706855834, 1.2134464754130889e-06], [0.0, 0.0, 0.0, 4.7342549581331085e-15, 0.0, 4.085473014741924e-15, 5.47395661809281e-16, 0.0, 0.0, 7.416319292443937e-15, 3.7987343171876977e-16, 4.359431393844032e-15, 1.0, 0.0, 1.9536971434937465e-15, 0.0, 0.0, 4.789342719600776e-15, 4.664107240108324e-16, 6.933011913665581e-15, 2.7555691937819164e-15, 2.713435905762412e-17, 9.025247178860885e-16, 0.0, 1.8065365439349524e-15, 0.0, 3.8935490176956293e-16, 1.481137502433013e-29, 0.0, 5.311016100503434e-15, 2.046952686278416e-15, 1.2841582934208757e-16, 0.0, 0.0, 0.0, 0.0, 0.0, 0.0, 0.0, 4.5473864181540274e-15, 0.0, 3.9793914860183254e-15, 1.2871266569872521e-15, 0.0, 5.773900702696393e-15, 2.30394237363169e-15, 6.645455847794236e-15, 2.046952686278416e-15, 0.0, 0.0, 0.0, 0.0, 6.310887241768095e-30, 5.009199716473406e-15, 0.0, 3.1676740904975347e-15, 0.0, 3.542562275672788e-30, 0.0, 4.592151318363037e-16, 3.1554436208840465e-30, 6.5680192443593526e-15, 0.0, 1.6538111896886208e-15, 1.0588517549563098e-14, 0.0, 0.0, 3.155443620884047e-30, 0.0, 4.834258541313969e-15, 0.0, 0.0, 6.310887241768095e-30, 2.1583301512081745e-15, 0.0, 1.1628290149485502e-14, 0.0, 3.155443620884047e-30, 7.102387753038957e-30, 2.046952686278416e-15, 0.0, 3.239660348294197e-15, 4.32077916858947e-15, 0.0], [0.0, 0.0, 3.637978807091713e-12, 1.0177350804966257e-12, 0.0, 9.094947017729279e-13, 0.0, 0.0, 0.0, 1.4729745638376986e-12, 0.0, 9.094947017729279e-13, 0.0, 1.0, 0.0, 0.0, 0.0, 2.8057179853192748e-12, 0.0, 3.156047086070281e-12, 0.0, 0.0, 0.0, 0.0, 0.0, 0.0, 0.0, 0.0, 0.0, 3.1832314562052492e-12, 0.0, 1.2322542471256077e-12, 1.0918393818406566e-12, 0.0, 0.0, 0.0, 0.0, 0.0, 9.094947017729281e-13, 3.590262892506681e-12, 1.3233745217231479e-12, 0.0, 0.0, 0.0, 3.6293179172934326e-12, 0.0, 0.0, 1.189631750604237e-12, 0.0, 0.0, 0.0, 0.0, 0.0, 9.36473276499544e-13, 0.0, 8.900316829367546e-13, 0.0, 0.0, 0.0, 0.0, 0.0, 1.1671491148754226e-13, 0.0, 0.0, 0.0, 0.0, 0.0, 0.0, 0.0, 9.094947017729279e-13, 1.064353630567987e-12, 0.0, 0.0, 0.0, 0.0, 2.8538653734457914e-12, 0.0, 9.094947017729279e-13, 0.0, 0.0, 2.2277979431084335e-12, 0.0, 1.3970285675526808e-12, 0.0], [0.0, 3.614803444839135e-23, 0.0, 0.0009192449663504431, 0.0, 6.72129074414788e-15, 1.1403508005526952e-16, 0.0, 1.082879694429152e-22, 0.000835322037740666, 0.001096406419354403, 0.0007085337925354296, 1.9536971434937465e-15, 0.0, 1.0, 0.0, 0.0, 0.0004141271583331893, 2.0075673655154043e-16, 0.0012195226553513637, 0.00024191423185395897, 4.98805573797901e-15, 9.53959568482706e-17, 0.0, 2.3633590923840514e-16, 1.770420474113823e-26, 2.0167172526127696e-16, 9.89432515167083e-22, 0.0, 0.0005611983444008518, 4.213000162292041e-15, 2.2204460492563715e-16, 0.0, 0.0, 0.0, 3.745122479811218e-05, 7.490244959622435e-06, 0.0, 4.2130001622920405e-15, 0.0011720255537560904, 3.0961447710226115e-22, 1.6706644315661313e-05, 1.8629268271307044e-16, 0.00014066551750440228, 0.0003448328945377388, 1.3442762697924564e-05, 8.496497207919966e-15, 1.0321988358635123e-14, 6.423511669947306e-21, 0.00013655056366865752, 6.319500243438063e-15, 4.213008112048076e-15, 0.0, 0.0010407527887554993, 8.470329472543003e-22, 0.0009561504201143947, 0.0, 5.4157869112810735e-05, 0.0007875537726854783, 3.74512247982232e-05, 0.0, 0.0010166068122335057, 0.0, 0.0, 1.5153556898931961e-15, 6.776263578034404e-21, 0.0001198439193553633, 0.0, 0.0, 0.0002323075960660574, 7.374027435524172e-21, 7.049023352305933e-05, 0.0, 6.661338147841347e-16, 0.0, 0.0009265114222420669, 1.670664431469857e-05, 1.0739985630877648e-05, 0.0, 1.4043333874306803e-15, 3.0961440137161425e-22, 6.036879755335559e-15, 0.0010484532264045904, 0.0], [0.0, 0.0, 0.0, 0.0, 0.0, 0.0, 0.0, 0.0, 0.0, 0.0, 0.0, 0.0, 0.0, 0.0, 0.0, 1.0, 0.0, 0.0, 0.0, 0.0, 0.0, 0.0, 0.0, 0.0, 0.0, 0.0, 0.0, 0.0, 0.0, 0.0, 0.0, 0.0, 0.0, 0.0, 0.0, 0.0, 0.0, 0.0, 0.0, 0.0, 0.0, 0.0, 0.0, 0.0, 0.0, 0.0, 0.0, 0.0, 0.0, 0.0, 0.0, 0.0, 0.0, 0.0, 0.0, 0.0, 0.0, 0.0, 0.0, 0.0, 0.0, 0.0, 0.0, 0.0, 0.0, 0.0, 0.0, 0.0, 0.0, 0.0, 0.0, 0.0, 0.0, 0.0, 0.0, 0.0, 0.0, 0.0, 0.0, 0.0, 0.0, 0.0, 0.0, 0.0], [0.0, 0.0, 0.0, 1.1716267142022747e-13, 0.0, 5.237847287648165e-14, 2.994518099958662e-14, 0.0, 0.0, 1.198364490607514e-13, 2.8299717586096213e-14, 0.0, 0.0, 0.0, 0.0, 0.0, 1.0, 1.221709478151842e-13, 0.0, 1.7676849494582017e-14, 0.0, 0.0, 0.0, 0.0, 1.6749721134174105e-13, 0.0, 0.0, 0.0, 0.0, 9.272435645679062e-14, 0.0, 0.0, 0.0, 1.3923737144427707e-13, 0.0, 0.0, 0.0, 1.5084048573130018e-13, 9.282491429618473e-14, 9.391467810411124e-14, 0.0, 0.0, 0.0, 0.0, 1.2735473174216258e-13, 0.0, 3.358725008059019e-14, 1.1792004719502483e-13, 0.0, 0.0, 9.282491429618471e-14, 0.0, 0.0, 4.242356738764741e-14, 0.0, 3.9324404271830846e-14, 0.0, 0.0, 0.0, 1.392373714442771e-13, 0.0, 1.243351636466959e-13, 0.0, 0.0, 1.392373714442771e-13, 0.0, 0.0, 0.0, 0.0, 1.034929956062523e-13, 0.0, 0.0, 0.0, 0.0, 0.0, 1.5791506614746717e-13, 0.0, 0.0, 0.0, 7.163703660496644e-14, 1.392373714442771e-13, 9.282491429618472e-14, 1.8913704869389302e-13, 0.0], [0.0, 3.695891375016374e-23, 0.38211144234945876, 0.4634363551694984, 0.0006352758860343936, 2.62180326146874e-12, 1.0150371287406591e-08, 4.092347054274953e-18, 0.17761558557817486, 0.35501079112778583, 0.00044353707694361373, 0.7536105705995553, 4.789342719600776e-15, 2.8057179853192748e-12, 0.0004141271583331893, 0.0, 1.221709478151842e-13, 1.0, 0.6098889387297459, 0.4133594895399772, 0.0005036248337525944, 0.2505362573408107, 0.054136184548740945, 0.0, 3.5600812133268937e-06, 4.2163891768946235e-25, 0.012429237433428388, 2.0743098075678272e-08, 2.2565329504952165e-13, 0.47738878931128137, 1.7719179256280816e-07, 5.822584095119043e-10, 7.656775141118338e-12, 0.001594720344539386, 0.0, 0.5412687933989389, 0.6134869246591427, 2.389459881463426e-13, 8.837467495647571e-13, 0.796756399839058, 7.664317168687938e-12, 0.036416105621152724, 0.010980968962219683, 7.26064357494355e-05, 0.27632940287202334, 0.13083479528849207, 0.4822397348370077, 5.600021106468208e-08, 0.2903222628273208, 7.543981415029667e-05, 0.0003556403874491784, 0.1881156671698569, 6.965566820524299e-30, 0.32976678621625355, 0.06843041511300532, 0.35270467773049197, 1.7997965695549176e-05, 0.035818859267159, 0.0021759227333422206, 0.19094155882431268, 6.820143587936935e-07, 0.6570440724161766, 8.531099428219728e-06, 4.221389986846265e-15, 1.2806761730093736e-11, 0.08128787021539549, 0.34213169640297225, 7.458904001302364e-06, 1.4874949029694279e-07, 0.256366180977705, 0.1591228503825617, 7.223205690094628e-05, 2.498403789816331e-06, 3.147925679086028e-15, 0.0, 0.33324203202685926, 0.00010707367369479836, 0.503684066402104, 0.18778421325379566, 0.1846531375421772, 3.075323428722568e-12, 0.4786766050072429, 0.6233871677299865, 3.0875901330599657e-07], [0.0, 6.392144903613225e-23, 0.521961426457216, 0.5626752203977717, 0.0, 0.0, 1.54987884858589e-16, 1.3335744570292315e-18, 0.05080265933041099, 0.1863345506988851, 1.8085363276595363e-18, 0.6177753596114555, 4.664107240108324e-16, 0.0, 2.0075673655154043e-16, 0.0, 0.0, 0.6098889387297459, 1.0, 0.298612168634102, 2.018257840672291e-22, 0.4956666092007479, 1.1617805474841355e-16, 0.0, 8.825344108537385e-17, 0.0, 1.9372690681745103e-16, 3.796713700776557e-21, 0.0, 0.5334002159826853, 3.2526065174565133e-19, 1.11615254782597e-16, 8.698260300921587e-18, 1.9721522630525293e-31, 0.0, 0.727032326394692, 0.5278349857251029, 0.0, 0.0, 0.7006457765312721, 5.141011986216196e-22, 0.05379105105572976, 2.0717079564343575e-16, 5.106769290190625e-23, 0.23010595251705443, 0.1442032915083425, 0.47703232639469206, 3.082213603566812e-25, 0.22427344887765693, 0.0, 0.0, 0.2301059525170539, 2.0886290172028043e-30, 0.26571156678664043, 0.04399098114407484, 0.43655390973473396, 0.0, 0.09749628003850933, 0.0, 0.2301059525170544, 3.155443620884048e-30, 0.5593122624949851, 0.0, 4.799613489140859e-30, 1.1620289387415716e-16, 0.062499999999999986, 0.29671926878047056, 3.1554436208840472e-30, 0.0, 0.3057700806802459, 0.25856422285369585, 0.0, 2.706286433926988e-30, 0.0, 0.0, 0.22771198647049617, 2.7755558264805833e-19, 0.47703232639469195, 0.26135595251705396, 0.3541365318180322, 5.141011987202272e-22, 0.4770323263946925, 0.5275065111451405, 0.0], [0.0, 3.903114494449876e-23, 0.38141670915773107, 0.5855011485790007, 0.0012419493820123766, 1.927320438922011e-12, 6.960969588932814e-09, 3.1255700126716058e-18, 0.16329928978293518, 0.17028971823235184, 0.001136353415344144, 0.3454487319934586, 6.933011913665581e-15, 3.156047086070281e-12, 0.0012195226553513637, 0.0, 1.7676849494582017e-14, 0.4133594895399772, 0.298612168634102, 1.0, 0.00053034497690767, 0.5946027660780357, 0.04017503402689822, 0.0, 1.8582703264228382e-06, 2.6949124853091937e-25, 0.004428705689831959, 2.4916542077119197e-08, 6.833062015316791e-13, 0.7006939878826314, 1.4066422672785744e-07, 4.40143320704265e-10, 1.2867388458322771e-11, 3.8045206754195654e-10, 0.0, 0.09651087193860948, 0.11513601254142901, 2.352119900132806e-13, 6.863211296428891e-13, 0.36274395851205654, 7.657110299912489e-12, 0.05992751797542849, 0.014790168424892928, 0.0001587790117498232, 0.14678309630716557, 0.18234719323598267, 0.00811636216813234, 3.323860953696081e-08, 0.36688683549713247, 5.093788730253217e-05, 0.0012509612059418312, 0.09636742399716662, 1.6505119693475495e-30, 0.6286458350631123, 0.10550833897454093, 0.443878348244783, 1.2535314403808655e-05, 0.021089688286768455, 0.0017300054727329836, 0.10266959766239463, 3.535272690209279e-07, 0.35634027296758214, 3.993543430207438e-06, 2.73349308336425e-15, 1.2016315509503068e-11, 0.11383377586549172, 0.4995515946249321, 4.128090507741119e-06, 2.2141115934225286e-07, 0.14561189042056927, 0.07773565044052172, 8.56644652372667e-05, 2.2333638405028023e-06, 2.8501166586910085e-15, 0.0, 0.7076000482890186, 5.70817425893975e-05, 0.03771183425730999, 0.14454912755356275, 0.16894650535794528, 1.3752467845374441e-12, 1.0970133392032868e-12, 0.3136300534650907, 9.428837715814582e-07], [0.0, 2.132929145701389e-26, 0.0, 0.00036220574336007645, 0.0, 3.59030957952137e-15, 3.754702114537354e-09, 0.0, 0.0, 0.00048740748292720905, 0.0002185753680471307, 0.000387787809324679, 2.7555691937819164e-15, 0.0, 0.00024191423185395897, 0.0, 0.0, 0.0005036248337525944, 2.018257840672291e-22, 0.00053034497690767, 1.0, 2.6617211122596212e-25, 0.0, 0.0, 5.782096963528908e-09, 1.128675766576944e-27, 5.293955920339377e-23, 8.965727216212104e-09, 0.0, 0.0003580294791138008, 3.6643443701890727e-16, 1.0097419586828951e-28, 0.0, 0.0, 0.0, 3.365274351158151e-05, 9.1552734375e-05, 0.0, 0.0, 0.0002636595040048219, 1.5881867761018131e-22, 8.741677309028766e-12, 2.2204460492503128e-16, 6.251800777973435e-05, 0.00027657529057531667, 6.964743838020093e-26, 3.757404182359222e-09, 1.006354758364083e-08, 0.0, 0.00012208224794948842, 3.0018309080588908e-12, 1.2797574874208336e-25, 0.0, 0.0002307985185976841, 0.0, 0.00016554969101469192, 0.0, 3.0519163046513794e-05, 0.00012207031249999999, 6.103515625e-05, 3.1554436208840472e-30, 0.00042216459189945284, 0.0, 5.02325144392896e-16, 2.1986066221134454e-15, 0.0, 0.00014791942495715694, 1.262177448353619e-29, 0.0, 6.044740808540753e-05, 0.0, 1.308462023778288e-05, 0.0, 0.0, 0.0, 0.00027341281063617527, 7.64941806017152e-06, 6.103518303962546e-05, 4.4102972267444544e-08, 6.9622543033592426e-15, 1.5881867761018131e-22, 2.1986066687161883e-15, 0.0004182418220159438, 0.0], [0.0, 1.5746978989612648e-24, 0.5609535997322586, 0.6727030844002325, 0.0, 1.3373595004174182e-14, 4.3938613737193803e-16, 0.0, 0.07745959148265452, 0.1954981956314347, 4.103219442085012e-24, 0.19305995846936555, 2.713435905762412e-17, 0.0, 4.98805573797901e-15, 0.0, 0.0, 0.2505362573408107, 0.4956666092007479, 0.5946027660780357, 2.6617211122596212e-25, 1.0, 4.3390285621541226e-17, 0.0, 3.91082158201944e-24, 6.267094413507589e-25, 1.3328117759866582e-16, 2.015370375568987e-24, 0.0, 0.6306908730908992, 1.4101229616584645e-14, 0.0, 0.0, 0.0, 0.0, 0.273446803861612, 0.10090639534426651, 0.0, 1.4101229616584645e-14, 0.2635488237379243, 0.0, 0.06385182541137754, 8.314275409886677e-17, 3.308722450212111e-24, 0.21783507558318363, 0.14759151192323344, 0.023446803861618584, 2.686451824122435e-15, 0.09139478525432901, 0.0, 1.319147286795475e-14, 0.21783507558319362, 1.3805065841367705e-30, 0.330303507306866, 0.04399098114407485, 0.16284928412224162, 0.0, 0.07048124990764061, 0.0, 0.21783507558317966, 5.711422344399037e-24, 0.23836377368896344, 0.0, 1.2115393782208032e-31, 4.53182923176329e-15, 0.0625, 0.27821635961333463, 0.0, 0.0, 0.285061325379404, 0.2462933459198215, 0.0, 0.0, 3.7926695509433e-27, 0.0, 0.4186092858474052, 0.0, 0.023446803861612003, 0.24908507558317955, 0.41714293781401546, 1.211539378220803e-31, 0.023446803861624916, 0.1540123762832515, 0.0], [0.0, 0.0, 0.0, 0.04822446046281774, 0.0016876324737063427, 0.0, 3.4582811451779012e-15, 0.0, 0.02832886040304152, 0.033724706518748045, 0.0, 0.04159431215433934, 9.025247178860885e-16, 0.0, 9.53959568482706e-17, 0.0, 0.0, 0.054136184548740945, 1.1617805474841355e-16, 0.04017503402689822, 0.0, 4.3390285621541226e-17, 1.0, 0.0, 8.881784197001251e-16, 0.0, 0.003906250000000115, 7.459032654042592e-31, 0.0, 0.023758484081641308, 0.0, 0.0, 0.0, 1.9721522630525295e-31, 0.0, 0.0, 0.00390625, 0.0, 0.0, 0.0687043375538927, 0.0, 2.3120787299026583e-05, 0.003906250000003978, 0.0, 0.052209494689815436, 0.006378879538499811, 0.0009479522791134621, 0.0, 0.003906249999999999, 0.0, 0.0012675366112988272, 0.0, 1.9721522630525293e-31, 0.04551306701830929, 0.0, 0.032351210004800804, 0.0, 0.015562004178374543, 0.00036261501750500867, 0.015625000000000114, 0.0, 0.04228155311308223, 0.0, 1.5777218104420236e-30, 1.526748706459291e-15, 0.003906249999999999, 0.0, 0.0, 0.0, 0.02269124128292012, 9.142983208351361e-31, 0.0, 1.2541189358326388e-30, 8.881784197001251e-16, 0.0, 0.045474252344542304, 2.0277009967172106e-19, 0.021781956344284592, 0.0, 0.0, 0.0, 3.180407107795921e-15, 0.049228753554486825, 0.0], [0.0, 0.0, 0.0, 0.0, 0.0, 0.0, 0.0, 0.0, 0.0, 0.0, 0.0, 0.0, 0.0, 0.0, 0.0, 0.0, 0.0, 0.0, 0.0, 0.0, 0.0, 0.0, 0.0, 1.0, 0.0, 0.0, 0.0, 0.0, 0.0, 0.0, 0.0, 0.0, 0.0, 0.0, 0.0, 0.0, 0.0, 0.0, 0.0, 0.0, 0.0, 0.0, 0.0, 0.0, 0.0, 0.0, 0.0, 0.0, 0.0, 0.0, 0.0, 0.0, 0.0, 0.0, 0.0, 0.0, 0.0, 0.0, 0.0, 0.0, 0.0, 0.0, 0.0, 0.0, 0.0, 0.0, 0.0, 0.0, 0.0, 0.0, 0.0, 0.0, 0.0, 0.0, 0.0, 0.0, 0.0, 0.0, 0.0, 0.0, 0.0, 0.0, 0.0, 0.0], [0.0, 3.0232324928109374e-25, 0.0, 7.633946051238628e-07, 0.0, 1.9961217894874415e-13, 3.7269288017605966e-09, 3.2227516376661793e-18, 3.630690744813675e-24, 2.472092894989093e-06, 5.751557976030289e-14, 1.6177864600594208e-06, 1.8065365439349524e-15, 0.0, 2.3633590923840514e-16, 0.0, 1.6749721134174105e-13, 3.5600812133268937e-06, 8.825344108537385e-17, 1.8582703264228382e-06, 5.782096963528908e-09, 3.91082158201944e-24, 8.881784197001251e-16, 0.0, 1.0, 1.554942161580512e-24, 9.104327863612859e-17, 1.4905131790866175e-08, 0.0, 2.2166738392976202e-06, 0.0, 4.269066806208151e-14, 2.6014463761140244e-12, 1.1368683772161603e-13, 0.0, 0.0, 5.898059818321143e-17, 1.5153506181679098e-13, 5.684341886080801e-14, 1.468213208039838e-06, 0.0, 3.81673282489712e-06, 8.881784197001251e-16, 3.0517372340009743e-24, 1.7112042150945792e-06, 1.9670485356511334e-15, 1.6555418352805514e-08, 5.91017214863515e-08, 0.0, 3.348795555297141e-08, 1.0658141036488694e-13, 3.9705970185158475e-12, 0.0, 3.3613618056741107e-06, 0.0, 3.7501128742827705e-08, 1.0515647970046637e-06, 1.051592040320779e-06, 0.0, 1.2017016823408798e-06, 8.098949320046555e-07, 5.987965299680484e-07, 3.8018111891707064e-06, 0.0, 1.4599911500903e-11, 3.8018111891707076e-06, 0.0, 3.2309065860171565e-06, 8.521371573989191e-14, 4.7892505708375694e-08, 2.6014256328207278e-12, 1.4901161193847656e-08, 1.0515647970046635e-06, 5.233324588940271e-15, 0.0, 3.861383896667845e-06, 7.170204940921294e-07, 3.809741130028351e-06, 3.1255836972800323e-06, 1.9497131818583144e-14, 2.2737367544323203e-13, 1.0082735370533087e-13, 3.0699639947943978e-06, 0.0], [0.0, 2.532713032347184e-25, 0.0, 7.157682398780093e-25, 0.0, 0.0, 0.0, 0.0, 1.6462634710256697e-24, 8.1005921066963e-25, 5.2971583019340475e-25, 1.2828125316004772e-24, 0.0, 0.0, 1.770420474113823e-26, 0.0, 0.0, 4.2163891768946235e-25, 0.0, 2.6949124853091937e-25, 1.128675766576944e-27, 6.267094413507589e-25, 0.0, 0.0, 1.554942161580512e-24, 1.0, 0.0, 1.7053567724814095e-26, 0.0, 1.5906110668658941e-24, 0.0, 4.0389678347315804e-28, 0.0, 0.0, 0.0, 0.0, 0.0, 0.0, 0.0, 5.376775096729668e-25, 0.0, 6.458437256943707e-27, 0.0, 8.16937875265498e-28, 7.778354106731945e-25, 0.0, 1.2664266802602004e-26, 7.041401078711915e-27, 0.0, 0.0, 0.0, 0.0, 0.0, 5.315296091449175e-25, 0.0, 6.253229372274667e-25, 0.0, 3.2731558217506193e-28, 0.0, 0.0, 7.582488948402753e-25, 1.097200528784943e-24, 0.0, 0.0, 0.0, 0.0, 1.9144805868052766e-26, 0.0, 0.0, 1.0571202066694988e-24, 0.0, 0.0, 0.0, 1.5024737979345952e-26, 0.0, 1.426610437574544e-24, 0.0, 9.328692219850205e-27, 0.0, 0.0, 0.0, 2.3436368428721917e-26, 1.2794221042453103e-24, 0.0], [0.0, 1.4108738133736097e-23, 0.0, 0.021604911827344905, 0.0, 0.0, 1.8364832023597674e-16, 8.239936510889832e-18, 2.2502669642879578e-23, 0.011378903045456797, 4.016291364641508e-18, 0.003077779252988127, 3.8935490176956293e-16, 0.0, 2.0167172526127696e-16, 0.0, 0.0, 0.012429237433428388, 1.9372690681745103e-16, 0.004428705689831959, 5.293955920339377e-23, 1.3328117759866582e-16, 0.003906250000000115, 0.0, 9.104327863612859e-17, 0.0, 1.0, 2.542108879112718e-22, 0.0, 0.01019942664092306, 0.0, 1.809895428684286e-16, 1.7347234759768067e-18, 0.0009765625000000002, 0.0, 0.0, 0.008275276778216897, 0.0, 0.0, 0.02066573865840889, 5.293955920339376e-23, 0.008741665702596936, 0.003906250000000274, 8.271806125530279e-25, 0.01354516967395935, 0.01320083884275745, 0.0022186009150277556, 0.0, 0.0071014134150275965, 0.0, 4.135903062765138e-24, 0.0009765624999999999, 0.0, 0.014301208217107841, 0.0, 0.01035118382784507, 0.0, 0.005319447386988248, 0.0, 0.004882812500000179, 6.5695675131635034e-24, 0.010525027136364818, 0.0, 0.0, 1.1449174941446927e-16, 0.006124850915027596, 0.0, 0.0, 0.0, 0.006879066871067949, 0.0, 0.0, 0.0, 0.0, 0.0, 0.01464843750000069, 0.0, 5.85547511501772e-23, 0.0017227594850410081, 0.0, 5.2939559203393765e-23, 2.649940540768268e-16, 0.010343198841955977, 0.0], [0.0, 9.719687392499267e-23, 0.0, 1.787628447421903e-08, 0.0, 0.0, 6.111018877155866e-09, 0.0, 8.467476130353056e-23, 1.0377287659199718e-08, 2.328306436539365e-10, 1.3148155617232647e-08, 1.481137502433013e-29, 0.0, 9.89432515167083e-22, 0.0, 0.0, 2.0743098075678272e-08, 3.796713700776557e-21, 2.4916542077119197e-08, 8.965727216212104e-09, 2.015370375568987e-24, 7.459032654042592e-31, 0.0, 1.4905131790866175e-08, 1.7053567724814095e-26, 2.542108879112718e-22, 1.0, 0.0, 2.3321542525535248e-08, 0.0, 5.016714455055132e-10, 3.6379788070917125e-12, 2.3283064365386963e-10, 0.0, 3.4924596548080444e-10, 3.7539265249748657e-10, 0.0, 0.0, 9.011816514859237e-09, 5.293955920339376e-23, 3.1584471666024115e-09, 0.0, 5.625718025335219e-22, 2.25219894579032e-08, 4.467348061523307e-22, 5.180497243054402e-09, 7.1034477241762e-09, 0.0, 8.076145999024872e-09, 4.2135334096424655e-11, 3.637978807092119e-12, 4.5496661094108606e-30, 2.2473979608141634e-08, 8.470329472543003e-22, 5.670827142870447e-09, 0.0, 2.9725254084155185e-09, 0.0, 1.2931788412490903e-26, 4.297500841882332e-24, 2.0926853451990673e-08, 0.0, 1.3285366544203104e-29, 3.637978807091712e-12, 0.0, 2.5584988031492254e-26, 9.739850810311398e-10, 0.0, 1.1383567617992178e-08, 5.840721976622034e-10, 1.8036047449125246e-08, 3.898336601531585e-30, 2.5601796959488858e-26, 0.0, 2.088742277444332e-08, 9.945149575070668e-09, 6.848070774589712e-11, 3.7252902984619136e-09, 0.0, 5.293955943860168e-23, 2.626545104998666e-21, 1.6384837024274957e-08, 0.0], [0.0, 0.0, 0.0, 1.715175741338623e-12, 0.0, 5.870763055717387e-13, 0.0, 0.0, 0.0, 2.914208999354748e-14, 0.0, 0.0, 0.0, 0.0, 0.0, 0.0, 0.0, 2.2565329504952165e-13, 0.0, 6.833062015316791e-13, 0.0, 0.0, 0.0, 0.0, 0.0, 0.0, 0.0, 0.0, 1.0, 7.425993143694779e-13, 0.0, 0.0, 4.547473508864641e-13, 0.0, 0.0, 0.0, 0.0, 0.0, 0.0, 6.321721259305813e-13, 3.4409822244166113e-13, 0.0, 0.0, 0.0, 0.0, 0.0, 0.0, 5.165582790569395e-13, 0.0, 0.0, 6.821210263296963e-13, 2.328977278610109e-13, 0.0, 0.0, 0.0, 2.9294827396259625e-13, 0.0, 0.0, 0.0, 0.0, 0.0, 4.02293033825746e-13, 0.0, 0.0, 0.0, 0.0, 0.0, 0.0, 0.0, 4.547473508864642e-13, 4.5474735088646407e-13, 0.0, 0.0, 0.0, 0.0, 5.235767268349652e-13, 0.0, 0.0, 0.0, 0.0, 0.0, 4.547473508864641e-13, 2.5303061236703237e-13, 0.0], [0.0, 5.039869588138682e-23, 0.26076270211985275, 0.7397462866839732, 0.0009379367901426488, 3.1479400553985798e-12, 5.722973186559644e-09, 4.30585259373094e-18, 0.05850078832396181, 0.15927217101176555, 0.0003825431903428533, 0.5023245854656229, 5.311016100503434e-15, 3.1832314562052492e-12, 0.0005611983444008518, 0.0, 9.272435645679062e-14, 0.47738878931128137, 0.5334002159826853, 0.7006939878826314, 0.0003580294791138008, 0.6306908730908992, 0.023758484081641308, 0.0, 2.2166738392976202e-06, 1.5906110668658941e-24, 0.01019942664092306, 2.3321542525535248e-08, 7.425993143694779e-13, 1.0, 7.742351546996546e-08, 5.484516773315621e-10, 9.637688756969595e-12, 0.0010451476341936995, 0.0, 0.3010193159042221, 0.2209626129996684, 1.51778377522811e-13, 1.6655470102150656e-12, 0.4884519692375585, 5.854409787672066e-12, 0.013060849316648547, 0.0010074139509925978, 1.2420234861863201e-05, 0.3124242621103447, 0.2216416892180222, 0.2014921204161343, 3.9712068979528e-08, 0.18183570575409108, 8.825214208396025e-05, 0.0012129532831620556, 0.32127933311309753, 4.919137344086635e-30, 0.5192057481734053, 0.11148083170339738, 0.4571761215447421, 2.1176140197139937e-05, 0.12787806952978797, 0.0016466998143621963, 0.33027950834298164, 2.019702504020863e-06, 0.5520863730022405, 5.11346225762898e-06, 6.6791151860594414e-15, 2.168453271641543e-11, 0.10467529116143655, 0.4409545465785829, 4.346236007556072e-06, 1.0757679793607055e-07, 0.2564702604048496, 0.31742190235937456, 0.00011277240364407495, 3.816575184019378e-06, 2.9416075199781593e-15, 0.0, 0.6142133102606724, 8.431865416859473e-05, 0.2435739042070105, 0.37294271652065203, 0.2513545897342334, 3.741904978356428e-12, 0.19917680654316258, 0.5007365289829464, 7.207900755092065e-07], [0.0, 0.0, 0.0, 2.4750436944212386e-07, 0.0, 1.561780911647285e-14, 1.3010426069826053e-18, 2.1684043449710086e-19, 0.0, 2.0338020129311072e-07, 0.0, 2.135962489600146e-07, 2.046952686278416e-15, 0.0, 4.213000162292041e-15, 0.0, 0.0, 1.7719179256280816e-07, 3.2526065174565133e-19, 1.4066422672785744e-07, 3.6643443701890727e-16, 1.4101229616584645e-14, 0.0, 0.0, 0.0, 0.0, 0.0, 0.0, 0.0, 7.742351546996546e-08, 1.0, 0.0, 8.673617379884035e-19, 0.0, 0.0, 0.0, 2.702722998225606e-07, 0.0, 1.4210854715202004e-14, 7.118104620110049e-08, 0.0, 1.7766809154153607e-15, 0.0, 0.0, 3.226882142128451e-08, 0.0, 1.190323332343106e-07, 4.158576693633106e-15, 0.0, 0.0, 2.384185915360604e-07, 1.4210854715202004e-14, 0.0, 2.6084424711668705e-07, 0.0, 1.0607440150607458e-07, 0.0, 0.0, 0.0, 0.0, 0.0, 1.5281877626547145e-07, 0.0, 7.093585628315687e-15, 5.330046300155988e-15, 0.0, 3.5527136788005e-15, 0.0, 6.24539381088942e-08, 8.769992726565169e-08, 0.0, 9.076440186820993e-08, 5.960464477539062e-08, 0.0, 0.0, 1.1802752607558598e-07, 1.116215528926213e-07, 2.8079413720110726e-07, 0.0, 5.329070518200751e-15, 0.0, 1.4990618704337908e-14, 1.56101858695445e-07, 3.174806028480273e-07], [0.0, 0.0, 8.508211861309034e-12, 1.3667151015930052e-10, 0.0, 9.176210044162172e-13, 1.4922937503114415e-09, 0.0, 0.0, 1.6209361567960801e-09, 2.8421709430404e-14, 5.554302218626506e-10, 1.2841582934208757e-16, 1.2322542471256077e-12, 2.