"{\"names\": [\"172.217.10.1\", \"104.88.86.240\", \"38.93.140.48\", \"192.168.10.15\", \"104.88.108.223\", \"195.142.105.15\", \"172.217.12.163\", \"206.217.206.48\", \"172.217.6.228\", \"178.255.83.1\", \"74.119.118.82\", \"192.168.10.9\", \"172.217.7.6\", \"35.186.227.40\", \"31.13.71.36\", \"206.126.112.142\", \"151.101.2.49\", \"192.168.10.25\", \"172.217.3.98\", \"192.168.10.16\", \"72.30.202.150\", \"172.217.12.132\", \"50.31.164.173\", \"162.208.20.178\", \"23.15.4.16\", \"216.58.217.99\", \"172.217.6.198\", \"172.217.12.174\", \"169.46.44.40\", \"192.168.10.17\", \"52.84.143.130\", \"104.19.195.102\", \"216.200.232.61\", \"104.97.73.166\", \"152.163.13.79\", \"192.229.163.25\", \"74.119.118.86\", \"54.225.188.92\", \"188.165.145.88\", \"192.168.10.14\", \"8.43.72.98\", \"199.96.57.6\", \"68.67.178.110\", \"104.88.70.158\", \"192.168.10.19\", \"69.172.216.56\", \"157.240.18.35\", \"172.217.11.34\", \"185.54.150.20\", \"69.169.85.7\", \"198.232.124.194\", \"74.119.118.72\", \"172.217.12.134\", \"192.168.10.5\", \"23.111.9.30\", \"192.168.10.8\", \"151.101.66.2\", \"68.67.178.199\", \"213.239.195.215\", \"138.108.7.20\", \"52.84.145.87\", \"192.168.10.50\", \"52.84.145.198\", \"52.40.24.51\", \"212.77.100.137\", \"185.54.150.115\", \"172.217.10.138\", \"152.163.66.165\", \"52.84.137.78\", \"192.168.10.51\", \"68.67.178.109\", \"129.146.14.96\", \"54.152.24.232\", \"172.217.10.33\", \"52.8.229.108\", \"192.168.10.12\", \"64.147.131.201\", \"172.217.12.206\", \"68.67.180.12\", \"172.217.10.134\", \"38.69.238.16\", \"172.217.10.142\", \"192.168.10.3\", \"172.217.6.202\"], \"funcEdges\": [[1.0, 0.0, 0.0, 0.0, 0.0, 0.0, 0.0, 0.0, 0.0, 0.0, 0.0, 0.0, 0.0, 0.0, 0.0, 0.0, 0.0, 0.0, 0.0, 0.0, 0.0, 0.0, 0.0, 0.0, 0.0, 0.0, 0.0, 0.0, 0.0, 0.0, 0.0, 0.0, 0.0, 0.0, 0.0, 0.0, 0.0, 0.0, 0.0, 0.0, 0.0, 0.0, 0.0, 0.0, 0.0, 0.0, 0.0, 0.0, 0.0, 0.0, 0.0, 0.0, 0.0, 0.0, 0.0, 0.0, 0.0, 0.0, 0.0, 0.0, 0.0, 0.0, 0.0, 0.0, 0.0, 0.0, 0.0, 0.0, 0.0, 0.0, 0.0, 0.0, 0.0, 0.0, 0.0, 0.0, 0.0, 0.0, 0.0, 0.0, 0.0, 0.0, 0.0, 0.0], [0.0, 1.0, 0.0, 0.0, 0.0, 0.0, 0.0, 0.0, 0.0, 0.0, 0.0, 0.0, 0.0, 0.0, 0.0, 0.0, 0.0, 0.0, 0.0, 0.0, 0.0, 0.0, 0.0, 0.0, 0.0, 0.0, 0.0, 0.0, 0.0, 0.0, 0.0, 0.0, 0.0, 0.0, 0.0, 0.0, 0.0, 0.0, 0.0, 0.0, 0.0, 0.0, 0.0, 0.0, 0.0, 0.0, 0.0, 0.0, 0.0, 0.0, 0.0, 0.0, 0.0, 0.0, 0.0, 0.0, 0.0, 0.0, 0.0, 0.0, 0.0, 0.0, 0.0, 0.0, 0.0, 0.0, 0.0, 0.0, 0.0, 0.0, 0.0, 0.0, 0.0, 0.0, 0.0, 0.0, 0.0, 0.0, 0.0, 0.0, 0.0, 0.0, 0.0, 0.0], [0.0, 0.0, 1.0, 0.0, 0.0, 0.0, 0.0, 0.0, 0.0, 0.0, 0.0, 0.0, 0.0, 0.0, 0.0, 0.0, 0.0, 0.0, 0.0, 0.0, 0.0, 0.0, 0.0, 0.0, 0.0, 0.0, 0.0, 0.0, 0.0, 0.0, 0.0, 0.0, 0.0, 0.0, 0.0, 0.0, 0.0, 0.0, 0.0, 0.0, 0.0, 0.0, 0.0, 0.0, 0.0, 0.0, 0.0, 0.0, 0.0, 0.0, 0.0, 0.0, 0.0, 0.0, 0.0, 0.0, 0.0, 0.0, 0.0, 0.0, 0.0, 0.0, 0.0, 0.0, 0.0, 0.0, 0.0, 0.0, 0.0, 0.0, 0.0, 0.0, 0.0, 0.0, 0.0, 0.0, 0.0, 0.0, 0.0, 0.0, 0.0, 0.0, 0.0, 0.0], [0.0, 0.0, 0.0, 1.0, 0.0, 0.0, 0.0, 0.0, 0.0, 0.26620319494246414, 0.08026233610461728, 0.3294072830826183, 1.4951874236673644e-05, 0.0, 0.049526343155978245, 0.0, 0.0, 0.6418568358419041, 0.22602957225881676, 0.6104847564137937, 0.0713155938664174, 0.2972769432215372, 2.4401715367848785e-06, 0.0, 9.360804368264183e-05, 0.06102785014394593, 0.0, 0.189742352657583, 0.0, 0.6521366377573556, 0.0, 0.0006505611037018658, 0.0, 2.034094989496739e-05, 0.0, 0.0, 0.0, 0.0, 0.0, 0.6923824830055803, 0.0005550718569398974, 0.10637349463090646, 0.0, 0.0014176194981246892, 0.4364567394333784, 0.16483319759366905, 0.1305609649334388, 0.010962661572320516, 0.0, 0.0, 0.0, 0.0, 1.4756866721415614e-05, 0.12352235398786995, 0.0, 0.6218751604138217, 0.0, 0.0007920397263105999, 0.0, 0.2623810211766135, 6.658773040364421e-05, 0.8171230862071517, 0.0, 2.7369257064947977e-05, 0.0, 0.0, 0.06190763334073308, 4.5132189188888294e-06, 0.0, 0.26885116878041027, 0.047273995122419796, 0.0, 2.1278220165382746e-05, 0.062151293119392256, 0.0, 0.31918457101536823, 0.0, 0.06019349338291449, 4.437053832929554e-06, 0.0, 6.453108292433829e-08, 0.36292358109532186, 0.5164650422448593, 0.0], [0.0, 0.0, 0.0, 0.0, 1.0, 0.0, 0.0, 0.0, 0.0, 0.0, 0.0, 0.0, 0.0, 0.0, 0.0, 0.0, 0.0, 0.0, 0.0, 0.0, 0.0, 0.0, 0.0, 0.0, 0.0, 0.0, 0.0, 0.0, 0.0, 0.0, 0.0, 0.0, 0.0, 0.0, 0.0, 0.0, 0.0, 0.0, 0.0, 0.0, 0.0, 0.0, 0.0, 0.0, 0.0, 0.0, 0.0, 0.0, 0.0, 0.0, 0.0, 0.0, 0.0, 0.0, 0.0, 0.0, 0.0, 0.0, 0.0, 0.0, 0.0, 0.0, 0.0, 0.0, 0.0, 0.0, 0.0, 0.0, 0.0, 0.0, 0.0, 0.0, 0.0, 0.0, 0.0, 0.0, 0.0, 0.0, 0.0, 0.0, 0.0, 0.0, 0.0, 0.0], [0.0, 0.0, 0.0, 0.0, 0.0, 1.0, 0.0, 0.0, 0.0, 0.0, 0.0, 0.0, 0.0, 0.0, 0.0, 0.0, 0.0, 0.0, 0.0, 0.0, 0.0, 0.0, 0.0, 0.0, 0.0, 0.0, 0.0, 0.0, 0.0, 0.0, 0.0, 0.0, 0.0, 0.0, 0.0, 0.0, 0.0, 0.0, 0.0, 0.0, 0.0, 0.0, 0.0, 0.0, 0.0, 0.0, 0.0, 0.0, 0.0, 0.0, 0.0, 0.0, 0.0, 0.0, 0.0, 0.0, 0.0, 0.0, 0.0, 0.0, 0.0, 0.0, 0.0, 0.0, 0.0, 0.0, 0.0, 0.0, 0.0, 0.0, 0.0, 0.0, 0.0, 0.0, 0.0, 0.0, 0.0, 0.0, 0.0, 0.0, 0.0, 0.0, 0.0, 0.0], [0.0, 0.0, 0.0, 0.0, 0.0, 0.0, 1.0, 0.0, 0.0, 0.0, 0.0, 0.0, 0.0, 0.0, 0.0, 0.0, 0.0, 0.0, 0.0, 0.0, 0.0, 0.0, 0.0, 0.0, 0.0, 0.0, 0.0, 0.0, 0.0, 0.0, 0.0, 0.0, 0.0, 0.0, 0.0, 0.0, 0.0, 0.0, 0.0, 0.0, 0.0, 0.0, 0.0, 0.0, 0.0, 0.0, 0.0, 0.0, 0.0, 0.0, 0.0, 0.0, 0.0, 0.0, 0.0, 0.0, 0.0, 0.0, 0.0, 0.0, 0.0, 0.0, 0.0, 0.0, 0.0, 0.0, 0.0, 0.0, 0.0, 0.0, 0.0, 0.0, 0.0, 0.0, 0.0, 0.0, 0.0, 0.0, 0.0, 0.0, 0.0, 0.0, 0.0, 0.0], [0.0, 0.0, 0.0, 0.0, 0.0, 0.0, 0.0, 1.0, 0.0, 0.0, 0.0, 0.0, 0.0, 0.0, 0.0, 0.0, 0.0, 0.0, 0.0, 0.0, 0.0, 0.0, 0.0, 0.0, 0.0, 0.0, 0.0, 0.0, 0.0, 0.0, 0.0, 0.0, 0.0, 0.0, 0.0, 0.0, 0.0, 0.0, 0.0, 0.0, 0.0, 0.0, 0.0, 0.0, 0.0, 0.0, 0.0, 0.0, 0.0, 0.0, 0.0, 0.0, 0.0, 0.0, 0.0, 0.0, 0.0, 0.0, 0.0, 0.0, 0.0, 0.0, 0.0, 0.0, 0.0, 0.0, 0.0, 0.0, 0.0, 0.0, 0.0, 0.0, 0.0, 0.0, 0.0, 0.0, 0.0, 0.0, 0.0, 0.0, 0.0, 0.0, 0.0, 0.0], [0.0, 0.0, 0.0, 0.0, 0.0, 0.0, 0.0, 0.0, 1.0, 0.0, 0.0, 0.0, 0.0, 0.0, 0.0, 0.0, 0.0, 0.0, 0.0, 0.0, 0.0, 0.0, 0.0, 0.0, 0.0, 0.0, 0.0, 0.0, 0.0, 0.0, 0.0, 0.0, 0.0, 0.0, 0.0, 0.0, 0.0, 0.0, 0.0, 0.0, 0.0, 0.0, 0.0, 0.0, 0.0, 0.0, 0.0, 0.0, 0.0, 0.0, 0.0, 0.0, 0.0, 0.0, 0.0, 0.0, 0.0, 0.0, 0.0, 0.0, 0.0, 0.0, 0.0, 0.0, 0.0, 0.0, 0.0, 0.0, 0.0, 0.0, 0.0, 0.0, 0.0, 0.0, 0.0, 0.0, 0.0, 0.0, 0.0, 0.0, 0.0, 0.0, 0.0, 0.0], [0.0, 0.0, 0.0, 0.26620319494246414, 0.0, 0.0, 0.0, 0.0, 0.0, 1.0, 0.08414192633541523, 0.2968769413890638, 1.596846978998177e-05, 0.0, 0.04261129678948526, 0.0, 0.0, 0.46869521197803526, 0.7018095869544891, 0.45359741903953454, 0.15489713736058128, 0.38080790904839534, 5.627130062325256e-06, 0.0, 9.420698646744256e-05, 0.04444470592571448, 0.0, 0.18628930309995326, 0.0, 0.31666596665239183, 0.0, 0.0005606989643078216, 0.0, 9.633979641731704e-06, 0.0, 0.0, 0.0, 0.0, 0.0, 0.288477600200431, 0.00022051575022260573, 0.1402246553049827, 0.0, 0.0005636025455532173, 0.2557556213533466, 0.12500110598112432, 0.22125012480860753, 0.010537841371313847, 0.0, 0.0, 0.0, 0.0, 7.82216768057924e-06, 0.5664304493692154, 0.0, 0.23988798041043186, 0.0, 0.0019662752970325934, 0.0, 0.12735361644634138, 4.170910331040747e-05, 0.3538013680330534, 0.0, 2.7172229698540777e-05, 0.0, 0.0, 0.03570052980408006, 6.964652474786964e-06, 0.0, 0.460862975128824, 0.021510086669029475, 0.0, 6.356529808259359e-06, 0.01986930233004379, 0.0, 0.587837899228252, 0.0, 0.34571822340829617, 1.4054608567136315e-05, 0.0, 2.3841857910156247e-07, 0.20284897898365517, 0.2862768904523295, 0.0], [0.0, 0.0, 0.0, 0.08026233610461728, 0.0, 0.0, 0.0, 0.0, 0.0, 0.08414192633541523, 1.0, 0.16974901056656583, 0.0, 0.0, 0.050692607902261405, 0.0, 0.0, 0.028450277125055958, 0.031249999999999993, 0.0695660895362212, 0.0, 0.15042153802562375, 0.0, 0.0, 0.0, 0.042853030456117824, 0.0, 0.1523874167251955, 0.0, 0.05416731615680321, 0.0, 0.0, 0.0, 0.0, 0.0, 0.0, 0.0, 0.0, 0.0, 0.06853444508073335, 0.0, 0.004169033370337195, 0.0, 0.0, 0.06769562249672047, 0.0, 0.125, 0.00390625, 0.0, 0.0, 0.0, 0.0, 0.0, 0.02790254803536945, 0.0, 0.09380131718014373, 0.0, 0.0, 0.0, 0.031249999999999997, 0.0, 0.05423436528318966, 0.0, 0.0, 0.0, 0.0, 0.023074067459611363, 0.0, 0.0, 0.04516085822828496, 0.12187710861873592, 0.0, 0.0, 0.028733996163779314, 0.0, 0.07318747471451201, 0.0, 0.12499999999999999, 0.0, 0.0, 0.0, 0.06130574536027131, 0.11928614038546133, 0.0], [0.0, 0.0, 0.0, 0.3294072830826183, 0.0, 0.0, 0.0, 0.0, 0.0, 0.2968769413890638, 0.16974901056656583, 1.0, 2.2128112397248537e-05, 0.0, 0.05065172244585783, 0.0, 0.0, 0.46354302127567404, 0.22414383663970594, 0.30995113531905627, 0.03395744474847268, 0.5092182885197037, 6.027067094524179e-06, 0.0, 5.163316364601104e-05, 0.07854602129319177, 0.0, 0.36254830864491905, 0.0, 0.5710107612990973, 0.0, 0.0007016216078071046, 0.0, 2.2738194455060847e-05, 0.0, 0.0, 0.0, 0.0, 0.0, 0.09203519664834635, 6.103515624999999e-05, 0.016203416113423578, 0.0, 0.0011480197102995485, 0.7935543568510776, 0.4921845951497926, 0.16823133981841182, 0.009601156317992606, 0.0, 0.0, 0.0, 0.0, 1.5189382430318194e-05, 0.5705794199787788, 0.0, 0.5730130470192321, 0.0, 0.001847105771670838, 0.0, 0.20200633702227971, 6.611446276583575e-05, 0.5060283937152212, 0.0, 4.014997640525501e-05, 0.0, 0.0, 0.04536590909610628, 2.5958925057750217e-05, 0.0, 0.6139065445034564, 0.12184111315324408, 0.0, 1.681325261342219e-05, 0.030921727226578842, 0.0, 0.6368022263412682, 0.0, 0.31734973757653956, 2.911449728612885e-05, 0.0, 3.8495000903213087e-07, 0.5710932887763198, 0.5937799536410514, 0.0], [0.0, 0.0, 0.0, 1.4951874236673644e-05, 0.0, 0.0, 0.0, 0.0, 0.0, 1.596846978998177e-05, 0.0, 2.2128112397248537e-05, 1.0, 0.0, 0.0, 0.0, 0.0, 2.1591821793827446e-05, 1.1444091796875e-05, 1.5487370266320523e-05, 7.629394531250002e-06, 0.0, 0.0, 0.0, 0.0, 0.0, 0.0, 3.5811707381815904e-05, 0.0, 1.0156697136854435e-05, 0.0, 0.0, 0.0, 0.0, 0.0, 0.0, 0.0, 0.0, 0.0, 1.0324437080174916e-05, 0.0, 0.0, 0.0, 0.0, 2.238969349367542e-05, 0.0, 1.52587890625e-05, 0.0, 0.0, 0.0, 0.0, 0.0, 1.52587890625e-05, 2.3351597343781204e-05, 0.0, 1.240220227095922e-05, 0.0, 8.565390005307182e-06, 0.0, 3.814697265624999e-06, 7.629394531249998e-06, 2.68434326140118e-05, 0.0, 7.62939453125e-06, 0.0, 0.0, 0.0, 7.629394531249999e-06, 0.0, 1.4270423730229094e-05, 0.0, 0.0, 1.52587890625e-05, 0.0, 0.0, 1.3004712971977938e-05, 0.0, 7.629394531249999e-06, 1.717251987112705e-05, 0.0, 0.0, 0.0, 2.878789898090732e-05, 0.0], [0.0, 0.0, 0.0, 0.0, 0.0, 0.0, 0.0, 0.0, 0.0, 0.0, 0.0, 0.0, 0.0, 1.0, 0.0, 0.0, 0.0, 0.0, 0.0, 0.0, 0.0, 0.0, 0.0, 0.0, 0.0, 0.0, 0.0, 0.0, 0.0, 0.0, 0.0, 0.0, 0.0, 0.0, 0.0, 0.0, 0.0, 0.0, 0.0, 0.0, 0.0, 0.0, 0.0, 0.0, 0.0, 0.0, 0.0, 0.0, 0.0, 0.0, 0.0, 0.0, 0.0, 0.0, 0.0, 0.0, 0.0, 0.0, 0.0, 0.0, 0.0, 0.0, 0.0, 0.0, 0.0, 0.0, 0.0, 0.0, 0.0, 0.0, 0.0, 0.0, 0.0, 0.0, 0.0, 0.0, 0.0, 0.0, 0.0, 0.0, 0.0, 0.0, 0.0, 0.0], [0.0, 0.0, 0.0, 0.049526343155978245, 0.0, 0.0, 0.0, 0.0, 0.0, 0.04261129678948526, 0.050692607902261405, 0.05065172244585783, 0.0, 0.0, 1.0, 0.0, 0.0, 0.04005006852110242, 0.0, 0.020437903362676604, 0.0036255998742224915, 0.019339148367352375, 0.0, 0.0, 0.0, 0.04280614045461148, 0.0, 0.02083466841829951, 0.0, 0.04853736460029397, 0.0, 0.00146484375, 0.0, 0.0, 0.0, 0.0, 0.0, 0.0, 0.0, 0.04590380142862999, 0.00018310546874999995, 0.0009765625, 0.0, 0.0014648437499999998, 0.031044441434642467, 0.0, 0.004079238349172259, 0.009509890273896149, 0.0, 0.0, 0.0, 0.0, 0.0, 0.05357171386027842, 0.0, 0.08666652486535112, 0.0, 0.0004882812499999999, 0.0, 0.0, 0.0, 0.03733859642890397, 0.0, 0.0, 0.0, 0.0, 0.029615299425239265, 0.0, 0.0, 0.03018561485010482, 0.0, 0.0, 0.0, 0.021859063540457326, 0.0, 0.010418739344468108, 0.0, 0.009371773343403778, 0.0, 0.0, 0.0, 0.01931847484968923, 0.03297527303100376, 0.0], [0.0, 0.0, 0.0, 0.0, 0.0, 0.0, 0.0, 0.0, 0.0, 0.0, 0.0, 0.0, 0.0, 0.0, 0.0, 1.0, 0.0, 0.0, 0.0, 0.0, 0.0, 0.0, 0.0, 0.0, 0.0, 0.0, 0.0, 0.0, 0.0, 0.0, 0.0, 0.0, 0.0, 0.0, 0.0, 0.0, 0.0, 0.0, 0.0, 0.0, 0.0, 0.0, 0.0, 0.0, 0.0, 0.0, 0.0, 0.0, 0.0, 0.0, 0.0, 0.0, 0.0, 0.0, 0.0, 0.0, 0.0, 0.0, 0.0, 0.0, 0.0, 0.0, 0.0, 0.0, 0.0, 0.0, 0.0, 0.0, 0.0, 0.0, 0.0, 0.0, 0.0, 0.0, 0.0, 0.0, 0.0, 0.0, 0.0, 0.0, 0.0, 0.0, 0.0, 0.0], [0.0, 0.0, 0.0, 0.0, 0.0, 0.0, 0.0, 0.0, 0.0, 0.0, 0.0, 0.0, 0.0, 0.0, 0.0, 0.0, 1.0, 0.0, 0.0, 0.0, 0.0, 0.0, 0.0, 0.0, 0.0, 0.0, 0.0, 0.0, 0.0, 0.0, 0.0, 0.0, 0.0, 0.0, 0.0, 0.0, 0.0, 0.0, 0.0, 0.0, 0.0, 0.0, 0.0, 0.0, 0.0, 0.0, 0.0, 0.0, 0.0, 0.0, 0.0, 0.0, 0.0, 0.0, 0.0, 0.0, 0.0, 0.0, 0.0, 0.0, 0.0, 0.0, 0.0, 0.0, 0.0, 0.0, 0.0, 0.0, 0.0, 0.0, 0.0, 0.0, 0.0, 0.0, 0.0, 0.0, 0.0, 0.0, 0.0, 0.0, 0.0, 0.0, 0.0, 0.0], [0.0, 0.0, 0.0, 0.6418568358419041, 0.0, 0.0, 0.0, 0.0, 0.0, 0.46869521197803526, 0.028450277125055958, 0.46354302127567404, 2.1591821793827446e-05, 0.0, 0.04005006852110242, 0.0, 0.0, 1.0, 0.11326313772401195, 0.5266012066704033, 0.06458778785310712, 0.5441122394408937, 5.412852660672625e-06, 0.0, 4.7005652263049475e-05, 0.05893863308918393, 0.0, 0.1356511292272914, 0.0, 0.6584706611967233, 0.0, 0.0008065238349595471, 0.0, 2.9269031826246778e-05, 0.0, 0.0, 0.0, 0.0, 0.0, 0.6271945911950676, 0.0002531382659234565, 0.06940868728022889, 0.0, 0.0010654473958095038, 0.638378660705419, 0.21869039293877632, 0.10554097153201265, 0.011956479397660931, 0.0, 0.0, 0.0, 0.0, 1.684170715516561e-05, 0.3083333706357215, 0.0, 0.8504603783512505, 0.0, 0.000484431673074338, 0.0, 0.09959316788065968, 1.5104010290864853e-05, 0.6237282118557385, 0.0, 4.788275291210663e-05, 0.0, 0.0, 0.038315935149169436, 2.1208006256298682e-05, 0.0, 0.34292222615471696, 0.0212573024840272, 0.0, 2.0439135218326372e-05, 0.031133561136565475, 0.0, 0.5224094256801761, 0.0, 0.13593890247648804, 2.3184937544077096e-05, 0.0, 1.728598192645373e-07, 0.39396059416755835, 0.7740381859201791, 0.0], [0.0, 0.0, 0.0, 0.22602957225881676, 0.0, 0.0, 0.0, 0.0, 0.0, 0.7018095869544891, 0.031249999999999993, 0.22414383663970594, 1.1444091796875e-05, 0.0, 0.0, 0.0, 0.0, 0.11326313772401195, 1.0, 0.274458081143675, 0.12053068278214635, 0.3818727624599778, 2.974610399025348e-06, 0.0, 0.0, 0.0, 0.0, 0.23767140344358034, 0.0, 0.1174939289486451, 0.0, 0.0, 0.0, 4.7683715820312495e-07, 0.0, 0.0, 0.0, 0.0, 0.0, 0.11899683134782325, 0.0, 0.23956524172434132, 0.0, 0.0, 0.3649861475836284, 0.20913169038148824, 0.1517834379864323, 0.0, 0.0, 0.0, 0.0, 0.0, 5.049995092985595e-06, 0.41553308802783145, 0.0, 0.2936463181318694, 0.0, 8.565390005307185e-06, 0.0, 0.15071999623347268, 7.629394531250002e-06, 0.1093113709595114, 0.0, 1.1604753342386087e-05, 0.0, 0.0, 0.0, 7.62939453125e-06, 0.0, 0.5451345563974058, 0.021509271446679905, 0.0, 6.543399090494272e-06, 0.0, 0.0, 0.50872467031428, 0.0, 0.4232307765706445, 1.2435273010126488e-05, 0.0, 2.384185791015625e-07, 0.25600213630803414, 0.27780773011388893, 0.0], [0.0, 0.0, 0.0, 0.6104847564137937, 0.0, 0.0, 0.0, 0.0, 0.0, 0.45359741903953454, 0.0695660895362212, 0.30995113531905627, 1.5487370266320523e-05, 0.0, 0.020437903362676604, 0.0, 0.0, 0.5266012066704033, 0.274458081143675, 1.0, 0.07385748845255313, 0.27932392508333986, 2.5289396635920824e-06, 0.0, 0.00010280231144084437, 0.04790078182301734, 0.0, 0.3139484644182897, 0.0, 0.541392456281937, 0.0, 0.000503879544087679, 0.0, 6.734211626501009e-06, 0.0, 0.0, 0.0, 0.0, 0.0, 0.5031373007542796, 0.00038049022919689067, 0.11727888534064683, 0.0, 0.0006712081663245495, 0.3310210140465111, 0.040355418401529876, 0.11797059694659426, 0.01289357120550085, 0.0, 0.0, 0.0, 0.0, 3.990693070654484e-06, 0.49457917745072505, 0.0, 0.35960591018737836, 0.0, 0.0004979371009469387, 0.0, 0.24723274631062367, 3.0437502887659727e-05, 0.6534993918168623, 0.0, 2.4395745711990543e-05, 0.0, 0.0, 0.014609517238608262, 5.3869113969810525e-06, 0.0, 0.36516274046290426, 0.05442342552279725, 0.0, 3.816846829632972e-06, 0.01830295821844006, 0.0, 0.5185567118560137, 0.0, 0.5357357948795121, 1.661969009798361e-05, 0.0, 5.840038639982171e-07, 0.1494074202841683, 0.33604799351554077, 0.0], [0.0, 0.0, 0.0, 0.0713155938664174, 0.0, 0.0, 0.0, 0.0, 0.0, 0.15489713736058128, 0.0, 0.03395744474847268, 7.629394531250002e-06, 0.0, 0.0036255998742224915, 0.0, 0.0, 0.06458778785310712, 0.12053068278214635, 0.07385748845255313, 1.0, 0.13319491513067108, 0.0, 0.0, 0.0, 0.002728970552376404, 0.0, 9.339258913438801e-06, 0.0, 0.053927726229595595, 0.0, 0.000244140625, 0.0, 0.0, 0.0, 0.0, 0.0, 0.0, 0.0, 0.0012788577969084754, 0.0, 0.062744140625, 0.0, 0.000732421875, 0.015877906107252687, 0.0, 0.25, 0.0017103158728739882, 0.0, 0.0, 0.0, 0.0, 0.0, 0.06502825273554065, 0.0, 0.06981207235937273, 0.0, 0.0004968466400053071, 0.0, 0.06250000000000001, 7.62939453125e-06, 0.06064103364550101, 0.0, 7.629394531250002e-06, 0.0, 0.0, 0.0, 3.0517578125e-05, 0.0, 0.07960024630919207, 0.0, 0.0, 0.0, 0.0, 0.0, 0.04618937436445609, 0.0, 0.16693766606424115, 2.0133299159252406e-05, 0.0, 0.0, 0.001964210584485064, 0.07720782940034882, 0.0], [0.0, 0.0, 0.0, 0.2972769432215372, 0.0, 0.0, 0.0, 0.0, 0.0, 0.38080790904839534, 0.15042153802562375, 0.5092182885197037, 0.0, 0.0, 0.019339148367352375, 0.0, 0.0, 0.5441122394408937, 0.3818727624599778, 0.27932392508333986, 0.13319491513067108, 1.0, 0.0, 0.0, 0.0, 0.025515518153991442, 0.0, 0.5410674923047234, 0.0, 0.23019994296024776, 0.0, 0.0, 0.0, 0.0, 0.0, 0.0, 0.0, 0.0, 0.0, 0.2304081992632732, 0.0, 0.19674171734637372, 0.0, 0.0, 0.518065109968894, 0.20723077600817003, 0.25819705236597157, 0.0, 0.0, 0.0, 0.0, 0.0, 3.3378601074218746e-06, 0.28308538744304235, 0.0, 0.5378912005915523, 0.0, 0.0, 0.0, 0.0935705566207727, 0.0, 0.21894858842406287, 0.0, 2.9293224716219655e-07, 0.0, 0.0, 0.019522909278099368, 0.0, 0.0, 0.4336338126150576, 0.12187710861873595, 0.0, 0.0, 0.009170112290803153, 0.0, 0.21749669003038924, 0.0, 0.4925965296958174, 0.0, 0.0, 2.929322471621965e-07, 0.2636494330164267, 0.638875866712297, 0.0], [0.0, 0.0, 0.0, 2.4401715367848785e-06, 0.0, 0.0, 0.0, 0.0, 0.0, 5.627130062325256e-06, 0.0, 6.027067094524179e-06, 0.0, 0.0, 0.0, 0.0, 0.0, 5.412852660672625e-06, 2.974610399025348e-06, 2.5289396635920824e-06, 0.0, 0.0, 1.0, 0.0, 0.0, 0.0, 0.0, 1.8034834329641446e-06, 0.0, 6.708745055929037e-07, 0.0, 0.0, 0.0, 4.76837158203125e-07, 0.0, 0.0, 0.0, 0.0, 0.0, 1.0662402999400088e-06, 0.0, 2.384185791015625e-06, 0.0, 0.0, 2.246099487244203e-07, 7.462913191218671e-07, 2.4901772686402743e-06, 0.0, 0.0, 0.0, 0.0, 0.0, 4.7683715820312495e-07, 7.6293945312499975e-06, 0.0, 0.0, 0.0, 0.0, 0.0, 4.76837158203125e-07, 0.0, 5.219610762310657e-06, 0.0, 3.814697265625e-06, 0.0, 0.0, 0.0, 0.0, 0.0, 1.4872309621391432e-06, 2.2106376937757923e-06, 0.0, 3.032273524791399e-06, 0.0, 0.0, 9.381350361454803e-06, 0.0, 0.0, 0.0, 0.0, 0.0, 0.0, 5.550379252658078e-06, 0.0], [0.0, 0.0, 0.0, 0.0, 0.0, 0.0, 0.0, 0.0, 0.0, 0.0, 0.0, 0.0, 0.0, 0.0, 0.0, 0.0, 0.0, 0.0, 0.0, 0.0, 0.0, 0.0, 0.0, 1.0, 0.0, 0.0, 0.0, 0.0, 0.0, 0.0, 0.0, 0.0, 0.0, 0.0, 0.0, 0.0, 0.0, 0.0, 0.0, 0.0, 0.0, 0.0, 0.0, 0.0, 0.0, 0.0, 0.0, 0.0, 0.0, 0.0, 0.0, 0.0, 0.0, 0.0, 0.0, 0.0, 0.0, 0.0, 0.0, 0.0, 0.0, 0.0, 0.0, 0.0, 0.0, 0.0, 0.0, 0.0, 0.0, 0.0, 0.0, 0.0, 0.0, 0.0, 0.0, 0.0, 0.0, 0.0, 0.0, 0.0, 0.0, 0.0, 0.0, 0.0], [0.0, 0.0, 0.0, 9.360804368264183e-05, 0.0, 0.0, 0.0, 0.0, 0.0, 9.420698646744256e-05, 0.0, 5.163316364601104e-05, 0.0, 0.0, 0.0, 0.0, 0.0, 4.7005652263049475e-05, 0.0, 0.00010280231144084437, 0.0, 0.0, 0.0, 0.0, 1.0, 0.0, 0.0, 3.098775888809837e-05, 0.0, 6.280465764496173e-05, 0.0, 0.0, 0.0, 0.0, 0.0, 0.0, 0.0, 0.0, 0.0, 4.983499639451452e-05, 0.0, 0.0, 0.0, 0.0, 7.39043562430999e-05, 0.0, 0.0, 0.0, 0.0, 0.0, 0.0, 0.0, 0.0, 5.623469818928359e-06, 0.0, 3.974480324273195e-05, 0.0, 0.0, 0.0, 0.0, 0.0, 5.6290803700740025e-05, 0.0, 0.0, 0.0, 0.0, 0.0, 0.0, 0.0, 2.5052915047265646e-06, 0.0, 0.0, 0.0, 0.0, 0.0, 5.623893609157109e-05, 0.0, 6.684284137625531e-05, 0.0, 0.0, 0.0, 0.0, 3.968647960487131e-05, 0.0], [0.0, 0.0, 0.0, 0.06102785014394593, 0.0, 0.0, 0.0, 0.0, 0.0, 0.04444470592571448, 0.042853030456117824, 0.07854602129319177, 0.0, 0.0, 0.04280614045461148, 0.0, 0.0, 0.05893863308918393, 0.0, 0.04790078182301734, 0.002728970552376404, 0.025515518153991442, 0.0, 0.0, 0.0, 1.0, 0.0, 0.041232996678148934, 0.0, 0.0567217673785475, 0.0, 0.0009765625, 0.0, 0.0, 0.0, 0.0, 0.0, 0.0, 0.0, 0.020341984860247388, 0.0, 0.015615543108560656, 0.0, 0.0019752345808591518, 0.027738570891393362, 0.0, 0.030620318248307934, 0.01702506314063427, 0.0, 0.0, 0.0, 0.0, 0.0, 0.0619380451628065, 0.0, 0.08377716928285493, 0.0, 0.0007914005169072525, 0.0, 0.0, 0.0, 0.05972854149165526, 0.0, 0.0, 0.0, 0.0, 0.046289300250797305, 0.0, 0.0, 0.047702982245060116, 0.0, 0.0, 0.0, 0.036327587352351705, 0.0, 0.02739792968773213, 0.0, 0.0038825516012982947, 0.0, 0.0, 0.0, 0.056665661822966125, 0.057870658275793185, 0.0], [0.0, 0.0, 0.0, 0.0, 0.0, 0.0, 0.0, 0.0, 0.0, 0.0, 0.0, 0.0, 0.0, 0.0, 0.0, 0.0, 0.0, 0.0, 0.0, 0.0, 0.0, 0.0, 0.0, 0.0, 0.0, 0.0, 1.0, 0.0, 0.0, 0.0, 0.0, 0.0, 0.0, 0.0, 0.0, 0.0, 0.0, 0.0, 0.0, 0.0, 0.0, 0.0, 0.0, 0.0, 0.0, 0.0, 0.0, 0.0, 0.0, 0.0, 0.0, 0.0, 0.0, 0.0, 0.0, 0.0, 0.0, 0.0, 0.0, 0.0, 0.0, 0.0, 0.0, 0.0, 0.0, 0.0, 0.0, 0.0, 0.0, 0.0, 0.0, 0.0, 0.0, 0.0, 0.0, 0.0, 0.0, 0.0, 0.0, 0.0, 0.0, 0.0, 0.0, 0.0], [0.0, 0.0, 0.0, 0.189742352657583, 0.0, 0.0, 0.0, 0.0, 0.0, 0.18628930309995326, 0.1523874167251955, 0.36254830864491905, 3.5811707381815904e-05, 0.0, 0.02083466841829951, 0.0, 0.0, 0.1356511292272914, 0.23767140344358034, 0.3139484644182897, 9.339258913438801e-06, 0.5410674923047234, 1.8034834329641446e-06, 0.0, 3.098775888809837e-05, 0.041232996678148934, 0.0, 1.0, 0.0, 0.14089318292920927, 0.0, 0.0, 0.0, 2.350969053225652e-05, 0.0, 0.0, 0.0, 0.0, 0.0, 0.20942629623839382, 0.0, 7.887520134780038e-06, 0.0, 0.0, 0.1981982769256399, 0.1314717186327519, 0.12500863189977676, 0.0, 0.0, 0.0, 0.0, 0.0, 1.1000417660584852e-05, 0.23719634353401015, 0.0, 0.21130006880702035, 0.0, 8.543353977016762e-06, 0.0, 0.03126714581130706, 8.177296055752477e-06, 0.2646092560396167, 0.0, 3.212204527666302e-05, 0.0, 0.0, 0.0618607052516045, 9.339258913438805e-06, 0.0, 0.19917572210114268, 0.12187873075833744, 0.0, 9.42559954228056e-06, 0.06190134674571478, 0.0, 0.16080671668753538, 0.0, 0.25566047759070076, 1.5651759359490764e-05, 0.0, 5.686978457989824e-07, 0.22361797593190985, 0.2979242127714635, 0.0], [0.0, 0.0, 0.0, 0.0, 0.0, 0.0, 0.0, 0.0, 0.0, 0.0, 0.0, 0.0, 0.0, 0.0, 0.0, 0.0, 0.0, 0.0, 0.0, 0.0, 0.0, 0.0, 0.0, 0.0, 0.0, 0.0, 0.0, 0.0, 1.0, 0.0, 0.0, 0.0, 0.0, 0.0, 0.0, 0.0, 0.0, 0.0, 0.0, 0.0, 0.0, 0.0, 0.0, 0.0, 0.0, 0.0, 0.0, 0.0, 0.0, 0.0, 0.0, 0.0, 0.0, 0.0, 0.0, 0.0, 0.0, 0.0, 0.0, 0.0, 0.0, 0.0, 0.0, 0.0, 0.0, 0.0, 0.0, 0.0, 0.0, 0.0, 0.0, 0.0, 0.0, 0.0, 0.0, 0.0, 0.0, 0.0, 0.0, 0.0, 0.0, 0.0, 0.0, 0.0], [0.0, 0.0, 0.0, 0.6521366377573556, 0.0, 0.0, 0.0, 0.0, 0.0, 0.31666596665239183, 0.05416731615680321, 0.5710107612990973, 1.0156697136854435e-05, 0.0, 0.04853736460029397, 0.0, 0.0, 0.6584706611967233, 0.1174939289486451, 0.541392456281937, 0.053927726229595595, 0.23019994296024776, 6.708745055929037e-07, 0.0, 6.280465764496173e-05, 0.0567217673785475, 0.0, 0.14089318292920927, 0.0, 1.0, 0.0, 0.00016951748499553792, 0.0, 6.351738935330068e-06, 0.0, 0.0, 0.0, 0.0, 0.0, 0.42525247707781433, 0.00023053878801053735, 0.09558891148672553, 0.0, 0.0006252168783949846, 0.6556307722668592, 0.3761571178073173, 0.09630728269842861, 0.012030097950544535, 0.0, 0.0, 0.0, 0.0, 1.189374429099373e-05, 0.27740527139650567, 0.0, 0.588455558948915, 0.0, 0.0005267727223728735, 0.0, 0.15833314927848943, 4.417906918726335e-05, 0.4045608510135378, 0.0, 4.2764179257064696e-05, 0.0, 0.0, 0.07699981292979675, 1.1952515050610992e-05, 0.0, 0.4254801252473204, 0.0059810972374246645, 0.0, 1.1569519504111373e-05, 0.060352555110622014, 0.0, 0.4245140745252087, 0.0, 0.40994150148901676, 8.939607173133864e-06, 0.0, 3.487346848695731e-07, 0.5644827218186121, 0.41228064004331405, 0.0], [0.0, 0.0, 0.0, 0.0, 0.0, 0.0, 0.0, 0.0, 0.0, 0.0, 0.0, 0.0, 0.0, 0.0, 0.0, 0.0, 0.0, 0.0, 0.0, 0.0, 0.0, 0.0, 0.0, 0.0, 0.0, 0.0, 0.0, 0.0, 0.0, 0.0, 1.0, 0.0, 0.0, 0.0, 0.0, 0.0, 0.0, 0.0, 0.0, 0.0, 0.0, 0.0, 0.0, 0.0, 0.0, 0.0, 0.0, 0.0, 0.0, 0.0, 0.0, 0.0, 0.0, 0.0, 0.0, 0.0, 0.0, 0.0, 0.0, 0.0, 0.0, 0.0, 0.0, 0.0, 0.0, 0.0, 0.0, 0.0, 0.0, 0.0, 0.0, 0.0, 0.0, 0.0, 0.0, 0.0, 0.0, 0.0, 0.0, 0.0, 0.0, 0.0, 0.0, 0.0], [0.0, 0.0, 0.0, 0.0006505611037018658, 0.0, 0.0, 0.0, 0.0, 0.0, 0.0005606989643078216, 0.0, 0.0007016216078071046, 0.0, 0.0, 0.00146484375, 0.0, 0.0, 0.0008065238349595471, 0.0, 0.000503879544087679, 0.000244140625, 0.0, 0.0, 0.0, 0.0, 0.0009765625, 0.0, 0.0, 0.0, 0.00016951748499553792, 0.0, 1.0, 0.0, 0.0, 0.0, 0.0, 0.0, 0.0, 0.0, 0.0007540926041480551, 0.00012207031250000003, 0.0009765625, 0.0, 0.0009765625, 0.0002339736285101349, 0.0, 0.0, 0.00041348673972043477, 0.0, 0.0, 0.0, 0.0, 0.0, 0.0006836148886296548, 0.0, 0.00038016335036583057, 0.0, 0.0, 0.0, 0.0, 0.0, 0.0005216790169112126, 0.0, 0.0, 0.0, 0.0, 0.0, 0.0, 0.0, 0.00021338012562998048, 0.0, 0.0, 0.0, 0.0, 0.0, 0.0007622356259834931, 0.0, 0.0001220703125, 0.0, 0.0, 0.0, 0.00038266305224428436, 0.0012384296000035031, 0.0], [0.0, 0.0, 0.0, 0.0, 0.0, 0.0, 0.0, 0.0, 0.0, 0.0, 0.0, 0.0, 0.0, 0.0, 0.0, 0.0, 0.0, 0.0, 0.0, 0.0, 0.0, 0.0, 0.0, 0.0, 0.0, 0.0, 0.0, 0.0, 0.0, 0.0, 0.0, 0.0, 1.0, 0.0, 0.0, 0.0, 0.0, 0.0, 0.0, 0.0, 0.0, 0.0, 0.0, 0.0, 0.0, 0.0, 0.0, 0.0, 0.0, 0.0, 0.0, 0.0, 0.0, 0.0, 0.0, 0.0, 0.0, 0.0, 0.0, 0.0, 0.0, 0.0, 0.0, 0.0, 0.0, 0.0, 0.0, 0.0, 0.0, 0.0, 0.0, 0.0, 0.0, 0.0, 0.0, 0.0, 0.0, 0.0, 0.0, 0.0, 0.0, 0.0, 0.0, 0.0], [0.0, 0.0, 0.0, 2.034094989496739e-05, 0.0, 0.0, 0.0, 0.0, 0.0, 9.633979641731704e-06, 0.0, 2.2738194455060847e-05, 0.0, 0.0, 0.0, 0.0, 0.0, 2.9269031826246778e-05, 4.7683715820312495e-07, 6.734211626501009e-06, 0.0, 0.0, 4.76837158203125e-07, 0.0, 0.0, 0.0, 0.0, 2.350969053225652e-05, 0.0, 6.351738935330068e-06, 0.0, 0.0, 0.0, 1.0, 0.0, 0.0, 0.0, 0.0, 0.0, 1.544431268458892e-05, 0.0, 4.7683715820312495e-07, 0.0, 0.0, 3.94999078876276e-05, 4.7081465770104356e-07, 1.8741940446226492e-06, 0.0, 0.0, 0.0, 0.0, 0.0, 4.76837158203125e-07, 2.829650349290272e-05, 0.0, 0.0, 0.0, 0.0, 0.0, 5.972727858351853e-05, 1.6119766052271092e-05, 1.4520077118995212e-05, 0.0, 6.145160439940248e-05, 0.0, 0.0, 0.0, 0.0, 0.0, 3.0596906185909815e-05, 0.0, 0.0, 0.0, 0.0, 0.0, 1.5587982860499197e-05, 0.0, 2.126593600581341e-05, 0.0, 0.0, 0.0, 0.0, 1.155790209698568e-06, 0.0], [0.0, 0.0, 0.0, 0.0, 0.0, 0.0, 0.0, 0.0, 0.0, 0.0, 0.0, 0.0, 0.0, 0.0, 0.0, 0.0, 0.0, 0.0, 0.0, 0.0, 0.0, 0.0, 0.0, 0.0, 0.0, 0.0, 0.0, 0.0, 0.0, 0.0, 0.0, 0.0, 0.0, 0.0, 1.0, 0.0, 0.0, 0.0, 0.0, 0.0, 0.0, 0.0, 0.0, 0.0, 0.0, 0.0, 0.0, 0.0, 0.0, 0.0, 0.0, 0.0, 0.0, 0.0, 0.0, 0.0, 0.0, 0.0, 0.0, 0.0, 0.0, 0.0, 0.0, 0.0, 0.0, 0.0, 0.0, 0.0, 0.0, 0.0, 0.0, 0.0, 0.0, 0.0, 0.0, 0.0, 0.0, 0.0, 0.0, 0.0, 0.0, 0.0, 0.0, 0.0], [0.0, 0.0, 0.0, 0.0, 0.0, 0.0, 0.0, 0.0, 0.0, 0.0, 0.0, 0.0, 0.0, 0.0, 0.0, 0.0, 0.0, 0.0, 0.0, 0.0, 0.0, 0.0, 0.0, 0.0, 0.0, 0.0, 0.0, 0.0, 0.0, 0.0, 0.0, 0.0, 0.0, 0.0, 0.0, 1.0, 0.0, 0.0, 0.0, 0.0, 0.0, 0.0, 0.0, 0.0, 0.0, 0.0, 0.0, 0.0, 0.0, 0.0, 0.0, 0.0, 0.0, 0.0, 0.0, 0.0, 0.0, 0.0, 0.0, 0.0, 0.0, 0.0, 0.0, 0.0, 0.0, 0.0, 0.0, 0.0, 0.0, 0.0, 0.0, 0.0, 0.0, 0.0, 0.0, 0.0, 0.0, 0.0, 0.0, 0.0, 0.0, 0.0, 0.0, 0.0], [0.0, 0.0, 0.0, 0.0, 0.0, 0.0, 0.0, 0.0, 0.0, 0.0, 0.0, 0.0, 0.0, 0.0, 0.0, 0.0, 0.0, 0.0, 0.0, 0.0, 0.0, 0.0, 0.0, 0.0, 0.0, 0.0, 0.0, 0.0, 0.0, 0.0, 0.0, 0.0, 0.0, 0.0, 0.0, 0.0, 1.0, 0.0, 0.0, 0.0, 0.0, 0.0, 0.0, 0.0, 0.0, 0.0, 0.0, 0.0, 0.0, 0.0, 0.0, 0.0, 0.0, 0.0, 0.0, 0.0, 0.0, 0.0, 0.0, 0.0, 0.0, 0.0, 0.0, 0.0, 0.0, 0.0, 0.0, 0.0, 0.0, 0.0, 0.0, 0.0, 0.0, 0.0, 0.0, 0.0, 0.0, 0.0, 0.0, 0.0, 0.0, 0.0, 0.0, 0.0], [0.0, 0.0, 0.0, 0.0, 0.0, 0.0, 0.0, 0.0, 0.0, 0.0, 0.0, 0.0, 0.0, 0.0, 0.0, 0.0, 0.0, 0.0, 0.0, 0.0, 0.0, 0.0, 0.0, 0.0, 0.0, 0.0, 0.0, 0.0, 0.0, 0.0, 0.0, 0.0, 0.0, 0.0, 0.0, 0.0, 0.0, 1.0, 0.0, 0.0, 0.0, 0.0, 0.0, 0.0, 0.0, 0.0, 0.0, 0.0, 0.0, 0.0, 0.0, 0.0, 0.0, 0.0, 0.0, 0.0, 0.0, 0.0, 0.0, 0.0, 0.0, 0.0, 0.0, 0.0, 0.0, 0.0, 0.0, 0.0, 0.0, 0.0, 0.0, 0.0, 0.0, 0.0, 0.0, 0.0, 0.0, 0.0, 0.0, 0.0, 0.0, 0.0, 0.0, 0.0], [0.0, 0.0, 0.0, 0.0, 0.0, 0.0, 0.0, 0.0, 0.0, 0.0, 0.0, 0.0, 0.0, 0.0, 0.0, 0.0, 0.0, 0.0, 0.0, 0.0, 0.0, 0.0, 0.0, 0.0, 0.0, 0.0, 0.0, 0.0, 0.0, 0.0, 0.0, 0.0, 0.0, 0.0, 0.0, 0.0, 0.0, 0.0, 1.0, 0.0, 0.0, 0.0, 0.0, 0.0, 0.0, 0.0, 0.0, 0.0, 0.0, 0.0, 0.0, 0.0, 0.0, 0.0, 0.0, 0.0, 0.0, 0.0, 0.0, 0.0, 0.0, 0.0, 0.0, 0.0, 0.0, 0.0, 0.0, 0.0, 0.0, 0.0, 0.0, 0.0, 0.0, 0.0, 0.0, 0.0, 0.0, 0.0, 0.0, 0.0, 0.0, 0.0, 0.0, 0.0], [0.0, 0.0, 0.0, 0.6923824830055803, 0.0, 0.0, 0.0, 0.0, 0.0, 0.288477600200431, 0.06853444508073335, 0.09203519664834635, 1.0324437080174916e-05, 0.0, 0.04590380142862999, 0.0, 0.0, 0.6271945911950676, 0.11899683134782325, 0.5031373007542796, 0.0012788577969084754, 0.2304081992632732, 1.0662402999400088e-06, 0.0, 4.983499639451452e-05, 0.020341984860247388, 0.0, 0.20942629623839382, 0.0, 0.42525247707781433, 0.0, 0.0007540926041480551, 0.0, 1.544431268458892e-05, 0.0, 0.0, 0.0, 0.0, 0.0, 1.0, 0.00024254125225675268, 0.0014148793878630082, 0.0, 0.0012357946783049744, 0.2879215750079389, 0.05016935937667912, 0.04920268103634908, 0.0071625047343213954, 0.0, 0.0, 0.0, 0.0, 4.97007327723769e-06, 0.16102469444324047, 0.0, 0.5241052152138946, 0.0, 0.0006787299279204232, 0.0, 0.03127805381829687, 1.4120793715242413e-05, 0.6694672007560151, 0.0, 2.7897578531269326e-05, 0.0, 0.0, 0.040935058867228744, 6.958364880479468e-06, 0.0, 0.3098264619038607, 0.0394308292590028, 0.0, 2.4739741380955165e-06, 0.03495060826444348, 0.0, 0.4079301478945231, 0.0, 0.05744886153720555, 1.2033953355577694e-05, 0.0, 2.3841857910156247e-07, 0.2261930497570168, 0.4761140817255956, 0.0], [0.0, 0.0, 0.0, 0.0005550718569398974, 0.0, 0.0, 0.0, 0.0, 0.0, 0.00022051575022260573, 0.0, 6.103515624999999e-05, 0.0, 0.0, 0.00018310546874999995, 0.0, 0.0, 0.0002531382659234565, 0.0, 0.00038049022919689067, 0.0, 0.0, 0.0, 0.0, 0.0, 0.0, 0.0, 0.0, 0.0, 0.00023053878801053735, 0.0, 0.00012207031250000003, 0.0, 0.0, 0.0, 0.0, 0.0, 0.0, 0.0, 0.00024254125225675268, 1.0, 0.0, 0.0, 0.0, 0.00016295433052794053, 0.0, 0.0, 0.0002484552274202071, 0.0, 0.0, 0.0, 0.0, 0.0, 0.00038569241965768163, 0.0, 0.0003717869318626218, 0.0, 0.0, 0.0, 0.0, 0.0, 0.0003649759437331834, 0.0, 0.0, 0.0, 0.0, 0.0, 0.0, 0.0, 0.0006241742815430745, 0.0, 0.0, 0.0, 0.0, 0.0, 0.000513428201246438, 0.0, 0.00018310546875, 0.0, 0.0, 0.0, 0.0001951583239902244, 0.00047018041797576115, 0.0], [0.0, 0.0, 0.0, 0.10637349463090646, 0.0, 0.0, 0.0, 0.0, 0.0, 0.1402246553049827, 0.004169033370337195, 0.016203416113423578, 0.0, 0.0, 0.0009765625, 0.0, 0.0, 0.06940868728022889, 0.23956524172434132, 0.11727888534064683, 0.062744140625, 0.19674171734637372, 2.384185791015625e-06, 0.0, 0.0, 0.015615543108560656, 0.0, 7.887520134780038e-06, 0.0, 0.09558891148672553, 0.0, 0.0009765625, 0.0, 4.7683715820312495e-07, 0.0, 0.0, 0.0, 0.0, 0.0, 0.0014148793878630082, 0.0, 1.0, 0.0, 0.0009765625, 0.1314625426407686, 2.73675961578467e-06, 0.06250345788030363, 0.015865510994690343, 0.0, 0.0, 0.0, 0.0, 4.291534423828124e-06, 0.07498792962780959, 0.0, 0.07353726409326643, 0.0, 0.0, 0.0, 0.06250047683715819, 0.0, 0.06105753813670942, 0.0, 8.34465026855469e-06, 0.0, 0.0, 0.0, 0.0, 0.0, 0.2539963561307319, 2.2106376937757927e-06, 0.0, 3.032273524791399e-06, 0.0, 0.0, 0.07065328121006717, 0.0, 0.19064115858940875, 0.0, 0.0, 2.3841857910156245e-07, 0.006002290187129223, 0.060124407272185244, 0.0], [0.0, 0.0, 0.0, 0.0, 0.0, 0.0, 0.0, 0.0, 0.0, 0.0, 0.0, 0.0, 0.0, 0.0, 0.0, 0.0, 0.0, 0.0, 0.0, 0.0, 0.0, 0.0, 0.0, 0.0, 0.0, 0.0, 0.0, 0.0, 0.0, 0.0, 0.0, 0.0, 0.0, 0.0, 0.0, 0.0, 0.0, 0.0, 0.0, 0.0, 0.0, 0.0, 1.0, 0.0, 0.0, 0.0, 0.0, 0.0, 0.0, 0.0, 0.0, 0.0, 0.0, 0.0, 0.0, 0.0, 0.0, 0.0, 0.0, 0.0, 0.0, 0.0, 0.0, 0.0, 0.0, 0.0, 0.0, 0.0, 0.0, 0.0, 0.0, 0.0, 0.0, 0.0, 0.0, 0.0, 0.0, 0.0, 0.0, 0.0, 0.0, 0.0, 0.0, 0.0], [0.0, 0.0, 0.0, 0.0014176194981246892, 0.0, 0.0, 0.0, 0.0, 0.0, 0.0005636025455532173, 0.0, 0.0011480197102995485, 0.0, 0.0, 0.0014648437499999998, 0.0, 0.0, 0.0010654473958095038, 0.0, 0.0006712081663245495, 0.000732421875, 0.0, 0.0, 0.0, 0.0, 0.0019752345808591518, 0.0, 0.0, 0.0, 0.0006252168783949846, 0.0, 0.0009765625, 0.0, 0.0, 0.0, 0.0, 0.0, 0.0, 0.0, 0.0012357946783049744, 0.0, 0.0009765625, 0.0, 1.0, 0.0007713129369866536, 0.0, 0.0, 0.0016654412490876103, 0.0, 0.0, 0.0, 0.0, 0.0, 0.001023265699512426, 0.0, 0.00028684841772760785, 0.0, 0.0004882812499999999, 0.0, 0.0, 0.0, 0.0015688975011042155, 0.0, 0.0, 0.0, 0.0, 0.0, 0.0, 0.0, 0.0005720207935266156, 0.0, 0.0, 0.0, 0.0, 0.0, 0.0010606083072884438, 0.0, 0.0, 0.0, 0.0, 0.0, 0.0007132644404961528, 0.0017212113659334709, 0.0], [0.0, 0.0, 0.0, 0.4364567394333784, 0.0, 0.0, 0.0, 0.0, 0.0, 0.2557556213533466, 0.06769562249672047, 0.7935543568510776, 2.238969349367542e-05, 0.0, 0.031044441434642467, 0.0, 0.0, 0.638378660705419, 0.3649861475836284, 0.3310210140465111, 0.015877906107252687, 0.518065109968894, 2.246099487244203e-07, 0.0, 7.39043562430999e-05, 0.027738570891393362, 0.0, 0.1981982769256399, 0.0, 0.6556307722668592, 0.0, 0.0002339736285101349, 0.0, 3.94999078876276e-05, 0.0, 0.0, 0.0, 0.0, 0.0, 0.2879215750079389, 0.00016295433052794053, 0.1314625426407686, 0.0, 0.0007713129369866536, 1.0, 0.4978135967480542, 0.04798157722498216, 0.015022642039476074, 0.0, 0.0, 0.0, 0.0, 1.6444679039503416e-05, 0.5679193334747337, 0.0, 0.690510545101874, 0.0, 0.000606872036834443, 0.0, 0.14123109322824115, 5.8043075010241114e-05, 0.4598050833871814, 0.0, 5.102985111352138e-05, 0.0, 0.0, 0.034887119717395325, 7.246375994434251e-06, 0.0, 0.8337397940367417, 0.02325701923859436, 0.0, 1.6771825289478842e-05, 0.018753594021249535, 0.0, 0.7080892689971101, 0.0, 0.2909927901366843, 1.1810984928846374e-05, 0.0, 9.378577252967631e-07, 0.6636730301001939, 0.61854129073519, 0.0], [0.0, 0.0, 0.0, 0.16483319759366905, 0.0, 0.0, 0.0, 0.0, 0.0, 0.12500110598112432, 0.0, 0.4921845951497926, 0.0, 0.0, 0.0, 0.0, 0.0, 0.21869039293877632, 0.20913169038148824, 0.040355418401529876, 0.0, 0.20723077600817003, 7.462913191218671e-07, 0.0, 0.0, 0.0, 0.0, 0.1314717186327519, 0.0, 0.3761571178073173, 0.0, 0.0, 0.0, 4.7081465770104356e-07, 0.0, 0.0, 0.0, 0.0, 0.0, 0.05016935937667912, 0.0, 2.73675961578467e-06, 0.0, 0.0, 0.4978135967480542, 1.0, 3.847867874769166e-06, 0.0, 0.0, 0.0, 0.0, 0.0, 1.699965635528117e-06, 0.2758049142021436, 0.0, 0.2928895930645031, 0.0, 0.0, 0.0, 1.8031199656635716e-07, 0.0, 0.1531988931209794, 0.0, 7.462913191218671e-07, 0.0, 0.0, 0.0, 0.0, 0.0, 0.46435677965330663, 0.0, 0.0, 0.0, 0.0, 0.0, 0.3455501790080693, 0.0, 0.12811768579763455, 0.0, 0.0, 0.0, 0.5, 0.23332770074297718, 0.0], [0.0, 0.0, 0.0, 0.1305609649334388, 0.0, 0.0, 0.0, 0.0, 0.0, 0.22125012480860753, 0.125, 0.16823133981841182, 1.52587890625e-05, 0.0, 0.004079238349172259, 0.0, 0.0, 0.10554097153201265, 0.1517834379864323, 0.11797059694659426, 0.25, 0.25819705236597157, 2.4901772686402743e-06, 0.0, 0.0, 0.030620318248307934, 0.0, 0.12500863189977676, 0.0, 0.09630728269842861, 0.0, 0.0, 0.0, 1.8741940446226492e-06, 0.0, 0.0, 0.0, 0.0, 0.0, 0.04920268103634908, 0.0, 0.06250345788030363, 0.0, 0.0, 0.04798157722498216, 3.847867874769166e-06, 1.0, 0.0019937235964804334, 0.0, 0.0, 0.0, 0.0, 1.726644123202299e-05, 0.07490378048301966, 0.0, 0.12483299813529546, 0.0, 0.0, 0.0, 0.09375439752590146, 0.0, 0.11093537934990247, 0.0, 2.4901772686402748e-06, 0.0, 0.0, 0.009669574183676187, 0.0, 0.0, 0.1014829009097685, 0.1218791793426516, 0.0, 2.1185505497319555e-05, 0.0, 0.0, 0.08324414229137649, 0.0, 0.2932130357262849, 0.0, 0.0, 0.0, 0.0330803036295558, 0.1737749612827855, 0.0], [0.0, 0.0, 0.0, 0.010962661572320516, 0.0, 0.0, 0.0, 0.0, 0.0, 0.010537841371313847, 0.00390625, 0.009601156317992606, 0.0, 0.0, 0.009509890273896149, 0.0, 0.0, 0.011956479397660931, 0.0, 0.01289357120550085, 0.0017103158728739882, 0.0, 0.0, 0.0, 0.0, 0.01702506314063427, 0.0, 0.0, 0.0, 0.012030097950544535, 0.0, 0.00041348673972043477, 0.0, 0.0, 0.0, 0.0, 0.0, 0.0, 0.0, 0.0071625047343213954, 0.0002484552274202071, 0.015865510994690343, 0.0, 0.0016654412490876103, 0.015022642039476074, 0.0, 0.0019937235964804334, 1.0, 0.0, 0.0, 0.0, 0.0, 0.0, 0.019714605309631372, 0.0, 0.016257920090541344, 0.0, 0.0001364954214481664, 0.0, 0.0, 0.0, 0.010067279541016274, 0.0, 0.0, 0.0, 0.0, 0.0, 0.0, 0.0, 0.017111499922847988, 0.0, 0.0, 0.0, 0.0, 0.0, 0.010941509698861778, 0.0, 0.008795293126324771, 0.0, 0.0, 0.0, 0.011666338459473988, 0.007991641441178072, 0.0], [0.0, 0.0, 0.0, 0.0, 0.0, 0.0, 0.0, 0.0, 0.0, 0.0, 0.0, 0.0, 0.0, 0.0, 0.0, 0.0, 0.0, 0.0, 0.0, 0.0, 0.0, 0.0, 0.0, 0.0, 0.0, 0.0, 0.0, 0.0, 0.0, 0.0, 0.0, 0.0, 0.0, 0.0, 0.0, 0.0, 0.0, 0.0, 0.0, 0.0, 0.0, 0.0, 0.0, 0.0, 0.0, 0.0, 0.0, 0.0, 1.0, 0.0, 0.0, 0.0, 0.0, 0.0, 0.0, 0.0, 0.0, 0.0, 0.0, 0.0, 0.0, 0.0, 0.0, 0.0, 0.0, 0.0, 0.0, 0.0, 0.0, 0.0, 0.0, 0.0, 0.0, 0.0, 0.0, 0.0, 0.0, 0.0, 0.0, 0.0, 0.0, 0.0, 0.0, 0.0], [0.0, 0.0, 0.0, 0.0, 0.0, 0.0, 0.0, 0.0, 0.0, 0.0, 0.0, 0.0, 0.0, 0.0, 0.0, 0.0, 0.0, 0.0, 0.0, 0.0, 0.0, 0.0, 0.0, 0.0, 0.0, 0.0, 0.0, 0.0, 0.0, 0.0, 0.0, 0.0, 0.0, 0.0, 0.0, 0.0, 0.0, 0.0, 0.0, 0.0, 0.0, 0.0, 0.0, 0.0, 0.0, 0.0, 0.0, 0.0, 0.0, 1.0, 0.0, 0.0, 0.0, 0.0, 0.0, 0.0, 0.0, 0.0, 0.0, 0.0, 0.0, 0.0, 0.0, 0.0, 0.0, 0.0, 0.0, 0.0, 0.0, 0.0, 0.0, 0.0, 0.0, 0.0, 0.0, 0.0, 0.0, 0.0, 0.0, 0.0, 0.0, 0.0, 0.0, 0.0], [0.0, 0.0, 0.0, 0.0, 0.0, 0.0, 0.0, 0.0, 0.0, 0.0, 0.0, 0.0, 0.0, 0.0, 0.0, 0.0, 0.0, 0.0, 0.0, 0.0, 0.0, 0.0, 0.0, 0.0, 0.0, 0.0, 0.0, 0.0, 0.0, 0.0, 0.0, 0.0, 0.0, 0.0, 0.0, 0.0, 0.0, 0.0, 0.0, 0.0, 0.0, 0.0, 0.0, 0.0, 0.0, 0.0, 0.0, 0.0, 0.0, 0.0, 1.0, 0.0, 0.0, 0.0, 0.0, 0.0, 0.0, 0.0, 0.0, 0.0, 0.0, 0.0, 0.0, 0.0, 0.0, 0.0, 0.0, 0.0, 0.0, 0.0, 0.0, 0.0, 0.0, 0.0, 0.0, 0.0, 0.0, 0.0, 0.0, 0.0, 0.0, 0.0, 0.0, 0.0], [0.0, 0.0, 0.0, 0.0, 0.0, 0.0, 0.0, 0.0, 0.0, 0.0, 0.0, 0.0, 0.0, 0.0, 0.0, 0.0, 0.0, 0.0, 0.0, 0.0, 0.0, 0.0, 0.0, 0.0, 0.0, 0.0, 0.0, 0.0, 0.0, 0.0, 0.0, 0.0, 0.0, 0.0, 0.0, 0.0, 0.0, 0.0, 0.0, 0.0, 0.0, 0.0, 0.0, 0.0, 0.0, 0.0, 0.0, 0.0, 0.0, 0.0, 0.0, 1.0, 0.0, 0.0, 0.0, 0.0, 0.0, 0.0, 0.0, 0.0, 0.0, 0.0, 0.0, 0.0, 0.0, 0.0, 0.0, 0.0, 0.0, 0.0, 0.0, 0.0, 0.0, 0.0, 0.0, 0.0, 0.0, 0.0, 0.0, 0.0, 0.0, 0.0, 0.0, 0.0], [0.0, 0.0, 0.0, 1.4756866721415614e-05, 0.0, 0.0, 0.0, 0.0, 0.0, 7.82216768057924e-06, 0.0, 1.5189382430318194e-05, 1.52587890625e-05, 0.0, 0.0, 0.0, 0.0, 1.684170715516561e-05, 5.049995092985595e-06, 3.990693070654484e-06, 0.0, 3.3378601074218746e-06, 4.7683715820312495e-07, 0.0, 0.0, 0.0, 0.0, 1.1000417660584852e-05, 0.0, 1.189374429099373e-05, 0.0, 0.0, 0.0, 4.76837158203125e-07, 0.0, 0.0, 0.0, 0.0, 0.0, 4.97007327723769e-06, 0.0, 4.291534423828124e-06, 0.0, 0.0, 1.6444679039503416e-05, 1.699965635528117e-06, 1.726644123202299e-05, 0.0, 0.0, 0.0, 0.0, 0.0, 1.0, 1.2983394635399745e-05, 0.0, 4.621753942988455e-06, 0.0, 0.0, 0.0, 4.291534423828125e-06, 0.0, 1.8081439258747037e-05, 0.0, 4.7683715820312495e-07, 0.0, 0.0, 0.0, 0.0, 0.0, 5.759298783604664e-06, 0.0, 0.0, 1.52587890625e-05, 0.0, 0.0, 1.0182584967855974e-05, 0.0, 0.0, 0.0, 0.0, 0.0, 0.0, 1.6043857047892567e-05, 0.0], [0.0, 0.0, 0.0, 0.12352235398786995, 0.0, 0.0, 0.0, 0.0, 0.0, 0.5664304493692154, 0.02790254803536945, 0.5705794199787788, 2.3351597343781204e-05, 0.0, 0.05357171386027842, 0.0, 0.0, 0.3083333706357215, 0.41553308802783145, 0.49457917745072505, 0.06502825273554065, 0.28308538744304235, 7.6293945312499975e-06, 0.0, 5.623469818928359e-06, 0.0619380451628065, 0.0, 0.23719634353401015, 0.0, 0.27740527139650567, 0.0, 0.0006836148886296548, 0.0, 2.829650349290272e-05, 0.0, 0.0, 0.0, 0.0, 0.0, 0.16102469444324047, 0.00038569241965768163, 0.07498792962780959, 0.0, 0.001023265699512426, 0.5679193334747337, 0.2758049142021436, 0.07490378048301966, 0.019714605309631372, 0.0, 0.0, 0.0, 0.0, 1.2983394635399745e-05, 1.0, 0.0, 0.550016693905221, 0.0, 0.0007516791761968207, 0.0, 0.05993028276435757, 1.3407975262493787e-05, 0.3401295437057581, 0.0, 4.4353224616789165e-05, 0.0, 0.0, 0.07555467653446744, 2.627803100227714e-05, 0.0, 0.5134969613576281, 2.2106376937757927e-06, 0.0, 1.6015668160191144e-05, 0.06184768903074858, 0.0, 0.7352571773323608, 0.0, 0.4043029977330512, 1.4387992351899092e-05, 0.0, 9.5367431640625e-07, 0.34743800919559986, 0.5198239266547872, 0.0], [0.0, 0.0, 0.0, 0.0, 0.0, 0.0, 0.0, 0.0, 0.0, 0.0, 0.0, 0.0, 