"{\"names\": [\"172.217.10.1\", \"104.88.86.240\", \"38.93.140.48\", \"192.168.10.15\", \"104.88.108.223\", \"195.142.105.15\", \"172.217.12.163\", \"206.217.206.48\", \"172.217.6.228\", \"178.255.83.1\", \"74.119.118.82\", \"192.168.10.9\", \"172.217.7.6\", \"35.186.227.40\", \"31.13.71.36\", \"206.126.112.142\", \"151.101.2.49\", \"192.168.10.25\", \"172.217.3.98\", \"192.168.10.16\", \"72.30.202.150\", \"172.217.12.132\", \"50.31.164.173\", \"162.208.20.178\", \"23.15.4.16\", \"216.58.217.99\", \"172.217.6.198\", \"172.217.12.174\", \"169.46.44.40\", \"192.168.10.17\", \"52.84.143.130\", \"104.19.195.102\", \"216.200.232.61\", \"104.97.73.166\", \"152.163.13.79\", \"192.229.163.25\", \"74.119.118.86\", \"54.225.188.92\", \"188.165.145.88\", \"192.168.10.14\", \"8.43.72.98\", \"199.96.57.6\", \"68.67.178.110\", \"104.88.70.158\", \"192.168.10.19\", \"69.172.216.56\", \"157.240.18.35\", \"172.217.11.34\", \"185.54.150.20\", \"69.169.85.7\", \"198.232.124.194\", \"74.119.118.72\", \"172.217.12.134\", \"192.168.10.5\", \"23.111.9.30\", \"192.168.10.8\", \"151.101.66.2\", \"68.67.178.199\", \"213.239.195.215\", \"138.108.7.20\", \"52.84.145.87\", \"192.168.10.50\", \"52.84.145.198\", \"52.40.24.51\", \"212.77.100.137\", \"185.54.150.115\", \"172.217.10.138\", \"152.163.66.165\", \"52.84.137.78\", \"192.168.10.51\", \"68.67.178.109\", \"129.146.14.96\", \"54.152.24.232\", \"172.217.10.33\", \"52.8.229.108\", \"192.168.10.12\", \"64.147.131.201\", \"172.217.12.206\", \"68.67.180.12\", \"172.217.10.134\", \"38.69.238.16\", \"172.217.10.142\", \"192.168.10.3\", \"172.217.6.202\"], \"funcEdges\": [[1.0, 0.0, 0.0, 0.0, 0.0, 0.0, 0.0, 0.0, 0.0, 0.0, 0.0, 0.0, 0.0, 0.0, 0.0, 0.0, 0.0, 0.0, 0.0, 0.0, 0.0, 0.0, 0.0, 0.0, 0.0, 0.0, 0.0, 0.0, 0.0, 0.0, 0.0, 0.0, 0.0, 0.0, 0.0, 0.0, 0.0, 0.0, 0.0, 0.0, 0.0, 0.0, 0.0, 0.0, 0.0, 0.0, 0.0, 0.0, 0.0, 0.0, 0.0, 0.0, 0.0, 0.0, 0.0, 0.0, 0.0, 0.0, 0.0, 0.0, 0.0, 0.0, 0.0, 0.0, 0.0, 0.0, 0.0, 0.0, 0.0, 0.0, 0.0, 0.0, 0.0, 0.0, 0.0, 0.0, 0.0, 0.0, 0.0, 0.0, 0.0, 0.0, 0.0, 0.0], [0.0, 1.0, 0.0, 0.21914791363323616, 0.0, 0.0, 0.0, 0.0, 0.0625, 0.18756363245727453, 0.09035267367931124, 0.16536169351576271, 0.0, 0.0, 0.0, 0.0, 0.0, 0.2806930419703174, 0.014079610869930209, 0.10916397980074409, 0.003223191394558728, 0.2379616185183977, 0.0, 0.0, 0.04568579774071301, 0.038273277230987154, 0.0, 0.018859296026863235, 0.0, 0.16813210816645324, 0.0, 0.0, 0.0, 0.0, 0.0, 0.0, 0.0, 0.0, 0.0, 0.2340765202809607, 0.0, 0.0555813319678984, 0.0, 0.0, 0.22771177175395335, 0.060832699759387404, 0.019339148367352375, 0.059079747087024376, 0.0, 0.0, 0.0, 0.015625, 0.0, 0.15172387185240693, 0.0, 0.3133367568176981, 0.0, 0.0, 0.0, 0.0, 0.10206207261596573, 0.2625686434041322, 0.0, 0.0, 0.0, 0.0, 0.0, 0.0, 0.0, 0.14478557371525203, 0.0, 0.0, 0.0, 0.0, 0.0, 0.1473187657294907, 0.0, 0.1013157838762043, 0.0, 0.0, 0.0, 0.18390577790246052, 0.13493233939432908, 0.0], [0.0, 0.0, 1.0, 0.0, 0.0, 0.0, 0.0, 0.0, 0.0, 0.0, 0.0, 0.0, 0.0, 0.0, 0.0, 0.0, 0.0, 0.0, 0.0, 0.0, 0.0, 0.0, 0.0, 0.0, 0.0, 0.0, 0.0, 0.0, 0.0, 0.0, 0.0, 0.0, 0.0, 0.0, 0.0, 0.0, 0.0, 0.0, 0.0, 0.0, 0.0, 0.0, 0.0, 0.0, 0.0, 0.0, 0.0, 0.0, 0.0, 0.0, 0.0, 0.0, 0.0, 0.0, 0.0, 0.0, 0.0, 0.0, 0.0, 0.0, 0.0, 0.0, 0.0, 0.0, 0.0, 0.0, 0.0, 0.0, 0.0, 0.0, 0.0, 0.0, 0.0, 0.0, 0.0, 0.0, 0.0, 0.0, 0.0, 0.0, 0.0, 0.0, 0.0, 0.0], [0.0, 0.21914791363323616, 0.0, 1.0, 0.0, 0.0, 0.0, 0.0, 0.25607367991945207, 0.4860895591540865, 0.0913644539511291, 0.49829919674723433, 9.344921397921027e-07, 0.0, 0.0030953964472486403, 0.0, 0.0, 0.6282593065947744, 0.05764418921253714, 0.6264884916667632, 0.031252111169057385, 0.24863029521710595, 1.525107210490549e-07, 0.0, 0.12419772226347646, 0.10816383825608036, 0.3535219286674635, 0.4169191274966806, 0.0, 0.1920281050122473, 0.0, 4.066006898136661e-05, 0.0, 1.2713093684354619e-06, 0.0, 0.0, 0.0, 0.0, 0.0, 0.22540146095183294, 3.4691991058743586e-05, 0.07412669132465749, 0.0, 0.07179352071250511, 0.5354253291270079, 0.031422496904411706, 0.03520965110554095, 0.049177178121454806, 0.0, 0.0, 0.25513610889680144, 0.044697031862653766, 9.223041700884759e-07, 0.5588495231034971, 0.0, 0.5035666255597475, 0.0, 4.9502482894412494e-05, 0.0, 0.016398813823538343, 0.41880412385931864, 0.6721047643761588, 0.0, 1.7105785665592486e-06, 0.0, 0.0, 0.0038692270837958173, 2.8207618243055184e-07, 0.0, 0.48360752886829117, 0.0029546246951512372, 0.0, 1.3298887603364216e-06, 0.003884455819962016, 0.0, 0.5834224682809522, 0.0, 0.27635777117654053, 2.773158645580971e-07, 0.0, 4.033192682771143e-09, 0.15897428076405995, 0.4734692390067752, 0.0], [0.0, 0.0, 0.0, 0.0, 1.0, 0.0, 0.0, 0.0, 0.0, 0.0, 0.0, 0.0, 0.0, 0.0, 0.0, 0.0, 0.0, 0.0, 0.0, 0.0, 0.0, 0.0, 0.0, 0.0, 0.0, 0.0, 0.0, 0.0, 0.0, 0.0, 0.0, 0.0, 0.0, 0.0, 0.0, 0.0, 0.0, 0.0, 0.0, 0.0, 0.0, 0.0, 0.0, 0.0, 0.0, 0.0, 0.0, 0.0, 0.0, 0.0, 0.0, 0.0, 0.0, 0.0, 0.0, 0.0, 0.0, 0.0, 0.0, 0.0, 0.0, 0.0, 0.0, 0.0, 0.0, 0.0, 0.0, 0.0, 0.0, 0.0, 0.0, 0.0, 0.0, 0.0, 0.0, 0.0, 0.0, 0.0, 0.0, 0.0, 0.0, 0.0, 0.0, 0.0], [0.0, 0.0, 0.0, 0.0, 0.0, 1.0, 0.0, 0.0, 0.0, 0.0, 0.0, 0.0, 0.0, 0.0, 0.0, 0.0, 0.0, 0.0, 0.0, 0.0, 0.0, 0.0, 0.0, 0.0, 0.0, 0.0, 0.0, 0.0, 0.0, 0.0, 0.0, 0.0, 0.0, 0.0, 0.0, 0.0, 0.0, 0.0, 0.0, 0.0, 0.0, 0.0, 0.0, 0.0, 0.0, 0.0, 0.0, 0.0, 0.0, 0.0, 0.0, 0.0, 0.0, 0.0, 0.0, 0.0, 0.0, 0.0, 0.0, 0.0, 0.0, 0.0, 0.0, 0.0, 0.0, 0.0, 0.0, 0.0, 0.0, 0.0, 0.0, 0.0, 0.0, 0.0, 0.0, 0.0, 0.0, 0.0, 0.0, 0.0, 0.0, 0.0, 0.0, 0.0], [0.0, 0.0, 0.0, 0.0, 0.0, 0.0, 1.0, 0.0, 0.0, 0.0, 0.0, 0.0, 0.0, 0.0, 0.0, 0.0, 0.0, 0.0, 0.0, 0.0, 0.0, 0.0, 0.0, 0.0, 0.0, 0.0, 0.0, 0.0, 0.0, 0.0, 0.0, 0.0, 0.0, 0.0, 0.0, 0.0, 0.0, 0.0, 0.0, 0.0, 0.0, 0.0, 0.0, 0.0, 0.0, 0.0, 0.0, 0.0, 0.0, 0.0, 0.0, 0.0, 0.0, 0.0, 0.0, 0.0, 0.0, 0.0, 0.0, 0.0, 0.0, 0.0, 0.0, 0.0, 0.0, 0.0, 0.0, 0.0, 0.0, 0.0, 0.0, 0.0, 0.0, 0.0, 0.0, 0.0, 0.0, 0.0, 0.0, 0.0, 0.0, 0.0, 0.0, 0.0], [0.0, 0.0, 0.0, 0.0, 0.0, 0.0, 0.0, 1.0, 0.0, 0.0, 0.0, 0.0, 0.0, 0.0, 0.0, 0.0, 0.0, 0.0, 0.0, 0.0, 0.0, 0.0, 0.0, 0.0, 0.0, 0.0, 0.0, 0.0, 0.0, 0.0, 0.0, 0.0, 0.0, 0.0, 0.0, 0.0, 0.0, 0.0, 0.0, 0.0, 0.0, 0.0, 0.0, 0.0, 0.0, 0.0, 0.0, 0.0, 0.0, 0.0, 0.0, 0.0, 0.0, 0.0, 0.0, 0.0, 0.0, 0.0, 0.0, 0.0, 0.0, 0.0, 0.0, 0.0, 0.0, 0.0, 0.0, 0.0, 0.0, 0.0, 0.0, 0.0, 0.0, 0.0, 0.0, 0.0, 0.0, 0.0, 0.0, 0.0, 0.0, 0.0, 0.0, 0.0], [0.0, 0.0625, 0.0, 0.25607367991945207, 0.0, 0.0, 0.0, 0.0, 1.0, 0.5669098856610103, 0.2847036021546612, 0.2983870879746682, 0.0, 0.0, 0.0, 0.0, 0.0, 0.1051630136389753, 0.0, 0.07769525933566013, 0.0, 0.2987243519552931, 0.0, 0.0, 0.54865447305514, 0.2487763020014165, 0.0575435337648436, 0.057543533764843606, 0.0, 0.4938477966526693, 0.0, 0.0, 0.0, 0.0, 0.0, 0.0, 0.0, 0.0, 0.0, 0.2528288550683738, 0.0, 0.0, 0.0, 0.2157882516181635, 0.4436831287744979, 0.0, 0.0, 0.0, 0.0, 0.0, 0.10070118408847631, 0.0, 0.0, 0.2501479697154814, 0.0, 0.23171006288040685, 0.0, 0.0, 0.0, 0.0, 0.20267746723502286, 0.16686357263928583, 0.0, 0.0, 0.0, 0.0, 0.0, 0.0, 0.0, 0.5886998352513757, 0.0, 0.0, 0.0, 0.0, 0.0, 0.22060341272416964, 0.0, 0.07962252008550133, 0.0, 0.0, 0.0, 0.0, 0.39875404090728506, 0.0], [0.0, 0.18756363245727453, 0.0, 0.4860895591540865, 0.0, 0.0, 0.0, 0.0, 0.5669098856610103, 1.0, 0.26694207810201387, 0.2637966011779186, 9.980293618738607e-07, 0.0, 0.002663206049342829, 0.0, 0.0, 0.362172654895067, 0.06100349502630974, 0.33827808680159366, 0.029020219452388703, 0.4758469059904247, 3.516956288953285e-07, 0.0, 0.35362435202732767, 0.12241268689939525, 0.125, 0.1555023774706103, 0.0, 0.1957941933822635, 0.0, 3.504368526923885e-05, 0.0, 6.021237276082315e-07, 0.0, 0.0, 0.0, 0.0, 0.0, 0.3469711134136974, 1.3782234388912858e-05, 0.12635060929151215, 0.0, 0.1250352251590971, 0.5860850262653537, 0.023511330352049283, 0.0170513241950967, 0.09950473242632409, 0.0, 0.0, 0.12499999999999999, 0.015625, 4.888854800362026e-07, 0.43448048711460974, 0.0, 0.26651358278078624, 0.0, 0.00012289220606453709, 0.0, 0.007959601027896336, 0.36903488356585756, 0.3798347660548833, 0.0, 1.6982643561587985e-06, 0.0, 0.0, 0.002231283112755004, 4.3529077967418523e-07, 0.0, 0.688754587523213, 0.0013443804168143422, 0.0, 3.972831130162099e-07, 0.0012418313956277368, 0.0, 0.28284417065194223, 0.0, 0.35529703715452643, 8.784130354460197e-07, 0.0, 1.4901161193847655e-08, 0.08320544413606731, 0.43674823085210446, 0.0], [0.0, 0.09035267367931124, 0.0, 0.0913644539511291, 0.0, 0.0, 0.0, 0.0, 0.2847036021546612, 0.26694207810201387, 1.0, 0.21712278280384395, 0.0, 0.0, 0.003168287993891338, 0.0, 0.0, 0.19686628633312442, 0.0057325511029480145, 0.16478976560172912, 0.026533092662895937, 0.6200609908851631, 0.0, 0.0, 0.5630902287325894, 0.0800483930224257, 0.125, 0.13623651256111985, 0.0, 0.5076592096553274, 0.0, 0.0, 0.0, 0.0, 0.0, 0.0, 0.0, 0.0, 0.0, 0.31989952538473443, 0.0, 0.005619895371349477, 0.0, 0.5, 0.32619714546184075, 0.0235577592173993, 0.017762409748585978, 0.01055603027018354, 0.0, 0.0, 0.12500000000000003, 0.005359330785703403, 0.0, 0.21993623369771562, 0.0, 0.5010381077616656, 0.0, 0.0, 0.0, 0.0019531249999999998, 0.21630844759111317, 0.36124864285057645, 0.0, 0.0, 0.0, 0.0, 0.0014421292162257102, 0.0, 0.0, 0.21019074501890242, 0.007617319288670995, 0.0, 0.0, 0.0017958747602362071, 0.0, 0.28003926484783104, 0.0, 0.48947198568747075, 0.0, 0.0, 0.0, 0.02526893222783056, 0.1395423433240626, 0.0], [0.0, 0.16536169351576271, 0.0, 0.49829919674723433, 0.0, 0.0, 0.0, 0.0, 0.2983870879746682, 0.2637966011779186, 0.21712278280384395, 1.0, 1.3830070248280336e-06, 0.0, 0.0031657326528661146, 0.0, 0.0, 0.3812237522788734, 0.07562061053457035, 0.41188940558058496, 0.01801574916199581, 0.28113101822148484, 3.766916934077612e-07, 0.0, 0.2763865416828503, 0.19385314889712804, 0.16560991059991007, 0.2496369978419607, 0.0, 0.46531944241109136, 0.0, 4.385135048794404e-05, 0.0, 1.421137153441303e-06, 0.0, 0.0, 0.0, 0.0, 0.0, 0.28518501442127575, 3.8146972656249996e-06, 0.14453066510372917, 0.0, 0.11093458394753601, 0.4501017276630233, 0.056738155792096234, 0.026779208932493553, 0.06287921663241058, 0.0, 0.0, 0.49819840874683696, 0.06156492066211245, 9.493364018948871e-07, 0.3910292255592326, 0.0, 0.34321716239802863, 0.0, 0.00011544411072942738, 0.0, 0.012625396063892482, 0.5034191984013356, 0.4672086584262778, 0.0, 2.509373525328438e-06, 0.0, 0.0, 0.0028353693185066424, 1.6224328161093885e-06, 0.0, 0.2836291056477618, 0.007615069572077755, 0.0, 1.050828288338887e-06, 0.0019326079516611776, 0.0, 0.5963347737419221, 0.0, 0.3983226270343105, 1.8196560803830531e-06, 0.0, 2.405937556450818e-08, 0.11329701004711505, 0.4151405586138864, 0.0], [0.0, 0.0, 0.0, 9.344921397921027e-07, 0.0, 0.0, 0.0, 0.0, 0.0, 9.980293618738607e-07, 0.0, 1.3830070248280336e-06, 1.0, 0.0, 0.0, 0.0, 0.0, 1.3494888621142154e-06, 7.152557373046875e-07, 9.679606416450327e-07, 4.768371582031251e-07, 0.0, 0.0, 0.0, 0.0, 0.0, 0.0, 2.238231711363494e-06, 0.0, 6.347935710534022e-07, 0.0, 0.0, 0.0, 0.0, 0.0, 0.0, 0.0, 0.0, 0.0, 6.452773175109323e-07, 0.0, 0.0, 0.0, 0.0, 1.3993558433547138e-06, 0.0, 9.5367431640625e-07, 0.0, 0.0, 0.0, 0.0, 0.0, 9.5367431640625e-07, 1.4594748339863252e-06, 0.0, 7.751376419349512e-07, 0.0, 5.353368753316989e-07, 0.0, 2.3841857910156245e-07, 4.768371582031249e-07, 1.6777145383757375e-06, 0.0, 4.76837158203125e-07, 0.0, 0.0, 0.0, 4.7683715820312495e-07, 0.0, 8.919014831393184e-07, 0.0, 0.0, 9.5367431640625e-07, 0.0, 0.0, 8.127945607486211e-07, 0.0, 4.7683715820312495e-07, 1.0732824919454407e-06, 0.0, 0.0, 0.0, 1.7992436863067076e-06, 0.0], [0.0, 0.0, 0.0, 0.0, 0.0, 0.0, 0.0, 0.0, 0.0, 0.0, 0.0, 0.0, 0.0, 1.0, 0.0, 0.0, 0.0, 0.0, 0.0, 0.0, 0.0, 0.0, 0.0, 0.0, 0.0, 0.0, 0.0, 0.0, 0.0, 0.0, 0.0, 0.0, 0.0, 0.0, 0.0, 0.0, 0.0, 0.0, 0.0, 0.0, 0.0, 0.0, 0.0, 0.0, 0.0, 0.0, 0.0, 0.0, 0.0, 0.0, 0.0, 0.0, 0.0, 0.0, 0.0, 0.0, 0.0, 0.0, 0.0, 0.0, 0.0, 0.0, 0.0, 0.0, 0.0, 0.0, 0.0, 0.0, 0.0, 0.0, 0.0, 0.0, 0.0, 0.0, 0.0, 0.0, 0.0, 0.0, 0.0, 0.0, 0.0, 0.0, 0.0, 0.0], [0.0, 0.0, 0.0, 0.0030953964472486403, 0.0, 0.0, 0.0, 0.0, 0.0, 0.002663206049342829, 0.003168287993891338, 0.0031657326528661146, 0.0, 0.0, 1.0, 0.0, 0.0, 0.002503129282568901, 0.0, 0.0012773689601672878, 0.00022659999213890572, 0.0012086967729595234, 0.0, 0.0, 0.0, 0.0026753837784132175, 0.0, 0.0013021667761437194, 0.0, 0.003033585287518373, 0.0, 9.1552734375e-05, 0.0, 0.0, 0.0, 0.0, 0.0, 0.0, 0.0, 0.002868987589289374, 1.1444091796874997e-05, 6.103515625e-05, 0.0, 9.155273437499999e-05, 0.0019402775896651542, 0.0, 0.00025495239682326616, 0.0005943681421185093, 0.0, 0.0, 0.0, 0.0, 0.0, 0.003348232116267401, 0.0, 0.005416657804084445, 0.0, 3.0517578124999993e-05, 0.0, 0.0, 0.0, 0.002333662276806498, 0.0, 0.0, 0.0, 0.0, 0.001850956214077454, 0.0, 0.0, 0.0018866009281315512, 0.0, 0.0, 0.0, 0.0013661914712785829, 0.0, 0.0006511712090292568, 0.0, 0.0005857358339627361, 0.0, 0.0, 0.0, 0.001207404678105577, 0.002060954564437735, 0.0], [0.0, 0.0, 0.0, 0.0, 0.0, 0.0, 0.0, 0.0, 0.0, 0.0, 0.0, 0.0, 0.0, 0.0, 0.0, 1.0, 0.0, 0.0, 0.0, 0.0, 0.0, 0.0, 0.0, 0.0, 0.0, 0.0, 0.0, 0.0, 0.0, 0.0, 0.0, 0.0, 0.0, 0.0, 0.0, 0.0, 0.0, 0.0, 0.0, 0.0, 0.0, 0.0, 0.0, 0.0, 0.0, 0.0, 0.0, 0.0, 0.0, 0.0, 0.0, 0.0, 0.0, 0.0, 0.0, 0.0, 0.0, 0.0, 0.0, 0.0, 0.0, 0.0, 0.0, 0.0, 0.0, 0.0, 0.0, 0.0, 0.0, 0.0, 0.0, 0.0, 0.0, 0.0, 0.0, 0.0, 0.0, 0.0, 0.0, 0.0, 0.0, 0.0, 0.0, 0.0], [0.0, 0.0, 0.0, 0.0, 0.0, 0.0, 0.0, 0.0, 0.0, 0.0, 0.0, 0.0, 0.0, 0.0, 0.0, 0.0, 1.0, 0.0, 0.0, 0.0, 0.0, 0.0, 0.0, 0.0, 0.0, 0.0, 0.0, 0.0, 0.0, 0.0, 0.0, 0.0, 0.0, 0.0, 0.0, 0.0, 0.0, 0.0, 0.0, 0.0, 0.0, 0.0, 0.0, 0.0, 0.0, 0.0, 0.0, 0.0, 0.0, 0.0, 0.0, 0.0, 0.0, 0.0, 0.0, 0.0, 0.0, 0.0, 0.0, 0.0, 0.0, 0.0, 0.0, 0.0, 0.0, 0.0, 0.0, 0.0, 0.0, 0.0, 0.0, 0.0, 0.0, 0.0, 0.0, 0.0, 0.0, 0.0, 0.0, 0.0, 0.0, 0.0, 0.0, 0.0], [0.0, 0.2806930419703174, 0.0, 0.6282593065947744, 0.0, 0.0, 0.0, 0.0, 0.1051630136389753, 0.362172654895067, 0.19686628633312442, 0.3812237522788734, 1.3494888621142154e-06, 0.0, 0.002503129282568901, 0.0, 0.0, 1.0, 0.010884104925960774, 0.5984263317870397, 0.027944417595614585, 0.3153059056641635, 3.3830329129203905e-07, 0.0, 0.19800667987904358, 0.0637162717686448, 0.4947412072301717, 0.5038858065180923, 0.0, 0.5620108250310367, 0.0, 5.0407739684971694e-05, 0.0, 1.8293144891404236e-06, 0.0, 0.0, 0.0, 0.0, 0.0, 0.5084090700632209, 1.5821141620216032e-05, 0.06823407317832086, 0.0, 0.13828410788685527, 0.2869958085680452, 0.04708426846669211, 0.028820352078729603, 0.06373546067743072, 0.0, 0.0, 0.15113504241757203, 0.0024485235827604868, 1.0526066971978505e-06, 0.3796660215939253, 0.0, 0.6746681291808901, 0.0, 3.0276979567146123e-05, 0.0, 0.00622457299254123, 0.306130355088935, 0.5860013362823204, 0.0, 2.9926720570066644e-06, 0.0, 0.0, 0.0023947459468230898, 1.3255003910186676e-06, 0.0, 0.5592136182676021, 0.0013285814052517, 0.0, 1.2774459511453983e-06, 0.0019458475710353422, 0.0, 0.7687719351704063, 0.0, 0.4545103508836691, 1.4490585965048185e-06, 0.0, 1.080373870403358e-08, 0.08192938675246747, 0.2835196532690024, 0.0], [0.0, 0.014079610869930209, 0.0, 0.05764418921253714, 0.0, 0.0, 0.0, 0.0, 0.0, 0.06100349502630974, 0.0057325511029480145, 0.07562061053457035, 7.152557373046875e-07, 0.0, 0.0, 0.0, 0.0, 0.010884104925960774, 1.0, 0.045496317488347274, 0.028116538072312586, 0.052041900182369163, 1.8591314993908424e-07, 0.0, 0.0, 0.0, 0.0, 0.07609377983337888, 0.0, 0.0074691020626624595, 0.0, 0.0, 0.0, 2.980232238769531e-08, 0.0, 0.0, 0.0, 0.0, 0.0, 0.04166210500260151, 0.0, 0.07741284103094011, 0.0, 0.0, 0.07180969367411995, 0.03352103725617784, 0.0307012270025936, 0.0465770950864921, 0.0, 0.0, 0.0, 0.06244001342316876, 3.156246933115997e-07, 0.05139017674613047, 0.0, 0.07812513149896642, 0.0, 5.353368753316991e-07, 0.0, 0.009419999764592043, 4.768371582031251e-07, 0.06546452595710939, 0.0, 7.252970838991304e-07, 0.0, 0.0, 0.0, 4.76837158203125e-07, 0.0, 0.05317459859175719, 0.001344329465417494, 0.0, 4.08962443155892e-07, 0.0, 0.0, 0.08330145632901986, 0.0, 0.043906780395318, 7.772045631329055e-07, 0.0, 1.4901161193847656e-08, 0.030079744389182345, 0.06890527907383256, 0.0], [0.0, 0.10916397980074409, 0.0, 0.6264884916667632, 0.0, 0.0, 0.0, 0.0, 0.07769525933566013, 0.33827808680159366, 0.16478976560172912, 0.41188940558058496, 9.679606416450327e-07, 0.0, 0.0012773689601672878, 0.0, 0.0, 0.5984263317870397, 0.045496317488347274, 1.0, 0.05912025814348162, 0.418532913109196, 1.5805872897450515e-07, 0.0, 0.23983952745026016, 0.04072436606365143, 0.4989221802511868, 0.5368649987192438, 0.0, 0.45845396895088475, 0.0, 3.149247150547994e-05, 0.0, 4.208882266563131e-07, 0.0, 0.0, 0.0, 0.0, 0.0, 0.4746134696189278, 2.3780639324805667e-05, 0.09506731851921303, 0.0, 0.10642976835807484, 0.14913376929861355, 0.02374643624702066, 0.061542123456861046, 0.11162346167824935, 0.0, 0.0, 0.10638781784767953, 0.02664936895041479, 2.4941831691590525e-07, 0.33104445331147, 0.0, 0.5777930897113466, 0.0, 3.112106880918367e-05, 0.0, 0.01545204664441398, 0.16423357201047387, 0.6861016484790812, 0.0, 1.524734106999409e-06, 0.0, 0.0, 0.0009130948274130164, 3.366819623113158e-07, 0.0, 0.4129950182094413, 0.003401464095174828, 0.0, 2.385529268520607e-07, 0.0011439348886525037, 0.0, 0.7015487310716281, 0.0, 0.6246188598362906, 1.0387306311239757e-06, 0.0, 3.650024149988857e-08, 0.12606635962865773, 0.4895007332307115, 0.0], [0.0, 0.003223191394558728, 0.0, 0.031252111169057385, 0.0, 0.0, 0.0, 0.0, 0.0, 0.029020219452388703, 0.026533092662895937, 0.01801574916199581, 4.768371582031251e-07, 0.0, 0.00022659999213890572, 0.0, 0.0, 0.027944417595614585, 0.028116538072312586, 0.05912025814348162, 1.0, 0.04022279221530031, 0.0, 0.0, 0.0, 0.00017056065952352525, 0.0, 0.009039986117303691, 0.0, 0.044801546091793466, 0.0, 1.52587890625e-05, 0.0, 0.0, 0.0, 0.0, 0.0, 0.0, 0.0, 0.021085293637099392, 0.0, 0.023260657156414878, 0.0, 4.57763671875e-05, 0.017636857922056652, 0.010524823315980474, 0.07480053191489361, 0.03129801561936879, 0.0, 0.0, 0.0, 0.01933914836735237, 0.0, 0.024029437914046492, 0.0, 0.031890513833082584, 0.0, 3.1052915000331695e-05, 0.0, 0.003906250000000001, 4.76837158203125e-07, 0.005226235660663572, 0.0, 4.768371582031251e-07, 0.0, 0.0, 0.0, 1.9073486328125e-06, 0.0, 0.04032705312080314, 0.0, 0.0, 0.0, 0.0, 0.0, 0.030740641569689357, 0.0, 0.07160852511492387, 1.2583311974532754e-06, 0.0, 0.0, 0.0033459545560890463, 0.04282582766026222, 0.0], [0.0, 0.2379616185183977, 0.0, 0.24863029521710595, 0.0, 0.0, 0.0, 0.0, 0.2987243519552931, 0.4758469059904247, 0.6200609908851631, 0.28113101822148484, 0.0, 0.0, 0.0012086967729595234, 0.0, 0.0, 0.3153059056641635, 0.052041900182369163, 0.418532913109196, 0.04022279221530031, 1.0, 0.0, 0.0, 0.590986648301179, 0.09470565313064908, 0.125, 0.19528581570444165, 0.0, 0.5798657753082819, 0.0, 0.0, 0.0, 0.0, 0.0, 0.0, 0.0, 0.0, 0.0, 0.35202839755252024, 0.0, 0.0967965640509286, 0.0, 0.5, 0.5737571352822268, 0.043940655491481045, 0.048035425792506595, 0.06447819511435832, 0.0, 0.0, 0.12500000000000003, 0.028854742544694934, 2.0861625671386716e-07, 0.4760268028136817, 0.0, 0.7393285570540129, 0.0, 0.0, 0.0, 0.0058481597887982935, 0.32856325853364043, 0.4663926667693987, 0.0, 1.8308265447637285e-08, 0.0, 0.0, 0.0012201818298812105, 0.0, 0.0, 0.2243774430691956, 0.007617319288670997, 0.0, 0.0, 0.0005731320181751971, 0.0, 0.284397778970117, 0.0, 0.6959886478570003, 0.0, 0.0, 1.830826544763728e-08, 0.1636524797902025, 0.4225858026074486, 0.0], [0.0, 0.0, 0.0, 1.525107210490549e-07, 0.0, 0.0, 0.0, 0.0, 0.0, 3.516956288953285e-07, 0.0, 3.766916934077612e-07, 0.0, 0.0, 0.0, 0.0, 0.0, 3.3830329129203905e-07, 1.8591314993908424e-07, 1.5805872897450515e-07, 0.0, 0.0, 1.0, 0.0, 0.0, 0.0, 0.0, 1.1271771456025904e-07, 0.0, 4.1929656599556484e-08, 0.0, 0.0, 0.0, 2.9802322387695312e-08, 0.0, 0.0, 0.0, 0.0, 0.0, 6.664001874625055e-08, 0.0, 1.4901161193847656e-07, 0.0, 0.0, 1.4038121795276268e-08, 4.664320744511669e-08, 1.5563607929001715e-07, 0.0, 0.0, 0.0, 0.0, 0.0, 2.980232238769531e-08, 4.7683715820312484e-07, 0.0, 0.0, 0.0, 0.0, 0.0, 2.9802322387695312e-08, 0.0, 3.2622567264441605e-07, 0.0, 2.384185791015625e-07, 0.0, 0.0, 0.0, 0.0, 0.0, 9.295193513369645e-08, 1.3816485586098702e-07, 0.0, 1.8951709529946243e-07, 0.0, 0.0, 5.863343975909252e-07, 0.0, 0.0, 0.0, 0.0, 0.0, 0.0, 3.4689870329112985e-07, 0.0], [0.0, 0.0, 0.0, 0.0, 0.0, 0.0, 0.0, 0.0, 0.0, 0.0, 0.0, 0.0, 0.0, 0.0, 0.0, 0.0, 0.0, 0.0, 0.0, 0.0, 0.0, 0.0, 0.0, 1.0, 0.0, 0.0, 0.0, 0.0, 0.0, 0.0, 0.0, 0.0, 0.0, 0.0, 0.0, 0.0, 0.0, 0.0, 0.0, 0.0, 0.0, 0.0, 0.0, 0.0, 0.0, 0.0, 0.0, 0.0, 0.0, 0.0, 0.0, 0.0, 0.0, 0.0, 0.0, 0.0, 0.0, 0.0, 0.0, 0.0, 0.0, 0.0, 0.0, 0.0, 0.0, 0.0, 0.0, 0.0, 0.0, 0.0, 0.0, 0.0, 0.0, 0.0, 0.0, 0.0, 0.0, 0.0, 0.0, 0.0, 0.0, 0.0, 0.0, 0.0], [0.0, 0.04568579774071301, 0.0, 0.12419772226347646, 0.0, 0.0, 0.0, 0.0, 0.54865447305514, 0.35362435202732767, 0.5630902287325894, 0.2763865416828503, 0.0, 0.0, 0.0, 0.0, 0.0, 0.19800667987904358, 0.0, 0.23983952745026016, 0.0, 0.590986648301179, 0.0, 0.0, 1.0, 0.23497621589275794, 0.1976423537605237, 0.19764429049545423, 0.0, 0.6880561599460572, 0.0, 0.0, 0.0, 0.0, 0.0, 0.0, 0.0, 0.0, 0.0, 0.17323611261596816, 0.0, 0.0, 0.0, 0.46116549210788865, 0.5571160638393189, 0.0, 0.0, 0.0, 0.0, 0.0, 0.13176156917368248, 0.0, 0.0, 0.1308432816915273, 0.0, 0.4079786136110701, 0.0, 0.0, 0.0, 0.0, 0.27705763594929655, 0.38807171795540973, 0.0, 0.0, 0.0, 0.0, 0.0, 0.0, 0.0, 0.23275548031583304, 0.0, 0.0, 0.0, 0.0, 0.0, 0.37557996238718727, 0.0, 0.29663617639662004, 0.0, 0.0, 0.0, 0.0, 0.3150716995697153, 0.0], [0.0, 0.038273277230987154, 0.0, 0.10816383825608036, 0.0, 0.0, 0.0, 0.0, 0.2487763020014165, 0.12241268689939525, 0.0800483930224257, 0.19385314889712804, 0.0, 0.0, 0.0026753837784132175, 0.0, 0.0, 0.0637162717686448, 0.0, 0.04072436606365143, 0.00017056065952352525, 0.09470565313064908, 0.0, 0.0, 0.23497621589275794, 1.0, 0.0, 0.0025770622923843084, 0.0, 0.24036634846236885, 0.0, 6.103515625e-05, 0.0, 0.0, 0.0, 0.0, 0.0, 0.0, 0.0, 0.08125152800871802, 0.0, 0.000975971444285041, 0.0, 0.00012345216130369699, 0.11754316392167166, 0.0, 0.0019137698905192459, 0.001064066446289642, 0.0, 0.0, 0.0, 0.0, 0.0, 0.08032248354812035, 0.0, 0.0944961305514428, 0.0, 4.946253230670328e-05, 0.0, 0.0, 0.11458333333333333, 0.16580425606786772, 0.0, 0.0, 0.0, 0.0, 0.0028930812656748316, 0.0, 0.0, 0.15974748903488875, 0.0, 0.0, 0.0, 0.0022704742095219816, 0.0, 0.2155832740644488, 0.0, 0.001409712110976878, 0.0, 0.0, 0.0, 0.003541603863935383, 0.19334080200097942, 0.0], [0.0, 0.0, 0.0, 0.3535219286674635, 0.0, 0.0, 0.0, 0.0, 0.0575435337648436, 0.125, 0.125, 0.16560991059991007, 0.0, 0.0, 0.0, 0.0, 0.0, 0.4947412072301717, 0.0, 0.4989221802511868, 0.0, 0.125, 0.0, 0.0, 0.1976423537605237, 0.0, 1.0, 0.5, 0.0, 0.2936443569782623, 0.0, 0.0, 0.0, 0.0, 0.0, 0.0, 0.0, 0.0, 0.0, 0.2967558703367642, 0.0, 0.0, 0.0, 0.12500000000000003, 0.0, 0.0, 0.0, 0.0, 0.0, 0.0, 0.12499999999999999, 0.0, 0.0, 0.064018439966448, 0.0, 0.3134805340414045, 0.0, 0.0, 0.0, 0.0, 0.12376197182704433, 0.4648657269404587, 0.0, 0.0, 0.0, 0.0, 0.0, 0.0, 0.0, 0.1926171885104915, 0.0, 0.0, 0.0, 0.0, 0.0, 0.4817582926369092, 0.0, 0.23327163431224388, 0.0, 0.0, 0.0, 0.0, 0.17552389175667246, 0.0], [0.0, 0.018859296026863235, 0.0, 0.4169191274966806, 0.0, 0.0, 0.0, 0.0, 0.057543533764843606, 0.1555023774706103, 0.13623651256111985, 0.2496369978419607, 2.238231711363494e-06, 0.0, 0.0013021667761437194, 0.0, 0.0, 0.5038858065180923, 0.07609377983337888, 0.5368649987192438, 0.009039986117303691, 0.19528581570444165, 1.1271771456025904e-07, 0.0, 0.19764429049545423, 0.0025770622923843084, 0.5, 1.0, 0.0, 0.3107953565569226, 0.0, 0.0, 0.0, 1.4693556582660325e-06, 0.0, 0.0, 0.0, 0.0, 0.0, 0.33914435256638037, 0.0, 0.0615705476459443, 0.0, 0.12500000000000003, 0.062514076232623, 0.030787781855408487, 0.01685244190735765, 0.04240828266769528, 0.0, 0.0, 0.125, 0.061570054675935855, 6.875261037865532e-07, 0.10912954610531864, 0.0, 0.383435738732421, 0.0, 5.339596235635476e-07, 0.0, 0.001954196613206691, 0.12376248290804782, 0.5429097010363254, 0.0, 2.007627829791439e-06, 0.0, 0.0, 0.0038662940782252814, 5.837036820899253e-07, 0.0, 0.21517001494495983, 0.00761742067239609, 0.0, 5.89099971392535e-07, 0.0038688341716071736, 0.0, 0.5401068297044779, 0.0, 0.254538827988961, 9.782349599681727e-07, 0.0, 3.55436153624364e-08, 0.0328354195226076, 0.2405749669148674, 0.0], [0.0, 0.0, 0.0, 0.0, 0.0, 0.0, 0.0, 0.0, 0.0, 0.0, 0.0, 0.0, 0.0, 0.0, 0.0, 0.0, 0.0, 0.0, 0.0, 0.0, 0.0, 0.0, 0.0, 0.0, 0.0, 0.0, 0.0, 0.0, 1.0, 0.0, 0.0, 0.0, 0.0, 0.0, 0.0, 0.0, 0.0, 0.0, 0.0, 0.0, 0.0, 0.0, 0.0, 0.0, 0.0, 0.0, 0.0, 0.0, 0.0, 0.0, 0.0, 0.0, 0.0, 0.0, 0.0, 0.0, 0.0, 0.0, 0.0, 0.0, 0.0, 0.0, 0.0, 0.0, 0.0, 0.0, 0.0, 0.0, 0.0, 0.0, 0.0, 0.0, 0.0, 0.0, 0.0, 0.0, 0.0, 0.0, 0.0, 0.0, 0.0, 0.0, 0.0, 0.0], [0.0, 0.16813210816645324, 0.0, 0.1920281050122473, 0.0, 0.0, 0.0, 0.0, 0.4938477966526693, 0.1957941933822635, 0.5076592096553274, 0.46531944241109136, 6.347935710534022e-07, 0.0, 0.003033585287518373, 0.0, 0.0, 0.5620108250310367, 0.0074691020626624595, 0.45845396895088475, 0.044801546091793466, 0.5798657753082819, 4.1929656599556484e-08, 0.0, 0.6880561599460572, 0.24036634846236885, 0.2936443569782623, 0.3107953565569226, 0.0, 1.0, 0.0, 1.059484281222112e-05, 0.0, 3.969836834581293e-07, 0.0, 0.0, 0.0, 0.0, 0.0, 0.26329079357378693, 1.4408674250658584e-05, 0.05092703323192476, 0.0, 0.4187003374892539, 0.5594188004587963, 0.046382789601449335, 0.04607107185969594, 0.047400166622315755, 0.0, 0.0, 0.16281271278002662, 0.0016046167554553614, 7.433590181871081e-07, 0.17011004973835905, 0.0, 0.5766226301595554, 0.0, 3.2923295148304597e-05, 0.0, 0.00989582182990559, 0.2242163530641663, 0.5198541138108477, 0.0, 2.6727612035665435e-06, 0.0, 0.0, 0.004812488308112297, 7.47032190663187e-07, 0.0, 0.2647381202312355, 0.00037381857733904153, 0.0, 7.230949690069608e-07, 0.003772034694413876, 0.0, 0.6004108477438295, 0.0, 0.31325568128693, 5.587254483208665e-07, 0.0, 2.179591780434832e-08, 0.09916099511819164, 0.42673030314538546, 0.0], [0.0, 0.0, 0.0, 0.0, 0.0, 0.0, 0.0, 0.0, 0.0, 0.0, 0.0, 0.0, 0.0, 0.0, 0.0, 0.0, 0.0, 0.0, 0.0, 0.0, 0.0, 0.0, 0.0, 0.0, 0.0, 0.0, 0.0, 0.0, 0.0, 0.0, 1.0, 0.0, 0.0, 0.0, 0.0, 0.0, 0.0, 0.0, 0.0, 0.0, 0.0, 0.0, 0.0, 0.0, 0.0, 0.0, 0.0, 0.0, 0.0, 0.0, 0.0, 0.0, 0.0, 0.0, 0.0, 0.0, 0.0, 0.0, 0.0, 0.0, 0.0, 0.0, 0.0, 0.0, 0.0, 0.0, 0.0, 0.0, 0.0, 0.0, 0.0, 0.0, 0.0, 0.0, 0.0, 0.0, 0.0, 0.0, 0.0, 0.0, 0.0, 0.0, 0.0, 0.0], [0.0, 0.0, 0.0, 4.066006898136661e-05, 0.0, 0.0, 0.0, 0.0, 0.0, 3.504368526923885e-05, 0.0, 4.385135048794404e-05, 0.0, 0.0, 9.1552734375e-05, 0.0, 0.0, 5.0407739684971694e-05, 0.0, 3.149247150547994e-05, 1.52587890625e-05, 0.0, 0.0, 0.0, 0.0, 6.103515625e-05, 0.0, 0.0, 0.0, 1.059484281222112e-05, 0.0, 1.0, 0.0, 0.0, 0.0, 0.0, 0.0, 0.0, 0.0, 4.713078775925344e-05, 7.629394531250002e-06, 6.103515625e-05, 0.0, 6.103515625e-05, 1.462335178188343e-05, 0.0, 0.0, 2.5842921232527173e-05, 0.0, 0.0, 0.0, 0.0, 0.0, 4.2725930539353426e-05, 0.0, 2.376020939786441e-05, 0.0, 0.0, 0.0, 0.0, 0.0, 3.260493855695079e-05, 0.0, 0.0, 0.0, 0.0, 0.0, 0.0, 0.0, 1.333625785187378e-05, 0.0, 0.0, 0.0, 0.0, 0.0, 4.763972662396832e-05, 0.0, 7.62939453125e-06, 0.0, 0.0, 0.0, 2.3916440765267772e-05, 7.740185000021895e-05, 0.0], [0.0, 0.0, 0.0, 0.0, 0.0, 0.0, 0.0, 0.0, 0.0, 0.0, 0.0, 0.0, 0.0, 0.0, 0.0, 0.0, 0.0, 0.0, 0.0, 0.0, 0.0, 0.0, 0.0, 0.0, 0.0, 0.0, 0.0, 0.0, 0.0, 0.0, 0.0, 0.0, 1.0, 0.0, 0.0, 0.0, 0.0, 0.0, 0.0, 0.0, 0.0, 0.0, 0.0, 0.0, 0.0, 0.0, 0.0, 0.0, 0.0, 0.0, 0.0, 0.0, 0.0, 0.0, 0.0, 0.0, 0.0, 0.0, 0.0, 0.0, 0.0, 0.0, 0.0, 0.0, 0.0, 0.0, 0.0, 0.0, 0.0, 0.0, 0.0, 0.0, 0.0, 0.0, 0.0, 0.0, 0.0, 0.0, 0.0, 0.0, 0.0, 0.0, 0.0, 0.0], [0.0, 0.0, 0.0, 1.2713093684354619e-06, 0.0, 0.0, 0.0, 0.0, 0.0, 6.021237276082315e-07, 0.0, 1.421137153441303e-06, 0.0, 0.0, 0.0, 0.0, 0.0, 1.8293144891404236e-06, 2.980232238769531e-08, 4.208882266563131e-07, 0.0, 0.0, 2.9802322387695312e-08, 0.0, 0.0, 0.0, 0.0, 1.4693556582660325e-06, 0.0, 3.969836834581293e-07, 0.0, 0.0, 0.0, 1.0, 0.0, 0.0, 0.0, 0.0, 0.0, 9.652695427868076e-07, 0.0, 2.980232238769531e-08, 0.0, 0.0, 2.468744242976725e-06, 2.9425916106315223e-08, 1.1713712778891558e-07, 0.0, 0.0, 0.0, 0.0, 0.0, 2.9802322387695312e-08, 1.76853146830642e-06, 0.0, 0.0, 0.0, 0.0, 0.0, 3.732954911469908e-06, 1.0074853782669433e-06, 9.075048199372008e-07, 0.0, 3.840725274962655e-06, 0.0, 0.0, 0.0, 0.0, 0.0, 1.9123066366193634e-06, 0.0, 0.0, 0.0, 0.0, 0.0, 9.742489287811998e-07, 0.0, 1.329121000363338e-06, 0.0, 0.0, 0.0, 0.0, 7.22368881061605e-08, 0.0], [0.0, 0.0, 0.0, 0.0, 0.0, 0.0, 0.0, 0.0, 0.0, 0.0, 0.0, 0.0, 0.0, 0.0, 0.0, 0.0, 0.0, 0.0, 0.0, 0.0, 0.0, 0.0, 0.0, 0.0, 0.0, 0.0, 0.0, 0.0, 0.0, 0.0, 0.0, 0.0, 0.0, 0.0, 1.0, 0.0, 0.0, 0.0, 0.0, 0.0, 0.0, 0.0, 0.0, 0.0, 0.0, 0.0, 0.0, 0.0, 0.0, 0.0, 0.0, 0.0, 0.0, 0.0, 0.0, 0.0, 0.0, 0.0, 0.0, 0.0, 0.0, 0.0, 0.0, 0.0, 0.0, 0.0, 0.0, 0.0, 0.0, 0.0, 0.0, 0.0, 0.0, 0.0, 0.0, 0.0, 0.0, 0.0, 0.0, 0.0, 0.0, 0.0, 0.0, 0.0], [0.0, 0.0, 0.0, 0.0, 0.0, 0.0, 0.0, 0.0, 0.0, 0.0, 0.0, 0.0, 0.0, 0.0, 0.0, 0.0, 0.0, 0.0, 0.0, 0.0, 0.0, 0.0, 0.0, 0.0, 0.0, 0.0, 0.0, 0.0, 0.0, 0.0, 0.0, 0.0, 0.0, 0.0, 0.0, 1.0, 0.0, 0.0, 0.0, 0.0, 0.0, 0.0, 0.0, 0.0, 0.0, 0.0, 0.0, 0.0, 0.0, 0.0, 0.0, 0.0, 0.0, 0.0, 0.0, 0.0, 0.0, 0.0, 0.0, 0.0, 0.0, 0.0, 0.0, 0.0, 0.0, 0.0, 0.0, 0.0, 0.0, 0.0, 0.0, 0.0, 0.0, 0.0, 0.0, 0.0, 0.0, 0.0, 0.0, 0.0, 0.0, 0.0, 0.0, 0.0], [0.0, 0.0, 0.0, 0.0, 0.0, 0.0, 0.0, 0.0, 0.0, 0.0, 0.0, 0.0, 0.0, 0.0, 0.0, 0.0, 0.0, 0.0, 0.0, 0.0, 0.0, 0.0, 0.0, 0.0, 0.0, 0.0, 0.0, 0.0, 0.0, 0.0, 0.0, 0.0, 0.0, 0.0, 0.0, 0.0, 1.0, 0.0, 0.0, 0.0, 0.0, 0.0, 0.0, 0.0, 0.0, 0.0, 0.0, 0.0, 0.0, 0.0, 0.0, 0.0, 0.0, 0.0, 0.0, 0.0, 0.0, 0.0, 0.0, 0.0, 0.0, 0.0, 0.0, 0.0, 0.0, 0.0, 0.0, 0.0, 0.0, 0.0, 0.0, 0.0, 0.0, 0.0, 0.0, 0.0, 0.0, 0.0, 0.0, 0.0, 0.0, 0.0, 0.0, 0.0], [0.0, 0.0, 0.0, 0.0, 0.0, 0.0, 0.0, 0.0, 0.0, 0.0, 0.0, 0.0, 0.0, 0.0, 0.0, 0.0, 0.0, 0.0, 0.0, 0.0, 0.0, 0.0, 0.0, 0.0, 0.0, 0.0, 0.0, 0.0, 0.0, 0.0, 0.0, 0.0, 0.0, 0.0, 0.0, 0.0, 0.0, 1.0, 0.0, 0.0, 0.0, 0.0, 0.0, 0.0, 0.0, 0.0, 0.0, 0.0, 0.0, 0.0, 0.0, 0.0, 0.0, 0.0, 0.0, 0.0, 0.0, 0.0, 0.0, 0.0, 0.0, 0.0, 0.0, 0.0, 0.0, 0.0, 0.0, 0.0, 0.0, 0.0, 0.0, 0.0, 0.0, 0.0, 0.0, 0.0, 0.0, 0.0, 0.0, 0.0, 0.0, 0.0, 0.0, 0.0], [0.0, 0.0, 0.0, 0.0, 0.0, 0.0, 0.0, 0.0, 0.0, 0.0, 0.0, 0.0, 0.0, 0.0, 0.0, 0.0, 0.0, 0.0, 0.0, 0.0, 0.0, 0.0, 0.0, 0.0, 0.0, 0.0, 0.0, 0.0, 0.0, 0.0, 0.0, 0.0, 0.0, 0.0, 0.0, 0.0, 0.0, 0.0, 1.0, 0.0, 0.0, 0.0, 0.0, 0.0, 0.0, 0.0, 0.0, 0.0, 0.0, 0.0, 0.0, 0.0, 0.0, 0.0, 0.0, 0.0, 0.0, 0.0, 0.0, 0.0, 0.0, 0.0, 0.0, 0.0, 0.0, 0.0, 0.0, 0.0, 0.0, 0.0, 0.0, 0.0, 0.0, 0.0, 0.0, 0.0, 0.0, 0.0, 0.0, 0.0, 0.0, 0.0, 0.0, 0.0], [0.0, 0.2340765202809607, 0.0, 0.22540146095183294, 0.0, 0.0, 0.0, 0.0, 0.2528288550683738, 0.3469711134136974, 0.31989952538473443, 0.28518501442127575, 6.452773175109323e-07, 0.0, 0.002868987589289374, 0.0, 0.0, 0.5084090700632209, 0.04166210500260151, 0.4746134696189278, 0.021085293637099392, 0.35202839755252024, 6.664001874625055e-08, 0.0, 0.17323611261596816, 0.08125152800871802, 0.2967558703367642, 0.33914435256638037, 0.0, 0.26329079357378693, 0.0, 4.713078775925344e-05, 0.0, 9.652695427868076e-07, 0.0, 0.0, 0.0, 0.0, 0.0, 1.0, 1.5158828266047043e-05, 0.05229719429845396, 0.0, 0.1619440755329018, 0.45018090567174385, 0.006500979134956631, 0.03513598786577107, 0.12481951078597592, 0.0, 0.0, 0.14163348356981928, 0.032155984714220404, 3.106295798273556e-07, 0.5595157256608279, 0.0, 0.3312704331266269, 0.0, 4.242062049502645e-05, 0.0, 0.0019548783636435542, 0.27761831934127645, 0.4512493966781021, 0.0, 1.7435986582043329e-06, 0.0, 0.0, 0.0025584411792017965, 4.3489780502996674e-07, 0.0, 0.2342233340629633, 0.002464426828687675, 0.0, 1.5462338363096978e-07, 0.0021844130165277176, 0.0, 0.3904604420209946, 0.0, 0.5176963084722216, 7.521220847236059e-07, 0.0, 1.4901161193847655e-08, 0.03954917601800907, 0.644800466618118, 0.0], [0.0, 0.0, 0.0, 3.4691991058743586e-05, 0.0, 0.0, 0.0, 0.0, 0.0, 1.3782234388912858e-05, 0.0, 3.8146972656249996e-06, 0.0, 0.0, 1.1444091796874997e-05, 0.0, 0.0, 1.5821141620216032e-05, 0.0, 2.3780639324805667e-05, 0.0, 0.0, 0.0, 0.0, 0.0, 0.0, 0.0, 0.0, 0.0, 1.4408674250658584e-05, 0.0, 7.629394531250002e-06, 0.0, 0.0, 0.0, 0.0, 0.0, 0.0, 0.0, 1.5158828266047043e-05, 1.0, 0.0, 0.0, 0.0, 1.0184645657996283e-05, 0.0, 0.0, 1.5528451713762943e-05, 0.0, 0.0, 0.0, 0.0, 0.0, 2.4105776228605102e-05, 0.0, 2.3236683241413864e-05, 0.0, 0.0, 0.0, 0.0, 0.0, 2.2810996483323964e-05, 0.0, 0.0, 0.0, 0.0, 0.0, 0.0, 0.0, 3.9010892596442154e-05, 0.0, 0.0, 0.0, 0.0, 0.0, 3.208926257790238e-05, 0.0, 1.1444091796875e-05, 0.0, 0.0, 0.0, 1.2197395249389025e-05, 2.9386276123485072e-05, 0.0], [0.0, 0.0555813319678984, 0.0, 0.07412669132465749, 0.0, 0.0, 0.0, 0.0, 0.0, 0.12635060929151215, 0.005619895371349477, 0.14453066510372917, 0.0, 0.0, 6.103515625e-05, 0.0, 0.0, 0.06823407317832086, 0.07741284103094011, 0.09506731851921303, 0.023260657156414878, 0.0967965640509286, 1.4901161193847656e-07, 0.0, 0.0, 0.000975971444285041, 0.0, 0.0615705476459443, 0.0, 0.05092703323192476, 0.0, 6.103515625e-05, 0.0, 2.980232238769531e-08, 0.0, 0.0, 0.0, 0.0, 0.0, 0.05229719429845396, 0.0, 1.0, 0.0, 6.103515625e-05, 0.08370162099808023, 0.021585967736290877, 0.023245614484871356, 0.09756084871573864, 0.0, 0.0, 0.0, 0.06250000000000001, 2.6822090148925776e-07, 0.09432474690970302, 0.0, 0.11256095833561199, 0.0, 0.0, 0.0, 0.003906279802322387, 0.0, 0.10038600075222716, 0.0, 5.215406417846681e-07, 0.0, 0.0, 0.0, 0.0, 0.0, 0.04143805146467608, 1.3816485586098704e-07, 0.0, 1.8951709529946243e-07, 0.0, 0.0, 0.09444847059460236, 0.0, 0.12698232974699777, 0.0, 0.0, 1.4901161193847653e-08, 0.04725014313669558, 0.08903414670152049, 0.0], [0.0, 0.0, 0.0, 0.0, 0.0, 0.0, 0.0, 0.0, 0.0, 0.0, 0.0, 0.0, 0.0, 0.0, 0.0, 0.0, 0.0, 0.0, 0.0, 0.0, 0.0, 0.0, 0.0, 0.0, 0.0, 0.0, 0.0, 0.0, 0.0, 0.0, 0.0, 0.0, 0.0, 0.0, 0.0, 0.0, 0.0, 0.0, 0.0, 0.0, 0.0, 0.0, 1.0, 0.0, 0.0, 0.0, 0.0, 0.0, 0.0, 0.0, 0.0, 0.0, 0.0, 0.0, 0.0, 0.0, 0.0, 0.0, 0.0, 0.0, 0.0, 0.0, 0.0, 0.0, 0.0, 0.0, 0.0, 0.0, 0.0, 0.0, 0.0, 0.0, 0.0, 0.0, 0.0, 0.0, 0.0, 0.0, 0.0, 0.0, 0.0, 0.0, 0.0, 0.0], [0.0, 0.0, 0.0, 0.07179352071250511, 0.0, 0.0, 0.0, 0.0, 0.2157882516181635, 0.1250352251590971, 0.5, 0.11093458394753601, 0.0, 0.0, 9.155273437499999e-05, 0.0, 0.0, 0.13828410788685527, 0.0, 0.10642976835807484, 4.57763671875e-05, 0.5, 0.0, 0.0, 0.46116549210788865, 0.00012345216130369699, 0.12500000000000003, 0.12500000000000003, 0.0, 0.4187003374892539, 0.0, 6.103515625e-05, 0.0, 0.0, 0.0, 0.0, 0.0, 0.0, 0.0, 0.1619440755329018, 0.0, 6.103515625e-05, 0.0, 1.0, 0.27955670424603546, 0.0, 0.0, 0.00010409007806797564, 0.0, 0.0, 0.12499999999999997, 0.0, 0.0, 0.1761146640139515, 0.0, 0.4331717740495353, 0.0, 3.0517578124999993e-05, 0.0, 0.0, 0.12541213145140498, 0.1787075268587818, 0.0, 0.0, 0.0, 0.0, 0.0, 0.0, 0.0, 0.03757977956858953, 0.0, 0.0, 0.0, 0.0, 0.0, 0.1677988872880771, 0.0, 0.36063258408042304, 0.0, 0.0, 0.0, 4.457902753100955e-05, 0.07058821178254822, 0.0], [0.0, 0.22771177175395335, 0.0, 0.5354253291270079, 0.0, 0.0, 0.0, 0.0, 0.4436831287744979, 0.5860850262653537, 0.32619714546184075, 0.4501017276630233, 1.3993558433547138e-06, 0.0, 0.0019402775896651542, 0.0, 0.0, 0.2869958085680452, 0.07180969367411995, 0.14913376929861355, 0.017636857922056652, 0.5737571352822268, 1.4038121795276268e-08, 0.0, 0.5571160638393189, 0.11754316392167166, 0.0, 0.062514076232623, 0.0, 0.5594188004587963, 0.0, 1.462335178188343e-05, 0.0, 2.468744242976725e-06, 0.0, 0.0, 0.0, 0.0, 0.0, 0.45018090567174385, 1.0184645657996283e-05, 0.08370162099808023, 0.0, 0.27955670424603546, 1.0, 0.06404724689297128, 0.009240531872943894, 0.0865705358896155, 0.0, 0.0, 0.2795084971874737, 0.050429470653742405, 1.0277924399689635e-06, 0.5524976665008274, 0.0, 0.37209411558302125, 0.0, 3.792950230215269e-05, 0.0, 0.008826943326765072, 0.5022619190474527, 0.3874724878945635, 0.0, 3.189365694595086e-06, 0.0, 0.0, 0.002180444982337208, 4.5289849965214067e-07, 0.0, 0.43896860791308734, 0.0014535637024121475, 0.0, 1.0482390805924276e-06, 0.001172099626328096, 0.0, 0.2845849571867358, 0.0, 0.39617518750377023, 7.381865580528984e-07, 0.0, 5.861610783104769e-08, 0.0759132036783892, 0.6081453106371315, 0.0], [0.0, 0.060832699759387404, 0.0, 0.031422496904411706, 0.0, 0.0, 0.0, 0.0, 0.0, 0.023511330352049283, 0.0235577592173993, 0.056738155792096234, 0.0, 0.0, 0.0, 0.0, 0.0, 0.04708426846669211, 0.03352103725617784, 0.02374643624702066, 0.010524823315980474, 0.043940655491481045, 4.664320744511669e-08, 0.0, 0.0, 0.0, 0.0, 0.030787781855408487, 0.0, 0.046382789601449335, 0.0, 0.0, 0.0, 2.9425916106315223e-08, 0.0, 0.0, 0.0, 0.0, 0.0, 0.006500979134956631, 0.0, 0.021585967736290877, 0.0, 0.0, 0.06404724689297128, 1.0, 0.00526265214973241, 0.03481462476861535, 0.0, 0.0, 0.0, 0.021585796688814888, 1.0624785222050731e-07, 0.04469957120138468, 0.0, 0.043357953816277064, 0.0, 0.0, 0.0, 1.1269499785397323e-08, 0.0, 0.03718005507475175, 0.0, 4.664320744511669e-08, 0.0, 0.0, 0.0, 0.0, 0.0, 0.040445391300043744, 0.0, 0.0, 0.0, 0.0, 0.0, 0.05616879198738021, 0.0, 0.010208432906088818, 0.0, 0.0, 0.0, 0.0920826997593874, 0.04824496913401132, 0.0], [0.0, 0.019339148367352375, 0.0, 0.03520965110554095, 0.0, 0.0, 0.0, 0.0, 0.0, 0.0170513241950967, 0.017762409748585978, 0.026779208932493553, 9.5367431640625e-07, 0.0, 0.00025495239682326616, 0.0, 0.0, 0.028820352078729603, 0.0307012270025936, 0.061542123456861046, 0.07480053191489361, 0.048035425792506595, 1.5563607929001715e-07, 0.0, 0.0, 0.0019137698905192459, 0.0, 0.01685244190735765, 0.0, 0.04607107185969594, 0.0, 0.0, 0.0, 1.1713712778891558e-07, 0.0, 0.0, 0.0, 0.0, 0.0, 0.03513598786577107, 0.0, 0.023245614484871356, 0.0, 0.0, 0.009240531872943894, 0.00526265214973241, 1.0, 0.031315728602094195, 0.0, 0.0, 0.0, 0.01933914836735237, 1.0791525770014368e-06, 0.020949404302324077, 0.0, 0.036748252586377844, 0.0, 0.0, 0.0, 0.0058596498453688415, 0.0, 0.007783439998690803, 0.0, 1.5563607929001717e-07, 0.0, 0.0, 0.0006043483864797617, 0.0, 0.0, 0.05382887132675141, 0.007617448708915725, 0.0, 1.3240940935824722e-06, 0.0, 0.0, 0.03305656456512188, 0.0, 0.07973858533383235, 0.0, 0.0, 0.0, 0.021406667344199617, 0.047594595458823157, 0.0], [0.0, 0.059079747087024376, 0.0, 0.049177178121454806, 0.0, 0.0, 0.0, 0.0, 0.0, 0.09950473242632409, 0.01055603027018354, 0.06287921663241058, 0.0, 0.0, 0.0005943681421185093, 0.0, 0.0, 0.06373546067743072, 0.0465770950864921, 0.11162346167824935, 0.03129801561936879, 0.06447819511435832, 0.0, 0.0, 0.0, 0.001064066446289642, 0.0, 0.04240828266769528, 0.0, 0.047400166622315755, 0.0, 2.5842921232527173e-05, 0.0, 0.0, 0.0, 0.0, 0.0, 0.0, 0.0, 0.12481951078597592, 1.5528451713762943e-05, 0.09756084871573864, 0.0, 0.00010409007806797564, 0.0865705358896155, 0.03481462476861535, 0.031315728602094195, 1.0, 0.0, 0.0, 0.0, 0.04553821797058763, 0.0, 0.07378137743944391, 0.0, 0.07435911352173263, 0.0, 8.5309638405104e-06, 0.0, 0.0, 0.0, 0.07881880098829597, 0.0, 0.0, 0.0, 0.0, 0.0, 0.0, 0.0, 0.11161263212923994, 0.0, 0.0, 0.0, 0.0, 0.0, 0.11881118135418119, 0.0, 0.03684394353184301, 0.0, 0.0, 0.0, 0.07696094386289898, 0.09909342124037887, 0.0], [0.0, 0.0, 0.0, 0.0, 0.0, 0.0, 0.0, 0.0, 0.0, 0.0, 0.0, 0.0, 0.0, 0.0, 0.0, 0.0, 0.0, 0.0, 0.0, 0.0, 0.0, 0.0, 0.0, 0.0, 0.0, 0.0, 0.0, 0.0, 0.0, 0.0, 0.0, 0.0, 0.0, 0.0, 0.0, 0.0, 0.0, 0.0, 0.0, 0.0, 0.0, 0.0, 0.0, 0.0, 0.0, 0.0, 0.0, 0.0, 1.0, 0.0, 0.0, 0.0, 0.0, 0.0, 0.0, 0.0, 0.0, 0.0, 0.0, 0.0, 0.0, 0.0, 0.0, 0.0, 0.0, 0.0, 0.0, 0.0, 0.0, 0.0, 0.0, 0.0, 0.0, 0.0, 0.0, 0.0, 0.0, 0.0, 0.0, 0.0, 0.0, 0.0, 0.0, 0.0], [0.0, 0.0, 0.0, 0.0, 0.0, 0.0, 0.0, 0.0, 0.0, 0.0, 0.0, 0.0, 0.0, 0.0, 0.0, 0.0, 0.0, 0.0, 0.0, 0.0, 0.0, 0.0, 0.0, 0.0, 0.0, 0.0, 0.0, 0.0, 0.0, 0.0, 0.0, 0.0, 0.0, 0.0, 0.0, 0.0, 0.0, 0.0, 0.0, 0.0, 0.0, 0.0, 0.0, 0.0, 0.0, 0.0, 0.0, 0.0, 0.0, 1.0, 0.0, 0.0, 0.0, 0.0, 0.0, 0.0, 0.0, 0.0, 0.0, 0.0, 0.0, 0.0, 0.0, 0.0, 0.0, 0.0, 0.0, 0.0, 0.0, 0.0, 0.0, 0.0, 0.0, 0.0, 0.0, 0.0, 0.0, 0.0, 0.0, 0.0, 0.0, 0.0, 0.0, 0.0], [0.0, 0.0, 0.0, 0.25513610889680144, 0.0, 0.0, 0.0, 0.0, 0.1007