"{\"names\": [\"172.217.10.1\", \"104.88.86.240\", \"38.93.140.48\", \"192.168.10.15\", \"104.88.108.223\", \"195.142.105.15\", \"172.217.12.163\", \"206.217.206.48\", \"172.217.6.228\", \"178.255.83.1\", \"74.119.118.82\", \"192.168.10.9\", \"172.217.7.6\", \"35.186.227.40\", \"31.13.71.36\", \"206.126.112.142\", \"151.101.2.49\", \"192.168.10.25\", \"172.217.3.98\", \"192.168.10.16\", \"72.30.202.150\", \"172.217.12.132\", \"50.31.164.173\", \"162.208.20.178\", \"23.15.4.16\", \"216.58.217.99\", \"172.217.6.198\", \"172.217.12.174\", \"169.46.44.40\", \"192.168.10.17\", \"52.84.143.130\", \"104.19.195.102\", \"216.200.232.61\", \"104.97.73.166\", \"152.163.13.79\", \"192.229.163.25\", \"74.119.118.86\", \"54.225.188.92\", \"188.165.145.88\", \"192.168.10.14\", \"8.43.72.98\", \"199.96.57.6\", \"68.67.178.110\", \"104.88.70.158\", \"192.168.10.19\", \"69.172.216.56\", \"157.240.18.35\", \"172.217.11.34\", \"185.54.150.20\", \"69.169.85.7\", \"198.232.124.194\", \"74.119.118.72\", \"172.217.12.134\", \"192.168.10.5\", \"23.111.9.30\", \"192.168.10.8\", \"151.101.66.2\", \"68.67.178.199\", \"213.239.195.215\", \"138.108.7.20\", \"52.84.145.87\", \"192.168.10.50\", \"52.84.145.198\", \"52.40.24.51\", \"212.77.100.137\", \"185.54.150.115\", \"172.217.10.138\", \"152.163.66.165\", \"52.84.137.78\", \"192.168.10.51\", \"68.67.178.109\", \"129.146.14.96\", \"54.152.24.232\", \"172.217.10.33\", \"52.8.229.108\", \"192.168.10.12\", \"64.147.131.201\", \"172.217.12.206\", \"68.67.180.12\", \"172.217.10.134\", \"38.69.238.16\", \"172.217.10.142\", \"192.168.10.3\", \"172.217.6.202\"], \"funcEdges\": [[1.0, 0.0, 0.0, 0.0, 0.0, 0.0, 0.0, 0.0, 0.0, 0.0, 0.0, 0.0, 0.0, 0.0, 0.0, 0.0, 0.0, 0.0, 0.0, 0.0, 0.0, 0.0, 0.0, 0.0, 0.0, 0.0, 0.0, 0.0, 0.0, 0.0, 0.0, 0.0, 0.0, 0.0, 0.0, 0.0, 0.0, 0.0, 0.0, 0.0, 0.0, 0.0, 0.0, 0.0, 0.0, 0.0, 0.0, 0.0, 0.0, 0.0, 0.0, 0.0, 0.0, 0.0, 0.0, 0.0, 0.0, 0.0, 0.0, 0.0, 0.0, 0.0, 0.0, 0.0, 0.0, 0.0, 0.0, 0.0, 0.0, 0.0, 0.0, 0.0, 0.0, 0.0, 0.0, 0.0, 0.0, 0.0, 0.0, 0.0, 0.0, 0.0, 0.0, 0.0], [0.0, 1.0, 0.0, 9.174194171189232e-17, 0.0, 0.0, 0.0, 0.0, 5.924365852769887e-17, 1.0248735633366613e-16, 1.450473542440955e-17, 5.2327331358419173e-17, 0.0, 0.0, 3.7903961369756406e-17, 0.0, 0.0, 3.8754229944491695e-17, 6.702649734451141e-17, 4.0927121841322734e-17, 2.2365383118829795e-20, 1.6511904241012072e-18, 0.0, 0.0, 3.1700890343817215e-19, 2.655742100606481e-19, 1.479408419732046e-17, 1.0191830927277311e-16, 0.0, 5.2846862932521066e-17, 0.0, 0.0, 0.0, 0.0, 0.0, 0.0, 0.0, 0.0, 0.0, 5.2282616812242663e-17, 0.0, 3.855119917516708e-18, 0.0, 0.0, 8.495005394137303e-17, 5.4881806933116695e-17, 1.3419229871297882e-19, 4.0994809690653427e-19, 0.0, 0.0, 3.469446951953614e-18, 1.0842021724855044e-19, 0.0, 1.0078573817408372e-16, 0.0, 6.724031863080147e-17, 0.0, 0.0, 0.0, 0.0, 7.0819789349506145e-19, 7.295206111399552e-17, 0.0, 0.0, 0.0, 0.0, 0.0, 0.0, 0.0, 6.627665726580546e-17, 0.0, 0.0, 0.0, 0.0, 0.0, 3.782717810495509e-17, 0.0, 5.983361167234821e-17, 0.0, 0.0, 0.0, 1.2761026811807e-18, 1.195958195143491e-16, 0.0], [0.0, 0.0, 1.0, 4.154989818738991e-06, 0.0, 1.1555949782392438e-06, 7.846392007119628e-06, 0.0, 0.0, 4.426477257143844e-06, 0.0, 4.211642070769059e-06, 0.0, 3.814697265625e-06, 0.0, 0.0, 0.0, 1.072275379679565e-05, 0.0, 8.268656675705542e-06, 0.0, 0.0, 0.0, 0.0, 0.0, 0.0, 0.0, 0.0, 0.0, 5.439472399646451e-06, 0.0, 8.921506760683982e-06, 3.0522252044654477e-06, 0.0, 0.0, 0.0, 0.0, 0.0, 9.536743164062496e-07, 6.479386329760388e-06, 3.449818414237363e-06, 1.942636594120766e-07, 0.0, 0.0, 4.56388959740705e-06, 0.0, 7.606181138674369e-06, 1.7185639572465056e-06, 0.0, 0.0, 0.0, 1.9073486328124996e-06, 0.0, 3.184005917736943e-06, 0.0, 3.4549724313278797e-06, 0.0, 1.4903617062260898e-06, 0.0, 1.9426365941207658e-07, 0.0, 7.94146733409954e-06, 0.0, 0.0, 1.9073486328124996e-06, 0.0, 0.0, 0.0, 0.0, 4.31336004634971e-06, 1.1160556725264576e-06, 0.0, 0.0, 0.0, 0.0, 4.263403387024451e-06, 0.0, 4.307680136780474e-06, 0.0, 1.942636594120766e-07, 2.625477999885068e-06, 2.6711253169160535e-07, 9.139909956759277e-06, 0.0], [0.0, 9.174194171189232e-17, 4.154989818738991e-06, 1.0, 0.0, 2.9940932633006015e-06, 0.00910159026150054, 6.4987236290313456e-12, 1.4186622455857391e-16, 0.2612145732652104, 0.2618491625729738, 0.7111813827239124, 4.964226126979382e-09, 1.0671725797668298e-06, 8.05322667051054e-09, 0.0, 1.2285396534713644e-07, 0.4757566047244717, 4.742911784163988e-10, 0.6948430039033814, 0.02792438798612798, 6.6403726422347286e-09, 3.882731049919947e-09, 0.0, 0.03717916952569368, 7.505373978983235e-19, 4.865396325625798e-10, 0.018744642868838694, 1.798492118149888e-06, 0.7882353799954446, 0.25952714169214447, 0.0001433104654367987, 8.568141638077347e-06, 0.000252454864310312, 0.0, 6.842552072307396e-05, 0.2655715387430715, 2.1261748528449933e-07, 1.4699257844801961e-06, 0.5677694363959196, 8.085746297642796e-06, 0.02098003957958015, 4.421007096298928e-09, 4.795170076891017e-16, 0.3762654664219058, 1.2938608110923985e-09, 0.3557689847826973, 0.05321203636850459, 2.834539822731223e-14, 0.023685238114131563, 0.1980802493820634, 6.692079437092832e-06, 6.399770783375141e-24, 0.47462696390549286, 1.4446745698567498e-15, 0.6048991853377053, 0.0, 0.0010306344951668477, 0.0, 0.040511031079751784, 8.997791472548766e-18, 0.4737822244991694, 0.0, 4.159819438860051e-09, 5.148791454922649e-06, 3.19744231092045e-14, 1.1512977190052288e-08, 0.0001752467717899388, 0.05104531767325069, 0.542536047797318, 0.00010990646082215659, 0.24309506555117585, 0.3154547094928983, 1.2358441999396456e-09, 0.0, 0.6597601309938701, 0.3686831476319613, 0.29604956833050206, 0.022817325472699122, 1.6434300883850953e-07, 2.985709978746693e-06, 1.0279012609505457e-06, 0.3257395250122589, 0.31302904145312005], [0.0, 0.0, 0.0, 0.0, 1.0, 0.0, 0.0, 0.0, 0.0, 0.0, 0.0, 0.0, 0.0, 0.0, 0.0, 0.0, 0.0, 0.0, 0.0, 0.0, 0.0, 0.0, 0.0, 0.0, 0.0, 0.0, 0.0, 0.0, 0.0, 0.0, 0.0, 0.0, 0.0, 0.0, 0.0, 0.0, 0.0, 0.0, 0.0, 0.0, 0.0, 0.0, 0.0, 0.0, 0.0, 0.0, 0.0, 0.0, 0.0, 0.0, 0.0, 0.0, 0.0, 0.0, 0.0, 0.0, 0.0, 0.0, 0.0, 0.0, 0.0, 0.0, 0.0, 0.0, 0.0, 0.0, 0.0, 0.0, 0.0, 0.0, 0.0, 0.0, 0.0, 0.0, 0.0, 0.0, 0.0, 0.0, 0.0, 0.0, 0.0, 0.0, 0.0, 0.0], [0.0, 0.0, 1.1555949782392438e-06, 2.9940932633006015e-06, 0.0, 1.0, 5.966322558709565e-07, 0.0, 0.0, 3.6779771969398166e-06, 7.557424613305554e-08, 1.0463838294864355e-06, 4.283928951906028e-09, 9.536743164062497e-07, 7.047784163335608e-09, 0.0, 5.4922809574929625e-08, 2.7491599766978454e-06, 0.0, 2.0209419565630865e-06, 3.7647124576562e-09, 1.4023230755096947e-08, 0.0, 0.0, 2.0930854015335834e-07, 0.0, 0.0, 0.0, 6.155941241911915e-07, 3.300854391529621e-06, 1.6376459812114634e-08, 9.621953623267393e-07, 1.1448765716529481e-06, 7.957508599340745e-08, 0.0, 0.0, 0.0, 1.8591355267477654e-07, 1.3296311273053396e-06, 1.9700794701430777e-06, 3.4422431713158436e-06, 4.004823941592121e-07, 0.0, 0.0, 1.790749673626483e-06, 0.0, 6.10383868107634e-07, 2.4750513371105414e-06, 0.0, 0.0, 1.9294677013656247e-06, 1.668528543316198e-06, 0.0, 4.485502950799416e-06, 0.0, 3.631539240357879e-06, 0.0, 0.0, 0.0, 6.101415081084988e-07, 0.0, 2.604896903349672e-06, 0.0, 2.8100043386532812e-09, 4.6396157399585555e-07, 0.0, 6.59247205505752e-09, 0.0, 7.805667013735341e-08, 2.3646616438914648e-06, 1.7316497967176487e-06, 0.0, 0.0, 0.0, 0.0, 2.4286038914227276e-06, 0.0, 9.677065650380598e-07, 0.0, 1.8338265841525192e-07, 1.996980331483255e-06, 1.794836197863324e-07, 1.9700879844448698e-06, 0.0], [0.0, 0.0, 7.846392007119628e-06, 0.00910159026150054, 0.0, 5.966322558709565e-07, 1.0, 2.2737367544323206e-13, 0.0, 0.0038327215712488276, 0.0005980746381774843, 0.011256672622072658, 5.739859534773286e-10, 0.0, 1.195744481040343e-10, 0.0, 3.139979811182254e-08, 0.010643435723063654, 1.6251657635347983e-10, 0.007299105647684814, 0.0039370905244531205, 4.607297583809173e-10, 3.626270610086063e-09, 0.0, 0.003907968095234919, 0.0, 1.9256922103975954e-10, 0.006407867730132589, 0.0, 0.0060009723320699655, 1.3642420526593924e-12, 0.0015647834115265701, 1.648962824494029e-05, 0.0006429135154315945, 0.0, 0.0005448386838611105, 0.00018888392893280496, 1.5488120532956908e-07, 3.260583502913387e-07, 0.015637987160761358, 3.0614772064783855e-06, 0.004379415220771538, 3.5339370764337437e-09, 0.0, 0.0066370350703934934, 1.131896105660582e-09, 0.005370087946899217, 0.013874300729509629, 2.8300831056650858e-14, 0.015848080685553368, 2.5368045341387923e-05, 1.82830610558345e-06, 0.0, 0.00726687789093149, 0.0, 0.013184965115644624, 0.0, 2.792796490021678e-07, 0.0, 5.245042559320266e-07, 0.0, 0.004998300769981129, 0.0, 0.0, 5.262756478336017e-06, 4.256235808672005e-14, 0.0, 0.0005408398987140756, 3.628108812415082e-08, 0.01538956363865028, 0.001512161092586866, 0.00390625, 0.0, 1.2777640308626653e-09, 0.0, 0.008233753039798035, 0.00637887953888095, 0.00011441690654303408, 0.003906250000000001, 5.600775276806829e-07, 5.161727742759848e-07, 3.962680838926453e-07, 0.01414952515501849, 0.0], [0.0, 0.0, 0.0, 6.4987236290313456e-12, 0.0, 0.0, 2.2737367544323206e-13, 1.0, 0.0, 4.307188635865692e-12, 4.5261643653366445e-12, 5.364461983456246e-12, 0.0, 0.0, 0.0, 0.0, 0.0, 4.2911369047834135e-12, 1.3983541698538834e-12, 3.2773977016071417e-12, 0.0, 0.0, 0.0, 0.0, 3.3793000212174517e-12, 0.0, 8.640199666842817e-12, 0.0, 0.0, 4.515013689324014e-12, 2.2737367544323203e-13, 0.0, 2.788594533171348e-12, 0.0, 0.0, 0.0, 0.0, 0.0, 0.0, 1.1514991681023369e-11, 0.0, 1.5575006865898896e-13, 0.0, 0.0, 4.29552796183807e-12, 0.0, 8.640199666842817e-12, 0.0, 0.0, 0.0, 0.0, 0.0, 0.0, 4.944985655389396e-12, 0.0, 2.2701464415627573e-12, 0.0, 0.0, 0.0, 8.640199666842817e-12, 0.0, 6.670679833093888e-12, 0.0, 0.0, 1.6484753621092658e-12, 0.0, 0.0, 0.0, 0.0, 4.144474100042124e-12, 0.0, 0.0, 0.0, 0.0, 0.0, 8.811906031882087e-12, 0.0, 0.0, 0.0, 0.0, 0.0, 3.41060513164848e-12, 2.8966476733843047e-12, 0.0], [0.0, 5.924365852769887e-17, 0.0, 1.4186622455857391e-16, 0.0, 0.0, 0.0, 0.0, 1.0, 7.811289139880717e-17, 1.5853315897225867e-17, 1.0883041951339264e-16, 0.0, 0.0, 1.1354816584657424e-16, 0.0, 0.0, 8.208826115006874e-17, 6.423711260413226e-17, 9.088881444864317e-17, 0.0, 3.760285894201218e-18, 0.0, 0.0, 3.807055178433744e-18, 1.7262323653942126e-18, 2.3595759323452097e-17, 8.878792250861086e-17, 0.0, 5.767194073123861e-17, 0.0, 0.0, 0.0, 0.0, 0.0, 0.0, 0.0, 0.0, 0.0, 1.0987498327130388e-16, 0.0, 3.469446951953614e-18, 0.0, 1.4973317836880739e-18, 9.419227015749376e-17, 2.2168976011960748e-17, 0.0, 0.0, 0.0, 0.0, 4.168201784341382e-18, 0.0, 0.0, 2.718221242234289e-17, 0.0, 1.193156146677158e-16, 0.0, 0.0, 0.0, 0.0, 2.408568871496574e-18, 7.323258395172576e-17, 0.0, 0.0, 0.0, 0.0, 0.0, 0.0, 0.0, 9.404325067314708e-17, 0.0, 0.0, 0.0, 0.0, 0.0, 1.4538444712287222e-16, 0.0, 4.212473121016316e-17, 0.0, 0.0, 0.0, 0.0, 6.823083979666568e-17, 0.0], [0.0, 1.0248735633366613e-16, 4.426477257143844e-06, 0.2612145732652104, 0.0, 3.6779771969398166e-06, 0.0038327215712488276, 4.307188635865692e-12, 7.811289139880717e-17, 1.0, 0.27208253604075533, 0.3900767122502247, 7.776574418393693e-09, 1.5445257762506787e-06, 3.1845884095549196e-09, 0.0, 1.2565762441032646e-07, 0.22119966273514877, 1.3338480153410414e-10, 0.3594297433572793, 0.01460255915671751, 4.324728071572409e-09, 1.0920677422463816e-09, 0.0, 0.0005649705934665328, 8.494086468871179e-19, 4.0923734419189633e-10, 0.010881374784533004, 3.0557696157074045e-08, 0.2117270097601054, 0.21325959795112487, 0.0016996747515486065, 7.5720844958180425e-06, 0.0005823345826884868, 0.0, 0.0007232827755367759, 0.21149456603846806, 1.0887291272309183e-07, 2.0927766512295855e-06, 0.18263209890352053, 6.033867967575008e-06, 0.00410297712023733, 1.9149466407079204e-09, 8.676061616301266e-19, 0.4911247232860272, 2.5333934753875163e-09, 0.0876468508553021, 0.02556839195709005, 1.1139677444955668e-14, 0.003014693612382999, 0.17997191131184523, 1.1096282339333752e-05, 3.392324477131965e-24, 0.669184574139555, 3.7332923571149355e-17, 0.3981910389820856, 0.0, 0.00322549424933676, 0.0, 1.2203377989064035e-06, 6.866069010623196e-18, 0.21625518615788492, 0.0, 2.9359346296703665e-10, 8.281775920394936e-06, 1.6527384569740442e-14, 1.4901161193863138e-08, 0.002078969992579059, 0.12669524419186567, 0.27987183275557537, 0.000184662129863415, 0.13122217556486226, 0.0143364775371453, 2.089186190263037e-09, 0.0, 0.27631721095125916, 0.3726354642577839, 0.29403191767177467, 0.010085894130748481, 2.9610414619868345e-07, 3.568536418137048e-06, 2.1719499904067653e-06, 0.40706169986081775, 0.25354393694610255], [0.0, 1.450473542440955e-17, 0.0, 0.2618491625729738, 0.0, 7.557424613305554e-08, 0.0005980746381774843, 4.5261643653366445e-12, 1.5853315897225867e-17, 0.27208253604075533, 1.0, 0.1333499760352258, 3.9832616353794073e-10, 0.0, 4.656615823218163e-10, 0.0, 2.9674404667558423e-08, 0.1558831640881957, 1.896387788311926e-12, 0.19022955620489929, 5.56952615461882e-17, 4.302537429703734e-18, 0.0, 0.0, 6.030945656273936e-08, 5.554473063608796e-19, 4.2113867339703335e-12, 0.0002441406250000701, 0.0, 0.2762720493904906, 0.0, 2.9802322387695306e-08, 1.7743809623607585e-12, 0.00024414062499999995, 0.0, 0.000244140625, 0.0, 6.203848121959366e-08, 0.0, 0.2023122743956905, 5.551115123125783e-17, 0.00024414109066129083, 0.0, 3.469446951953614e-18, 0.12369022515533003, 3.6329117437769415e-18, 0.12524419022523295, 7.07083110815097e-08, 0.0, 0.0, 4.336808689942018e-18, 3.718782771793968e-20, 0.0, 0.4024863391326401, 0.0, 0.05103115360537153, 0.0, 0.0, 0.0, 4.2113268995629395e-12, 1.5009413683536114e-18, 0.2912433957481104, 0.0, 0.0, 2.9804141377098845e-08, 0.0, 1.000678162711509e-20, 0.0003381293603484346, 2.9802322387695306e-08, 0.09031742087672437, 5.2855770376274113e-20, 0.12499999999999997, 0.12499999999999997, 4.656612873202006e-10, 0.0, 0.1546721443706675, 0.29488391230979427, 7.6206594036258e-18, 0.0, 0.0, 5.551115123125784e-17, 2.981049261559108e-08, 0.19015109132324232, 0.0], [0.0, 5.2327331358419173e-17, 4.211642070769059e-06, 0.7111813827239124, 0.0, 1.0463838294864355e-06, 0.011256672622072658, 5.364461983456246e-12, 1.0883041951339264e-16, 0.3900767122502247, 0.1333499760352258, 1.0, 4.5711951332314e-09, 9.536743164062497e-07, 4.51520132431341e-09, 0.0, 0.0, 0.26590873624405675, 2.6327641724379085e-10, 0.6190410932936152, 0.02050918600357721, 6.3781330719451615e-09, 9.49557842361505e-10, 0.0, 0.042403642267324265, 1.345126433135502e-18, 4.005294071981632e-10, 0.01378684042449534, 0.0, 0.6770320479321785, 0.22397190034949627, 0.0005824108003198508, 1.2862923544822183e-05, 0.0006589936949735325, 0.0, 0.0008869612211561162, 0.274912501941711, 0.0, 1.1553850185493875e-06, 0.37612765350697097, 4.724467268637186e-06, 0.02540227066428196, 1.514599541988853e-09, 8.269554749709675e-16, 0.3509950220700999, 2.8314960083425602e-09, 0.16949310699515768, 0.0475194556410529, 8.209856471449448e-15, 0.022776447513524978, 0.2182315058680149, 9.25614299566919e-06, 6.587344571865655e-24, 0.39243319807001836, 2.2384075300225725e-15, 0.6865566078334941, 0.0, 0.00048191830521646437, 0.0, 0.02862203976492135, 4.161660536398815e-18, 0.6217530347643689, 0.0, 7.438163643796766e-09, 1.2252795710551186e-05, 1.1634636941190391e-14, 1.3898325478757862e-08, 0.001210199889276036, 0.008997777543213344, 0.71946970591988, 0.0018411187176569845, 0.1626768976051731, 0.14639057421359505, 9.583084646227118e-10, 0.0, 0.7509074677632743, 0.2697595283588984, 0.2623254125994892, 0.07052091199812355, 1.4489430900346906e-07, 3.5730128345142427e-06, 4.790125713640804e-07, 0.32875237135716473, 0.28682995768316494], [0.0, 0.0, 0.0, 4.964226126979382e-09, 0.0, 4.283928951906028e-09, 5.739859534773286e-10, 0.0, 0.0, 7.776574418393693e-09, 3.9832616353794073e-10, 4.5711951332314e-09, 1.0, 0.0, 2.0485999359360987e-09, 0.0, 0.0, 5.021989831548103e-09, 4.890670913403826e-10, 7.2697899003838e-09, 2.8894237229390668e-09, 2.845243768320727e-11, 9.463657585821231e-10, 0.0, 1.8942908630931366e-09, 0.0, 4.082682054779212e-10, 1.5530852377511992e-23, 0.0, 5.5690040186014884e-09, 2.1463854599670763e-09, 1.3465375666820882e-10, 0.0, 0.0, 0.0, 0.0, 0.0, 0.0, 0.0, 4.7682802608022774e-09, 0.0, 4.172694406843152e-09, 1.3496501214770649e-09, 0.0, 6.054373703230573e-09, 2.415858678373223e-09, 6.9682655110566885e-09, 2.1463854599670763e-09, 0.0, 0.0, 0.0, 0.0, 6.617444900424222e-24, 5.2525266019008185e-09, 0.0, 3.321547027117543e-09, 0.0, 3.714645780775869e-24, 0.0, 4.81521966080384e-10, 3.30872245021211e-24, 6.8870673471733525e-09, 0.0, 1.7341467220389352e-09, 1.1102865378050675e-08, 0.0, 0.0, 3.3087224502121103e-24, 0.0, 5.069087484216837e-09, 0.0, 0.0, 6.617444900424222e-24, 2.2631731966332628e-09, 0.0, 1.219314597178691e-08, 0.0, 3.3087224502121103e-24, 7.447393340530577e-24, 2.1463854599670763e-09, 0.0, 3.397030089372936e-09, 4.530665337482872e-09, 0.0], [0.0, 0.0, 3.814697265625e-06, 1.0671725797668298e-06, 0.0, 9.536743164062497e-07, 0.0, 0.0, 0.0, 1.5445257762506787e-06, 0.0, 9.536743164062497e-07, 0.0, 1.0, 0.0, 0.0, 0.0, 2.942008542174144e-06, 0.0, 3.309355229323231e-06, 0.0, 0.0, 0.0, 0.0, 0.0, 0.0, 0.0, 0.0, 0.0, 3.3378601074218754e-06, 0.0, 1.2921122294339812e-06, 1.1448765716529483e-06, 0.0, 0.0, 0.0, 0.0, 0.0, 9.536743164062499e-07, 3.7646635027730854e-06, 1.3876587624903715e-06, 0.0, 0.0, 0.0, 3.8056156644438784e-06, 0.0, 0.0, 1.2474193025215883e-06, 0.0, 0.0, 0.0, 0.0, 0.0, 9.819634023787858e-07, 0.0, 9.332658619670904e-07, 0.0, 0.0, 0.0, 0.0, 0.0, 1.2238445502796112e-07, 0.0, 0.0, 0.0, 0.0, 0.0, 0.0, 0.0, 9.536743164062497e-07, 1.1160556725264576e-06, 0.0, 0.0, 0.0, 0.0, 2.992494737826294e-06, 0.0, 9.536743164062497e-07, 0.0, 0.0, 2.3360154559928687e-06, 0.0, 1.4648906272501199e-06, 0.0], [0.0, 3.7903961369756406e-17, 0.0, 8.05322667051054e-09, 0.0, 7.047784163335608e-09, 1.195744481040343e-10, 0.0, 1.1354816584657424e-16, 3.1845884095549196e-09, 4.656615823218163e-10, 4.51520132431341e-09, 2.0485999359360987e-09, 0.0, 1.0, 0.0, 0.0, 1.096122107083538e-08, 2.1050869578626806e-10, 4.94120471067696e-09, 1.839713624495213e-16, 5.2303555335070786e-09, 1.000299108481322e-10, 0.0, 2.478161623655699e-10, 1.8564204190643762e-20, 2.1146813098756875e-10, 1.0374951890238391e-15, 0.0, 3.898810600374415e-10, 4.4176508581755395e-09, 2.328306436545049e-10, 0.0, 0.0, 0.0, 0.0, 0.0, 0.0, 4.417650858175539e-09, 7.022230922853995e-09, 3.246543099419806e-16, 1.0095129355783923e-09, 1.9534203606854055e-10, 6.352747104407252e-22, 1.9090711775394712e-09, 2.7817790960270395e-17, 8.909223056291886e-09, 1.0823389265144183e-08, 6.735540172826667e-15, 0.0, 6.62647628726331e-09, 4.417659194098923e-09, 0.0, 2.7992306730433964e-09, 8.881784197001252e-16, 5.482748864775795e-09, 0.0, 2.1175823681357504e-22, 0.0, 1.164153218269348e-10, 0.0, 1.3932471784686493e-08, 0.0, 0.0, 1.588965607885448e-09, 7.105427357601003e-15, 1.4725502860713569e-09, 0.0, 0.0, 1.6384705233337803e-08, 7.732228192232194e-15, 0.0, 0.0, 6.984919309710888e-10, 0.0, 1.34818323920919e-08, 7.105427357601002e-15, 1.4742379779074992e-16, 0.0, 1.472550286058513e-09, 3.246542305326418e-16, 6.330127226330739e-09, 1.1864134906487872e-08, 0.0], [0.0, 0.0, 0.0, 0.0, 0.0, 0.0, 0.0, 0.0, 0.0, 0.0, 0.0, 0.0, 0.0, 0.0, 0.0, 1.0, 0.0, 0.0, 0.0, 0.0, 0.0, 0.0, 0.0, 0.0, 0.0, 0.0, 0.0, 0.0, 0.0, 0.0, 0.0, 0.0, 0.0, 0.0, 0.0, 0.0, 0.0, 0.0, 0.0, 0.0, 0.0, 0.0, 0.0, 0.0, 0.0, 0.0, 0.0, 0.0, 0.0, 0.0, 0.0, 0.0, 0.0, 0.0, 0.0, 0.0, 0.0, 0.0, 0.0, 0.0, 0.0, 0.0, 0.0, 0.0, 0.0, 0.0, 0.0, 0.0, 0.0, 0.0, 0.0, 0.0, 0.0, 0.0, 0.0, 0.0, 0.0, 0.0, 0.0, 0.0, 0.0, 0.0, 0.0, 0.0], [0.0, 0.0, 0.0, 1.2285396534713644e-07, 0.0, 5.4922809574929625e-08, 3.139979811182254e-08, 0.0, 0.0, 1.2565762441032646e-07, 2.9674404667558423e-08, 0.0, 0.0, 0.0, 0.0, 0.0, 1.0, 1.281055237762546e-07, 0.0, 1.8535520135630834e-08, 0.0, 0.0, 0.0, 0.0, 1.7563355587987747e-07, 0.0, 0.0, 0.0, 0.0, 9.722853479603568e-08, 0.0, 0.0, 0.0, 1.4600096599955427e-07, 0.0, 0.0, 0.0, 1.5816771316618382e-07, 9.73339773330362e-08, 9.847667750769655e-08, 0.0, 0.0, 0.0, 0.0, 1.3354111519126987e-07, 0.0, 3.521878434050494e-08, 1.2364813140757036e-07, 0.0, 0.0, 9.733397733303618e-08, 0.0, 0.0, 4.448433459706977e-08, 0.0, 4.12346265337393e-08, 0.0, 0.0, 0.0, 1.460009659995543e-07, 0.0, 1.303748685559978e-07, 0.0, 0.0, 1.460009659995543e-07, 0.0, 0.0, 0.0, 0.0, 1.0852027136082161e-07, 0.0, 0.0, 0.0, 0.0, 0.0, 1.6558594840064654e-07, 0.0, 0.0, 0.0, 7.511687729508929e-08, 1.460009659995543e-07, 9.733397733303619e-08, 1.9832456997124757e-07, 0.0], [0.0, 3.8754229944491695e-17, 1.072275379679565e-05, 0.4757566047244717, 0.0, 2.7491599766978454e-06, 0.010643435723063654, 4.2911369047834135e-12, 8.208826115006874e-17, 0.22119966273514877, 0.1558831640881957, 0.26590873624405675, 5.021989831548103e-09, 2.942008542174144e-06, 1.096122107083538e-08, 0.0, 1.281055237762546e-07, 1.0, 5.076871987496944e-10, 0.5171643660929852, 0.012736386477181217, 6.4816181413490065e-09, 2.7237575117400484e-09, 0.0, 0.0652980212018036, 4.421204497551457e-19, 2.9815493580684113e-10, 0.02175071480780242, 2.3661462950984722e-07, 0.5637909912537793, 0.18579906107833913, 0.0006105421940123545, 8.028710650373302e-06, 0.0004822557481980169, 0.0, 0.00025083007390477847, 0.1848883729336047, 2.5055302846653934e-07, 9.266756316716147e-07, 0.4776688235642436, 8.036619039474123e-06, 0.02202730739038431, 2.975246766777803e-09, 1.2400755357983709e-15, 0.3535271805750859, 2.4821630668425832e-09, 0.5764296517166191, 0.058720477317360076, 2.0427355410892226e-14, 0.0168676759463912, 0.1363068513206748, 5.180335389508681e-06, 7.303926194398087e-24, 0.30186086068538365, 7.8572858169091e-16, 0.16787171639269852, 0.0, 0.0005029300322197365, 0.0, 0.03520906457941665, 3.9476419567233434e-18, 0.36413308182922377, 0.0, 4.426448226847309e-09, 1.3428862987894769e-05, 2.404401926575627e-14, 4.03122939341473e-09, 0.0011856338572396568, 0.15597514553760708, 0.3989047105139906, 5.950771156872672e-05, 0.3569228551290012, 0.24781815575510463, 3.300839316873311e-09, 0.0, 0.32430873162967616, 0.49881367831225776, 0.20100873526786672, 0.041215915215834675, 4.001422362283356e-07, 3.2247103395961953e-06, 5.956994061282961e-07, 0.4061373471027336, 0.1837292827335477], [0.0, 6.702649734451141e-17, 0.0, 4.742911784163988e-10, 0.0, 0.0, 1.6251657635347983e-10, 1.3983541698538834e-12, 6.423711260413226e-17, 1.3338480153410414e-10, 1.896387788311926e-12, 2.6327641724379085e-10, 4.890670913403826e-10, 0.0, 2.1050869578626806e-10, 0.0, 0.0, 5.076871987496944e-10, 1.0, 1.384844714880511e-10, 2.1162967335407883e-16, 1.3975544123671724e-10, 1.2182151993587248e-10, 0.0, 9.254044023953697e-11, 0.0, 2.0313738504301553e-10, 3.981142865505479e-15, 0.0, 4.15047301850175e-10, 3.410605131648481e-13, 1.1703707739891644e-10, 9.120786993299154e-12, 2.067951531382569e-25, 0.0, 0.0, 5.480320432485056e-12, 0.0, 0.0, 4.74795382230419e-10, 5.390741784458634e-16, 5.051050167056894e-10, 2.172343242126113e-10, 5.354835715230925e-17, 5.00547693973502e-10, 1.2751741250560932e-11, 1.3596062522660725e-10, 3.2319352115736733e-19, 0.0, 0.0, 0.0, 4.332646285019112e-19, 2.1900862603424477e-24, 6.473870268883022e-10, 8.881784197001252e-16, 2.000161961315866e-10, 0.0, 5.475309642605197e-12, 0.0, 5.075322717189597e-10, 3.3087224502121114e-24, 3.136790691593209e-10, 0.0, 5.0327595139893656e-24, 1.2184756564698822e-10, 1.3827435931790199e-14, 0.0, 3.308722450212111e-24, 0.0, 2.6678415019850315e-10, 9.328159532428313e-21, 0.0, 2.8377470037414255e-24, 0.0, 0.0, 3.0685148515243763e-10, 2.910381226307704e-13, 1.2890134493016316e-13, 5.3929400052117985e-24, 0.0, 5.39074178549261e-16, 5.752839225718579e-10, 5.810441717904358e-10, 0.0], [0.0, 4.0927121841322734e-17, 8.268656675705542e-06, 0.6948430039033814, 0.0, 2.0209419565630865e-06, 0.007299105647684814, 3.2773977016071417e-12, 9.088881444864317e-17, 0.3594297433572793, 0.19022955620489929, 0.6190410932936152, 7.2697899003838e-09, 3.309355229323231e-06, 4.94120471067696e-09, 0.0, 1.8535520135630834e-08, 0.5171643660929852, 1.384844714880511e-10, 1.0, 0.04270632807920287, 1.6760401929035296e-09, 1.981234854385532e-09, 0.0, 0.04160023834179537, 2.825820554195573e-19, 4.059141903672906e-10, 0.02612688802505734, 7.164984835772819e-07, 0.8146382556413343, 0.14749713220538985, 0.00046152372265079536, 1.3492434720074258e-05, 0.0003989329071748746, 0.0, 0.00048828125, 0.1456562779864051, 2.466376476401657e-07, 7.196598648364221e-07, 0.5796474643894385, 8.029062089841038e-06, 0.009490155880320912, 2.9005871487866747e-09, 5.740393791794709e-16, 0.3808290288312277, 1.1782976637108123e-09, 0.15656997108411164, 0.03485320823382822, 1.6184006248597408e-14, 0.01603413056429994, 0.11411193089746909, 6.669447561959735e-06, 1.730687238770576e-24, 0.2902471818259579, 1.0975562670492884e-15, 0.5644883101007766, 0.0, 0.0021372069595583117, 0.0, 0.028438237477671623, 4.624734969884801e-18, 0.5017593434381038, 0.0, 2.8662752433817518e-09, 1.2600020051692689e-05, 2.4304201599552693e-14, 1.2275810619475881e-08, 0.0009579498736298415, 0.23216642781846214, 0.5938339131589578, 0.0004152811330308838, 0.42627009990284037, 0.17693587886162163, 2.988563925503583e-09, 0.0, 0.788943543676176, 0.179228088642559, 0.1828520960890212, 0.04601068055992611, 4.588696982268358e-07, 1.442050772343135e-06, 1.1503018591684256e-06, 0.23940730773996372, 0.18778146956690342], [0.0, 2.2365383118829795e-20, 0.0, 0.02792438798612798, 0.0, 3.7647124576562e-09, 0.0039370905244531205, 0.0, 0.0, 0.01460255915671751, 5.56952615461882e-17, 0.02050918600357721, 2.8894237229390668e-09, 0.0, 1.839713624495213e-16, 0.0, 0.0, 0.012736386477181217, 2.1162967335407883e-16, 0.04270632807920287, 1.0, 2.7910168770087446e-19, 0.0, 0.0, 0.0060629681056292885, 1.1835023206141857e-21, 5.551115123125783e-17, 0.009401246381466824, 0.0, 0.02830963002241824, 3.842343562315377e-10, 1.0587911840678754e-22, 0.0, 0.0, 0.0, 0.0, 0.0, 0.0, 0.0, 0.02574729236889639, 1.6653345369377348e-16, 9.166313025992147e-06, 2.328306436538696e-10, 3.1763735522036263e-22, 0.01747857228746047, 7.303063234695757e-20, 0.0039399238479215035, 0.010552394471063768, 0.0, 0.012515225882752173, 3.1476478462487595e-06, 1.341922987129788e-19, 0.0, 0.023255607416640456, 0.0, 0.012457758458960274, 0.0, 0.001661910661248014, 0.0, 2.7105054312137617e-20, 3.308722450212111e-24, 0.017842452998007824, 0.0, 5.267260906069253e-10, 2.305406137389228e-09, 0.0, 0.0, 1.3234889800848443e-23, 0.0, 0.029314006628442323, 0.0, 0.005933036167704208, 0.0, 0.0, 0.0, 0.0251358018435277, 0.020996191862409842, 2.809095830643214e-05, 0.04624531824830793, 7.300452768399221e-09, 1.6653345369377348e-16, 2.305406186255746e-09, 0.01301530292821388, 0.0], [0.0, 1.6511904241012072e-18, 0.0, 6.6403726422347286e-09, 0.0, 1.4023230755096947e-08, 4.607297583809173e-10, 0.0, 3.760285894201218e-18, 4.324728071572409e-09, 4.302537429703734e-18, 6.3781330719451615e-09, 2.845243768320727e-11, 0.0, 5.2303555335070786e-09, 0.0, 0.0, 6.4816181413490065e-09, 1.3975544123671724e-10, 1.6760401929035296e-09, 2.7910168770087446e-19, 1.0, 4.549801213589321e-11, 0.0, 4.100793651187616e-18, 6.571524791738134e-19, 1.397554440816986e-10, 2.1132690069326262e-18, 0.0, 1.2176415479889811e-08, 1.478621094643986e-08, 0.0, 0.0, 0.0, 0.0, 0.0, 0.0, 0.0, 1.478621094643986e-08, 1.2599353166572797e-08, 0.0, 1.7774259087872537e-10, 8.718149652197333e-11, 3.469446951953614e-18, 4.314114476858146e-09, 3.048995465235255e-19, 6.902851645063244e-09, 2.8169489079310064e-09, 0.0, 0.0, 1.383226185398852e-08, 1.478621094664008e-08, 1.4475660719677982e-24, 4.931418577923146e-09, 0.0, 1.4823369167340845e-08, 0.0, 0.0, 0.0, 1.3975544091618377e-10, 5.988860396200565e-18, 5.254391347896847e-10, 0.0, 1.270391115057257e-25, 4.751967368525423e-09, 0.0, 4.2927709199426195e-09, 0.0, 0.0, 4.432526364168311e-09, 5.2855770376274125e-20, 0.0, 0.0, 3.976902267049922e-21, 0.0, 6.954593278400795e-09, 0.0, 7.183658960343526e-18, 0.0, 4.2927709199341525e-09, 1.2703911150572567e-25, 1.3539483001221651e-08, 1.2797337121056884e-09, 0.0], [0.0, 0.0, 0.0, 3.882731049919947e-09, 0.0, 0.0, 3.626270610086063e-09, 0.0, 0.0, 1.0920677422463816e-09, 0.0, 9.49557842361505e-10, 9.463657585821231e-10, 0.0, 1.000299108481322e-10, 0.0, 0.0, 2.7237575117400484e-09, 1.2182151993587248e-10, 1.981234854385532e-09, 0.0, 4.549801213589321e-11, 1.0, 0.0, 9.313225746154784e-10, 0.0, 1.217755436412044e-10, 7.821362624245365e-25, 0.0, 2.487263191473109e-09, 0.0, 0.0, 0.0, 2.0679515313825692e-25, 0.0, 0.0, 0.0, 0.0, 0.0, 4.021602601153406e-09, 0.0, 3.7727415144630524e-09, 4.1714909464201186e-09, 0.0, 1.0917523185086625e-09, 2.0472320681419556e-09, 9.313225746154795e-10, 0.0, 0.0, 0.0, 0.0, 0.0, 2.067951531382569e-25, 1.4443078284613274e-09, 0.0, 2.5429686521181345e-09, 0.0, 0.0, 0.0, 1.217755436412046e-10, 0.0, 1.9673767613527037e-09, 0.0, 1.6543612251060553e-24, 1.6009120516242575e-09, 0.0, 0.0, 0.0, 0.0, 1.7436227434100087e-09, 9.587112760680237e-25, 0.0, 1.315039017259645e-24, 9.313225746154784e-10, 0.0, 7.237387370728834e-10, 2.1261986003337458e-13, 1.4210854715202e-14, 0.0, 0.0, 0.0, 3.3348985634642158e-09, 8.885087706385425e-10, 0.0], [0.0, 0.0, 0.0, 0.0, 0.0, 0.0, 0.0, 0.0, 0.0, 0.0, 0.0, 0.0, 0.0, 0.0, 0.0, 0.0, 0.0, 0.0, 0.0, 0.0, 0.0, 0.0, 0.0, 1.0, 0.0, 0.0, 0.0, 0.0, 0.0, 0.0, 0.0, 0.0, 0.0, 0.0, 0.0, 0.0, 0.0, 0.0, 0.0, 0.0, 0.0, 0.0, 0.0, 0.0, 0.0, 0.0, 0.0, 0.0, 0.0, 0.0, 0.0, 0.0, 0.0, 0.0, 0.0, 0.0, 0.0, 0.0, 0.0, 0.0, 0.0, 0.0, 0.0, 0.0, 0.0, 0.0, 0.0, 0.0, 0.0, 0.0, 0.0, 0.0, 0.0, 0.0, 0.0, 0.0, 0.0, 0.0, 0.0, 0.0, 0.0, 0.0, 0.0, 0.0], [0.0, 3.1700890343817215e-19, 0.0, 0.03717916952569368, 0.0, 2.0930854015335834e-07, 0.003907968095234919, 3.3793000212174517e-12, 3.807055178433744e-18, 0.0005649705934665328, 6.030945656273936e-08, 0.042403642267324265, 1.8942908630931366e-09, 0.0, 2.478161623655699e-10, 0.0, 1.7563355587987747e-07, 0.0652980212018036, 9.254044023953697e-11, 0.04160023834179537, 0.0060629681056292885, 4.100793651187616e-18, 9.313225746154784e-10, 0.0, 1.0, 1.6304750320214469e-18, 9.546579693915717e-11, 0.01562916347273929, 0.0, 0.048421262282696886, 0.0, 4.476440995386518e-08, 2.7278142352801392e-06, 1.1920928955078125e-07, 0.0, 0.0, 6.184563972055911e-11, 1.5889602897960342e-07, 5.960464477539062e-08, 0.026715838547580053, 0.0, 0.01564646910345817, 9.313225746154784e-10, 3.1999784218798056e-18, 0.050891883493098394, 2.062599885318923e-09, 0.017359614354711395, 0.06197264670927251, 0.0, 0.03511466648191255, 1.1175870895477169e-07, 4.163472739287273e-06, 0.0, 0.04449273798393983, 0.0, 0.039322783572639304, 0.0, 2.8566687438947682e-05, 0.0, 0.02411029961059031, 1.922473541119522e-18, 0.09880017024465422, 0.0, 0.0, 1.5309116801970865e-05, 0.0, 0.0, 0.0, 8.93530571956729e-08, 0.05021893206566575, 2.7277924843606275e-06, 0.015625, 0.0, 5.487538564172633e-09, 0.0, 0.06246651133651966, 0.07329933786917187, 0.015642729077169907, 0.027853494395176676, 2.044422449380264e-08, 2.3841857910156247e-07, 1.0572514323892103e-07, 0.0627143443849741, 0.0], [0.0, 2.655742100606481e-19, 0.0, 7.505373978983235e-19, 0.0, 0.0, 0.0, 0.0, 1.7262323653942126e-18, 8.494086468871179e-19, 5.554473063608796e-19, 1.345126433135502e-18, 0.0, 0.0, 1.8564204190643762e-20, 0.0, 0.0, 4.421204497551457e-19, 0.0, 2.825820554195573e-19, 1.1835023206141857e-21, 6.571524791738134e-19, 0.0, 0.0, 1.6304750320214469e-18, 1.0, 0.0, 1.7881961830614665e-20, 0.0, 1.6678765900499718e-18, 0.0, 4.235164736271502e-22, 0.0, 0.0, 0.0, 0.0, 0.0, 0.0, 0.0, 5.637957323828409e-19, 0.0, 6.772162305137004e-21, 0.0, 8.566214494943948e-22, 8.156195435820556e-19, 0.0, 1.3279446226805199e-20, 7.383444177511425e-21, 0.0, 0.0, 0.0, 0.0, 0.0, 5.57349191438741e-19, 0.0, 6.556986242262281e-19, 0.0, 3.4321526389479774e-22, 0.0, 0.0, 7.950815931560366e-19, 1.1504981416712004e-18, 0.0, 0.0, 0.0, 0.0, 2.0074783957899297e-20, 0.0, 0.0, 1.1084708778286764e-18, 0.0, 0.0, 0.0, 1.575457965143066e-20, 0.0, 1.495909466190165e-18, 0.0, 9.781842773121648e-21, 0.0, 0.0, 0.0, 2.4574813461515513e-20, 1.3415713123811305e-18, 0.0], [0.0, 1.479408419732046e-17, 0.0, 4.865396325625798e-10, 0.0, 0.0, 1.9256922103975954e-10, 8.640199666842817e-12, 2.3595759323452097e-17, 4.0923734419189633e-10, 4.2113867339703335e-12, 4.005294071981632e-10, 4.082682054779212e-10, 0.0, 2.1146813098756875e-10, 0.0, 0.0, 2.9815493580684113e-10, 2.0313738504301553e-10, 4.059141903672906e-10, 5.551115123125783e-17, 1.397554440816986e-10, 1.217755436412044e-10, 0.0, 9.546579693915717e-11, 0.0, 1.0, 2.665594360024497e-16, 0.0, 3.1798526475119674e-10, 0.0, 1.897812909028054e-10, 1.818989403545856e-12, 0.0, 0.0, 0.0, 1.818989403545856e-11, 0.0, 0.0, 5.236721146968202e-10, 5.5511151231257815e-17, 3.633805840168345e-10, 2.8857581233839735e-10, 8.673617379884037e-19, 2.338013822201627e-10, 3.637998457961949e-12, 1.6668777203534005e-10, 0.0, 0.0, 0.0, 4.336808689942017e-18, 0.0, 0.0, 4.3569513707544366e-10, 0.0, 2.1390384383965218e-10, 0.0, 3.637978807091712e-12, 0.0, 1.8805038162298171e-10, 6.888690824682934e-18, 6.619861042241025e-10, 0.0, 0.0, 1.2005330063402653e-10, 0.0, 0.0, 0.0, 0.0, 8.131525883710584e-10, 0.0, 0.0, 0.0, 0.0, 0.0, 7.236869082512704e-10, 0.0, 6.13991067420482e-17, 0.0, 0.0, 5.551115123125782e-17, 2.7786640524766274e-10, 2.9742636657248215e-10, 0.0], [0.0, 1.0191830927277311e-16, 0.0, 0.018744642868838694, 0.0, 0.0, 0.006407867730132589, 0.0, 8.878792250861086e-17, 0.010881374784533004, 0.0002441406250000701, 0.01378684042449534, 1.5530852377511992e-23, 0.0, 1.0374951890238391e-15, 0.0, 0.0, 0.02175071480780242, 3.981142865505479e-15, 0.02612688802505734, 0.009401246381466824, 2.1132690069326262e-18, 7.821362624245365e-25, 0.0, 0.01562916347273929, 1.7881961830614665e-20, 2.665594360024497e-16, 1.0, 0.0, 0.024454409775255648, 0.0, 0.0005260406376423891, 3.8146972656249996e-06, 0.000244140625, 0.0, 0.0003662109375, 0.0003936277259852045, 0.0, 0.0, 0.00944957451388504, 5.5511151231257815e-17, 0.00331187189616729, 0.0, 5.898992904133902e-16, 0.023616017617810306, 4.684353960959864e-16, 0.005432145077133013, 0.007448504800825783, 0.0, 0.008468452867073505, 4.418210008549258e-05, 3.814697265625426e-06, 4.7706706903416026e-24, 0.023565675641586722, 8.881784197001252e-16, 0.005946293242162522, 0.0, 0.0031169188026547107, 0.0, 1.3559962966416062e-20, 4.5062562427776085e-18, 0.021943396285274572, 0.0, 1.3930716509454314e-23, 3.814697265624999e-06, 0.0, 2.6827804410110022e-20, 0.0010212973803273085, 0.0, 0.011936535798603766, 0.0006124440887358426, 0.018912166490013954, 4.0877022002875836e-24, 2.684542984859299e-20, 0.0, 0.02190205022313468, 0.0104282451608293, 7.180722660536182e-05, 0.0039062499999999996, 0.0, 5.55111514778912e-17, 2.754132160019081e-15, 0.017180746867566137, 0.0], [0.0, 0.0, 0.0, 1.798492118149888e-06, 0.0, 6.155941241911915e-07, 0.0, 0.0, 0.0, 3.0557696157074045e-08, 0.0, 0.0, 0.0, 0.0, 0.0, 0.0, 0.0, 2.3661462950984722e-07, 0.0, 7.164984835772819e-07, 0.0, 0.0, 0.0, 0.0, 0.0, 0.0, 0.0, 0.0, 1.0, 7.786718186642896e-07, 0.0, 0.0, 4.76837158203125e-07, 0.0, 0.0, 0.0, 0.0, 0.0, 0.0, 6.628805191197852e-07, 3.6081313769498726e-07, 0.0, 0.0, 0.0, 0.0, 0.0, 0.0, 5.416506140204094e-07, 0.0, 0.0, 7.152557373046876e-07, 2.4421096788958735e-07, 0.0, 0.0, 0.0, 3.0717852931860333e-07, 0.0, 0.0, 0.0, 0.0, 0.0, 4.2183482023686543e-07, 0.0, 0.0, 0.0, 0.0, 0.0, 0.0, 0.0, 4.768371582031251e-07, 4.7683715820312495e-07, 0.0, 0.0, 0.0, 0.0, 5.490099899177005e-07, 0.0, 0.0, 0.0, 0.0, 0.0, 4.76837158203125e-07, 2.6532182739337333e-07, 0.0], [0.0, 5.2846862932521066e-17, 5.439472399646451e-06, 0.7882353799954446, 0.0, 3.300854391529621e-06, 0.0060009723320699655, 4.515013689324014e-12, 5.767194073123861e-17, 0.2117270097601054, 0.2762720493904906, 0.6770320479321785, 5.5690040186014884e-09, 3.3378601074218754e-06, 3.898810600374415e-10, 0.0, 9.722853479603568e-08, 0.5637909912537793, 4.15047301850175e-10, 0.8146382556413343, 0.02830963002241824, 1.2176415479889811e-08, 2.487263191473109e-09, 0.0, 0.048421262282696886, 1.6678765900499718e-18, 3.1798526475119674e-10, 0.024454409775255648, 7.786718186642896e-07, 1.0, 0.0811844401574345, 0.0005750932660096201, 1.010584912602815e-05, 0.00030524152341578385, 0.0, 0.0003770339487187055, 0.1142544258482529, 1.5915116398935908e-07, 1.7464526217832727e-06, 0.6570756638920474, 6.138793597518024e-06, 0.01665574976804625, 2.7468766324440503e-09, 1.080722029297912e-16, 0.42528753467692504, 2.1770692802461783e-10, 0.25866417217035, 0.04164112244227755, 6.735540172826667e-15, 0.02095913880283968, 0.04220317628551053, 7.741170428347478e-06, 5.158089359712987e-24, 0.2801543418993958, 9.905440430642412e-16, 0.5131683598767764, 0.0, 0.005543626907357048, 0.0, 0.038168874899203356, 4.0988716031974816e-18, 0.5133934270423137, 0.0, 7.003559885337465e-09, 2.2737880577648027e-05, 1.4701448717244844e-14, 3.339334578378523e-20, 0.00039654564969779523, 0.11280244847261311, 0.6418697907718232, 0.00013260470745573633, 0.3287950230926931, 0.2467921120330146, 3.0844990468686184e-09, 0.0, 0.766669990174385, 0.2583608248378698, 0.12709912326845937, 0.03307201355495755, 3.559109429186261e-07, 3.92367175458507e-06, 1.3993049402147201e-06, 0.15715924939614584, 0.08661719196380621], [0.0, 0.0, 0.0, 0.25952714169214447, 0.0, 1.6376459812114634e-08, 1.3642420526593924e-12, 2.2737367544323203e-13, 0.0, 0.21325959795112487, 0.0, 0.22397190034949627, 2.1463854599670763e-09, 0.0, 4.4176508581755395e-09, 0.0, 0.0, 0.18579906107833913, 3.410605131648481e-13, 0.14749713220538985, 3.842343562315377e-10, 1.478621094643986e-08, 0.0, 0.0, 0.0, 0.0, 0.0, 0.0, 0.0, 0.0811844401574345, 1.0, 0.0, 9.094947017729282e-13, 0.0, 0.0, 0.0, 0.2834010470587413, 0.0, 1.4901161193847656e-08, 0.07463873670136514, 0.0, 1.8629849675625772e-09, 0.0, 0.0, 0.03383631169064483, 0.0, 0.12481444785350047, 4.360583715103027e-09, 0.0, 0.0, 0.25000001303851604, 1.4901161193847656e-08, 0.0, 0.27351501726462724, 0.0, 0.11122707163363366, 0.0, 0.0, 0.0, 0.0, 0.0, 0.160242101141343, 0.0, 7.4381636437967495e-09, 5.588958629232366e-09, 0.0, 3.7252902984619132e-09, 0.0, 0.06548770060647184, 0.09196003893250798, 0.0, 0.09517337345336009, 0.06249999999999999, 0.0, 0.0, 0.12376083118223365, 0.11704368144593327, 0.29443399320978825, 0.0, 5.587935447692871e-09, 0.0, 1.5718802998519827e-08, 0.16368466258343495, 0.33290254061197305], [0.0, 0.0, 8.921506760683982e-06, 0.0001433104654367987, 0.0, 9.621953623267393e-07, 0.0015647834115265701, 0.0, 0.0, 0.0016996747515486065, 2.9802322387695306e-08, 0.0005824108003198508, 1.3465375666820882e-10, 1.2921122294339812e-06, 2.328306436545049e-10, 0.0, 0.0, 0.0006105421940123545, 1.1703707739891644e-10, 0.00046152372265079536, 1.0587911840678754e-22, 0.0, 0.0, 0.0, 4.476440995386518e-08, 4.235164736271502e-22, 1.897812909028054e-10, 0.0005260406376423891, 0.0, 0.0005750932660096201, 0.0, 1.0, 4.812737811705015e-06, 6.105005741119385e-05, 0.0, 0.0, 0.0002441406286379788, 8.112724467177635e-08, 1.938168344150972e-06, 0.00042698654519889446, 2.8043936991329366e-06, 0.0007521036793096092, 7.724026249454321e-11, 4.235164736271502e-22, 0.0019918554788146046, 1.388547883297619e-11, 0.0004956590280630528, 1.5769066877199006e-06, 0.0, 6.103515625e-05, 1.4901161193847656e-08, 1.9073486328124996e-06, 0.0, 0.0020023285104577193, 0.0, 0.0011786614444389263, 0.0, 1.4903653442048969e-06, 0.0, 3.2741809263825417e-11, 0.0, 0.0005981174421465347, 0.0, 0.0, 2.026561560342088e-06, 0.0, 0.0, 0.0007511589446303125, 1.3491497785178632e-07, 0.001631489942302691, 0.0006973583799640741, 0.0, 0.0, 0.0, 0.0, 0.0016048192139386044, 0.0, 6.570672474254831e-05, 0.0, 0.0, 2.3444560389061049e-07, 4.4765329221263687e-08, 0.0007948908905558794, 0.0], [0.0, 0.0, 3.0522252044654477e-06, 8.568141638077347e-06, 0.0, 1.1448765716529481e-06, 1.648962824494029e-05, 2.788594533171348e-12, 0.0, 7.5720844958180425e-06, 1.7743809623607585e-12, 1.2862923544822183e-05, 0.0, 1.1448765716529483e-06, 0.0, 0.0, 0.0, 8.028710650373302e-06, 9.120786993299154e-12, 1.3492434720074258e-05, 0.0, 0.0, 0.0, 0.0, 2.7278142352801392e-06, 0.0, 1.818989403545856e-12, 3.8146972656249996e-06, 4.76837158203125e-07, 1.010584912602815e-05, 9.094947017