"{\"names\": [\"172.217.10.1\", \"104.88.86.240\", \"38.93.140.48\", \"192.168.10.15\", \"104.88.108.223\", \"195.142.105.15\", \"172.217.12.163\", \"206.217.206.48\", \"172.217.6.228\", \"178.255.83.1\", \"74.119.118.82\", \"192.168.10.9\", \"172.217.7.6\", \"35.186.227.40\", \"31.13.71.36\", \"206.126.112.142\", \"151.101.2.49\", \"192.168.10.25\", \"172.217.3.98\", \"192.168.10.16\", \"72.30.202.150\", \"172.217.12.132\", \"50.31.164.173\", \"162.208.20.178\", \"23.15.4.16\", \"216.58.217.99\", \"172.217.6.198\", \"172.217.12.174\", \"169.46.44.40\", \"192.168.10.17\", \"52.84.143.130\", \"104.19.195.102\", \"216.200.232.61\", \"104.97.73.166\", \"152.163.13.79\", \"192.229.163.25\", \"74.119.118.86\", \"54.225.188.92\", \"188.165.145.88\", \"192.168.10.14\", \"8.43.72.98\", \"199.96.57.6\", \"68.67.178.110\", \"104.88.70.158\", \"192.168.10.19\", \"69.172.216.56\", \"157.240.18.35\", \"172.217.11.34\", \"185.54.150.20\", \"69.169.85.7\", \"198.232.124.194\", \"74.119.118.72\", \"172.217.12.134\", \"192.168.10.5\", \"23.111.9.30\", \"192.168.10.8\", \"151.101.66.2\", \"68.67.178.199\", \"213.239.195.215\", \"138.108.7.20\", \"52.84.145.87\", \"192.168.10.50\", \"52.84.145.198\", \"52.40.24.51\", \"212.77.100.137\", \"185.54.150.115\", \"172.217.10.138\", \"152.163.66.165\", \"52.84.137.78\", \"192.168.10.51\", \"68.67.178.109\", \"129.146.14.96\", \"54.152.24.232\", \"172.217.10.33\", \"52.8.229.108\", \"192.168.10.12\", \"64.147.131.201\", \"172.217.12.206\", \"68.67.180.12\", \"172.217.10.134\", \"38.69.238.16\", \"172.217.10.142\", \"192.168.10.3\", \"172.217.6.202\"], \"funcEdges\": [[1.0, 0.0, 0.0, 0.0, 0.0, 0.0, 0.0, 0.0, 0.0, 0.0, 0.0, 0.0, 0.0, 0.0, 0.0, 0.0, 0.0, 0.0, 0.0, 0.0, 0.0, 0.0, 0.0, 0.0, 0.0, 0.0, 0.0, 0.0, 0.0, 0.0, 0.0, 0.0, 0.0, 0.0, 0.0, 0.0, 0.0, 0.0, 0.0, 0.0, 0.0, 0.0, 0.0, 0.0, 0.0, 0.0, 0.0, 0.0, 0.0, 0.0, 0.0, 0.0, 0.0, 0.0, 0.0, 0.0, 0.0, 0.0, 0.0, 0.0, 0.0, 0.0, 0.0, 0.0, 0.0, 0.0, 0.0, 0.0, 0.0, 0.0, 0.0, 0.0, 0.0, 0.0, 0.0, 0.0, 0.0, 0.0, 0.0, 0.0, 0.0, 0.0, 0.0, 0.0], [0.0, 1.0, 0.0, 2.293548542797308e-17, 0.0, 0.0, 0.0, 0.0, 1.4810914631924718e-17, 2.5621839083416532e-17, 3.626183856102388e-18, 1.3081832839604793e-17, 0.0, 0.0, 9.475990342439101e-18, 0.0, 0.0, 9.688557486122924e-18, 1.6756624336127854e-17, 1.0231780460330683e-17, 5.591345779707449e-21, 4.127976060253018e-19, 0.0, 0.0, 7.925222585954304e-20, 6.639355251516202e-20, 3.698521049330115e-18, 2.547957731819328e-17, 0.0, 1.3211715733130267e-17, 0.0, 0.0, 0.0, 0.0, 0.0, 0.0, 0.0, 0.0, 0.0, 1.3070654203060666e-17, 0.0, 9.63779979379177e-19, 0.0, 0.0, 2.1237513485343257e-17, 1.3720451733279174e-17, 3.3548074678244705e-20, 1.0248702422663357e-19, 0.0, 0.0, 8.673617379884035e-19, 2.710505431213761e-20, 0.0, 2.519643454352093e-17, 0.0, 1.6810079657700367e-17, 0.0, 0.0, 0.0, 0.0, 1.7704947337376536e-19, 1.823801527849888e-17, 0.0, 0.0, 0.0, 0.0, 0.0, 0.0, 0.0, 1.6569164316451366e-17, 0.0, 0.0, 0.0, 0.0, 0.0, 9.456794526238772e-18, 0.0, 1.4958402918087052e-17, 0.0, 0.0, 0.0, 3.19025670295175e-19, 2.9898954878587275e-17, 0.0], [0.0, 0.0, 1.0, 1.0387474546847477e-06, 0.0, 2.8889874455981095e-07, 1.961598001779907e-06, 0.0, 0.0, 1.106619314285961e-06, 0.0, 1.0529105176922648e-06, 0.0, 9.5367431640625e-07, 0.0, 0.0, 0.0, 2.6806884491989125e-06, 0.0, 2.0671641689263855e-06, 0.0, 0.0, 0.0, 0.0, 0.0, 0.0, 0.0, 0.0, 0.0, 1.3598680999116128e-06, 0.0, 2.2303766901709954e-06, 7.630563011163619e-07, 0.0, 0.0, 0.0, 0.0, 0.0, 2.384185791015624e-07, 1.619846582440097e-06, 8.624546035593407e-07, 4.856591485301915e-08, 0.0, 0.0, 1.1409723993517625e-06, 0.0, 1.9015452846685922e-06, 4.296409893116264e-07, 0.0, 0.0, 0.0, 4.768371582031249e-07, 0.0, 7.960014794342357e-07, 0.0, 8.637431078319699e-07, 0.0, 3.7259042655652244e-07, 0.0, 4.8565914853019146e-08, 0.0, 1.985366833524885e-06, 0.0, 0.0, 4.768371582031249e-07, 0.0, 0.0, 0.0, 0.0, 1.0783400115874274e-06, 2.790139181316144e-07, 0.0, 0.0, 0.0, 0.0, 1.0658508467561127e-06, 0.0, 1.0769200341951185e-06, 0.0, 4.856591485301915e-08, 6.56369499971267e-07, 6.677813292290134e-08, 2.2849774891898194e-06, 0.0], [0.0, 2.293548542797308e-17, 1.0387474546847477e-06, 1.0, 0.0, 7.485233158251504e-07, 0.002275397565375135, 1.6246809072578364e-12, 3.546655613964348e-17, 0.07017535516791652, 0.06546229064324345, 0.41824294776655535, 1.2410565317448456e-09, 2.6679314494170745e-07, 2.013306667627635e-09, 0.0, 3.071349133678411e-08, 0.22478981578489277, 1.185727946040997e-10, 0.6060204770252928, 0.006981096996531995, 1.6600931605586821e-09, 9.706827624799868e-10, 0.0, 0.00929479238142342, 1.8763434947458087e-19, 1.2163490814064494e-10, 0.004686160717209674, 4.49623029537472e-07, 0.7344333804154157, 0.06488178542303612, 3.5827616359199676e-05, 2.1420354095193367e-06, 6.3113716077578e-05, 0.0, 1.710638018076849e-05, 0.06639288468576787, 5.315437132112483e-08, 3.6748144612004904e-07, 0.5796164703788127, 2.021436574410699e-06, 0.0052450098948950375, 1.105251774074732e-09, 1.1987925192227542e-16, 0.4754564698364523, 3.2346520277309963e-10, 0.11572796048138861, 0.013303009092126148, 7.086349556828058e-15, 0.005921309528532891, 0.04952006234551585, 1.673019859273208e-06, 1.5999426958437852e-24, 0.43061596789253753, 3.6116864246418745e-16, 0.15122479633442631, 0.06757350595153379, 0.11944048227949074, 0.0, 0.010127757769937946, 2.2494478681371914e-18, 0.6540461247870402, 0.0, 1.0399548597150128e-09, 1.2871978637306622e-06, 7.993605777301126e-15, 2.878244297513072e-09, 4.38116929474847e-05, 0.012761329418312673, 0.452083276665199, 0.002761282131704624, 0.060773766387793964, 0.43641214834032166, 3.089610499849114e-10, 0.0, 0.5405520998435838, 0.5354406725160428, 0.3150838206540541, 0.24406997867957284, 4.108575220962738e-08, 7.464274946866733e-07, 2.5697531523763643e-07, 0.3790596601816437, 0.31932868893470856], [0.0, 0.0, 0.0, 0.0, 1.0, 0.0, 0.0, 0.0, 0.0, 0.0, 0.0, 0.0, 0.0, 0.0, 0.0, 0.0, 0.0, 0.0, 0.0, 0.0, 0.0, 0.0, 0.0, 0.0, 0.0, 0.0, 0.0, 0.0, 0.0, 0.0, 0.0, 0.0, 0.0, 0.0, 0.0, 0.0, 0.0, 0.0, 0.0, 0.0, 0.0, 0.0, 0.0, 0.0, 0.0, 0.0, 0.0, 0.0, 0.0, 0.0, 0.0, 0.0, 0.0, 0.0, 0.0, 0.0, 0.0, 0.0, 0.0, 0.0, 0.0, 0.0, 0.0, 0.0, 0.0, 0.0, 0.0, 0.0, 0.0, 0.0, 0.0, 0.0, 0.0, 0.0, 0.0, 0.0, 0.0, 0.0, 0.0, 0.0, 0.0, 0.0, 0.0, 0.0], [0.0, 0.0, 2.8889874455981095e-07, 7.485233158251504e-07, 0.0, 1.0, 1.4915806396773912e-07, 0.0, 0.0, 9.194942992349541e-07, 1.8893561533263885e-08, 2.615959573716089e-07, 1.070982237976507e-09, 2.3841857910156242e-07, 1.761946040833902e-09, 0.0, 1.3730702393732406e-08, 6.872899941744614e-07, 0.0, 5.052354891407716e-07, 9.4117811441405e-10, 3.5058076887742368e-09, 0.0, 0.0, 5.2327135038339586e-08, 0.0, 0.0, 0.0, 1.5389853104779787e-07, 8.252135978824053e-07, 4.0941149530286585e-09, 2.4054884058168484e-07, 2.8621914291323703e-07, 1.9893771498351863e-08, 0.0, 0.0, 0.0, 4.6478388168694134e-08, 3.324077818263349e-07, 4.925198675357694e-07, 8.605607928289609e-07, 1.0012059853980303e-07, 0.0, 0.0, 4.4768741840662077e-07, 0.0, 1.525959670269085e-07, 6.187628342776354e-07, 0.0, 0.0, 4.823669253414062e-07, 4.171321358290495e-07, 0.0, 1.121375737699854e-06, 0.0, 9.078848100894697e-07, 0.0, 0.0, 0.0, 1.525353770271247e-07, 0.0, 6.51224225837418e-07, 0.0, 7.025010846633203e-10, 1.1599039349896389e-07, 0.0, 1.64811801376438e-09, 0.0, 1.9514167534338352e-08, 5.911654109728662e-07, 4.329124491794122e-07, 0.0, 0.0, 0.0, 0.0, 6.071509728556819e-07, 0.0, 2.4192664125951495e-07, 0.0, 4.584566460381298e-08, 4.992450828708138e-07, 4.48709049465831e-08, 4.925219961112174e-07, 0.0], [0.0, 0.0, 1.961598001779907e-06, 0.002275397565375135, 0.0, 1.4915806396773912e-07, 1.0, 5.684341886080802e-14, 0.0, 0.0009581803928122069, 0.00014951865954437106, 0.0028141681555181645, 1.4349648836933215e-10, 0.0, 2.989361202600857e-11, 0.0, 7.849949527955635e-09, 0.0026608589307659134, 4.0629144088369957e-11, 0.0018247764119212035, 0.0009842726311132801, 1.1518243959522932e-10, 9.065676525215157e-10, 0.0, 0.0009769920238087298, 0.0, 4.8142305259939886e-11, 0.0016019669325331473, 0.0, 0.0015002430830174914, 3.410605131648481e-13, 0.00039119585288164253, 4.122407061235073e-06, 0.00016072837885789862, 0.0, 0.00013620967096527762, 4.722098223320124e-05, 3.872030133239227e-08, 8.151458757283468e-08, 0.0039094967901903395, 7.653693016195964e-07, 0.0010948538051928846, 8.834842691084359e-10, 0.0, 0.0016592587675983734, 2.829740264151455e-10, 0.0013425219867248042, 0.0034685751823774072, 7.0752077641627145e-15, 0.003962020171388342, 6.342011335346981e-06, 4.570765263958625e-07, 0.0, 0.0018167194727328724, 0.0, 0.003296241278911156, 0.0, 6.981991225054195e-08, 0.0, 1.3112606398300664e-07, 0.0, 0.0012495751924952822, 0.0, 0.0, 1.3156891195840042e-06, 1.0640589521680012e-14, 0.0, 0.0001352099746785189, 9.070272031037704e-09, 0.00384739090966257, 0.0003780402731467165, 0.0009765625, 0.0, 3.1944100771566633e-10, 0.0, 0.0020584382599495086, 0.0015947198847202375, 2.860422663575852e-05, 0.0009765625000000002, 1.4001938192017073e-07, 1.290431935689962e-07, 9.906702097316133e-08, 0.0035373812887546227, 0.0], [0.0, 0.0, 0.0, 1.6246809072578364e-12, 0.0, 0.0, 5.684341886080802e-14, 1.0, 0.0, 1.076797158966423e-12, 1.1315410913341611e-12, 1.3411154958640615e-12, 0.0, 0.0, 0.0, 0.0, 0.0, 1.0727842261958534e-12, 3.4958854246347085e-13, 8.193494254017854e-13, 0.0, 0.0, 0.0, 0.0, 8.448250053043629e-13, 0.0, 2.160049916710704e-12, 0.0, 0.0, 1.1287534223310036e-12, 5.684341886080801e-14, 0.0, 6.97148633292837e-13, 0.0, 0.0, 0.0, 0.0, 0.0, 0.0, 2.878747920255842e-12, 0.0, 3.893751716474724e-14, 0.0, 0.0, 1.0738819904595175e-12, 0.0, 2.160049916710704e-12, 0.0, 0.0, 0.0, 0.0, 0.0, 0.0, 1.236246413847349e-12, 0.0, 5.675366103906893e-13, 0.0, 0.0, 0.0, 2.160049916710704e-12, 0.0, 1.667669958273472e-12, 0.0, 0.0, 4.1211884052731645e-13, 0.0, 0.0, 0.0, 0.0, 1.036118525010531e-12, 0.0, 0.0, 0.0, 0.0, 0.0, 2.2029765079705217e-12, 0.0, 0.0, 0.0, 0.0, 0.0, 8.5265128291212e-13, 7.241619183460762e-13, 0.0], [0.0, 1.4810914631924718e-17, 0.0, 3.546655613964348e-17, 0.0, 0.0, 0.0, 0.0, 1.0, 1.9528222849701792e-17, 3.963328974306467e-18, 2.720760487834816e-17, 0.0, 0.0, 2.838704146164356e-17, 0.0, 0.0, 2.0522065287517185e-17, 1.6059278151033066e-17, 2.2722203612160793e-17, 0.0, 9.400714735503044e-19, 0.0, 0.0, 9.51763794608436e-19, 4.3155809134855316e-19, 5.898939830863024e-18, 2.2196980627152715e-17, 0.0, 1.4417985182809653e-17, 0.0, 0.0, 0.0, 0.0, 0.0, 0.0, 0.0, 0.0, 0.0, 2.746874581782597e-17, 0.0, 8.673617379884035e-19, 0.0, 3.7433294592201847e-19, 2.354806753937344e-17, 5.542244002990187e-18, 0.0, 0.0, 0.0, 0.0, 1.0420504460853455e-18, 0.0, 0.0, 6.795553105585723e-18, 0.0, 2.982890366692895e-17, 0.0, 0.0, 0.0, 0.0, 6.021422178741435e-19, 1.830814598793144e-17, 0.0, 0.0, 0.0, 0.0, 0.0, 0.0, 0.0, 2.351081266828677e-17, 0.0, 0.0, 0.0, 0.0, 0.0, 3.6346111780718055e-17, 0.0, 1.053118280254079e-17, 0.0, 0.0, 0.0, 0.0, 1.705770994916642e-17, 0.0], [0.0, 2.5621839083416532e-17, 1.106619314285961e-06, 0.07017535516791652, 0.0, 9.194942992349541e-07, 0.0009581803928122069, 1.076797158966423e-12, 1.9528222849701792e-17, 1.0, 0.06802063401018883, 0.318629071721333, 1.9441436045984234e-09, 3.8613144406266967e-07, 7.961471023887299e-10, 0.0, 3.1414406102581615e-08, 0.39571998646033585, 3.3346200383526036e-11, 0.2848930495855051, 0.0036506397891793775, 1.0811820178931022e-09, 2.730169355615954e-10, 0.0, 0.0001412426483666332, 2.1235216172177948e-19, 1.0230933604797408e-10, 0.002720343696133251, 7.639424039268511e-09, 0.09691573532448355, 0.05331489948778122, 0.00042491868788715163, 1.8930211239545106e-06, 0.0001455836456721217, 0.0, 0.00018082069388419397, 0.052873641509617014, 2.7218228180772957e-08, 5.231941628073964e-07, 0.43224528659765665, 1.508466991893752e-06, 0.0010257442800593326, 4.787366601769801e-10, 2.1690154040753164e-19, 0.5441544120651178, 6.333483688468791e-10, 0.021911712713825526, 0.006392097989272512, 2.784919361238917e-15, 0.0007536734030957498, 0.04499297782796131, 2.774070584833438e-06, 8.480811192829912e-25, 0.6285780244786496, 9.333230892787339e-18, 0.0995477597455214, 0.0, 0.05701081301512274, 0.0, 3.0508444972660087e-07, 1.716517252655799e-18, 0.3134000513866314, 0.0, 7.339836574175916e-11, 2.070443980098734e-06, 4.1318461424351105e-15, 3.7252902984657844e-09, 0.0005197424981447647, 0.03167381104796642, 0.23154436117420243, 4.616553246585375e-05, 0.032805543891215566, 0.12621198728127947, 5.222965475657592e-10, 0.0, 0.16511938638273427, 0.2666605392723046, 0.07350797941794367, 0.33974811024941826, 7.402603654967086e-08, 8.92134104534262e-07, 5.429874976016913e-07, 0.4970897186524632, 0.06338598423652564], [0.0, 3.626183856102388e-18, 0.0, 0.06546229064324345, 0.0, 1.8893561533263885e-08, 0.00014951865954437106, 1.1315410913341611e-12, 3.963328974306467e-18, 0.06802063401018883, 1.0, 0.03333749400880645, 9.958154088448518e-11, 0.0, 1.1641539558045407e-10, 0.0, 7.418601166889606e-09, 0.03897079102204892, 4.740969470779815e-13, 0.04755738905122482, 1.392381538654705e-17, 1.0756343574259334e-18, 0.0, 0.0, 1.507736414068484e-08, 1.388618265902199e-19, 1.0528466834925834e-12, 6.103515625001752e-05, 0.0, 0.06906801234762265, 0.0, 7.4505805969238265e-09, 4.4359524059018963e-13, 6.1035156249999986e-05, 0.0, 6.103515625e-05, 0.0, 1.5509620304898416e-08, 0.0, 0.050578068598922624, 1.3877787807814457e-17, 6.103527266532271e-05, 0.0, 8.673617379884035e-19, 0.030922556288832507, 9.082279359442354e-19, 0.03131104755630824, 1.7677077770377427e-08, 0.0, 0.0, 1.0842021724855044e-18, 9.29695692948492e-21, 0.0, 0.10062158478316002, 0.0, 0.012757788401342883, 0.0, 0.0, 0.0, 1.0528317248907349e-12, 3.7523534208840285e-19, 0.0728108489370276, 0.0, 0.0, 7.451035344274711e-09, 0.0, 2.5016954067787724e-21, 8.453234008710864e-05, 7.4505805969238265e-09, 0.022579355219181092, 1.3213942594068528e-20, 0.031249999999999993, 0.031249999999999993, 1.1641532183005016e-10, 0.0, 0.03866803609266688, 0.07372097807744857, 1.90516485090645e-18, 0.0, 0.0, 1.387778780781446e-17, 7.45262315389777e-09, 0.04753777283081058, 0.0], [0.0, 1.3081832839604793e-17, 1.0529105176922648e-06, 0.41824294776655535, 0.0, 2.615959573716089e-07, 0.0028141681555181645, 1.3411154958640615e-12, 2.720760487834816e-17, 0.318629071721333, 0.03333749400880645, 1.0, 1.14279878330785e-09, 2.3841857910156242e-07, 1.1288003310783524e-09, 0.0, 0.0, 0.4651042183821369, 6.581910431094771e-11, 0.6263018648585444, 0.0051272965008943025, 1.5945332679862904e-09, 2.3738946059037624e-10, 0.0, 0.010600910566831066, 3.362816082838755e-19, 1.001323517995408e-10, 0.003446710106123835, 0.0, 0.5749305896527515, 0.05599297508737407, 0.0001456027000799627, 3.2157308862055457e-06, 0.00016474842374338312, 0.0, 0.00022174030528902906, 0.06872812548542775, 0.0, 2.888462546373469e-07, 0.5641969774432883, 1.1811168171592965e-06, 0.00635056766607049, 3.7864988549721324e-10, 2.0673886874274188e-16, 0.5305356604688031, 7.078740020856401e-10, 0.13196972163238851, 0.011879863910263225, 2.052464117862362e-15, 0.0056941118783812444, 0.054557876467003726, 2.3140357489172976e-06, 1.6468361429664137e-24, 0.408537518720303, 5.596018825056431e-16, 0.17163915195837354, 0.08410983768644059, 0.20424462480823558, 0.0, 0.007155509941230338, 1.0404151340997037e-18, 0.45509283730388295, 0.0, 1.8595409109491915e-09, 3.0631989276377965e-06, 2.9086592352975977e-15, 3.4745813696894656e-09, 0.000302549972319009, 0.002249444385803336, 0.7490062620938189, 0.06675717144227068, 0.04066922440129327, 0.24072178878533027, 2.3957711615567795e-10, 0.0, 0.6001666144931699, 0.3952630095961977, 0.31197157657976987, 0.2217543732314624, 3.6223577250867265e-08, 8.932532086285607e-07, 1.197531428410201e-07, 0.38387230912390435, 0.3180977128506888], [0.0, 0.0, 0.0, 1.2410565317448456e-09, 0.0, 1.070982237976507e-09, 1.4349648836933215e-10, 0.0, 0.0, 1.9441436045984234e-09, 9.958154088448518e-11, 1.14279878330785e-09, 1.0, 0.0, 5.121499839840247e-10, 0.0, 0.0, 1.2554974578870258e-09, 1.2226677283509565e-10, 1.81744747509595e-09, 7.223559307347667e-10, 7.113109420801817e-12, 2.365914396455308e-10, 0.0, 4.735727157732842e-10, 0.0, 1.020670513694803e-10, 3.882713094377998e-24, 0.0, 1.3922510046503721e-09, 5.365963649917691e-10, 3.3663439167052205e-11, 0.0, 0.0, 0.0, 0.0, 0.0, 0.0, 0.0, 1.1920700652005694e-09, 0.0, 1.043173601710788e-09, 3.374125303692662e-10, 0.0, 1.5135934258076432e-09, 6.039646695933058e-10, 1.7420663777641721e-09, 5.365963649917691e-10, 0.0, 0.0, 0.0, 0.0, 1.6543612251060553e-24, 1.3131316504752046e-09, 0.0, 8.303867567793857e-10, 0.0, 9.286614451939673e-25, 0.0, 1.20380491520096e-10, 8.271806125530275e-25, 1.7217668367933381e-09, 0.0, 4.335366805097338e-10, 2.7757163445126688e-09, 0.0, 0.0, 8.271806125530276e-25, 0.0, 1.2672718710542092e-09, 0.0, 0.0, 1.6543612251060553e-24, 5.657932991583157e-10, 0.0, 3.0482864929467274e-09, 0.0, 8.271806125530276e-25, 1.8618483351326443e-24, 5.365963649917691e-10, 0.0, 8.49257522343234e-10, 1.132666334370718e-09, 0.0], [0.0, 0.0, 9.5367431640625e-07, 2.6679314494170745e-07, 0.0, 2.3841857910156242e-07, 0.0, 0.0, 0.0, 3.8613144406266967e-07, 0.0, 2.3841857910156242e-07, 0.0, 1.0, 0.0, 0.0, 0.0, 7.35502135543536e-07, 0.0, 8.273388073308077e-07, 0.0, 0.0, 0.0, 0.0, 0.0, 0.0, 0.0, 0.0, 0.0, 8.344650268554689e-07, 0.0, 3.230280573584953e-07, 2.862191429132371e-07, 0.0, 0.0, 0.0, 0.0, 0.0, 2.3841857910156247e-07, 9.411658756932713e-07, 3.469146906225929e-07, 0.0, 0.0, 0.0, 9.514039161109696e-07, 0.0, 0.0, 3.118548256303971e-07, 0.0, 0.0, 0.0, 0.0, 0.0, 2.4549085059469646e-07, 0.0, 2.333164654917726e-07, 0.0, 0.0, 0.0, 0.0, 0.0, 3.059611375699028e-08, 0.0, 0.0, 0.0, 0.0, 0.0, 0.0, 0.0, 2.3841857910156242e-07, 2.790139181316144e-07, 0.0, 0.0, 0.0, 0.0, 7.481236844565736e-07, 0.0, 2.3841857910156242e-07, 0.0, 0.0, 5.840038639982172e-07, 0.0, 3.6622265681252997e-07, 0.0], [0.0, 9.475990342439101e-18, 0.0, 2.013306667627635e-09, 0.0, 1.761946040833902e-09, 2.989361202600857e-11, 0.0, 2.838704146164356e-17, 7.961471023887299e-10, 1.1641539558045407e-10, 1.1288003310783524e-09, 5.121499839840247e-10, 0.0, 1.0, 0.0, 0.0, 2.740305267708845e-09, 5.2627173946567015e-11, 1.23530117766924e-09, 4.5992840612380324e-17, 1.3075888833767696e-09, 2.500747771203305e-11, 0.0, 6.195404059139248e-11, 4.6410510476609405e-21, 5.286703274689219e-11, 2.593737972559598e-16, 0.0, 9.747026500936038e-11, 1.1044127145438849e-09, 5.820766091362623e-11, 0.0, 0.0, 0.0, 0.0, 0.0, 0.0, 1.1044127145438847e-09, 1.7555577307134988e-09, 8.116357748549515e-17, 2.523782338945981e-10, 4.883550901713514e-11, 1.588186776101813e-22, 4.772677943848678e-10, 6.954447740067599e-18, 2.2273057640729715e-09, 2.7058473162860457e-09, 1.6838850432066667e-15, 0.0, 1.6566190718158275e-09, 1.1044147985247308e-09, 0.0, 6.998076682608491e-10, 2.220446049250313e-16, 1.3706872161939488e-09, 0.0, 5.293955920339376e-23, 0.0, 2.91038304567337e-11, 0.0, 3.4831179461716233e-09, 0.0, 0.0, 3.97241401971362e-10, 1.776356839400251e-15, 3.681375715178392e-10, 0.0, 0.0, 4.096176308334451e-09, 1.9330570480580485e-15, 0.0, 0.0, 1.746229827427722e-10, 0.0, 3.370458098022975e-09, 1.7763568394002505e-15, 3.685594944768748e-17, 0.0, 3.6813757151462825e-10, 8.116355763316044e-17, 1.5825318065826848e-09, 2.966033726621968e-09, 0.0], [0.0, 0.0, 0.0, 0.0, 0.0, 0.0, 0.0, 0.0, 0.0, 0.0, 0.0, 0.0, 0.0, 0.0, 0.0, 1.0, 0.0, 0.0, 0.0, 0.0, 0.0, 0.0, 0.0, 0.0, 0.0, 0.0, 0.0, 0.0, 0.0, 0.0, 0.0, 0.0, 0.0, 0.0, 0.0, 0.0, 0.0, 0.0, 0.0, 0.0, 0.0, 0.0, 0.0, 0.0, 0.0, 0.0, 0.0, 0.0, 0.0, 0.0, 0.0, 0.0, 0.0, 0.0, 0.0, 0.0, 0.0, 0.0, 0.0, 0.0, 0.0, 0.0, 0.0, 0.0, 0.0, 0.0, 0.0, 0.0, 0.0, 0.0, 0.0, 0.0, 0.0, 0.0, 0.0, 0.0, 0.0, 0.0, 0.0, 0.0, 0.0, 0.0, 0.0, 0.0], [0.0, 0.0, 0.0, 3.071349133678411e-08, 0.0, 1.3730702393732406e-08, 7.849949527955635e-09, 0.0, 0.0, 3.1414406102581615e-08, 7.418601166889606e-09, 0.0, 0.0, 0.0, 0.0, 0.0, 1.0, 3.202638094406365e-08, 0.0, 4.633880033907708e-09, 0.0, 0.0, 0.0, 0.0, 4.390838896996937e-08, 0.0, 0.0, 0.0, 0.0, 2.430713369900892e-08, 0.0, 0.0, 0.0, 3.650024149988857e-08, 0.0, 0.0, 0.0, 3.9541928291545956e-08, 2.433349433325905e-08, 2.4619169376924137e-08, 0.0, 0.0, 0.0, 0.0, 3.338527879781747e-08, 0.0, 8.804696085126235e-09, 3.091203285189259e-08, 0.0, 0.0, 2.4333494333259044e-08, 0.0, 0.0, 1.1121083649267442e-08, 0.0, 1.0308656633434825e-08, 0.0, 0.0, 0.0, 3.6500241499888574e-08, 0.0, 3.259371713899945e-08, 0.0, 0.0, 3.6500241499888574e-08, 0.0, 0.0, 0.0, 0.0, 2.7130067840205402e-08, 0.0, 0.0, 0.0, 0.0, 0.0, 4.1396487100161635e-08, 0.0, 0.0, 0.0, 1.877921932377232e-08, 3.6500241499888574e-08, 2.4333494333259047e-08, 4.958114249281189e-08, 0.0], [0.0, 9.688557486122924e-18, 2.6806884491989125e-06, 0.22478981578489277, 0.0, 6.872899941744614e-07, 0.0026608589307659134, 1.0727842261958534e-12, 2.0522065287517185e-17, 0.39571998646033585, 0.03897079102204892, 0.4651042183821369, 1.2554974578870258e-09, 7.35502135543536e-07, 2.740305267708845e-09, 0.0, 3.202638094406365e-08, 1.0, 1.269217996874236e-10, 0.3882907955132678, 0.0031840966192953042, 1.6204045353372516e-09, 6.809393779350121e-10, 0.0, 0.0163245053004509, 1.1053011243878642e-19, 7.453873395171028e-11, 0.005437678701950605, 5.9153657377461805e-08, 0.26332320388208635, 0.04644976526958478, 0.00015263554850308863, 2.0071776625933255e-06, 0.00012056393704950422, 0.0, 6.270751847619462e-05, 0.04622209323340117, 6.263825711663484e-08, 2.3166890791790368e-07, 0.580922236596359, 2.0091547598685307e-06, 0.005506826847596078, 7.438116916944508e-10, 3.100188839495927e-16, 0.6655111195830267, 6.205407667106458e-10, 0.3103906729074809, 0.014680119329340019, 5.1068388527230565e-15, 0.0042169189865978, 0.0340767128301687, 1.2950838473771703e-06, 1.8259815485995217e-24, 0.5822821101916095, 1.964321454227275e-16, 0.04196792909817463, 0.0968602005714738, 0.04700073250805493, 0.0, 0.008802266144854163, 9.869104891808359e-19, 0.40912904691387086, 0.0, 1.1066120567118272e-09, 3.3572157469736923e-06, 6.011004816439068e-15, 1.0078073483536825e-09, 0.0002964084643099142, 0.03899378638440177, 0.3323755334897216, 0.17329990566563547, 0.0892307137822503, 0.17132953893877617, 8.252098292183277e-10, 0.0, 0.22099985190833804, 0.5286012007693011, 0.08525918591766693, 0.43217897880395867, 1.000355590570839e-07, 8.061775848990488e-07, 1.4892485153207402e-07, 0.6058930548121847, 0.08093932278408716], [0.0, 1.6756624336127854e-17, 0.0, 1.185727946040997e-10, 0.0, 0.0, 4.0629144088369957e-11, 3.4958854246347085e-13, 1.6059278151033066e-17, 3.3346200383526036e-11, 4.740969470779815e-13, 6.581910431094771e-11, 1.2226677283509565e-10, 0.0, 5.2627173946567015e-11, 0.0, 0.0, 1.269217996874236e-10, 1.0, 3.462111787201277e-11, 5.290741833851971e-17, 3.493886030917931e-11, 3.045537998396812e-11, 0.0, 2.3135110059884243e-11, 0.0, 5.078434626075388e-11, 9.952857163763698e-16, 0.0, 1.0376182546254375e-10, 8.526512829121202e-14, 2.925926934972911e-11, 2.2801967483247885e-12, 5.1698788284564224e-26, 0.0, 0.0, 1.370080108121264e-12, 0.0, 0.0, 1.1869884555760474e-10, 1.3476854461146585e-16, 1.2627625417642235e-10, 5.430858105315282e-11, 1.3387089288077313e-17, 1.251369234933755e-10, 3.187935312640233e-12, 3.399015630665181e-11, 8.079838028934183e-20, 0.0, 0.0, 0.0, 1.083161571254778e-19, 5.475215650856119e-25, 1.6184675672207556e-10, 2.220446049250313e-16, 5.000404903289665e-11, 0.0, 1.3688274106512992e-12, 0.0, 1.2688306792973992e-10, 8.271806125530279e-25, 7.841976728983022e-11, 0.0, 1.2581898784973414e-24, 3.0461891411747054e-11, 3.4568589829475497e-15, 0.0, 8.271806125530277e-25, 0.0, 6.669603754962579e-11, 2.332039883107078e-21, 0.0, 7.094367509353564e-25, 0.0, 0.0, 7.671287128810941e-11, 7.27595306576926e-14, 3.222533623254079e-14, 1.3482350013029496e-24, 0.0, 1.3476854463731524e-16, 1.4382098064296446e-10, 1.4526104294760895e-10, 0.0], [0.0, 1.0231780460330683e-17, 2.0671641689263855e-06, 0.6060204770252928, 0.0, 5.052354891407716e-07, 0.0018247764119212035, 8.193494254017854e-13, 2.2722203612160793e-17, 0.2848930495855051, 0.04755738905122482, 0.6263018648585444, 1.81744747509595e-09, 8.273388073308077e-07, 1.23530117766924e-09, 0.0, 4.633880033907708e-09, 0.3882907955132678, 3.462111787201277e-11, 1.0, 0.010676582019800717, 4.190100482258824e-10, 4.95308713596383e-10, 0.0, 0.010400059585448842, 7.064551385488933e-20, 1.0147854759182264e-10, 0.006531722006264335, 1.7912462089432048e-07, 0.5331119972882675, 0.03687428305134746, 0.00011538093066269884, 3.3731086800185645e-06, 9.973322679371865e-05, 0.0, 0.0001220703125, 0.036414069496601274, 6.165941191004143e-08, 1.7991496620910553e-07, 0.5660038627270734, 2.0072655224602594e-06, 0.002372538970080228, 7.251467871966687e-10, 1.4350984479486773e-16, 0.5132619904755007, 2.945744159277031e-10, 0.13398636667794978, 0.008713302058457054, 4.046001562149352e-15, 0.004008532641074985, 0.02852798272436727, 1.6673618904899338e-06, 4.32671809692644e-25, 0.42450431326527294, 2.743890667623221e-16, 0.14112207752519415, 0.015150707586821518, 0.45981362851173546, 0.0, 0.007109559369417906, 1.1561837424712002e-18, 0.6061792864462052, 0.0, 7.165688108454379e-10, 3.150005012923172e-06, 6.076050399888173e-15, 3.0689526548689702e-09, 0.00023948746840746037, 0.058041606954615535, 0.34868443431546337, 0.11733891980543387, 0.10656752497571009, 0.2228425967933455, 7.471409813758957e-10, 0.0, 0.9280255395427972, 0.5721767788636671, 0.2459389800479792, 0.08804922460195586, 1.1471742455670895e-07, 3.6051269308578376e-07, 2.875754647921064e-07, 0.41213821826296176, 0.24717132341744977], [0.0, 5.591345779707449e-21, 0.0, 0.006981096996531995, 0.0, 9.4117811441405e-10, 0.0009842726311132801, 0.0, 0.0, 0.0036506397891793775, 1.392381538654705e-17, 0.0051272965008943025, 7.223559307347667e-10, 0.0, 4.5992840612380324e-17, 0.0, 0.0, 0.0031840966192953042, 5.290741833851971e-17, 0.010676582019800717, 1.0, 6.977542192521862e-20, 0.0, 0.0, 0.0015157420264073221, 2.9587558015354643e-22, 1.3877787807814457e-17, 0.002350311595366706, 0.0, 0.00707740750560456, 9.605858905788443e-11, 2.6469779601696886e-23, 0.0, 0.0, 0.0, 0.0, 0.0, 0.0, 0.0, 0.006436823092224098, 4.163336342344337e-17, 2.291578256498037e-06, 5.82076609134674e-11, 7.940933880509066e-23, 0.0043696430718651175, 1.8257658086739392e-20, 0.0009849809619803759, 0.002638098617765942, 0.0, 0.0031288064706880433, 7.869119615621899e-07, 3.35480746782447e-20, 0.0, 0.005813901854160114, 0.0, 0.0031144396147400684, 0.0, 0.0004154776653120035, 0.0, 6.776263578034404e-21, 8.271806125530277e-25, 0.004460613249501956, 0.0, 1.3168152265173133e-10, 5.76351534347307e-10, 0.0, 0.0, 3.308722450212111e-24, 0.0, 0.007328501657110581, 0.0, 0.001483259041926052, 0.0, 0.0, 0.0, 0.006283950460881925, 0.005249047965602461, 7.022739576608035e-06, 0.011561329562076983, 1.8251131920998053e-09, 4.163336342344337e-17, 5.763515465639365e-10, 0.00325382573205347, 0.0], [0.0, 4.127976060253018e-19, 0.0, 1.6600931605586821e-09, 0.0, 3.5058076887742368e-09, 1.1518243959522932e-10, 0.0, 9.400714735503044e-19, 1.0811820178931022e-09, 1.0756343574259334e-18, 1.5945332679862904e-09, 7.113109420801817e-12, 0.0, 1.3075888833767696e-09, 0.0, 0.0, 1.6204045353372516e-09, 3.493886030917931e-11, 4.190100482258824e-10, 6.977542192521862e-20, 1.0, 1.1374503033973303e-11, 0.0, 1.025198412796904e-18, 1.6428811979345335e-19, 3.493886102042465e-11, 5.283172517331566e-19, 0.0, 3.0441038699724528e-09, 3.696552736609965e-09, 0.0, 0.0, 0.0, 0.0, 0.0, 0.0, 0.0, 3.696552736609965e-09, 3.1498382916431992e-09, 0.0, 4.443564771968134e-11, 2.1795374130493332e-11, 8.673617379884035e-19, 1.0785286192145364e-09, 7.622488663088138e-20, 1.725712911265811e-09, 7.042372269827516e-10, 0.0, 0.0, 3.45806546349713e-09, 3.69655273666002e-09, 3.6189151799194956e-25, 1.2328546444807864e-09, 0.0, 3.705842291835211e-09, 0.0, 0.0, 0.0, 3.493886022904594e-11, 1.4972150990501412e-18, 1.313597836974212e-10, 0.0, 3.1759777876431424e-26, 1.1879918421313558e-09, 0.0, 1.0731927299856549e-09, 0.0, 0.0, 1.1081315910420778e-09, 1.3213942594068531e-20, 0.0, 0.0, 9.942255667624805e-22, 0.0, 1.7386483196001987e-09, 0.0, 1.7959147400858815e-18, 0.0, 1.0731927299835381e-09, 3.175977787643142e-26, 3.384870750305413e-09, 3.199334280264221e-10, 0.0], [0.0, 0.0, 0.0, 9.706827624799868e-10, 0.0, 0.0, 9.065676525215157e-10, 0.0, 0.0, 2.730169355615954e-10, 0.0, 2.3738946059037624e-10, 2.365914396455308e-10, 0.0, 2.500747771203305e-11, 0.0, 0.0, 6.809393779350121e-10, 3.045537998396812e-11, 4.95308713596383e-10, 0.0, 1.1374503033973303e-11, 1.0, 0.0, 2.328306436538696e-10, 0.0, 3.04438859103011e-11, 1.9553406560613412e-25, 0.0, 6.218157978682772e-10, 0.0, 0.0, 0.0, 5.169878828456423e-26, 0.0, 0.0, 0.0, 0.0, 0.0, 1.0054006502883515e-09, 0.0, 9.431853786157631e-10, 1.0428727366050296e-09, 0.0, 2.729380796271656e-10, 5.118080170354889e-10, 2.328306436538699e-10, 0.0, 0.0, 0.0, 0.0, 0.0, 5.1698788284564224e-26, 3.6107695711533186e-10, 0.0, 6.357421630295336e-10, 0.0, 0.0, 0.0, 3.044388591030115e-11, 0.0, 4.918441903381759e-10, 0.0, 4.1359030627651384e-25, 4.0022801290606437e-10, 0.0, 0.0, 0.0, 0.0, 4.3590568585250217e-10, 2.3967781901700593e-25, 0.0, 3.2875975431491127e-25, 2.328306436538696e-10, 0.0, 1.8093468426822084e-10, 5.3154965008343645e-14, 3.5527136788005e-15, 0.0, 0.0, 0.0, 8.337246408660539e-10, 2.2212719265963561e-10, 0.0], [0.0, 0.0, 0.0, 0.0, 0.0, 0.0, 0.0, 0.0, 0.0, 0.0, 0.0, 0.0, 0.0, 0.0, 0.0, 0.0, 0.0, 0.0, 0.0, 0.0, 0.0, 0.0, 0.0, 1.0, 0.0, 0.0, 0.0, 0.0, 0.0, 0.0, 0.0, 0.0, 0.0, 0.0, 0.0, 0.0, 0.0, 0.0, 0.0, 0.0, 0.0, 0.0, 0.0, 0.0, 0.0, 0.0, 0.0, 0.0, 0.0, 0.0, 0.0, 0.0, 0.0, 0.0, 0.0, 0.0, 0.0, 0.0, 0.0, 0.0, 0.0, 0.0, 0.0, 0.0, 0.0, 0.0, 0.0, 0.0, 0.0, 0.0, 0.0, 0.0, 0.0, 0.0, 0.0, 0.0, 0.0, 0.0, 0.0, 0.0, 0.0, 0.0, 0.0, 0.0], [0.0, 7.925222585954304e-20, 0.0, 0.00929479238142342, 0.0, 5.2327135038339586e-08, 0.0009769920238087298, 8.448250053043629e-13, 9.51763794608436e-19, 0.0001412426483666332, 1.507736414068484e-08, 0.010600910566831066, 4.735727157732842e-10, 0.0, 6.195404059139248e-11, 0.0, 4.390838896996937e-08, 0.0163245053004509, 2.3135110059884243e-11, 0.010400059585448842, 0.0015157420264073221, 1.025198412796904e-18, 2.328306436538696e-10, 0.0, 1.0, 4.076187580053617e-19, 2.3866449234789294e-11, 0.0039072908681848225, 0.0, 0.012105315570674222, 0.0, 1.1191102488466295e-08, 6.819535588200348e-07, 2.9802322387695312e-08, 0.0, 0.0, 1.5461409930139777e-11, 3.9724007244900854e-08, 1.4901161193847655e-08, 0.006678959636895013, 0.0, 0.003911617275864542, 2.328306436538696e-10, 7.999946054699514e-19, 0.012722970873274599, 5.156499713297307e-10, 0.004339903588677849, 0.015493161677318127, 0.0, 0.008778666620478137, 2.7939677238692922e-08, 1.0408681848218183e-06, 0.0, 0.011123184495984957, 0.0, 0.009830695893159826, 0.0, 7.141671859736921e-06, 0.0, 0.006027574902647577, 4.806183852798805e-19, 0.024700042561163555, 0.0, 0.0, 3.827279200492716e-06, 0.0, 0.0, 0.0, 2.2338264298918224e-08, 0.012554733016416438, 6.819481210901569e-07, 0.00390625, 0.0, 1.3718846410431583e-09, 0.0, 0.015616627834129915, 0.018324834467292966, 0.003910682269292477, 0.006963373598794169, 5.11105612345066e-09, 5.960464477539062e-08, 2.6431285809730257e-08, 0.015678586096243525, 0.0], [0.0, 6.639355251516202e-20, 0.0, 1.8763434947458087e-19, 0.0, 0.0, 0.0, 0.0, 4.3155809134855316e-19, 2.1235216172177948e-19, 1.388618265902199e-19, 3.362816082838755e-19, 0.0, 0.0, 4.6410510476609405e-21, 0.0, 0.0, 1.1053011243878642e-19, 0.0, 7.064551385488933e-20, 2.9587558015354643e-22, 1.6428811979345335e-19, 0.0, 0.0, 4.076187580053617e-19, 1.0, 0.0, 4.470490457653666e-21, 0.0, 4.1696914751249294e-19, 0.0, 1.0587911840678754e-22, 0.0, 0.0, 0.0, 0.0, 0.0, 0.0, 0.0, 1.4094893309571022e-19, 0.0, 1.693040576284251e-21, 0.0, 2.141553623735987e-22, 2.039048858955139e-19, 0.0, 3.3198615567012997e-21, 1.8458610443778562e-21, 0.0, 0.0, 0.0, 0.0, 0.0, 1.3933729785968524e-19, 0.0, 1.6392465605655702e-19, 0.0, 8.580381597369944e-23, 0.0, 0.0, 1.9877039828900914e-19, 2.876245354178001e-19, 0.0, 0.0, 0.0, 0.0, 5.018695989474824e-21, 0.0, 0.0, 2.771177194571691e-19, 0.0, 0.0, 0.0, 3.938644912857665e-21, 0.0, 3.7397736654754127e-19, 0.0, 2.445460693280412e-21, 0.0, 0.0, 0.0, 6.143703365378878e-21, 3.3539282809528263e-19, 0.0], [0.0, 3.698521049330115e-18, 0.0, 1.2163490814064494e-10, 0.0, 0.0, 4.8142305259939886e-11, 2.160049916710704e-12, 5.898939830863024e-18, 1.0230933604797408e-10, 1.0528466834925834e-12, 1.001323517995408e-10, 1.020670513694803e-10, 0.0, 5.286703274689219e-11, 0.0, 0.0, 7.453873395171028e-11, 5.078434626075388e-11, 1.0147854759182264e-10, 1.3877787807814457e-17, 3.493886102042465e-11, 3.04438859103011e-11, 0.0, 2.3866449234789294e-11, 0.0, 1.0, 6.663985900061243e-17, 0.0, 7.949631618779919e-11, 0.0, 4.744532272570135e-11, 4.54747350886464e-13, 0.0, 0.0, 0.0, 4.54747350886464e-12, 0.0, 0.0, 1.3091802867420506e-10, 1.3877787807814454e-17, 9.084514600420862e-11, 7.214395308459934e-11, 2.1684043449710093e-19, 5.845034555504067e-11, 9.094996144904872e-13, 4.167194300883501e-11, 0.0, 0.0, 0.0, 1.0842021724855042e-18, 0.0, 0.0, 1.0892378426886092e-10, 0.0, 5.3475960959913044e-11, 0.0, 9.09494701772928e-13, 0.0, 4.701259540574543e-11, 1.7221727061707334e-18, 1.6549652605602564e-10, 0.0, 0.0, 3.001332515850663e-11, 0.0, 0.0, 0.0, 0.0, 2.032881470927646e-10, 0.0, 0.0, 0.0, 0.0, 0.0, 1.809217270628176e-10, 0.0, 1.534977668551205e-17, 0.0, 0.0, 1.3877787807814455e-17, 6.946660131191568e-11, 7.435659164312054e-11, 0.0], [0.0, 2.547957731819328e-17, 0.0, 0.004686160717209674, 0.0, 0.0, 0.0016019669325331473, 0.0, 2.2196980627152715e-17, 0.002720343696133251, 6.103515625001752e-05, 0.003446710106123835, 3.882713094377998e-24, 0.0, 2.593737972559598e-16, 0.0, 0.0, 0.005437678701950605, 9.952857163763698e-16, 0.006531722006264335, 0.002350311595366706, 5.283172517331566e-19, 1.9553406560613412e-25, 0.0, 0.0039072908681848225, 4.470490457653666e-21, 6.663985900061243e-17, 1.0, 0.0, 0.006113602443813912, 0.0, 0.00013151015941059726, 9.536743164062499e-07, 6.103515625e-05, 0.0, 9.1552734375e-05, 9.840693149630112e-05, 0.0, 0.0, 0.00236239362847126, 1.3877787807814454e-17, 0.0008279679740418226, 0.0, 1.4747482260334756e-16, 0.0059040044044525765, 1.171088490239966e-16, 0.0013580362692832532, 0.0018621262002064458, 0.0, 0.002117113216768376, 1.1045525021373145e-05, 9.536743164063565e-07, 1.1926676725854006e-24, 0.005891418910396681, 2.220446049250313e-16, 0.0014865733105406305, 0.0, 0.0007792297006636777, 0.0, 3.3899907416040154e-21, 1.1265640606944021e-18, 0.005485849071318643, 0.0, 3.4826791273635785e-24, 9.536743164062498e-07, 0.0, 6.7069511025275055e-21, 0.0002553243450818271, 0.0, 0.0029841339496509416, 0.00015311102218396066, 0.0047280416225034885, 1.0219255500718959e-24, 6.711357462148247e-21, 0.0, 0.00547551255578367, 0.002607061290207325, 1.7951806651340455e-05, 0.0009765624999999999, 0.0, 1.38777878694728e-17, 6.885330400047703e-16, 0.004295186716891534, 0.0], [0.0, 0.0, 0.0, 4.49623029537472e-07, 0.0, 1.5389853104779787e-07, 0.0, 0.0, 0.0, 7.639424039268511e-09, 0.0, 0.0, 0.0, 0.0, 0.0, 0.0, 0.0, 5.9153657377461805e-08, 0.0, 1.7912462089432048e-07, 0.0, 0.0, 0.0, 0.0, 0.0, 0.0, 0.0, 0.0, 1.0, 1.946679546660724e-07, 0.0, 0.0, 1.1920928955078125e-07, 0.0, 0.0, 0.0, 0.0, 0.0, 0.0, 1.657201297799463e-07, 9.020328442374682e-08, 0.0, 0.0, 0.0, 0.0, 0.0, 0.0, 1.3541265350510235e-07, 0.0, 0.0, 1.788139343261719e-07, 6.105274197239684e-08, 0.0, 0.0, 0.0, 7.679463232965083e-08, 0.0, 0.0, 0.0, 0.0, 0.0, 1.0545870505921636e-07, 0.0, 0.0, 0.0, 0.0, 0.0, 0.0, 0.0, 1.1920928955078128e-07, 1.1920928955078124e-07, 0.0, 0.0, 0.0, 0.0, 1.3725249747942511e-07, 0.0, 0.0, 0.0, 0.0, 0.0, 1.1920928955078125e-07, 6.633045684834333e-08, 0.0], [0.0, 1.3211715733130267e-17, 1.3598680999116128e-06, 0.7344333804154157, 0.0, 8.252135978824053e-07, 0.0015002430830174914, 1.1287534223310036e-12, 1.4417985182809653e-17, 0.09691573532448355, 0.06906801234762265, 0.5749305896527515, 1.3922510046503721e-09, 8.344650268554689e-07, 9.747026500936038e-11, 0.0, 2.430713369900892e-08, 0.26332320388208635, 1.0376182546254375e-10, 0.5331119972882675, 0.00707740750560456, 3.0441038699724528e-09, 6.218157978682772e-10, 0.0, 0.012105315570674222, 4.1696914751249294e-19, 7.949631618779919e-11, 0.006113602443813912, 1.946679546660724e-07, 1.0, 0.020296110039358627, 0.00014377331650240502, 2.5264622815070375e-06, 7.631038085394596e-05, 0.0, 9.425848717967638e-05, 0.028563606462063226, 3.978779099733977e-08, 4.3661315544581816e-07, 0.6709737303286316, 1.534698399379506e-06, 0.004163937442011562, 6.867191581110126e-10, 2.70180507324478e-17, 0.5090017504694612, 5.4426732006154457e-11, 0.19148758000188898, 0.010410280610569388, 1.6838850432066667e-15, 0.00523978470070992, 0.010550794071377632, 1.9352926070868695e-06, 1.2895223399282468e-24, 0.5181773742388287, 2.476360107660603e-16, 0.1282920899691941, 0.05753180130316614, 0.19127453805502678, 0.0, 0.009542218724800839, 1.0247179007993704e-18, 0.36398599414580424, 0.0, 1.7508899713343662e-09, 5.684470144412007e-06, 3.675362179311211e-15, 8.348336445946308e-21, 9.913641242444881e-05, 0.02820061211815328, 0.6079882124151921, 0.1465444673995316, 0.08219875577317327, 0.4414752906646286, 7.711247617171546e-10, 0.0, 0.5846341004000728, 0.28023630824817536, 0.19907127638044878, 0.26145284515965606, 8.897773572965653e-08, 9.809179386462676e-07, 3.4982623505368003e-07, 0.3871232666137401, 0.18895079355428543], [0.0, 0.0, 0.0, 0.06488178542303612, 0.0, 4.0941149530286585e-09, 3.410605131648481e-13, 5.684341886080801e-14, 0.0, 0.05331489948778122, 0.0, 0.05599297508737407, 5.365963649917691e-10, 0.0, 1.1044127145438849e-09, 0.0, 0.0, 0.04644976526958478, 8.526512829121202e-14, 0.03687428305134746, 9.605858905788443e-11, 3.696552736609965e-09, 0.0, 0.0, 0.0, 0.0, 0.0, 0.0, 0.0, 0.020296110039358627, 1.0, 0.0, 2.2737367544323206e-13, 0.0, 0.0, 0.0, 0.07085026176468533, 0.0, 3.725290298461914e-09, 0.018659684175341286, 0.0, 4.657462418906443e-10, 0.0, 0.0, 0.008459077922661207, 0.0, 0.03120361196337512, 1.0901459287757568e-09, 0.0, 0.0, 0.06250000325962901, 3.725290298461914e-09, 0.0, 0.06837875431615681, 0.0, 0.027806767908408414, 0.0, 0.0, 0.0, 0.0, 0.0, 0.04006052528533575, 0.0, 1.8595409109491874e-09, 1.3972396573080914e-09, 0.0, 9.313225746154783e-10, 0.0, 0.01637192515161796, 0.022990009733126995, 0.0, 0.023793343363340023, 0.015624999999999998, 0.0, 0.0, 0.03094020779555841, 0.029260920361483318, 0.07360849830244706, 0.0, 1.3969838619232178e-09, 0.0, 3.929700749629957e-09, 0.04092116564585874, 0.08322563515299326], [0.0, 0.0, 2.2303766901709954e-06, 3.5827616359199676e-05, 0.0, 2.4054884058168484e-07, 0.00039119585288164253, 0.0, 0.0, 0.00042491868788715163, 7.4505805969238265e-09, 0.0001456027000799627, 3.3663439167052205e-11, 3.230280573584953e-07, 5.820766091362623e-11, 0.0, 0.0, 0.00015263554850308863, 2.925926934972911e-11, 0.00011538093066269884, 2.6469779601696886e-23, 0.0, 0.0, 0.0, 1.1191102488466295e-08, 1.0587911840678754e-22, 4.744532272570135e-11, 0.00013151015941059726, 0.0, 0.00014377331650240502, 0.0, 1.0, 1.2031844529262537e-06, 1.5262514352798462e-05, 0.0, 0.0, 6.10351571594947e-05, 2.0281811167944086e-08, 4.84542086037743e-07, 0.00010674663629972362, 7.010984247832342e-07, 0.0001880259198274023, 1.9310065623635802e-11, 1.0587911840678754e-22, 0.0004979638697036511, 3.4713697082440473e-12, 0.0001239147570157632, 3.9422667192997515e-07, 0.0, 1.52587890625e-05, 3.725290298461914e-09, 4.768371582031249e-07, 0.0, 0.0005005821276144298, 0.0, 0.0002946653611097316, 0.0, 3.725913360512242e-07, 0.0, 8.185452315956354e-12, 0.0, 0.00014952936053663367, 0.0, 0.0, 5.06640390085522e-07, 0.0, 0.0, 0.00018778973615757812, 3.372874446294658e-08, 0.00040787248557567276, 0.00017433959499101853, 0.0, 0.0, 0.0, 0.0, 0.0004012048034846511, 0.0, 1.6426681185637077e-05, 0.0, 0.0, 5.861140097265262e-08, 1.1191332305315922e-08, 0.00019872272263896985, 0.0], [0.0, 0.0, 7.630563011163619e-07, 2.1420354095193367e-06, 0.0, 2.8621914291323703e-07, 4.122407061235073e-06, 6.97148633292837e-13, 0.0, 1.8930211239545106e-06, 4.4359524059018963e-13, 3.2157308862055457e-06, 0.0, 2.862191