"{\"names\": [\"172.217.10.1\", \"104.88.86.240\", \"38.93.140.48\", \"192.168.10.15\", \"104.88.108.223\", \"195.142.105.15\", \"172.217.12.163\", \"206.217.206.48\", \"172.217.6.228\", \"178.255.83.1\", \"74.119.118.82\", \"192.168.10.9\", \"172.217.7.6\", \"35.186.227.40\", \"31.13.71.36\", \"206.126.112.142\", \"151.101.2.49\", \"192.168.10.25\", \"172.217.3.98\", \"192.168.10.16\", \"72.30.202.150\", \"172.217.12.132\", \"50.31.164.173\", \"162.208.20.178\", \"23.15.4.16\", \"216.58.217.99\", \"172.217.6.198\", \"172.217.12.174\", \"169.46.44.40\", \"192.168.10.17\", \"52.84.143.130\", \"104.19.195.102\", \"216.200.232.61\", \"104.97.73.166\", \"152.163.13.79\", \"192.229.163.25\", \"74.119.118.86\", \"54.225.188.92\", \"188.165.145.88\", \"192.168.10.14\", \"8.43.72.98\", \"199.96.57.6\", \"68.67.178.110\", \"104.88.70.158\", \"192.168.10.19\", \"69.172.216.56\", \"157.240.18.35\", \"172.217.11.34\", \"185.54.150.20\", \"69.169.85.7\", \"198.232.124.194\", \"74.119.118.72\", \"172.217.12.134\", \"192.168.10.5\", \"23.111.9.30\", \"192.168.10.8\", \"151.101.66.2\", \"68.67.178.199\", \"213.239.195.215\", \"138.108.7.20\", \"52.84.145.87\", \"192.168.10.50\", \"52.84.145.198\", \"52.40.24.51\", \"212.77.100.137\", \"185.54.150.115\", \"172.217.10.138\", \"152.163.66.165\", \"52.84.137.78\", \"192.168.10.51\", \"68.67.178.109\", \"129.146.14.96\", \"54.152.24.232\", \"172.217.10.33\", \"52.8.229.108\", \"192.168.10.12\", \"64.147.131.201\", \"172.217.12.206\", \"68.67.180.12\", \"172.217.10.134\", \"38.69.238.16\", \"172.217.10.142\", \"192.168.10.3\", \"172.217.6.202\"], \"funcEdges\": [[1.0, 0.0, 0.0, 0.0, 0.0, 0.0, 0.0, 0.0, 0.0, 0.0, 0.0, 0.0, 0.0, 0.0, 0.0, 0.0, 0.0, 0.0, 0.0, 0.0, 0.0, 0.0, 0.0, 0.0, 0.0, 0.0, 0.0, 0.0, 0.0, 0.0, 0.0, 0.0, 0.0, 0.0, 0.0, 0.0, 0.0, 0.0, 0.0, 0.0, 0.0, 0.0, 0.0, 0.0, 0.0, 0.0, 0.0, 0.0, 0.0, 0.0, 0.0, 0.0, 0.0, 0.0, 0.0, 0.0, 0.0, 0.0, 0.0, 0.0, 0.0, 0.0, 0.0, 0.0, 0.0, 0.0, 0.0, 0.0, 0.0, 0.0, 0.0, 0.0, 0.0, 0.0, 0.0, 0.0, 0.0, 0.0, 0.0, 0.0, 0.0, 0.0, 0.0, 0.0], [0.0, 1.0, 0.0, 0.0, 0.0, 0.0, 0.0, 0.0, 0.0, 0.0, 0.0, 0.0, 0.0, 0.0, 0.0, 0.0, 0.0, 0.0, 0.0, 0.0, 0.0, 0.0, 0.0, 0.0, 0.0, 0.0, 0.0, 0.0, 0.0, 0.0, 0.0, 0.0, 0.0, 0.0, 0.0, 0.0, 0.0, 0.0, 0.0, 0.0, 0.0, 0.0, 0.0, 0.0, 0.0, 0.0, 0.0, 0.0, 0.0, 0.0, 0.0, 0.0, 0.0, 0.0, 0.0, 0.0, 0.0, 0.0, 0.0, 0.0, 0.0, 0.0, 0.0, 0.0, 0.0, 0.0, 0.0, 0.0, 0.0, 0.0, 0.0, 0.0, 0.0, 0.0, 0.0, 0.0, 0.0, 0.0, 0.0, 0.0, 0.0, 0.0, 0.0, 0.0], [0.0, 0.0, 1.0, 0.0, 0.0, 0.0, 0.0, 0.0, 0.0, 0.0, 0.0, 0.0, 0.0, 0.0, 0.0, 0.0, 0.0, 0.0, 0.0, 0.0, 0.0, 0.0, 0.0, 0.0, 0.0, 0.0, 0.0, 0.0, 0.0, 0.0, 0.0, 0.0, 0.0, 0.0, 0.0, 0.0, 0.0, 0.0, 0.0, 0.0, 0.0, 0.0, 0.0, 0.0, 0.0, 0.0, 0.0, 0.0, 0.0, 0.0, 0.0, 0.0, 0.0, 0.0, 0.0, 0.0, 0.0, 0.0, 0.0, 0.0, 0.0, 0.0, 0.0, 0.0, 0.0, 0.0, 0.0, 0.0, 0.0, 0.0, 0.0, 0.0, 0.0, 0.0, 0.0, 0.0, 0.0, 0.0, 0.0, 0.0, 0.0, 0.0, 0.0, 0.0], [0.0, 0.0, 0.0, 1.0, 0.0, 0.0, 0.0, 0.0, 0.0, 0.2616119349614574, 0.16052467220923455, 0.4599286179174995, 2.9903748473347287e-05, 0.0, 0.09905268631195649, 0.0, 0.0, 0.3517407935381407, 0.24230008672819464, 0.5105018010289686, 0.1426311877328348, 0.13955155361964228, 4.880343073569757e-06, 0.0, 0.00018721608736528366, 0.12205570028789187, 0.0, 0.20736027493898354, 0.0, 0.6572605556850701, 0.0, 0.0013011222074037316, 0.0, 4.068189978993478e-05, 0.0, 0.0, 0.0, 0.0, 0.0, 0.41320189794951867, 0.0011101437138797948, 0.21274698926181293, 0.0, 0.0028352389962493785, 0.5001793102872466, 3.580497895330894e-06, 0.2611219298668776, 0.021925323144641032, 0.0, 0.0, 0.0, 0.0, 2.951373344283123e-05, 0.18613283465466182, 0.0, 0.43190173411600075, 0.0, 0.0015840794526211998, 0.0, 0.524762042353227, 0.00013317546080728843, 0.8392757048712712, 0.0, 5.4738514129895954e-05, 0.0, 0.0, 0.12381526668146615, 9.026437837777659e-06, 0.0, 0.5337908684123989, 0.09454799024483959, 0.0, 4.255644033076549e-05, 0.12430258623878451, 0.0, 0.4135921757080009, 0.0, 0.1113364931419263, 8.874107665859108e-06, 0.0, 1.2906216584867657e-07, 0.3961843475012009, 0.30916984958321675, 0.0], [0.0, 0.0, 0.0, 0.0, 1.0, 0.0, 0.0, 0.0, 0.0, 0.0, 0.0, 0.0, 0.0, 0.0, 0.0, 0.0, 0.0, 0.0, 0.0, 0.0, 0.0, 0.0, 0.0, 0.0, 0.0, 0.0, 0.0, 0.0, 0.0, 0.0, 0.0, 0.0, 0.0, 0.0, 0.0, 0.0, 0.0, 0.0, 0.0, 0.0, 0.0, 0.0, 0.0, 0.0, 0.0, 0.0, 0.0, 0.0, 0.0, 0.0, 0.0, 0.0, 0.0, 0.0, 0.0, 0.0, 0.0, 0.0, 0.0, 0.0, 0.0, 0.0, 0.0, 0.0, 0.0, 0.0, 0.0, 0.0, 0.0, 0.0, 0.0, 0.0, 0.0, 0.0, 0.0, 0.0, 0.0, 0.0, 0.0, 0.0, 0.0, 0.0, 0.0, 0.0], [0.0, 0.0, 0.0, 0.0, 0.0, 1.0, 0.0, 0.0, 0.0, 0.0, 0.0, 0.0, 0.0, 0.0, 0.0, 0.0, 0.0, 0.0, 0.0, 0.0, 0.0, 0.0, 0.0, 0.0, 0.0, 0.0, 0.0, 0.0, 0.0, 0.0, 0.0, 0.0, 0.0, 0.0, 0.0, 0.0, 0.0, 0.0, 0.0, 0.0, 0.0, 0.0, 0.0, 0.0, 0.0, 0.0, 0.0, 0.0, 0.0, 0.0, 0.0, 0.0, 0.0, 0.0, 0.0, 0.0, 0.0, 0.0, 0.0, 0.0, 0.0, 0.0, 0.0, 0.0, 0.0, 0.0, 0.0, 0.0, 0.0, 0.0, 0.0, 0.0, 0.0, 0.0, 0.0, 0.0, 0.0, 0.0, 0.0, 0.0, 0.0, 0.0, 0.0, 0.0], [0.0, 0.0, 0.0, 0.0, 0.0, 0.0, 1.0, 0.0, 0.0, 0.0, 0.0, 0.0, 0.0, 0.0, 0.0, 0.0, 0.0, 0.0, 0.0, 0.0, 0.0, 0.0, 0.0, 0.0, 0.0, 0.0, 0.0, 0.0, 0.0, 0.0, 0.0, 0.0, 0.0, 0.0, 0.0, 0.0, 0.0, 0.0, 0.0, 0.0, 0.0, 0.0, 0.0, 0.0, 0.0, 0.0, 0.0, 0.0, 0.0, 0.0, 0.0, 0.0, 0.0, 0.0, 0.0, 0.0, 0.0, 0.0, 0.0, 0.0, 0.0, 0.0, 0.0, 0.0, 0.0, 0.0, 0.0, 0.0, 0.0, 0.0, 0.0, 0.0, 0.0, 0.0, 0.0, 0.0, 0.0, 0.0, 0.0, 0.0, 0.0, 0.0, 0.0, 0.0], [0.0, 0.0, 0.0, 0.0, 0.0, 0.0, 0.0, 1.0, 0.0, 0.0, 0.0, 0.0, 0.0, 0.0, 0.0, 0.0, 0.0, 0.0, 0.0, 0.0, 0.0, 0.0, 0.0, 0.0, 0.0, 0.0, 0.0, 0.0, 0.0, 0.0, 0.0, 0.0, 0.0, 0.0, 0.0, 0.0, 0.0, 0.0, 0.0, 0.0, 0.0, 0.0, 0.0, 0.0, 0.0, 0.0, 0.0, 0.0, 0.0, 0.0, 0.0, 0.0, 0.0, 0.0, 0.0, 0.0, 0.0, 0.0, 0.0, 0.0, 0.0, 0.0, 0.0, 0.0, 0.0, 0.0, 0.0, 0.0, 0.0, 0.0, 0.0, 0.0, 0.0, 0.0, 0.0, 0.0, 0.0, 0.0, 0.0, 0.0, 0.0, 0.0, 0.0, 0.0], [0.0, 0.0, 0.0, 0.0, 0.0, 0.0, 0.0, 0.0, 1.0, 0.0, 0.0, 0.0, 0.0, 0.0, 0.0, 0.0, 0.0, 0.0, 0.0, 0.0, 0.0, 0.0, 0.0, 0.0, 0.0, 0.0, 0.0, 0.0, 0.0, 0.0, 0.0, 0.0, 0.0, 0.0, 0.0, 0.0, 0.0, 0.0, 0.0, 0.0, 0.0, 0.0, 0.0, 0.0, 0.0, 0.0, 0.0, 0.0, 0.0, 0.0, 0.0, 0.0, 0.0, 0.0, 0.0, 0.0, 0.0, 0.0, 0.0, 0.0, 0.0, 0.0, 0.0, 0.0, 0.0, 0.0, 0.0, 0.0, 0.0, 0.0, 0.0, 0.0, 0.0, 0.0, 0.0, 0.0, 0.0, 0.0, 0.0, 0.0, 0.0, 0.0, 0.0, 0.0], [0.0, 0.0, 0.0, 0.2616119349614574, 0.0, 0.0, 0.0, 0.0, 0.0, 1.0, 0.16828385267083046, 0.33905951867600836, 3.193693957996354e-05, 0.0, 0.08522259357897052, 0.0, 0.0, 0.5000145079006019, 0.5227503270357433, 0.38838140765840473, 0.30979427472116255, 0.3471571271034001, 1.1254260124650513e-05, 0.0, 0.00018841397293488512, 0.08888941185142896, 0.0, 0.109639130005112, 0.0, 0.4183872147540497, 0.0, 0.0011213979286156433, 0.0, 1.9267959283463408e-05, 0.0, 0.0, 0.0, 0.0, 0.0, 0.25365350372371404, 0.00044103150044521146, 0.2804493106099654, 0.0, 0.0011272050911064345, 0.2783591227192527, 2.2119622486243188e-06, 0.44250024961721507, 0.021075682742627694, 0.0, 0.0, 0.0, 0.0, 1.564433536115848e-05, 0.37217315150348607, 0.0, 0.4797759608208637, 0.0, 0.003932550594065187, 0.0, 0.25470723289268277, 8.341820662081495e-05, 0.2768819682423461, 0.0, 5.4344459397081554e-05, 0.0, 0.0, 0.07140105960816012, 1.3929304949573927e-05, 0.0, 0.43849440677236023, 0.04302017333805895, 0.0, 1.2713059616518717e-05, 0.03973860466008758, 0.0, 0.35500079415421215, 0.0, 0.2873729762240526, 2.810921713427263e-05, 0.0, 4.7683715820312495e-07, 0.15569795796731034, 0.5412114437613704, 0.0], [0.0, 0.0, 0.0, 0.16052467220923455, 0.0, 0.0, 0.0, 0.0, 0.0, 0.16828385267083046, 1.0, 0.33949802113313166, 0.0, 0.0, 0.10138521580452281, 0.0, 0.0, 0.056900554250111916, 0.062499999999999986, 0.1391321790724424, 0.0, 0.3008430760512475, 0.0, 0.0, 0.0, 0.08570606091223565, 0.0, 0.304774833450391, 0.0, 0.10833463231360642, 0.0, 0.0, 0.0, 0.0, 0.0, 0.0, 0.0, 0.0, 0.0, 0.1370688901614667, 0.0, 0.00833806674067439, 0.0, 0.0, 0.13539124499344093, 0.0, 0.25, 0.0078125, 0.0, 0.0, 0.0, 0.0, 0.0, 0.0558050960707389, 0.0, 0.18760263436028746, 0.0, 0.0, 0.0, 0.06249999999999999, 0.0, 0.10846873056637932, 0.0, 0.0, 0.0, 0.0, 0.046148134919222726, 0.0, 0.0, 0.09032171645656992, 0.24375421723747184, 0.0, 0.0, 0.05746799232755863, 0.0, 0.14637494942902401, 0.0, 0.24999999999999997, 0.0, 0.0, 0.0, 0.12261149072054262, 0.23857228077092266, 0.0], [0.0, 0.0, 0.0, 0.4599286179174995, 0.0, 0.0, 0.0, 0.0, 0.0, 0.33905951867600836, 0.33949802113313166, 1.0, 4.4256224794497074e-05, 0.0, 0.10130344489171567, 0.0, 0.0, 0.5734039549619437, 0.09721095572683006, 0.5516503686538351, 0.06791488949694537, 0.5586195602388546, 1.2054134189048359e-05, 0.0, 0.00010326632729202208, 0.15709204258638354, 0.0, 0.3240053925495706, 0.0, 0.49001102245504924, 0.0, 0.0014032432156142092, 0.0, 4.5476388910121694e-05, 0.0, 0.0, 0.0, 0.0, 0.0, 0.14585336274304445, 0.00012207031249999999, 0.032406832226847156, 0.0, 0.002296039420599097, 0.6048895533013865, 9.891202205691655e-06, 0.33646267963682364, 0.01920231263598521, 0.0, 0.0, 0.0, 0.0, 3.0378764860636387e-05, 0.5349429657380361, 0.0, 0.6126119910498709, 0.0, 0.003694211543341676, 0.0, 0.40401267404455943, 0.0001322289255316715, 0.5763048008438445, 0.0, 8.029995281051001e-05, 0.0, 0.0, 0.09073181819221256, 5.191785011550043e-05, 0.0, 0.26648699854425056, 0.24368222630648817, 0.0, 3.362650522684438e-05, 0.061843454453157684, 0.0, 0.5397999514864884, 0.0, 0.42928113541545765, 5.82289945722577e-05, 0.0, 7.699000180642617e-07, 0.1578272784552601, 0.7447468695769459, 0.0], [0.0, 0.0, 0.0, 2.9903748473347287e-05, 0.0, 0.0, 0.0, 0.0, 0.0, 3.193693957996354e-05, 0.0, 4.4256224794497074e-05, 1.0, 0.0, 0.0, 0.0, 0.0, 4.318364358765489e-05, 2.288818359375e-05, 3.0974740532641046e-05, 1.5258789062500003e-05, 0.0, 0.0, 0.0, 0.0, 0.0, 0.0, 7.162341476363181e-05, 0.0, 2.031339427370887e-05, 0.0, 0.0, 0.0, 0.0, 0.0, 0.0, 0.0, 0.0, 0.0, 2.0648874160349832e-05, 0.0, 0.0, 0.0, 0.0, 4.477938698735084e-05, 0.0, 3.0517578125e-05, 0.0, 0.0, 0.0, 0.0, 0.0, 3.0517578125e-05, 4.670319468756241e-05, 0.0, 2.480440454191844e-05, 0.0, 1.7130780010614364e-05, 0.0, 7.629394531249998e-06, 1.5258789062499997e-05, 5.36868652280236e-05, 0.0, 1.52587890625e-05, 0.0, 0.0, 0.0, 1.5258789062499998e-05, 0.0, 2.8540847460458187e-05, 0.0, 0.0, 3.0517578125e-05, 0.0, 0.0, 2.6009425943955875e-05, 0.0, 1.5258789062499998e-05, 3.43450397422541e-05, 0.0, 0.0, 0.0, 5.757579796181464e-05, 0.0], [0.0, 0.0, 0.0, 0.0, 0.0, 0.0, 0.0, 0.0, 0.0, 0.0, 0.0, 0.0, 0.0, 1.0, 0.0, 0.0, 0.0, 0.0, 0.0, 0.0, 0.0, 0.0, 0.0, 0.0, 0.0, 0.0, 0.0, 0.0, 0.0, 0.0, 0.0, 0.0, 0.0, 0.0, 0.0, 0.0, 0.0, 0.0, 0.0, 0.0, 0.0, 0.0, 0.0, 0.0, 0.0, 0.0, 0.0, 0.0, 0.0, 0.0, 0.0, 0.0, 0.0, 0.0, 0.0, 0.0, 0.0, 0.0, 0.0, 0.0, 0.0, 0.0, 0.0, 0.0, 0.0, 0.0, 0.0, 0.0, 0.0, 0.0, 0.0, 0.0, 0.0, 0.0, 0.0, 0.0, 0.0, 0.0, 0.0, 0.0, 0.0, 0.0, 0.0, 0.0], [0.0, 0.0, 0.0, 0.09905268631195649, 0.0, 0.0, 0.0, 0.0, 0.0, 0.08522259357897052, 0.10138521580452281, 0.10130344489171567, 0.0, 0.0, 1.0, 0.0, 0.0, 0.08010013704220484, 0.0, 0.04087580672535321, 0.007251199748444983, 0.03867829673470475, 0.0, 0.0, 0.0, 0.08561228090922296, 0.0, 0.04166933683659902, 0.0, 0.09707472920058793, 0.0, 0.0029296875, 0.0, 0.0, 0.0, 0.0, 0.0, 0.0, 0.0, 0.09180760285725997, 0.0003662109374999999, 0.001953125, 0.0, 0.0029296874999999996, 0.062088882869284934, 0.0, 0.008158476698344517, 0.019019780547792298, 0.0, 0.0, 0.0, 0.0, 0.0, 0.10714342772055684, 0.0, 0.17333304973070224, 0.0, 0.0009765624999999998, 0.0, 0.0, 0.0, 0.07467719285780794, 0.0, 0.0, 0.0, 0.0, 0.05923059885047853, 0.0, 0.0, 0.06037122970020964, 0.0, 0.0, 0.0, 0.04371812708091465, 0.0, 0.020837478688936217, 0.0, 0.018743546686807555, 0.0, 0.0, 0.0, 0.03863694969937846, 0.06595054606200752, 0.0], [0.0, 0.0, 0.0, 0.0, 0.0, 0.0, 0.0, 0.0, 0.0, 0.0, 0.0, 0.0, 0.0, 0.0, 0.0, 1.0, 0.0, 0.0, 0.0, 0.0, 0.0, 0.0, 0.0, 0.0, 0.0, 0.0, 0.0, 0.0, 0.0, 0.0, 0.0, 0.0, 0.0, 0.0, 0.0, 0.0, 0.0, 0.0, 0.0, 0.0, 0.0, 0.0, 0.0, 0.0, 0.0, 0.0, 0.0, 0.0, 0.0, 0.0, 0.0, 0.0, 0.0, 0.0, 0.0, 0.0, 0.0, 0.0, 0.0, 0.0, 0.0, 0.0, 0.0, 0.0, 0.0, 0.0, 0.0, 0.0, 0.0, 0.0, 0.0, 0.0, 0.0, 0.0, 0.0, 0.0, 0.0, 0.0, 0.0, 0.0, 0.0, 0.0, 0.0, 0.0], [0.0, 0.0, 0.0, 0.0, 0.0, 0.0, 0.0, 0.0, 0.0, 0.0, 0.0, 0.0, 0.0, 0.0, 0.0, 0.0, 1.0, 0.0, 0.0, 0.0, 0.0, 0.0, 0.0, 0.0, 0.0, 0.0, 0.0, 0.0, 0.0, 0.0, 0.0, 0.0, 0.0, 0.0, 0.0, 0.0, 0.0, 0.0, 0.0, 0.0, 0.0, 0.0, 0.0, 0.0, 0.0, 0.0, 0.0, 0.0, 0.0, 0.0, 0.0, 0.0, 0.0, 0.0, 0.0, 0.0, 0.0, 0.0, 0.0, 0.0, 0.0, 0.0, 0.0, 0.0, 0.0, 0.0, 0.0, 0.0, 0.0, 0.0, 0.0, 0.0, 0.0, 0.0, 0.0, 0.0, 0.0, 0.0, 0.0, 0.0, 0.0, 0.0, 0.0, 0.0], [0.0, 0.0, 0.0, 0.3517407935381407, 0.0, 0.0, 0.0, 0.0, 0.0, 0.5000145079006019, 0.056900554250111916, 0.5734039549619437, 4.318364358765489e-05, 0.0, 0.08010013704220484, 0.0, 0.0, 1.0, 0.21868113781868573, 0.46295411550680576, 0.12917557570621424, 0.359714529107507, 1.082570532134525e-05, 0.0, 9.401130452609895e-05, 0.11787726617836786, 0.0, 0.09375315853229838, 0.0, 0.6517127361673141, 0.0, 0.0016130476699190942, 0.0, 5.8538063652493555e-05, 0.0, 0.0, 0.0, 0.0, 0.0, 0.3948421966064819, 0.000506276531846913, 0.13881737456045778, 0.0, 0.0021308947916190077, 0.7856907781964524, 4.869822084034175e-06, 0.2110819430640253, 0.023912958795321862, 0.0, 0.0, 0.0, 0.0, 3.368341431033122e-05, 0.5991900070821667, 0.0, 0.8302066207701011, 0.0, 0.000968863346148676, 0.0, 0.19918633576131936, 3.0208020581729706e-05, 0.6052578145434225, 0.0, 9.576550582421326e-05, 0.0, 0.0, 0.07663187029833887, 4.2416012512597365e-05, 0.0, 0.5715928704822448, 0.0425146049680544, 0.0, 4.0878270436652744e-05, 0.06226712227313095, 0.0, 0.8366780327412762, 0.0, 0.24374657748984963, 4.636987508815419e-05, 0.0, 3.457196385290746e-07, 0.35054527227964805, 0.7296351099138134, 0.0], [0.0, 0.0, 0.0, 0.24230008672819464, 0.0, 0.0, 0.0, 0.0, 0.0, 0.5227503270357433, 0.062499999999999986, 0.09721095572683006, 2.288818359375e-05, 0.0, 0.0, 0.0, 0.0, 0.21868113781868573, 1.0, 0.4194492279492076, 0.2410613655642927, 0.506177519831671, 5.949220798050696e-06, 0.0, 0.0, 0.0, 0.0, 0.06254565681244295, 0.0, 0.09937879050427331, 0.0, 0.0, 0.0, 9.536743164062499e-07, 0.0, 0.0, 0.0, 0.0, 0.0, 0.09382246478117154, 0.0, 0.47913048344868264, 0.0, 0.0, 0.31488000945518224, 9.108146908151403e-06, 0.3035668759728646, 0.0, 0.0, 0.0, 0.0, 0.0, 1.009999018597119e-05, 0.13346706318523435, 0.0, 0.23198286621314718, 0.0, 1.713078001061437e-05, 0.0, 0.30143999246694536, 1.5258789062500003e-05, 0.16992218161955464, 0.0, 2.3209506684772173e-05, 0.0, 0.0, 0.0, 1.52587890625e-05, 0.0, 0.6055280864693856, 0.04301854289335981, 0.0, 1.3086798180988545e-05, 0.0, 0.0, 0.30321024610734126, 0.0, 0.511456812460212, 2.4870546020252976e-05, 0.0, 4.76837158203125e-07, 0.09374999999999999, 0.29010904868269405, 0.0], [0.0, 0.0, 0.0, 0.5105018010289686, 0.0, 0.0, 0.0, 0.0, 0.0, 0.38838140765840473, 0.1391321790724424, 0.5516503686538351, 3.0974740532641046e-05, 0.0, 0.04087580672535321, 0.0, 0.0, 0.46295411550680576, 0.4194492279492076, 1.0, 0.14771497690510627, 0.5234510620674572, 5.057879327184165e-06, 0.0, 0.00020560462288168874, 0.09580156364603468, 0.0, 0.10987788603127085, 0.0, 0.37238537306302216, 0.0, 0.001007759088175358, 0.0, 1.3468423253002019e-05, 0.0, 0.0, 0.0, 0.0, 0.0, 0.26567762261764183, 0.0007609804583937813, 0.23455777068129366, 0.0, 0.001342416332649099, 0.5978193212800538, 6.525404289743708e-06, 0.23594119389318852, 0.0257871424110017, 0.0, 0.0, 0.0, 0.0, 7.981386141308968e-06, 0.3437089173521358, 0.0, 0.5158332458274909, 0.0, 0.0009958742018938774, 0.0, 0.49446549262124734, 6.0875005775319454e-05, 0.5990821037193238, 0.0, 4.8791491423981085e-05, 0.0, 0.0, 0.029219034477216525, 1.0773822793962105e-05, 0.0, 0.4658295803507648, 0.1088468510455945, 0.0, 7.633693659265943e-06, 0.03660591643688012, 0.0, 0.5072573348768346, 0.0, 0.4579099645323078, 3.323938019596722e-05, 0.0, 1.1680077279964342e-06, 0.21811052916956664, 0.6174917336657325, 0.0], [0.0, 0.0, 0.0, 0.1426311877328348, 0.0, 0.0, 0.0, 0.0, 0.0, 0.30979427472116255, 0.0, 0.06791488949694537, 1.5258789062500003e-05, 0.0, 0.007251199748444983, 0.0, 0.0, 0.12917557570621424, 0.2410613655642927, 0.14771497690510627, 1.0, 0.26638983026134216, 0.0, 0.0, 0.0, 0.005457941104752808, 0.0, 1.8678517826877602e-05, 0.0, 0.10785545245919119, 0.0, 0.00048828125, 0.0, 0.0, 0.0, 0.0, 0.0, 0.0, 0.0, 0.002557715593816951, 0.0, 0.12548828125, 0.0, 0.00146484375, 0.03175581221450537, 0.0, 0.5, 0.0034206317457479763, 0.0, 0.0, 0.0, 0.0, 0.0, 0.1300565054710813, 0.0, 0.13962414471874546, 0.0, 0.0009936932800106142, 0.0, 0.12500000000000003, 1.52587890625e-05, 0.12128206729100202, 0.0, 1.5258789062500003e-05, 0.0, 0.0, 0.0, 6.103515625e-05, 0.0, 0.15920049261838415, 0.0, 0.0, 0.0, 0.0, 0.0, 0.09237874872891218, 0.0, 0.3338753321284823, 4.026659831850481e-05, 0.0, 0.0, 0.003928421168970128, 0.15441565880069763, 0.0], [0.0, 0.0, 0.0, 0.13955155361964228, 0.0, 0.0, 0.0, 0.0, 0.0, 0.3471571271034001, 0.3008430760512475, 0.5586195602388546, 0.0, 0.0, 0.03867829673470475, 0.0, 0.0, 0.359714529107507, 0.506177519831671, 0.5234510620674572, 0.26638983026134216, 1.0, 0.0, 0.0, 0.0, 0.051031036307982884, 0.0, 0.28367507351919335, 0.0, 0.19241849182295412, 0.0, 0.0, 0.0, 0.0, 0.0, 0.0, 0.0, 0.0, 0.0, 0.11946109596617543, 0.0, 0.39348343469274744, 0.0, 0.0, 0.5502315353851428, 2.8610229492187496e-06, 0.5163941047319431, 0.0, 0.0, 0.0, 0.0, 0.0, 6.675720214843749e-06, 0.29944054482531746, 0.0, 0.32544445465433486, 0.0, 0.0, 0.0, 0.1871411132415454, 0.0, 0.2987471910776197, 0.0, 5.858644943243931e-07, 0.0, 0.0, 0.039045818556198736, 0.0, 0.0, 0.5874563849442933, 0.2437542172374719, 0.0, 0.0, 0.018340224581606307, 0.0, 0.4245142256161842, 0.0, 0.7417124786703531, 0.0, 0.0, 5.85864494324393e-07, 0.11284017503946249, 0.45631247239142686, 0.0], [0.0, 0.0, 0.0, 4.880343073569757e-06, 0.0, 0.0, 0.0, 0.0, 0.0, 1.1254260124650513e-05, 0.0, 1.2054134189048359e-05, 0.0, 0.0, 0.0, 0.0, 0.0, 1.082570532134525e-05, 5.949220798050696e-06, 5.057879327184165e-06, 0.0, 0.0, 1.0, 0.0, 0.0, 0.0, 0.0, 3.606966865928289e-06, 0.0, 1.3417490111858075e-06, 0.0, 0.0, 0.0, 9.5367431640625e-07, 0.0, 0.0, 0.0, 0.0, 0.0, 2.1324805998800176e-06, 0.0, 4.76837158203125e-06, 0.0, 0.0, 4.492198974488406e-07, 1.4925826382437342e-06, 4.980354537280549e-06, 0.0, 0.0, 0.0, 0.0, 0.0, 9.536743164062499e-07, 1.5258789062499995e-05, 0.0, 0.0, 0.0, 0.0, 0.0, 9.5367431640625e-07, 0.0, 1.0439221524621314e-05, 0.0, 7.62939453125e-06, 0.0, 0.0, 0.0, 0.0, 0.0, 2.9744619242782863e-06, 4.4212753875515846e-06, 0.0, 6.064547049582798e-06, 0.0, 0.0, 1.8762700722909606e-05, 0.0, 0.0, 0.0, 0.0, 0.0, 0.0, 1.1100758505316155e-05, 0.0], [0.0, 0.0, 0.0, 0.0, 0.0, 0.0, 0.0, 0.0, 0.0, 0.0, 0.0, 0.0, 0.0, 0.0, 0.0, 0.0, 0.0, 0.0, 0.0, 0.0, 0.0, 0.0, 0.0, 1.0, 0.0, 0.0, 0.0, 0.0, 0.0, 0.0, 0.0, 0.0, 0.0, 0.0, 0.0, 0.0, 0.0, 0.0, 0.0, 0.0, 0.0, 0.0, 0.0, 0.0, 0.0, 0.0, 0.0, 0.0, 0.0, 0.0, 0.0, 0.0, 0.0, 0.0, 0.0, 0.0, 0.0, 0.0, 0.0, 0.0, 0.0, 0.0, 0.0, 0.0, 0.0, 0.0, 0.0, 0.0, 0.0, 0.0, 0.0, 0.0, 0.0, 0.0, 0.0, 0.0, 0.0, 0.0, 0.0, 0.0, 0.0, 0.0, 0.0, 0.0], [0.0, 0.0, 0.0, 0.00018721608736528366, 0.0, 0.0, 0.0, 0.0, 0.0, 0.00018841397293488512, 0.0, 0.00010326632729202208, 0.0, 0.0, 0.0, 0.0, 0.0, 9.401130452609895e-05, 0.0, 0.00020560462288168874, 0.0, 0.0, 0.0, 0.0, 1.0, 0.0, 0.0, 6.197551777619674e-05, 0.0, 0.00012560931528992345, 0.0, 0.0, 0.0, 0.0, 0.0, 0.0, 0.0, 0.0, 0.0, 9.966999278902904e-05, 0.0, 0.0, 0.0, 0.0, 0.0001478087124861998, 0.0, 0.0, 0.0, 0.0, 0.0, 0.0, 0.0, 0.0, 1.1246939637856718e-05, 0.0, 7.94896064854639e-05, 0.0, 0.0, 0.0, 0.0, 0.0, 0.00011258160740148005, 0.0, 0.0, 0.0, 0.0, 0.0, 0.0, 0.0, 5.010583009453129e-06, 0.0, 0.0, 0.0, 0.0, 0.0, 0.00011247787218314218, 0.0, 0.00013368568275251062, 0.0, 0.0, 0.0, 0.0, 7.937295920974263e-05, 0.0], [0.0, 0.0, 0.0, 0.12205570028789187, 0.0, 0.0, 0.0, 0.0, 0.0, 0.08888941185142896, 0.08570606091223565, 0.15709204258638354, 0.0, 0.0, 0.08561228090922296, 0.0, 0.0, 0.11787726617836786, 0.0, 0.09580156364603468, 0.005457941104752808, 0.051031036307982884, 0.0, 0.0, 0.0, 1.0, 0.0, 0.08246599335629787, 0.0, 0.113443534757095, 0.0, 0.001953125, 0.0, 0.0, 0.0, 0.0, 0.0, 0.0, 0.0, 0.040683969720494775, 0.0, 0.031231086217121312, 0.0, 0.0039504691617183035, 0.055477141782786725, 0.0, 0.06124063649661587, 0.03405012628126854, 0.0, 0.0, 0.0, 0.0, 0.0, 0.123876090325613, 0.0, 0.16755433856570986, 0.0, 0.001582801033814505, 0.0, 0.0, 0.0, 0.11945708298331052, 0.0, 0.0, 0.0, 0.0, 0.09257860050159461, 0.0, 0.0, 0.09540596449012023, 0.0, 0.0, 0.0, 0.07265517470470341, 0.0, 0.05479585937546426, 0.0, 0.0077651032025965894, 0.0, 0.0, 0.0, 0.11333132364593225, 0.11574131655158637, 0.0], [0.0, 0.0, 0.0, 0.0, 0.0, 0.0, 0.0, 0.0, 0.0, 0.0, 0.0, 0.0, 0.0, 0.0, 0.0, 0.0, 0.0, 0.0, 0.0, 0.0, 0.0, 0.0, 0.0, 0.0, 0.0, 0.0, 1.0, 0.0, 0.0, 0.0, 0.0, 0.0, 0.0, 0.0, 0.0, 0.0, 0.0, 0.0, 0.0, 0.0, 0.0, 0.0, 0.0, 0.0, 0.0, 0.0, 0.0, 0.0, 0.0, 0.0, 0.0, 0.0, 0.0, 0.0, 0.0, 0.0, 0.0, 0.0, 0.0, 0.0, 0.0, 0.0, 0.0, 0.0, 0.0, 0.0, 0.0, 0.0, 0.0, 0.0, 0.0, 0.0, 0.0, 0.0, 0.0, 0.0, 0.0, 0.0, 0.0, 0.0, 0.0, 0.0, 0.0, 0.0], [0.0, 0.0, 0.0, 0.20736027493898354, 0.0, 0.0, 0.0, 0.0, 0.0, 0.109639130005112, 0.304774833450391, 0.3240053925495706, 7.162341476363181e-05, 0.0, 0.04166933683659902, 0.0, 0.0, 0.09375315853229838, 0.06254565681244295, 0.10987788603127085, 1.8678517826877602e-05, 0.28367507351919335, 3.606966865928289e-06, 0.0, 6.197551777619674e-05, 0.08246599335629787, 0.0, 1.0, 0.0, 0.16121580221774118, 0.0, 0.0, 0.0, 4.701938106451304e-05, 0.0, 0.0, 0.0, 0.0, 0.0, 0.13392661671328182, 0.0, 1.5775040269560077e-05, 0.0, 0.0, 0.084901405067435, 3.961070709193612e-06, 0.2500172637995535, 0.0, 0.0, 0.0, 0.0, 0.0, 2.2000835321169703e-05, 0.12465914026146702, 0.0, 0.1356745490911658, 0.0, 1.7086707954033523e-05, 0.0, 0.06253429162261412, 1.6354592111504954e-05, 0.1296321670179341, 0.0, 6.424409055332604e-05, 0.0, 0.0, 0.123721410503209, 1.867851782687761e-05, 0.0, 0.0584642083283821, 0.24375746151667488, 0.0, 1.885119908456112e-05, 0.12380269349142956, 0.0, 0.15806895322208986, 0.0, 0.2501156107777195, 3.130351871898153e-05, 0.0, 1.1373956915979649e-06, 0.18429647566902518, 0.17536726587932008, 0.0], [0.0, 0.0, 0.0, 0.0, 0.0, 0.0, 0.0, 0.0, 0.0, 0.0, 0.0, 0.0, 0.0, 0.0, 0.0, 0.0, 0.0, 0.0, 0.0, 0.0, 0.0, 0.0, 0.0, 0.0, 0.0, 0.0, 0.0, 0.0, 1.0, 0.0, 0.0, 0.0, 0.0, 0.0, 0.0, 0.0, 0.0, 0.0, 0.0, 0.0, 0.0, 0.0, 0.0, 0.0, 0.0, 0.0, 0.0, 0.0, 0.0, 0.0, 0.0, 0.0, 0.0, 0.0, 0.0, 0.0, 0.0, 0.0, 0.0, 0.0, 0.0, 0.0, 0.0, 0.0, 0.0, 0.0, 0.0, 0.0, 0.0, 0.0, 0.0, 0.0, 0.0, 0.0, 0.0, 0.0, 0.0, 0.0, 0.0, 0.0, 0.0, 0.0, 0.0, 0.0], [0.0, 0.0, 0.0, 0.6572605556850701, 0.0, 0.0, 0.0, 0.0, 0.0, 0.4183872147540497, 0.10833463231360642, 0.49001102245504924, 2.031339427370887e-05, 0.0, 0.09707472920058793, 0.0, 0.0, 0.6517127361673141, 0.09937879050427331, 0.37238537306302216, 0.10785545245919119, 0.19241849182295412, 1.3417490111858075e-06, 0.0, 0.00012560931528992345, 0.113443534757095, 0.0, 0.16121580221774118, 0.0, 1.0, 0.0, 0.00033903496999107584, 0.0, 1.2703477870660137e-05, 0.0, 0.0, 0.0, 0.0, 0.0, 0.3480858381404024, 0.0004610775760210747, 0.19117782297345107, 0.0, 0.0012504337567899692, 0.5771472009895999, 7.720687065904173e-06, 0.19261456539685723, 0.02406019590108907, 0.0, 0.0, 0.0, 0.0, 2.378748858198746e-05, 0.4740138102751319, 0.0, 0.6864611350520273, 0.0, 0.001053545444745747, 0.0, 0.31666629855697886, 8.83581383745267e-05, 0.6074156821934986, 0.0, 8.552835851412939e-05, 0.0, 0.0, 0.1539996258595935, 2.3905030101221983e-05, 0.0, 0.3707868272977729, 0.011962194474849329, 0.0, 2.3139039008222745e-05, 0.12070511022124403, 0.0, 0.7314283105028316, 0.0, 0.17450010547953243, 1.7879214346267728e-05, 0.0, 6.974693697391462e-07, 0.3766589287096556, 0.514166240235996, 0.0], [0.0, 0.0, 0.0, 0.0, 0.0, 0.0, 0.0, 0.0, 0.0, 0.0, 0.0, 0.0, 0.0, 0.0, 0.0, 0.0, 0.0, 0.0, 0.0, 0.0, 0.0, 0.0, 0.0, 0.0, 0.0, 0.0, 0.0, 0.0, 0.0, 0.0, 1.0, 0.0, 0.0, 0.0, 0.0, 0.0, 0.0, 0.0, 0.0, 0.0, 0.0, 0.0, 0.0, 0.0, 0.0, 0.0, 0.0, 0.0, 0.0, 0.0, 0.0, 0.0, 0.0, 0.0, 0.0, 0.0, 0.0, 0.0, 0.0, 0.0, 0.0, 0.0, 0.0, 0.0, 0.0, 0.0, 0.0, 0.0, 0.0, 0.0, 0.0, 0.0, 0.0, 0.0, 0.0, 0.0, 0.0, 0.0, 0.0, 0.0, 0.0, 0.0, 0.0, 0.0], [0.0, 0.0, 0.0, 0.0013011222074037316, 0.0, 0.0, 0.0, 0.0, 0.0, 0.0011213979286156433, 0.0, 0.0014032432156142092, 0.0, 0.0, 0.0029296875, 0.0, 0.0, 0.0016130476699190942, 0.0, 0.001007759088175358, 0.00048828125, 0.0, 0.0, 0.0, 0.0, 0.001953125, 0.0, 0.0, 0.0, 0.00033903496999107584, 0.0, 1.0, 0.0, 0.0, 0.0, 0.0, 0.0, 0.0, 0.0, 0.0015081852082961102, 0.00024414062500000005, 0.001953125, 0.0, 0.001953125, 0.0004679472570202698, 0.0, 0.0, 0.0008269734794408695, 0.0, 0.0, 0.0, 0.0, 0.0, 0.0013672297772593096, 0.0, 0.0007603267007316611, 0.0, 0.0, 0.0, 0.0, 0.0, 0.0010433580338224252, 0.0, 0.0, 0.0, 0.0, 0.0, 0.0, 0.0, 0.00042676025125996096, 0.0, 0.0, 0.0, 0.0, 0.0, 0.0015244712519669862, 0.0, 0.000244140625, 0.0, 0.0, 0.0, 0.0007653261044885687, 0.0024768592000070063, 0.0], [0.0, 0.0, 0.0, 0.0, 0.0, 0.0, 0.0, 0.0, 0.0, 0.0, 0.0, 0.0, 0.0, 0.0, 0.0, 0.0, 0.0, 0.0, 0.0, 0.0, 0.0, 0.0, 0.0, 0.0, 0.0, 0.0, 0.0, 0.0, 0.0, 0.0, 0.0, 0.0, 1.0, 0.0, 0.0, 0.0, 0.0, 0.0, 0.0, 0.0, 0.0, 0.0, 0.0, 0.0, 0.0, 0.0, 0.0, 0.0, 0.0, 0.0, 0.0, 0.0, 0.0, 0.0, 0.0, 0.0, 0.0, 0.0, 0.0, 0.0, 0.0, 0.0, 0.0, 0.0, 0.0, 0.0, 0.0, 0.0, 0.0, 0.0, 0.0, 0.0, 0.0, 0.0, 0.0, 0.0, 0.0, 0.0, 0.0, 0.0, 0.0, 0.0, 0.0, 0.0], [0.0, 0.0, 0.0, 4.068189978993478e-05, 0.0, 0.0, 0.0, 0.0, 0.0, 1.9267959283463408e-05, 0.0, 4.5476388910121694e-05, 0.0, 0.0, 0.0, 0.0, 0.0, 5.8538063652493555e-05, 9.536743164062499e-07, 1.3468423253002019e-05, 0.0, 0.0, 9.5367431640625e-07, 0.0, 0.0, 0.0, 0.0, 4.701938106451304e-05, 0.0, 1.2703477870660137e-05, 0.0, 0.0, 0.0, 1.0, 0.0, 0.0, 0.0, 0.0, 0.0, 3.088862536917784e-05, 0.0, 9.536743164062499e-07, 0.0, 0.0, 7.89998157752552e-05, 9.416293154020871e-07, 3.7483880892452985e-06, 0.0, 0.0, 0.0, 0.0, 0.0, 9.5367431640625e-07, 5.659300698580544e-05, 0.0, 0.0, 0.0, 0.0, 0.0, 0.00011945455716703706, 3.2239532104542185e-05, 2.9040154237990425e-05, 0.0, 0.00012290320879880496, 0.0, 0.0, 0.0, 0.0, 0.0, 6.119381237181963e-05, 0.0, 0.0, 0.0, 0.0, 0.0, 3.1175965720998394e-05, 0.0, 4.253187201162682e-05, 0.0, 0.0, 0.0, 0.0, 2.311580419397136e-06, 0.0], [0.0, 0.0, 0.0, 0.0, 0.0, 0.0, 0.0, 0.0, 0.0, 0.0, 0.0, 0.0, 0.0, 0.0, 0.0, 0.0, 0.0, 0.0, 0.0, 0.0, 0.0, 0.0, 0.0, 0.0, 0.0, 0.0, 0.0, 0.0, 0.0, 0.0, 0.0, 0.0, 0.0, 0.0, 1.0, 0.0, 0.0, 0.0, 0.0, 0.0, 0.0, 0.0, 0.0, 0.0, 0.0, 0.0, 0.0, 0.0, 0.0, 0.0, 0.0, 0.0, 0.0, 0.0, 0.0, 0.0, 0.0, 0.0, 0.0, 0.0, 0.0, 0.0, 0.0, 0.0, 0.0, 0.0, 0.0, 0.0, 0.0, 0.0, 0.0, 0.0, 0.0, 0.0, 0.0, 0.0, 0.0, 0.0, 0.0, 0.0, 0.0, 0.0, 0.0, 0.0], [0.0, 0.0, 0.0, 0.0, 0.0, 0.0, 0.0, 0.0, 0.0, 0.0, 0.0, 0.0, 0.0, 0.0, 0.0, 0.0, 0.0, 0.0, 0.0, 0.0, 0.0, 0.0, 0.0, 0.0, 0.0, 0.0, 0.0, 0.0, 0.0, 0.0, 0.0, 0.0, 0.0, 0.0, 0.0, 1.0, 0.0, 0.0, 0.0, 0.0, 0.0, 0.0, 0.0, 0.0, 0.0, 0.0, 0.0, 0.0, 0.0, 0.0, 0.0, 0.0, 0.0, 0.0, 0.0, 0.0, 0.0, 0.0, 0.0, 0.0, 0.0, 0.0, 0.0, 0.0, 0.0, 0.0, 0.0, 0.0, 0.0, 0.0, 0.0, 0.0, 0.0, 0.0, 0.0, 0.0, 0.0, 0.0, 0.0, 0.0, 0.0, 0.0, 0.0, 0.0], [0.0, 0.0, 0.0, 0.0, 0.0, 0.0, 0.0, 0.0, 0.0, 0.0, 0.0, 0.0, 0.0, 0.0, 0.0, 0.0, 0.0, 0.0, 0.0, 0.0, 0.0, 0.0, 0.0, 0.0, 0.0, 0.0, 0.0, 0.0, 0.0, 0.0, 0.0, 0.0, 0.0, 0.0, 0.0, 0.0, 1.0, 0.0, 0.0, 0.0, 0.0, 0.0, 0.0, 0.0, 0.0, 0.0, 0.0, 0.0, 0.0, 0.0, 0.0, 0.0, 0.0, 0.0, 0.0, 0.0, 0.0, 0.0, 0.0, 0.0, 0.0, 0.0, 0.0, 0.0, 0.0, 0.0, 0.0, 0.0, 0.0, 0.0, 0.0, 0.0, 0.0, 0.0, 0.0, 0.0, 0.0, 0.0, 0.0, 0.0, 0.0, 0.0, 0.0, 0.0], [0.0, 0.0, 0.0, 0.0, 0.0, 0.0, 0.0, 0.0, 0.0, 0.0, 0.0, 0.0, 0.0, 0.0, 0.0, 0.0, 0.0, 0.0, 0.0, 0.0, 0.0, 0.0, 0.0, 0.0, 0.0, 0.0, 0.0, 0.0, 0.0, 0.0, 0.0, 0.0, 0.0, 0.0, 0.0, 0.0, 0.0, 1.0, 0.0, 0.0, 0.0, 0.0, 0.0, 0.0, 0.0, 0.0, 0.0, 0.0, 0.0, 0.0, 0.0, 0.0, 0.0, 0.0, 0.0, 0.0, 0.0, 0.0, 0.0, 0.0, 0.0, 0.0, 0.0, 0.0, 0.0, 0.0, 0.0, 0.0, 0.0, 0.0, 0.0, 0.0, 0.0, 0.0, 0.0, 0.0, 0.0, 0.0, 0.0, 0.0, 0.0, 0.0, 0.0, 0.0], [0.0, 0.0, 0.0, 0.0, 0.0, 0.0, 0.0, 0.0, 0.0, 0.0, 0.0, 0.0, 0.0, 0.0, 0.0, 0.0, 0.0, 0.0, 0.0, 0.0, 0.0, 0.0, 0.0, 0.0, 0.0, 0.0, 0.0, 0.0, 0.0, 0.0, 0.0, 0.0, 0.0, 0.0, 0.0, 0.0, 0.0, 0.0, 1.0, 0.0, 0.0, 0.0, 0.0, 0.0, 0.0, 0.0, 0.0, 0.0, 0.0, 0.0, 0.0, 0.0, 0.0, 0.0, 0.0, 0.0, 0.0, 0.0, 0.0, 0.0, 0.0, 0.0, 0.0, 0.0, 0.0, 0.0, 0.0, 0.0, 0.0, 0.0, 0.0, 0.0, 0.0, 0.0, 0.0, 0.0, 0.0, 0.0, 0.0, 0.0, 0.0, 0.0, 0.0, 0.0], [0.0, 0.0, 0.0, 0.41320189794951867, 0.0, 0.0, 0.0, 0.0, 0.0, 0.25365350372371404, 0.1370688901614667, 0.14585336274304445, 2.0648874160349832e-05, 0.0, 0.09180760285725997, 0.0, 0.0, 0.3948421966064819, 0.09382246478117154, 0.26567762261764183, 0.002557715593816951, 0.11946109596617543, 2.1324805998800176e-06, 0.0, 9.966999278902904e-05, 0.040683969720494775, 0.0, 0.13392661671328182, 0.0, 0.3480858381404024, 0.0, 0.0015081852082961102, 0.0, 3.088862536917784e-05, 0.0, 0.0, 0.0, 0.0, 0.0, 1.0, 0.00048508250451350537, 0.0028297587757260163, 0.0, 0.0024715893566099488, 0.4316897178608272, 3.709439760559511e-06, 0.09840536207269816, 0.014325009468642791, 0.0, 0.0, 0.0, 0.0, 9.94014655447538e-06, 0.11975958110330204, 0.0, 0.35038389468521486, 0.0, 0.0013574598558408464, 0.0, 0.06255610763659374, 2.8241587430484826e-05, 0.4238165808535105, 0.0, 5.579515706253865e-05, 0.0, 0.0, 0.08187011773445749, 1.3916729760958936e-05, 0.0, 0.38699206534516317, 0.0788616585180056, 0.0, 4.947948276191033e-06, 0.06990121652888696, 0.0, 0.4181126311733232, 0.0, 0.07248823563570592, 2.4067906711155388e-05, 0.0, 4.7683715820312495e-07, 0.3520510902004359, 0.32421319855977737, 0.0], [0.0, 0.0, 0.0, 0.0011101437138797948, 0.0, 0.0, 0.0, 0.0, 0.0, 0.00044103150044521146, 0.0, 0.00012207031249999999, 0.0, 0.0, 0.0003662109374999999, 0.0, 0.0, 0.000506276531846913, 0.0, 0.0007609804583937813, 0.0, 0.0, 0.0, 0.0, 0.0, 0.0, 0.0, 0.0, 0.0, 0.0004610775760210747, 0.0, 0.00024414062500000005, 0.0, 0.0, 0.0, 0.0, 0.0, 0.0, 0.0, 0.00048508250451350537, 1.0, 0.0, 0.0, 0.0, 0.00032590866105588107, 0.0, 0.0, 0.0004969104548404142, 0.0, 0.0, 0.0, 0.0, 0.0, 0.0007713848393153633, 0.0, 0.0007435738637252436, 0.0, 0.0, 0.0, 0.0, 0.0, 0.0007299518874663668, 0.0, 0.0, 0.0, 0.0, 0.0, 0.0, 0.0, 0.001248348563086149, 0.0, 0.0, 0.0, 0.0, 0.0, 0.001026856402492876, 0.0, 0.0003662109375, 0.0, 0.0, 0.0, 0.0003903166479804488, 0.0009403608359515223, 0.0], [0.0, 0.0, 0.0, 0.21274698926181293, 0.0, 0.0, 0.0, 0.0, 0.0, 0.2804493106099654, 0.00833806674067439, 0.032406832226847156, 0.0, 0.0, 0.001953125, 0.0, 0.0, 0.13881737456045778, 0.47913048344868264, 0.23455777068129366, 0.12548828125, 0.39348343469274744, 4.76837158203125e-06, 0.0, 0.0, 0.031231086217121312, 0.0, 1.5775040269560077e-05, 0.0, 0.19117782297345107, 0.0, 0.001953125, 0.0, 9.536743164062499e-07, 0.0, 0.0, 0.0, 0.0, 0.0, 0.0028297587757260163, 0.0, 1.0, 0.0, 0.001953125, 0.2629250852815372, 5.47351923156934e-06, 0.12500691576060727, 0.03173102198938069, 0.0, 0.0, 0.0, 0.0, 8.583068847656248e-06, 0.14997585925561918, 0.0, 0.14707452818653285, 0.0, 0.0, 0.0, 0.12500095367431638, 0.0, 0.12211507627341885, 0.0, 1.668930053710938e-05, 0.0, 0.0, 0.0, 0.0, 0.0, 0.5079927122614638, 4.421275387551585e-06, 0.0, 6.064547049582798e-06, 0.0, 0.0, 0.14130656242013434, 0.0, 0.3812823171788175, 0.0, 0.0, 4.768371582031249e-07, 0.012004580374258446, 0.12024881454437049, 0.0], [0.0, 0.0, 0.0, 0.0, 0.0, 0.0, 0.0, 0.0, 0.0, 0.0, 0.0, 0.0, 0.0, 0.0, 0.0, 0.0, 0.0, 0.0, 0.0, 0.0, 0.0, 0.0, 0.0, 0.0, 0.0, 0.0, 0.0, 0.0, 0.0, 0.0, 0.0, 0.0, 0.0, 0.0, 0.0, 0.0, 0.0, 0.0, 0.0, 0.0, 0.0, 0.0, 1.0, 0.0, 0.0, 0.0, 0.0, 0.0, 0.0, 0.0, 0.0, 0.0, 0.0, 0.0, 0.0, 0.0, 0.0, 0.0, 0.0, 0.0, 0.0, 0.0, 0.0, 0.0, 0.0, 0.0, 0.0, 0.0, 0.0, 0.0, 0.0, 0.0, 0.0, 0.0, 0.0, 0.0, 0.0, 0.0, 0.0, 0.0, 0.0, 0.0, 0.0, 0.0], [0.0, 0.0, 0.0, 0.0028352389962493785, 0.0, 0.0, 0.0, 0.0, 0.0, 0.0011272050911064345, 0.0, 0.002296039420599097, 0.0, 0.0, 0.0029296874999999996, 0.0, 0.0, 0.0021308947916190077, 0.0, 0.001342416332649099, 0.00146484375, 0.0, 0.0, 0.0, 0.0, 0.0039504691617183035, 0.0, 0.0, 0.0, 0.0012504337567899692, 0.0, 0.001953125, 0.0, 0.0, 0.0, 0.0, 0.0, 0.0, 0.0, 0.0024715893566099488, 0.0, 0.001953125, 0.0, 1.0, 0.0015426258739733073, 0.0, 0.0, 0.0033308824981752205, 0.0, 0.0, 0.0, 0.0, 0.0, 0.002046531399024852, 0.0, 0.0005736968354552157, 0.0, 0.0009765624999999998, 0.0, 0.0, 0.0, 0.003137795002208431, 0.0, 0.0, 0.0, 0.0, 0.0, 0.0, 0.0, 0.0011440415870532313, 0.0, 0.0, 0.0, 0.0, 0.0, 0.0021212166145768876, 0.0, 0.0, 0.0, 0.0, 0.0, 0.0014265288809923056, 0.0034424227318669417, 0.0], [0.0, 0.0, 0.0, 0.5001793102872466, 0.0, 0.0, 0.0, 0.0, 0.0, 0.2783591227192527, 0.13539124499344093, 0.6048895533013865, 4.477938698735084e-05, 0.0, 0.062088882869284934, 0.0, 0.0, 0.7856907781964524, 0.31488000945518224, 0.5978193212800538, 0.03175581221450537, 0.5502315353851428, 4.492198974488406e-07, 0.0, 0.0001478087124861998, 0.055477141782786725, 0.0, 0.084901405067435, 0.0, 0.5771472009895999, 0.0, 0.0004679472570202698, 0.0, 7.89998157752552e-05, 0.0, 0.0, 0.0, 0.0, 0.0, 0.4316897178608272, 0.00032590866105588107, 0.2629250852815372, 0.0, 0.0015426258739733073, 1.0, 4.627063254265767e-06, 0.09596315444996432, 0.03004528407895215, 0.0, 0.0, 0.0, 0.0, 3.288935807900683e-05, 0.5546874449300769, 0.0, 0.7292546244282572, 0.0, 0.001213744073668886, 0.0, 0.2824621864564823, 0.00011608615002048223, 0.6533438957520259, 0.0, 0.00010205970222704276, 0.0, 0.0, 0.06977423943479065, 1.4492751988868501e-05, 0.0, 0.75035177557742, 0.04651403847718872, 0.0, 3.3543650578957684e-05, 0.03750718804249907, 0.0, 0.7389961947800414, 0.0, 0.39518371450367473, 2.362196985769275e-05, 0.0, 1.8757154505935262e-06, 0.3317234937675334, 0.6921557246442012, 0.0], [0.0, 0.0, 0.0, 3.580497895330894e-06, 0.0, 0.0, 0.0, 0.0, 0.0, 2.2119622486243188e-06, 0.0, 9.891202205691655e-06, 0.0, 0.0, 0.0, 0.0, 0.0, 4.869822084034175e-06, 9.108146908151403e-06, 6.525404289743708e-06, 0.0, 2.8610229492187496e-06, 1.4925826382437342e-06, 0.0, 0.0, 0.0, 0.0, 3.961070709193612e-06, 0.0, 7.720687065904173e-06, 0.0, 0.0, 0.0, 9.416293154020871e-07, 0.0, 0.0, 0.0, 0.0, 0.0, 3.709439760559511e-06, 0.0, 5.47351923156934e-06, 0.0, 0.0, 4.627063254265767e-06, 1.0, 7.695735749538332e-06, 0.0, 0.0, 0.0, 0.0, 0.0, 3.399931271056234e-06, 0.0, 0.0, 0.0, 0.0, 0.0, 0.0, 3.6062399313271433e-07, 0.0, 8.78644979924191e-06, 0.0, 1.4925826382437342e-06, 0.0, 0.0, 0.0, 0.0, 0.0, 2.936670825703028e-06, 0.0, 0.0, 0.0, 0.0, 0.0, 5.617551050412594e-06, 0.0, 0.0, 0.0, 0.0, 0.0, 0.0, 2.826241434724992e-06, 0.0], [0.0, 0.0, 0.0, 0.2611219298668776, 0.0, 0.0, 0.0, 0.0, 0.0, 0.44250024961721507, 0.25, 0.33646267963682364, 3.0517578125e-05, 0.0, 0.008158476698344517, 0.0, 0.0, 0.2110819430640253, 0.3035668759728646, 0.23594119389318852, 0.5, 0.5163941047319431, 4.980354537280549e-06, 0.0, 0.0, 0.06124063649661587, 0.0, 0.2500172637995535, 0.0, 0.19261456539685723, 0.0, 0.0, 0.0, 3.7483880892452985e-06, 0.0, 0.0, 0.0, 0.0, 0.0, 0.09840536207269816, 0.0, 0.12500691576060727, 0.0, 0.0, 0.09596315444996432, 7.695735749538332e-06, 1.0, 0.003987447192960867, 0.0, 0.0, 0.0, 0.0, 3.453288246404598e-05, 0.1498075609660393, 0.0, 0.2496659962705909, 0.0, 0.0, 0.0, 0.18750879505180293, 0.0, 0.22187075869980494, 0.0, 4.9803545372805495e-06, 0.0, 0.0, 0.019339148367352375, 0.0, 0.0, 0.202965801819537, 0.2437583586853032, 0.0, 4.237101099463911e-05, 0.0, 0.0, 0.16648828458275297, 0.0, 0.5864260714525698, 0.0, 0.0, 0.0, 0.0661606072591116, 0.347549922565571, 0.0], [0.0, 0.0, 0.0, 0.021925323144641032, 0.0, 0.0, 0.0, 0.0, 0.0, 0.021075682742627694, 0.0078125, 0.01920231263598521, 0.0, 0.0, 0.019019780547792298, 0.0, 0.0, 0.023912958795321862, 0.0, 0.0257871424110017, 0.0034206317457479763, 0.0, 0.0, 0.0, 0.0, 0.03405012628126854, 0.0, 0.0, 0.0, 0.02406019590108907, 0.0, 0.0008269734794408695, 0.0, 0.0, 0.0, 0.0, 0.0, 0.0, 0.0, 0.014325009468642791, 0.0004969104548404142, 0.03173102198938069, 0.0, 0.0033308824981752205, 0.03004528407895215, 0.0, 0.003987447192960867, 1.0, 0.0, 0.0, 0.0, 0.0, 0.0, 0.039429210619262745, 0.0, 0.03251584018108269, 0.0, 0.0002729908428963328, 0.0, 0.0, 0.0, 0.020134559082032547, 0.0, 0.0, 0.0, 0.0, 0.0, 0.0, 0.0, 0.034222999845695976, 0.0, 0.0, 0.0, 0.0, 0.0, 0.021883019397723556, 0.0, 0.017590586252649542, 0.0, 0.0, 0.0, 0.023332676918947977, 0.015983282882356144, 0.0], [0.0, 0.0, 0.0, 0.0, 0.0, 0.0, 0.0, 0.0, 0.0, 0.0, 0.0, 0.0, 0.0, 0.0, 0.0, 0.0, 0.0, 0.0, 0.0, 0.0, 0.0, 0.0, 0.0, 0.0, 0.0, 0.0, 0.0, 0.0, 0.0, 0.0, 0.0, 0.0, 0.0, 0.0, 0.0, 0.0, 0.0, 0.0, 0.0, 0.0, 0.0, 0.0, 0.0, 0.0, 0.0, 0.0, 0.0, 0.0, 1.0, 0.0, 0.0, 0.0, 0.0, 0.0, 0.0, 0.0, 0.0, 0.0, 0.0, 0.0, 0.0, 0.0, 0.0, 0.0, 0.0, 0.0, 0.0, 0.0, 0.0, 0.0, 0.0, 0.0, 0.0, 0.0, 0.0, 0.0, 0.0, 0.0, 0.0, 0.0, 0.0, 0.0, 0.0, 0.0], [0.0, 0.0, 0.0, 0.0, 0.0, 0.0, 0.0, 0.0, 0.0, 0.0, 0.0, 0.0, 0.0, 0.0, 0.0, 0.0, 0.0, 0.0, 0.0, 0.0, 0.0, 0.0, 0.0, 0.0, 0.0, 0.0, 0.0, 0.0, 0.0, 0.0, 0.0, 0.0, 0.0, 0.0, 0.0, 0.0, 0.0, 0.0, 0.0, 0.0, 0.0, 0.0, 0.0, 0.0, 0.0, 0.0, 0.0, 0.0, 0.0, 1.0, 0.0, 0.0, 0.0, 0.0, 0.0, 0.0, 0.0, 0.0, 0.0, 0.0, 0.0, 0.0, 0.0, 0.0, 0.0, 0.0, 0.0, 0.0, 0.0, 0.0, 0.0, 0.0, 0.0, 0.0, 0.0, 0.0, 0.0, 0.0, 0.0, 0.0, 0.0, 0.0, 0.0, 0.0], [0.0, 0.0, 0.0, 0.0, 0.0, 0.0, 0.0, 0.0, 0.0, 0.0, 0.0, 0.0, 0.0, 0.0, 0.0, 0.0, 0.0, 0.0, 0.0, 0.0, 0.0, 0.0, 0.0, 0.0, 0.0, 0.0, 0.0, 0.0, 0.0, 0.0, 0.0, 0.0, 0.0, 0.0, 0.0, 0.0, 0.0, 0.0, 0.0, 0.0, 0.0, 0.0, 0.0, 0.0, 0.0, 0.0, 0.0, 0.0, 0.0, 0.0, 1.0, 0.0, 0.0, 0.0, 0.0, 0.0, 0.0, 0.0, 0.0, 0.0, 0.0, 0.0, 0.0, 0.0, 0.0, 0.0, 0.0, 0.0, 0.0, 0.0, 0.0, 0.0, 0.0, 0.0, 0.0, 0.0, 0.0, 0.0, 0.0, 0.0, 0.0, 0.0, 0.0, 0.0], [0.0, 0.0, 0.0, 0.0, 0.0, 0.0, 0.0, 0.0, 0.0, 0.0, 0.0, 0.0, 0.0, 0.0, 0.0, 0.0, 0.0, 0.0, 0.0, 0.0, 0.0, 0.0, 0.0, 0.0, 0.0, 0.0, 0.0, 0.0, 0.0, 0.0, 0.0, 0.0, 0.0, 0.0, 0.0, 0.0, 0.0, 0.0, 0.0, 0.0, 0.0, 0.0, 0.0, 0.0, 0.0, 0.0, 0.0, 0.0, 0.0, 0.0, 0.0, 1.0, 0.0, 0.0, 0.0, 0.0, 0.0, 0.0, 0.0, 0.0, 0.0, 0.0, 0.0, 0.0, 0.0, 0.0, 0.0, 0.0, 0.0, 0.0, 0.0, 0.0, 0.0, 0.0, 0.0, 0.0, 0.0, 0.0, 0.0, 0.0, 0.0, 0.0, 0.0, 0.0], [0.0, 0.0, 0.0, 2.951373344283123e-05, 0.0, 0.0, 0.0, 0.0, 0.0, 1.564433536115848e-05, 0.0, 3.0378764860636387e-05, 3.0517578125e-05, 0.0, 0.0, 0.0, 0.0, 3.368341431033122e-05, 1.009999018597119e-05, 7.981386141308968e-06, 0.0, 6.675720214843749e-06, 9.536743164062499e-07, 0.0, 0.0, 0.0, 0.0, 2.2000835321169703e-05, 0.0, 2.378748858198746e-05, 0.0, 0.0, 0.0, 9.5367431640625e-07, 0.0, 0.0, 0.0, 0.0, 0.0, 9.94014655447538e-06, 0.0, 8.583068847656248e-06, 0.0, 0.0, 3.288935807900683e-05, 3.399931271056234e-06, 3.453288246404598e-05, 0.0, 0.0, 0.0, 0.0, 0.0, 1.0, 2.596678927079949e-05, 0.0, 9.24350788597691e-06, 0.0, 0.0, 0.0, 8.58306884765625e-06, 0.0, 3.616287851749407e-05, 0.0, 9.536743164062499e-07, 0.0, 0.0, 0.0, 0.0, 0.0, 1.1518597567209328e-05, 0.0, 0.0, 3.0517578125e-05, 0.0, 0.0, 2.0365169935711948e-05, 0.0, 0.0, 0.0, 0.0, 0.0, 0.0, 3.2087714095785135e-05, 0.0], [0.0, 0.0, 0.0, 0.18613283465466182, 0.0, 0.0, 0.0, 0.0, 0.0, 0.37217315150348607, 0.0558050960707389, 0.5349429657380361, 4.670319468756241e-05, 0.0, 0.10714342772055684, 0.0, 0.0, 0.5991900070821667, 0.13346706318523435, 0.3437089173521358, 0.1300565054710813, 0.29944054482531746, 1.5258789062499995e-05, 0.0, 1.1246939637856718e-05, 0.123876090325613, 0.0, 0.12465914026146702, 0.0, 0.4740138102751319, 0.0, 0.0013672297772593096, 0.0, 5.659300698580544e-05, 0.0, 0.0, 0.0, 0.0, 0.0, 0.11975958110330204, 0.0007713848393153633, 0.14997585925561918, 0.0, 0.002046531399024852, 0.5546874449300769, 0.0, 0.1498075609660393, 0.039429210619262745, 0.0, 0.0, 0.0, 0.0, 2.596678927079949e-05, 1.0, 0.0, 0.6339640461722313, 0.0, 0.0015033583523936414, 0.0, 0.11986056552871514, 2.6815950524987574e-05, 0.22856585840399068, 0.0, 8.870644923357833e-05, 0.0, 0.0, 0.1511093530689349, 5.255606200455428e-05, 0.0, 0.29517610565245184, 4.421275387551585e-06, 0.0, 3.203133632038229e-05, 0.12369537806149716, 0.0, 0.5868418844709502, 0.0, 0.22460596215915388, 2.8775984703798185e-05, 0.0, 1.9073486328125e-06, 0.14326618998691268, 0.5459892265119356, 0.0], [0.0, 0.0, 0.0, 0.0, 0.0, 0.0, 0.0, 0.0, 0.0, 0.0, 0.0, 0.0, 0.0, 0.0, 0.0, 0.0, 0.0, 0.0, 0.0, 0.0, 0.0, 0.0, 0.0, 0.0, 0.0, 0.0, 0.0, 0.0, 0.0, 0.0, 0.0, 0.0, 0.0, 0.0, 0.0, 0.0, 0.0, 0.0, 0.0, 0.0