"{\"names\": [\"172.217.10.1\", \"104.88.86.240\", \"38.93.140.48\", \"192.168.10.15\", \"104.88.108.223\", \"195.142.105.15\", \"172.217.12.163\", \"206.217.206.48\", \"172.217.6.228\", \"178.255.83.1\", \"74.119.118.82\", \"192.168.10.9\", \"172.217.7.6\", \"35.186.227.40\", \"31.13.71.36\", \"206.126.112.142\", \"151.101.2.49\", \"192.168.10.25\", \"172.217.3.98\", \"192.168.10.16\", \"72.30.202.150\", \"172.217.12.132\", \"50.31.164.173\", \"162.208.20.178\", \"23.15.4.16\", \"216.58.217.99\", \"172.217.6.198\", \"172.217.12.174\", \"169.46.44.40\", \"192.168.10.17\", \"52.84.143.130\", \"104.19.195.102\", \"216.200.232.61\", \"104.97.73.166\", \"152.163.13.79\", \"192.229.163.25\", \"74.119.118.86\", \"54.225.188.92\", \"188.165.145.88\", \"192.168.10.14\", \"8.43.72.98\", \"199.96.57.6\", \"68.67.178.110\", \"104.88.70.158\", \"192.168.10.19\", \"69.172.216.56\", \"157.240.18.35\", \"172.217.11.34\", \"185.54.150.20\", \"69.169.85.7\", \"198.232.124.194\", \"74.119.118.72\", \"172.217.12.134\", \"192.168.10.5\", \"23.111.9.30\", \"192.168.10.8\", \"151.101.66.2\", \"68.67.178.199\", \"213.239.195.215\", \"138.108.7.20\", \"52.84.145.87\", \"192.168.10.50\", \"52.84.145.198\", \"52.40.24.51\", \"212.77.100.137\", \"185.54.150.115\", \"172.217.10.138\", \"152.163.66.165\", \"52.84.137.78\", \"192.168.10.51\", \"68.67.178.109\", \"129.146.14.96\", \"54.152.24.232\", \"172.217.10.33\", \"52.8.229.108\", \"192.168.10.12\", \"64.147.131.201\", \"172.217.12.206\", \"68.67.180.12\", \"172.217.10.134\", \"38.69.238.16\", \"172.217.10.142\", \"192.168.10.3\", \"172.217.6.202\"], \"funcEdges\": [[1.0, 0.0, 0.0, 0.0, 0.0, 0.0, 0.0, 0.0, 0.0, 0.0, 0.0, 0.0, 0.0, 0.0, 0.0, 0.0, 0.0, 0.0, 0.0, 0.0, 0.0, 0.0, 0.0, 0.0, 0.0, 0.0, 0.0, 0.0, 0.0, 0.0, 0.0, 0.0, 0.0, 0.0, 0.0, 0.0, 0.0, 0.0, 0.0, 0.0, 0.0, 0.0, 0.0, 0.0, 0.0, 0.0, 0.0, 0.0, 0.0, 0.0, 0.0, 0.0, 0.0, 0.0, 0.0, 0.0, 0.0, 0.0, 0.0, 0.0, 0.0, 0.0, 0.0, 0.0, 0.0, 0.0, 0.0, 0.0, 0.0, 0.0, 0.0, 0.0, 0.0, 0.0, 0.0, 0.0, 0.0, 0.0, 0.0, 0.0, 0.0, 0.0, 0.0, 0.0], [0.0, 1.0, 0.0, 5.043566583348682e-05, 0.0, 0.0, 0.0, 0.0, 3.2569545711597844e-05, 5.6343019994444095e-05, 7.974062628476378e-06, 2.8767254639534797e-05, 0.0, 0.0, 2.0837923132409744e-05, 0.0, 0.0, 2.1305363224736733e-05, 3.6848206599693743e-05, 2.249992317796972e-05, 1.229549939940921e-08, 9.077515354858311e-07, 0.0, 0.0, 1.7427748771939473e-07, 1.4600096599955427e-07, 8.13313379862551e-06, 5.603018306434228e-05, 0.0, 2.9052870142895697e-05, 0.0, 0.0, 0.0, 0.0, 0.0, 0.0, 0.0, 0.0, 0.0, 2.8742672557808897e-05, 0.0, 2.1193745878902374e-06, 0.0, 0.0, 4.670178604436903e-05, 3.017159243815965e-05, 7.377299639645529e-08, 2.2537134966668844e-07, 0.0, 0.0, 1.9073486328125e-06, 5.960464477539063e-08, 0.0, 5.540754551819627e-05, 0.0, 3.696575609496471e-05, 0.0, 0.0, 0.0, 0.0, 3.8933590933214465e-07, 4.010581973253172e-05, 0.0, 0.0, 0.0, 0.0, 0.0, 0.0, 0.0, 3.643597765693891e-05, 0.0, 0.0, 0.0, 0.0, 0.0, 2.0795711086175917e-05, 0.0, 3.2893875882790326e-05, 0.0, 0.0, 0.0, 7.015448680971547e-07, 6.574849709471334e-05, 0.0], [0.0, 0.0, 1.0, 0.0, 0.0, 0.0, 0.0, 0.0, 0.0, 0.0, 0.0, 0.0, 0.0, 0.0, 0.0, 0.0, 0.0, 0.0, 0.0, 0.0, 0.0, 0.0, 0.0, 0.0, 0.0, 0.0, 0.0, 0.0, 0.0, 0.0, 0.0, 0.0, 0.0, 0.0, 0.0, 0.0, 0.0, 0.0, 0.0, 0.0, 0.0, 0.0, 0.0, 0.0, 0.0, 0.0, 0.0, 0.0, 0.0, 0.0, 0.0, 0.0, 0.0, 0.0, 0.0, 0.0, 0.0, 0.0, 0.0, 0.0, 0.0, 0.0, 0.0, 0.0, 0.0, 0.0, 0.0, 0.0, 0.0, 0.0, 0.0, 0.0, 0.0, 0.0, 0.0, 0.0, 0.0, 0.0, 0.0, 0.0, 0.0, 0.0, 0.0, 0.0], [0.0, 5.043566583348682e-05, 0.0, 1.0, 0.0, 0.0, 0.4031585852161875, 0.18226611443224328, 7.799178174541658e-05, 0.3703031425494788, 0.00023824554341918917, 0.33197518267908616, 3.5648046104129895e-12, 0.0, 0.005076295100590222, 0.0, 0.0, 0.47684763181361556, 0.4911467931138533, 0.5914963772498645, 0.00011716818372745831, 2.6102300929462365e-06, 0.08903479104609567, 0.0, 4.7377671151533684e-07, 4.1261229803497453e-07, 0.0001446602066332715, 0.0013132287640598324, 0.0, 0.5546112896012235, 0.34769761964866, 1.551058539633431e-10, 0.2689318649220845, 4.849660371534202e-12, 0.0, 0.0, 0.0025131104133543874, 0.0, 0.0, 0.5500038805755738, 7.75476637138283e-05, 0.11848438897979971, 0.0, 0.00026361726283526045, 0.6486372954881197, 0.0009590620507708309, 1.3431415979591733e-07, 1.8759604691106722e-07, 0.015583047472435508, 0.0, 1.1920549101426767e-06, 0.015466858418053583, 3.518311195711044e-12, 0.6934054986012299, 0.0007942182439548938, 0.29871958278856087, 0.0, 1.8883698613896368e-10, 0.0, 6.255651025214517e-08, 4.946588174185553e-06, 0.6915795666079989, 0.0, 6.525339380490298e-12, 0.3652011206990101, 0.017578124999999997, 1.4759929976638097e-08, 1.0760352418157648e-12, 0.0, 0.591973328120603, 0.015586415081956026, 0.0, 5.0731230176407686e-12, 1.481802299485022e-08, 0.0, 0.4978443040322707, 0.2227151688642522, 0.07885810860126588, 1.057876070244206e-12, 0.0, 7.754753138977029e-05, 0.47926708450066097, 0.5011006201264508, 0.0], [0.0, 0.0, 0.0, 0.0, 1.0, 0.0, 0.0, 0.0, 0.0, 0.0, 0.0, 0.0, 0.0, 0.0, 0.0, 0.0, 0.0, 0.0, 0.0, 0.0, 0.0, 0.0, 0.0, 0.0, 0.0, 0.0, 0.0, 0.0, 0.0, 0.0, 0.0, 0.0, 0.0, 0.0, 0.0, 0.0, 0.0, 0.0, 0.0, 0.0, 0.0, 0.0, 0.0, 0.0, 0.0, 0.0, 0.0, 0.0, 0.0, 0.0, 0.0, 0.0, 0.0, 0.0, 0.0, 0.0, 0.0, 0.0, 0.0, 0.0, 0.0, 0.0, 0.0, 0.0, 0.0, 0.0, 0.0, 0.0, 0.0, 0.0, 0.0, 0.0, 0.0, 0.0, 0.0, 0.0, 0.0, 0.0, 0.0, 0.0, 0.0, 0.0, 0.0, 0.0], [0.0, 0.0, 0.0, 0.0, 0.0, 1.0, 0.0, 0.0, 0.0, 0.0, 0.0, 0.0, 0.0, 0.0, 0.0, 0.0, 0.0, 0.0, 0.0, 0.0, 0.0, 0.0, 0.0, 0.0, 0.0, 0.0, 0.0, 0.0, 0.0, 0.0, 0.0, 0.0, 0.0, 0.0, 0.0, 0.0, 0.0, 0.0, 0.0, 0.0, 0.0, 0.0, 0.0, 0.0, 0.0, 0.0, 0.0, 0.0, 0.0, 0.0, 0.0, 0.0, 0.0, 0.0, 0.0, 0.0, 0.0, 0.0, 0.0, 0.0, 0.0, 0.0, 0.0, 0.0, 0.0, 0.0, 0.0, 0.0, 0.0, 0.0, 0.0, 0.0, 0.0, 0.0, 0.0, 0.0, 0.0, 0.0, 0.0, 0.0, 0.0, 0.0, 0.0, 0.0], [0.0, 0.0, 0.0, 0.4031585852161875, 0.0, 0.0, 1.0, 0.125, 0.0, 0.6175100180326274, 0.0, 0.40878461221172063, 0.0, 0.0, 0.002833891601992233, 0.0, 0.0, 0.27707356155834195, 0.32617882136584364, 0.4231620583765984, 0.0, 0.0, 0.09642928805441647, 0.0, 0.0, 0.0, 0.0, 0.0, 0.0, 0.40894284134327163, 0.75, 0.0, 0.5000000000000001, 0.0, 0.0, 0.0, 0.0030157324960252657, 0.0, 0.0, 0.65711922545589, 0.0, 0.20246066327204787, 0.0, 0.0, 0.7305442633827683, 0.0, 0.0, 0.0, 0.01555854641125588, 0.0, 0.0, 0.015376535025469878, 0.0, 0.5141576278574898, 0.0, 0.12651569538141755, 0.0, 0.0, 0.0, 0.0, 0.0, 0.4024179207606833, 0.0, 0.0, 0.5625, 0.02339890381095728, 0.0, 0.0, 0.0, 0.5214982971534063, 0.015522203947368422, 0.0, 0.0, 0.0, 0.0, 0.24726366740580225, 0.2106063739595886, 0.28125, 0.0, 0.0, 0.0, 0.8538013241246798, 0.2828710846171141, 0.0], [0.0, 0.0, 0.0, 0.18226611443224328, 0.0, 0.0, 0.125, 1.0, 0.0, 0.26178369268230967, 0.0, 0.16788524941552846, 0.0, 0.0, 0.0, 0.0, 0.0, 0.2254250239912185, 0.12499999999999997, 0.1574724447330466, 0.0, 0.0, 0.0, 0.0, 0.0, 0.0, 0.0, 0.0, 0.0, 0.03260807265189785, 0.12499999999999999, 0.0, 0.125, 0.0, 0.0, 0.0, 0.0, 0.0, 0.0, 0.15006126199969522, 0.0, 0.08562450575873436, 0.0, 0.0, 0.154713186938819, 0.0, 0.0, 0.0, 0.0, 0.0, 0.0, 0.0, 0.0, 0.30126799873623555, 0.0, 0.4631835565865854, 0.0, 0.0, 0.0, 0.0, 0.0, 0.1698237375916576, 0.0, 0.0, 0.125, 0.0, 0.0, 0.0, 0.0, 0.23908117894678008, 0.0, 0.0, 0.0, 0.0, 0.0, 0.5, 0.0, 0.0, 0.0, 0.0, 0.0, 0.12499999999999997, 0.20759911723291538, 0.0], [0.0, 3.2569545711597844e-05, 0.0, 7.799178174541658e-05, 0.0, 0.0, 0.0, 0.0, 1.0, 4.294301618609619e-05, 8.715452583902976e-06, 5.983015585535765e-05, 0.0, 0.0, 6.242376433047303e-05, 0.0, 0.0, 4.512849881920673e-05, 3.5314726121499836e-05, 4.996665416052924e-05, 0.0, 2.0672390322181563e-06, 0.0, 0.0, 2.092950718136368e-06, 9.490062789971028e-07, 1.2971905871169772e-05, 4.881167660214604e-05, 0.0, 3.170548471520258e-05, 0.0, 0.0, 0.0, 0.0, 0.0, 0.0, 0.0, 0.0, 0.0, 6.040441085424605e-05, 0.0, 1.9073486328125e-06, 0.0, 8.231668534018078e-07, 5.1782748142391354e-05, 1.218752345051903e-05, 0.0, 0.0, 0.0, 0.0, 2.2914931644000102e-06, 0.0, 0.0, 1.494357931352162e-05, 0.0, 6.559445285119709e-05, 0.0, 0.0, 0.0, 0.0, 1.3241247402549007e-06, 4.026003879350228e-05, 0.0, 0.0, 0.0, 0.0, 0.0, 0.0, 0.0, 5.170082381448918e-05, 0.0, 0.0, 0.0, 0.0, 0.0, 7.992594505469152e-05, 0.0, 2.3158315891256482e-05, 0.0, 0.0, 0.0, 0.0, 3.751030086467768e-05, 0.0], [0.0, 5.6343019994444095e-05, 0.0, 0.3703031425494788, 0.0, 0.0, 0.6175100180326274, 0.26178369268230967, 4.294301618609619e-05, 1.0, 0.00029855652867323703, 0.3929526739828363, 3.80717987775368e-12, 0.0, 0.008816593180065196, 0.0, 0.0, 0.37530443094595317, 0.41178682863761845, 0.45583939592905554, 0.000153166954236911, 2.457451599807375e-06, 0.10247399443472391, 0.0, 1.3489698487370593e-06, 4.669673419929323e-07, 5.820933164282141e-05, 0.0030264798390839897, 0.0, 0.4298624955029638, 0.5075322775599265, 1.3368105037398854e-10, 0.4450322775599265, 2.296919737275053e-12, 0.0, 0.0, 0.007073518697951119, 0.0, 0.0, 0.5040020595763348, 0.00020274492341962504, 0.2037131631205204, 0.0, 4.769715315212139e-07, 0.5524501438114401, 9.717221743931428e-06, 6.504563978232078e-08, 3.7958043070344576e-07, 0.0061241024402014, 0.0, 8.09272434124123e-06, 0.0074077906816100315, 1.8649501038978674e-12, 0.7367954028614303, 2.0523991782675713e-05, 0.5578798653183863, 0.0, 4.687965624410137e-10, 0.0, 3.0363468276582094e-08, 3.77466135714633e-06, 0.23683770632351206, 0.0, 6.47836439574737e-12, 0.6950322775599265, 0.00908602575557763, 8.511669589061752e-09, 1.6605025469748887e-12, 0.0, 0.6167205354792278, 0.0068712615490782065, 0.0, 1.5155148049019238e-12, 4.737210829268405e-09, 0.0, 0.5215716191207843, 0.1868591665992157, 0.06460708954353266, 3.3508798044052875e-12, 0.0, 0.0002027448709014166, 0.6523735499718413, 0.30192526748292303, 0.0], [0.0, 7.974062628476378e-06, 0.0, 0.00023824554341918917, 0.0, 0.0, 0.0, 0.0, 8.715452583902976e-06, 0.00029855652867323703, 1.0, 0.0003324595228154736, 0.0, 0.0, 0.0001621857039946974, 0.0, 0.0, 0.00023762133900532753, 9.347057593335919e-05, 0.00023560334448009194, 3.0618793841029726e-05, 2.3653449664503597e-06, 0.0, 0.0, 2.1480187558463646e-06, 3.0536038598032263e-07, 3.290176391601562e-05, 3.852050318294433e-05, 0.0, 8.662563992676943e-05, 0.0, 0.0, 0.0, 0.0, 0.0, 0.0, 0.0, 0.0, 0.0, 0.0001829493066369531, 3.0517578125e-05, 1.9287868323186853e-06, 0.0, 1.9073486328125e-06, 0.00015652432306969443, 1.997214352483366e-06, 6.775821589884177e-08, 4.026805980752388e-08, 0.0, 0.0, 2.384185791015625e-06, 2.0444224493802655e-08, 0.0, 8.732631371826397e-05, 0.0, 0.0005339794040741905, 0.0, 0.0, 0.0, 7.450580596923827e-09, 8.25151243557408e-07, 0.00033250304847095495, 0.0, 0.0, 0.0, 0.0, 5.501286377814141e-09, 0.0, 0.0, 0.00027861081868837365, 2.9057767061885815e-08, 0.0, 0.0, 6.850718537278012e-09, 0.0, 0.0002337348983573138, 0.0, 4.1895018128035426e-06, 0.0, 0.0, 3.051757812500001e-05, 9.639332667476868e-08, 0.0002008816128950705, 0.0], [0.0, 2.8767254639534797e-05, 0.0, 0.33197518267908616, 0.0, 0.0, 0.40878461221172063, 0.16788524941552846, 5.983015585535765e-05, 0.3929526739828363, 0.0003324595228154736, 1.0, 5.275753115951666e-12, 0.0, 0.007220919762120612, 0.0, 0.0, 0.34117968552507694, 0.3811402481681371, 0.4066612260138349, 0.00026097894915175083, 3.960094954214496e-06, 0.06495698325062309, 0.0, 1.0543309848131192e-06, 7.394910770306703e-07, 0.00013930460813069937, 0.004456549685144219, 0.0, 0.40364877061321447, 0.2684736371225325, 1.6727962680032363e-10, 0.20339943679189026, 5.421208013310634e-12, 0.0, 0.0, 0.007036709157392287, 0.0, 0.0, 0.6515108013758475, 9.106186372030519e-05, 0.4971105979929377, 0.0, 0.00045462358019180186, 0.4577450196726036, 5.2146196536158386e-05, 1.0215457509038373e-07, 2.398651757522987e-07, 0.004513416326365355, 0.0, 3.851126994333517e-06, 0.00551818013327611, 3.621430976466702e-12, 0.47601586105711535, 0.0012305775534805872, 0.3866491903514523, 0.0, 4.4038433353205634e-10, 0.0, 4.816206384236329e-08, 2.287897075313501e-06, 0.3643603209529332, 0.0, 9.572500325502159e-12, 0.23128837979073696, 0.006396209300895514, 1.0816075586344309e-08, 6.189090027272753e-12, 0.0, 0.6801217650670093, 0.004986151886936601, 0.0, 4.008591798167751e-12, 7.3723142687270265e-09, 0.0, 0.3375087264203278, 0.14206112981776647, 0.07232231761429442, 6.941437074215138e-12, 0.0, 9.106184926016919e-05, 0.303340944834409, 0.6002471481308096, 0.0], [0.0, 0.0, 0.0, 3.5648046104129895e-12, 0.0, 0.0, 0.0, 0.0, 0.0, 3.80717987775368e-12, 0.0, 5.275753115951666e-12, 1.0, 0.0, 0.0, 0.0, 0.0, 5.14789147229849e-12, 2.7284841053187847e-12, 3.692476812915927e-12, 1.818989403545857e-12, 0.0, 0.0, 0.0, 0.0, 0.0, 0.0, 8.538176389173485e-12, 0.0, 2.4215452997337424e-12, 0.0, 0.0, 0.0, 0.0, 0.0, 0.0, 0.0, 0.0, 0.0, 2.4615376186787882e-12, 0.0, 0.0, 0.0, 0.0, 5.3381189092815926e-12, 0.0, 3.637978807091713e-12, 0.0, 0.0, 0.0, 0.0, 0.0, 3.637978807091713e-12, 5.567454658456136e-12, 0.0, 2.9569154431722687e-12, 0.0, 2.042148114516063e-12, 0.0, 9.09494701772928e-13, 1.818989403545856e-12, 6.399973062041235e-12, 0.0, 1.8189894035458565e-12, 0.0, 0.0, 0.0, 1.8189894035458563e-12, 0.0, 3.4023341489384398e-12, 0.0, 0.0, 3.637978807091713e-12, 0.0, 0.0, 3.100565188402638e-12, 0.0, 1.8189894035458563e-12, 4.094247787267459e-12, 0.0, 0.0, 0.0, 6.863569970347243e-12, 0.0], [0.0, 0.0, 0.0, 0.0, 0.0, 0.0, 0.0, 0.0, 0.0, 0.0, 0.0, 0.0, 0.0, 1.0, 0.0, 0.0, 0.0, 0.0, 0.0, 0.0, 0.0, 0.0, 0.0, 0.0, 0.0, 0.0, 0.0, 0.0, 0.0, 0.0, 0.0, 0.0, 0.0, 0.0, 0.0, 0.0, 0.0, 0.0, 0.0, 0.0, 0.0, 0.0, 0.0, 0.0, 0.0, 0.0, 0.0, 0.0, 0.0, 0.0, 0.0, 0.0, 0.0, 0.0, 0.0, 0.0, 0.0, 0.0, 0.0, 0.0, 0.0, 0.0, 0.0, 0.0, 0.0, 0.0, 0.0, 0.0, 0.0, 0.0, 0.0, 0.0, 0.0, 0.0, 0.0, 0.0, 0.0, 0.0, 0.0, 0.0, 0.0, 0.0, 0.0, 0.0], [0.0, 2.0837923132409744e-05, 0.0, 0.005076295100590222, 0.0, 0.0, 0.002833891601992233, 0.0, 6.242376433047303e-05, 0.008816593180065196, 0.0001621857039946974, 0.007220919762120612, 0.0, 0.0, 1.0, 0.0, 0.0, 0.007104117427110774, 0.0020523987700122102, 0.0063337290152098765, 0.00010113932609552082, 4.6108122747784554e-09, 0.0, 0.0, 0.0, 1.0205779184010382e-08, 5.328307060134124e-05, 0.0005703690120466851, 0.0, 0.016660481949262, 0.0, 3.4924596548080444e-10, 0.0, 0.0, 0.0, 0.0, 0.0, 0.0, 0.0, 0.006624446159395785, 0.00017848059439440055, 0.004922859903241615, 0.0, 3.492459654808044e-10, 0.0010394615408207387, 1.52929923099297e-05, 9.725662110262534e-10, 2.267334526514089e-09, 0.0037029023696876443, 0.0, 0.0, 0.004582722344417289, 0.0, 0.007341864158713367, 0.00048828125, 0.0128963377716289, 0.0, 1.1641532182693479e-10, 0.0, 0.0, 0.0, 0.006551020145685605, 0.0, 0.0, 0.0, 0.003906250000000001, 7.060837608632866e-09, 0.0, 0.0, 0.002657557380564404, 0.004250837402988349, 0.0, 0.0, 5.211606869806606e-09, 0.0, 0.00228636148904496, 0.00390625, 8.104708994091366e-05, 0.0, 0.0, 0.00017848055073865486, 0.0001826348615547074, 0.0086943478301066, 0.0], [0.0, 0.0, 0.0, 0.0, 0.0, 0.0, 0.0, 0.0, 0.0, 0.0, 0.0, 0.0, 0.0, 0.0, 0.0, 1.0, 0.0, 0.0, 0.0, 0.0, 0.0, 0.0, 0.0, 0.0, 0.0, 0.0, 0.0, 0.0, 0.0, 0.0, 0.0, 0.0, 0.0, 0.0, 0.0, 0.0, 0.0, 0.0, 0.0, 0.0, 0.0, 0.0, 0.0, 0.0, 0.0, 0.0, 0.0, 0.0, 0.0, 0.0, 0.0, 0.0, 0.0, 0.0, 0.0, 0.0, 0.0, 0.0, 0.0, 0.0, 0.0, 0.0, 0.0, 0.0, 0.0, 0.0, 0.0, 0.0, 0.0, 0.0, 0.0, 0.0, 0.0, 0.0, 0.0, 0.0, 0.0, 0.0, 0.0, 0.0, 0.0, 0.0, 0.0, 0.0], [0.0, 0.0, 0.0, 0.0, 0.0, 0.0, 0.0, 0.0, 0.0, 0.0, 0.0, 0.0, 0.0, 0.0, 0.0, 0.0, 1.0, 0.0, 0.0, 0.0, 0.0, 0.0, 0.0, 0.0, 0.0, 0.0, 0.0, 0.0, 0.0, 0.0, 0.0, 0.0, 0.0, 0.0, 0.0, 0.0, 0.0, 0.0, 0.0, 0.0, 0.0, 0.0, 0.0, 0.0, 0.0, 0.0, 0.0, 0.0, 0.0, 0.0, 0.0, 0.0, 0.0, 0.0, 0.0, 0.0, 0.0, 0.0, 0.0, 0.0, 0.0, 0.0, 0.0, 0.0, 0.0, 0.0, 0.0, 0.0, 0.0, 0.0, 0.0, 0.0, 0.0, 0.0, 0.0, 0.0, 0.0, 0.0, 0.0, 0.0, 0.0, 0.0, 0.0, 0.0], [0.0, 2.1305363224736733e-05, 0.0, 0.47684763181361556, 0.0, 0.0, 0.27707356155834195, 0.2254250239912185, 4.512849881920673e-05, 0.37530443094595317, 0.00023762133900532753, 0.34117968552507694, 5.14789147229849e-12, 0.0, 0.007104117427110774, 0.0, 0.0, 1.0, 0.6541403694042947, 0.6092651962107887, 3.790726293287356e-05, 3.0317776491354347e-06, 0.03958869547601953, 0.0, 7.553355403100722e-07, 2.430582876916687e-07, 0.0001541830459332285, 0.0032794617788158694, 0.0, 0.5159799533922924, 0.20517288661273864, 1.9229026674259832e-10, 0.1542381743097811, 6.978280979692168e-12, 0.0, 0.0, 0.0010015716556070297, 0.0, 0.0, 0.36752019419249876, 0.00022453548276031322, 0.0374707571955914, 0.0, 0.000681738735465431, 0.21569847640968282, 0.0001510731478507111, 1.099409182690796e-07, 2.4313148756954466e-07, 0.011230057399494496, 0.0, 3.4612364050353215e-06, 0.010912541952020372, 4.015375889579203e-12, 0.4730060720339118, 0.00043195885592255015, 0.6912582898775417, 0.0, 1.1549751116617631e-10, 0.0, 2.3744861574330254e-08, 2.1702391168568585e-06, 0.6046592422211466, 0.0, 1.1416137912775667e-11, 0.2940125010946414, 0.01321833938058459, 9.135230815212592e-09, 5.05638271720378e-12, 0.0, 0.37557304793633683, 0.010925359253085165, 0.0, 4.873069576818078e-12, 7.422819408551568e-09, 0.0, 0.4058685000645347, 0.13993314212861485, 0.06759599782423538, 5.527719865817331e-12, 0.0, 0.00022453542244866054, 0.34652978436668364, 0.359133424888073, 0.0], [0.0, 3.6848206599693743e-05, 0.0, 0.4911467931138533, 0.0, 0.0, 0.32617882136584364, 0.12499999999999997, 3.5314726121499836e-05, 0.41178682863761845, 9.347057593335919e-05, 0.3811402481681371, 2.7284841053187847e-12, 0.0, 0.0020523987700122102, 0.0, 0.0, 0.6541403694042947, 1.0, 0.740293402242373, 0.0001163446433176232, 1.9852409432361284e-07, 0.02527573529482685, 0.0, 0.0, 0.0, 5.843066561142381e-05, 0.0021886564362303693, 0.0, 0.4750159002616703, 0.1875, 0.0, 0.12500000000000003, 1.1368683772161602e-13, 0.0, 0.0, 0.0027547108706657735, 0.0, 0.0, 0.2746386114148045, 0.0002963591637175106, 0.16751242084100193, 0.0, 2.9438520668633078e-05, 0.28237322757721545, 0.0002605808341153706, 1.1711588669812622e-07, 1.7767751726719703e-07, 0.0, 0.0, 0.0, 2.3818974847095016e-07, 1.2040126545394886e-12, 0.4543685893701511, 0.00048828125, 0.4940457404058175, 0.0, 2.042148114516064e-12, 0.0, 3.593444734417741e-08, 1.818989403545857e-12, 0.6438414135199015, 0.0, 2.766788802715799e-12, 0.375, 0.007601713294665496, 0.0, 1.8189894035458565e-12, 0.0, 0.2671323473082263, 5.1282099358272326e-09, 0.0, 1.5600679136501008e-12, 0.0, 0.0, 0.382560181857467, 0.15999989997931474, 0.07086426379333967, 2.9648001218143672e-12, 0.0, 0.000296359163774354, 0.24684648495745032, 0.35643281378821734, 0.0], [0.0, 2.249992317796972e-05, 0.0, 0.5914963772498645, 0.0, 0.0, 0.4231620583765984, 0.1574724447330466, 4.996665416052924e-05, 0.45583939592905554, 0.00023560334448009194, 0.4066612260138349, 3.692476812915927e-12, 0.0, 0.0063337290152098765, 0.0, 0.0, 0.6092651962107887, 0.740293402242373, 1.0, 0.00012659425676154454, 5.407899159563982e-06, 0.09390669099807697, 0.0, 9.149151895532996e-07, 1.5535112786732265e-07, 7.327981823224353e-05, 0.001583406071855545, 0.0, 0.47328026579310156, 0.31382181754850585, 1.2013424493972755e-10, 0.11997900551089268, 1.6055611673595927e-12, 0.0, 0.0, 0.0033302730476902995, 0.0, 0.0, 0.33096155467203936, 0.00015267015238027142, 0.1681256890149324, 0.0, 0.0003155814861045723, 0.4087606046901683, 0.00019767785818233606, 2.34764570071644e-07, 4.258097140436148e-07, 0.008897251527166146, 0.0, 4.058373178393537e-07, 0.01069312046291521, 9.514553715358934e-13, 0.42934491434738087, 0.0006033879388795566, 0.47563460919940614, 0.0, 1.1871745608972041e-10, 0.0, 5.8944880082755964e-08, 2.542474937385314e-06, 0.6054059905452449, 0.0, 5.816399028775821e-12, 0.28560995288575464, 0.013361376131260122, 3.483180341388765e-09, 1.2843397610142356e-12, 0.0, 0.4106161911996976, 0.009918633582528598, 0.0, 9.100071977693967e-13, 4.363765291795745e-09, 0.0, 0.29786446391108534, 0.05434217912910519, 0.20595626262080918, 3.962442898269561e-12, 0.0, 0.00015267006180356898, 0.46053611766556024, 0.5218297879349841, 0.0], [0.0, 1.229549939940921e-08, 0.0, 0.00011716818372745831, 0.0, 0.0, 0.0, 0.0, 0.0, 0.000153166954236911, 3.0618793841029726e-05, 0.00026097894915175083, 1.818989403545857e-12, 0.0, 0.00010113932609552082, 0.0, 0.0, 3.790726293287356e-05, 0.0001163446433176232, 0.00012659425676154454, 1.0, 1.5343777547950864e-07, 0.0, 0.0, 0.0, 6.506372815075884e-10, 3.0517578125e-05, 3.0552062935322964e-05, 0.0, 0.0003039488518300006, 0.0, 5.820766091346741e-11, 0.0, 0.0, 0.0, 0.0, 0.0, 0.0, 0.0, 0.00020524194658287789, 9.1552734375e-05, 8.873236525121642e-08, 0.0, 1.7462298274040222e-10, 0.0002385756725384732, 4.014901472465696e-08, 2.853413845630402e-07, 1.1939245460269467e-07, 0.0, 0.0, 0.0, 7.377299639645527e-08, 0.0, 0.00013789780071576588, 0.0, 0.00016924400556578552, 0.0, 1.1845746994145086e-10, 0.0, 1.490116119384766e-08, 1.8189894035458565e-12, 8.700987993013233e-05, 0.0, 1.818989403545857e-12, 0.0, 0.0, 0.0, 7.275957614183426e-12, 0.0, 5.84029153942748e-05, 0.0, 0.0, 0.0, 0.0, 0.0, 0.00020683715304694437, 0.0, 6.130832109495133e-05, 4.8001525781756415e-12, 0.0, 9.1552734375e-05, 2.6864652540516073e-05, 0.00011725298791960793, 0.0], [0.0, 9.077515354858311e-07, 0.0, 2.6102300929462365e-06, 0.0, 0.0, 0.0, 0.0, 2.0672390322181563e-06, 2.457451599807375e-06, 2.3653449664503597e-06, 3.960094954214496e-06, 0.0, 0.0, 4.6108122747784554e-09, 0.0, 0.0, 3.0317776491354347e-06, 1.9852409432361284e-07, 5.407899159563982e-06, 1.5343777547950864e-07, 1.0, 0.0, 0.0, 2.254435151295391e-06, 3.6127339603671675e-07, 1.7625691373070192e-06, 1.1617819228705314e-06, 0.0, 3.5894230500382125e-06, 0.0, 0.0, 0.0, 0.0, 0.0, 0.0, 0.0, 0.0, 0.0, 1.3428817655659494e-06, 0.0, 3.692495882069725e-07, 0.0, 1.9073486328125e-06, 3.7460534124225233e-06, 1.6762029835312288e-07, 1.832406074238075e-07, 2.459647945951779e-07, 0.0, 0.0, 4.768371582031251e-07, 1.1007210748556112e-07, 7.958078640513121e-13, 2.3849492010319e-06, 0.0, 4.510670990804892e-06, 0.0, 0.0, 0.0, 2.2308959155266928e-08, 3.2924108213748517e-06, 2.1291617624271213e-06, 0.0, 6.984049014143862e-14, 0.0, 0.0, 4.654624290013163e-09, 0.0, 0.0, 1.8463843685198411e-06, 2.905776706188582e-08, 0.0, 0.0, 2.186325142575062e-09, 0.0, 2.0385657461933784e-06, 0.0, 3.949258278437479e-06, 0.0, 0.0, 6.98404901414386e-14, 6.242846671684361e-07, 3.7502045766540964e-06, 0.0], [0.0, 0.0, 0.0, 0.08903479104609567, 0.0, 0.0, 0.09642928805441647, 0.0, 0.0, 0.10247399443472391, 0.0, 0.06495698325062309, 0.0, 0.0, 0.0, 0.0, 0.0, 0.03958869547601953, 0.02527573529482685, 0.09390669099807697, 0.0, 0.0, 1.0, 0.0, 0.0, 0.0, 0.0, 4.299839575205194e-13, 0.0, 0.16153788530232532, 0.0, 0.0, 0.0, 1.1368683772161603e-13, 0.0, 0.0, 0.0, 0.0, 0.0, 0.07469931604518586, 0.0, 5.684341886080801e-13, 0.0, 0.0, 0.06144758737858291, 1.779297159008663e-13, 5.937045261002241e-13, 0.0, 0.0, 0.0, 0.0, 0.0, 1.1368683772161602e-13, 0.07003310972180826, 0.0, 0.09567626618620925, 0.0, 0.0, 0.0, 1.1368683772161603e-13, 0.0, 0.10756179602997198, 0.0, 9.094947017729282e-13, 0.0, 0.0, 0.0, 0.0, 0.0, 0.07587368422650742, 5.270570978583794e-13, 0.0, 7.229503452280519e-13, 0.0, 0.0, 0.10664358533073133, 0.11688900420140048, 0.007812499999999998, 0.0, 0.0, 0.0, 0.09692518996945021, 0.10012287305378638, 0.0], [0.0, 0.0, 0.0, 0.0, 0.0, 0.0, 0.0, 0.0, 0.0, 0.0, 0.0, 0.0, 0.0, 0.0, 0.0, 0.0, 0.0, 0.0, 0.0, 0.0, 0.0, 0.0, 0.0, 1.0, 0.0, 0.0, 0.0, 0.0, 0.0, 0.0, 0.0, 0.0, 0.0, 0.0, 0.0, 0.0, 0.0, 0.0, 0.0, 0.0, 0.0, 0.0, 0.0, 0.0, 0.0, 0.0, 0.0, 0.0, 0.0, 0.0, 0.0, 0.0, 0.0, 0.0, 0.0, 0.0, 0.0, 0.0, 0.0, 0.0, 0.0, 0.0, 0.0, 0.0, 0.0, 0.0, 0.0, 0.0, 0.0, 0.0, 0.0, 0.0, 0.0, 0.0, 0.0, 0.0, 0.0, 0.0, 0.0, 0.0, 0.0, 0.0, 0.0, 0.0], [0.0, 1.7427748771939473e-07, 0.0, 4.7377671151533684e-07, 0.0, 0.0, 0.0, 0.0, 2.092950718136368e-06, 1.3489698487370593e-06, 2.1480187558463646e-06, 1.0543309848131192e-06, 0.0, 0.0, 0.0, 0.0, 0.0, 7.553355403100722e-07, 0.0, 9.149151895532996e-07, 0.0, 2.254435151295391e-06, 0.0, 0.0, 1.0, 8.963631282530134e-07, 7.539457464619587e-07, 7.539531345194024e-07, 0.0, 2.624725951942662e-06, 0.0, 0.0, 0.0, 0.0, 0.0, 0.0, 0.0, 0.0, 0.0, 6.608433251036383e-07, 0.0, 0.0, 0.0, 1.7592067417445704e-06, 2.1252291253636127e-06, 0.0, 0.0, 0.0, 0.0, 0.0, 5.026304976413058e-07, 0.0, 0.0, 4.991275088940709e-07, 0.0, 1.5563149017756274e-06, 0.0, 0.0, 0.0, 0.0, 1.0568910062763083e-06, 1.4803761213508977e-06, 0.0, 0.0, 0.0, 0.0, 0.0, 0.0, 0.0, 8.878916943200418e-07, 0.0, 0.0, 0.0, 0.0, 0.0, 1.4327238555419436e-06, 0.0, 1.1315772109856416e-06, 0.0, 0.0, 0.0, 0.0, 1.2019031508244145e-06, 0.0], [0.0, 1.4600096599955427e-07, 0.0, 4.1261229803497453e-07, 0.0, 0.0, 0.0, 0.0, 9.490062789971028e-07, 4.669673419929323e-07, 3.0536038598032263e-07, 7.394910770306703e-07, 0.0, 0.0, 1.0205779184010382e-08, 0.0, 0.0, 2.430582876916687e-07, 0.0, 1.5535112786732265e-07, 6.506372815075884e-10, 3.6127339603671675e-07, 0.0, 0.0, 8.963631282530134e-07, 1.0, 0.0, 9.830712480103715e-09, 0.0, 9.169248522276644e-07, 0.0, 2.3283064365386963e-10, 0.0, 0.0, 0.0, 0.0, 0.0, 0.0, 0.0, 3.099499817227097e-07, 0.0, 3.723035599842228e-09, 0.0, 4.709326221607093e-10, 4.4839158600491204e-07, 0.0, 7.300452768399223e-09, 4.059091363104408e-09, 0.0, 0.0, 0.0, 0.0, 0.0, 3.0640595835922377e-07, 0.0, 3.604741308267319e-07, 0.0, 1.8868458674126923e-10, 0.0, 0.0, 4.3710072835286457e-07, 6.324930422510823e-07, 0.0, 0.0, 0.0, 0.0, 1.1036229193400694e-08, 0.0, 0.0, 6.093883096118498e-07, 0.0, 0.0, 0.0, 8.661171758735586e-09, 0.0, 8.223849260881378e-07, 0.0, 5.377624935061943e-09, 0.0, 0.0, 0.0, 1.351014657568124e-08, 7.375366287268807e-07, 0.0], [0.0, 8.13313379862551e-06, 0.0, 0.0001446602066332715, 0.0, 0.0, 0.0, 0.0, 1.2971905871169772e-05, 5.820933164282141e-05, 3.290176391601562e-05, 0.00013930460813069937, 0.0, 0.0, 5.328307060134124e-05, 0.0, 0.0, 0.0001541830459332285, 5.843066561142381e-05, 7.327981823224353e-05, 3.0517578125e-05, 1.7625691373070192e-06, 0.0, 0.0, 7.539457464619587e-07, 0.0, 1.0, 0.000146542599689053, 0.0, 9.501896551275039e-05, 0.0, 0.0, 0.0, 0.0, 0.0, 0.0, 0.0, 0.0, 0.0, 4.711394863232589e-05, 3.0517578124999993e-05, 1.9073486328124998e-06, 0.0, 4.768371582031251e-07, 3.9543285900963274e-05, 1.0803180160397038e-05, 0.0, 0.0, 0.0, 0.0, 2.3841857910156246e-06, 0.0, 0.0, 0.00015284380849500779, 0.0, 0.00010765481797596235, 0.0, 0.0, 0.0, 0.0, 3.787097830946364e-06, 3.740187444583209e-05, 0.0, 0.0, 0.0, 0.0, 0.0, 0.0, 0.0, 0.00014050921130638052, 0.0, 0.0, 0.0, 0.0, 0.0, 5.005452466485916e-05, 0.0, 3.37545158989709e-05, 0.0, 0.0, 3.0517578124999997e-05, 0.0, 4.4383126705559055e-05, 0.0], [0.0, 5.603018306434228e-05, 0.0, 0.0013132287640598324, 0.0, 0.0, 0.0, 0.0, 4.881167660214604e-05, 0.0030264798390839897, 3.852050318294433e-05, 0.004456549685144219, 8.538176389173485e-12, 0.0, 0.0005703690120466851, 0.0, 0.0, 0.0032794617788158694, 0.0021886564362303693, 0.001583406071855545, 3.0552062935322964e-05, 1.1617819228705314e-06, 4.299839575205194e-13, 0.0, 7.539531345194024e-07, 9.830712480103715e-09, 0.000146542599689053, 1.0, 0.0, 0.0032614425312787413, 0.0, 0.0, 0.0, 5.605147011818056e-12, 0.0, 0.0, 0.0, 0.0, 0.0, 0.0025832010362276297, 3.0517578124999993e-05, 2.585372847786212e-06, 0.0, 0.00032430056451316703, 0.006591994231531674, 0.00025752508243469664, 6.428696406310139e-08, 1.6177475993230926e-07, 0.0, 0.0, 2.8273370062413195e-06, 2.3487111921667425e-07, 2.6227039481603745e-12, 0.0033554285982714894, 0.00048828125, 0.0020288751390943466, 0.0, 2.0368943159620193e-12, 0.0, 7.4546684768932e-09, 2.477340568336085e-06, 0.0028681589597579047, 0.0, 7.658492392698055e-12, 0.0, 0.0, 1.4748741448308111e-08, 2.2266528400036823e-12, 0.0, 0.002982113727909033, 2.9058153810104713e-08, 0.0, 2.247238050050869e-12, 1.4758431135586447e-08, 0.0, 0.00118628997299636, 0.0, 0.0010384407408006514, 3.73167022692937e-12, 0.0, 3.051757826058813e-05, 0.0015141001671864053, 0.00396713685023375, 0.0], [0.0, 0.0, 0.0, 0.0, 0.0, 0.0, 0.0, 0.0, 0.0, 0.0, 0.0, 0.0, 0.0, 0.0, 0.0, 0.0, 0.0, 0.0, 0.0, 0.0, 0.0, 0.0, 0.0, 0.0, 0.0, 0.0, 0.0, 0.0, 1.0, 0.0, 0.0, 0.0, 0.0, 0.0, 0.0, 0.0, 0.0, 0.0, 0.0, 0.0, 0.0, 0.0, 0.0, 0.0, 0.0, 0.0, 0.0, 0.0, 0.0, 0.0, 0.0, 0.0, 0.0, 0.0, 0.0, 0.0, 0.0, 0.0, 0.0, 0.0, 0.0, 0.0, 0.0, 0.0, 0.0, 0.0, 0.0, 0.0, 0.0, 0.0, 0.0, 0.0, 0.0, 0.0, 0.0, 0.0, 0.0, 0.0, 0.0, 0.0, 0.0, 0.0, 0.0, 0.0], [0.0, 2.9052870142895697e-05, 0.0, 0.5546112896012235, 0.0, 0.0, 0.40894284134327163, 0.03260807265189785, 3.170548471520258e-05, 0.4298624955029638, 8.662563992676943e-05, 0.40364877061321447, 2.4215452997337424e-12, 0.0, 0.016660481949262, 0.0, 0.0, 0.5159799533922924, 0.4750159002616703, 0.47328026579310156, 0.0003039488518300006, 3.5894230500382125e-06, 0.16153788530232532, 0.0, 2.624725951942662e-06, 9.169248522276644e-07, 9.501896551275039e-05, 0.0032614425312787413, 0.0, 1.0, 0.3488726272617239, 4.041611790550659e-11, 0.26873549530357205, 1.5143725717854663e-12, 0.0, 0.0, 0.003492616452707927, 0.0, 0.0, 0.4183936488375458, 0.00011409151449463737, 0.36335689534036164, 0.0, 5.941332188033646e-05, 0.5119439570973693, 6.512668066946366e-05, 1.7574719184759498e-07, 1.808172860043173e-07, 0.0037029023696876443, 0.0, 8.059869578093726e-06, 0.004582728465544438, 2.835689614056046e-12, 0.6603435499668804, 0.0005445573465866921, 0.5289518010104197, 0.0, 1.2559240397760237e-10, 0.0, 3.7749564475653036e-08, 2.253378494238243e-06, 0.5397627676709768, 0.0, 1.0195774854913878e-11, 0.5164320849924053, 0.008082206904881633, 1.8358185989808262e-08, 2.849701655056713e-12, 0.0, 0.5555765902863474, 0.004250838828993054, 0.0, 2.7583884010580474e-12, 1.4389170434623245e-08, 0.0, 0.3035537785578874, 0.1894887283689201, 0.0811973848312605, 2.1313684399447116e-12, 0.0, 0.00011409145961305194, 0.45612074359864185, 0.24312217783566542, 0.0], [0.0, 0.0, 0.0, 0.34769761964866, 0.0, 0.0, 0.75, 0.12499999999999999, 0.0, 0.5075322775599265, 0.0, 0.2684736371225325, 0.0, 0.0, 0.0, 0.0, 0.0, 0.20517288661273864, 0.1875, 0.31382181754850585, 0.0, 0.0, 0.0, 0.0, 0.0, 0.0, 0.0, 0.0, 0.0, 0.3488726272617239, 1.0, 0.0, 0.5, 0.0, 0.0, 0.0, 0.0, 0.0, 0.0, 0.5004433846755553, 0.0, 0.18681710347360223, 0.0, 0.0, 0.6875674457334506, 0.0, 0.0, 0.0, 0.0, 0.0, 0.0, 0.0, 0.0, 0.41048295516789934, 0.0, 0.028172575147592097, 0.0, 0.0, 0.0, 0.0, 0.0, 0.28618740782736307, 0.0, 0.0, 0.5624999999999999, 0.0, 0.0, 0.0, 0.0, 0.39793177988963874, 0.0, 0.0, 0.0, 0.0, 0.0, 0.12499999999999997, 0.10803111744338098, 0.24999999999999994, 0.0, 0.0, 0.0, 0.75, 0.15994446865603915, 0.0], [0.0, 0.0, 0.0, 1.551058539633431e-10, 0.0, 0.0, 0.0, 0.0, 0.0, 1.3368105037398854e-10, 0.0, 1.6727962680032363e-10, 0.0, 0.0, 3.4924596548080444e-10, 0.0, 0.0, 1.9229026674259832e-10, 0.0, 1.2013424493972755e-10, 5.820766091346741e-11, 0.0, 0.0, 0.0, 0.0, 2.3283064365386963e-10, 0.0, 0.0, 0.0, 4.041611790550659e-11, 0.0, 1.0, 0.0, 0.0, 0.0, 0.0, 0.0, 0.0, 0.0, 1.7978968719197633e-10, 2.910383045673371e-11, 2.3283064365386963e-10, 0.0, 2.3283064365386963e-10, 5.5783660056623195e-11, 0.0, 0.0, 9.858292096148366e-11, 0.0, 0.0, 0.0, 0.0, 0.0, 1.629864903997552e-10, 0.0, 9.06380058207108e-11, 0.0, 0.0, 0.0, 0.0, 0.0, 1.243779699590713e-10, 0.0, 0.0, 0.0, 0.0, 0.0, 0.0, 0.0, 5.0873786361212845e-11, 0.0, 0.0, 0.0, 0.0, 0.0, 1.8173113488757446e-10, 0.0, 2.9103830456733704e-11, 0.0, 0.0, 0.0, 9.123398119074925e-11, 2.952646255501516e-10, 0.0], [0.0, 0.0, 0.0, 0.2689318649220845, 0.0, 0.0, 0.5000000000000001, 0.125, 0.0, 0.4450322775599265, 0.0, 0.20339943679189026, 0.0, 0.0, 0.0, 0.0, 0.0, 0.1542381743097811, 0.12500000000000003, 0.11997900551089268, 0.0, 0.0, 0.0, 0.0, 0.0, 0.0, 0.0, 0.0, 0.0, 0.26873549530357205, 0.5, 0.0, 1.0, 0.0, 0.0, 0.0, 0.0, 0.0, 0.0, 0.49305843228471286, 0.0, 0.18681710347360225, 0.0, 0.0, 0.48992509197292694, 0.0, 0.0, 0.0, 0.0, 0.0, 0.0, 0.0, 0.0, 0.33192801630673746, 0.0, 0.010526899013331502, 0.0, 0.0, 0.0, 0.0, 0.0, 0.1831956854335204, 0.0, 0.0, 0.5000000000000001, 0.0, 0.0, 0.0, 0.0, 0.39378076532410833, 0.0, 0.0, 0.0, 0.0, 0.0, 0.12500000000000003, 0.0, 0.0, 0.0, 0.0, 0.0, 0.5000000000000001, 0.11925906734656842, 0.0], [0.0, 0.0, 0.0, 4.849660371534202e-12, 0.0, 0.0, 0.0, 0.0, 0.0, 2.296919737275053e-12, 0.0, 5.421208013310634e-12, 0.0, 0.0, 0.0, 0.0, 0.0, 6.978280979692168e-12, 1.1368683772161602e-13, 1.6055611673595927e-12, 0.0, 0.0, 1.1368683772161603e-13, 0.0, 0.0, 0.0, 0.0, 5.605147011818056e-12, 0.0, 1.5143725717854663e-12, 0.0, 0.0, 0.0, 1.0, 0.0, 0.0, 0.0, 0.0, 0.0, 3.682211085459929e-12, 0.0, 1.1368683772161602e-13, 0.0, 0.0, 9.417511913210774e-12, 1.1225096170927133e-13, 4.4684268107954246e-13, 0.0, 0.0, 0.0, 0.0, 0.0, 1.1368683772161603e-13, 6.746412156320267e-12, 0.0, 0.0, 0.0, 0.0, 0.0, 1.4240092893485673e-11, 3.843251717632077e-12, 3.4618561551559478e-12, 0.0, 1.4651204204416866e-11, 0.0, 0.0, 0.0, 0.0, 0.0, 7.294870897748426e-12, 0.0, 0.0, 0.0, 0.0, 0.0, 3.716464724659728e-12, 0.0, 5.07019424577079e-12, 0.0, 0.0, 0.0, 0.0, 2.7556185953582953e-13, 0.0], [0.0, 0.0, 0.0, 0.0, 0.0, 0.0, 0.0, 0.0, 0.0, 0.0, 0.0, 0.0, 0.0, 0.0, 0.0, 0.0, 0.0, 0.0, 0.0, 0.0, 0.0, 0.0, 0.0, 0.0, 0.0, 0.0, 0.0, 0.0, 0.0, 0.0, 0.0, 0.0, 0.0, 0.0, 1.0, 0.0, 0.0, 0.0, 0.0, 0.0, 0.0, 0.0, 0.0, 0.0, 0.0, 0.0, 0.0, 0.0, 0.0, 0.0, 0.0, 0.0, 0.0, 0.0, 0.0, 0.0, 0.0, 0.0, 0.0, 0.0, 0.0, 0.0, 0.0, 0.0, 0.0, 0.0, 0.0, 0.0, 0.0, 0.0, 0.0, 0.0, 0.0, 0.0, 0.0, 0.0, 0.0, 0.0, 0.0, 0.0, 0.0, 0.0, 0.0, 0.0], [0.0, 0.0, 0.0, 0.0, 0.0, 0.0, 0.0, 0.0, 0.0, 0.0, 0.0, 0.0, 0.0, 0.0, 0.0, 0.0, 0.0, 0.0, 0.0, 0.0, 0.0, 0.0, 0.0, 0.0, 0.0, 0.0, 0.0, 0.0, 0.0, 0.0, 0.0, 0.0, 0.0, 0.0, 0.0, 1.0, 0.0, 0.0, 0.0, 0.0, 0.0, 0.0, 0.0, 0.0, 0.0, 0.0, 0.0, 0.0, 0.0, 0.0, 0.0, 0.0, 0.0, 0.0, 0.0, 0.0, 0.0, 0.0, 0.0, 0.0, 0.0, 0.0, 0.0, 0.0, 0.0, 0.0, 0.0, 0.0, 0.0, 0.0, 0.0, 0.0, 0.0, 0.0, 0.0, 0.0, 0.0, 0.0, 0.0, 0.0, 0.0, 0.0, 0.0, 0.0], [0.0, 0.0, 0.0, 0.0025131104133543874, 0.0, 0.0, 0.0030157324960252657, 0.0, 0.0, 0.007073518697951119, 0.0, 0.007036709157392287, 0.0, 0.0, 0.0, 0.0, 0.0, 0.0010015716556070297, 0.0027547108706657735, 0.0033302730476902995, 0.0, 0.0, 0.0, 0.0, 0.0, 0.0, 0.0, 0.0, 0.0, 0.003492616452707927, 0.0, 0.0, 0.0, 0.0, 0.0, 0.0, 1.0, 0.0, 0.0, 0.000532259630569162, 0.0, 0.001507866248012633, 0.0, 0.0, 0.0025131104133543874, 0.0, 0.0, 0.0, 0.0, 0.0, 0.0, 0.0, 0.0, 0.0, 0.0, 0.0016368437838702018, 0.0, 0.0, 0.0, 0.0, 0.0, 0.0045671582529937, 0.0, 0.0, 0.0, 0.0030157324960252657, 0.0, 0.0, 0.0, 0.004741626870700179, 0.0, 0.0, 0.0, 0.0, 0.0, 0.004260808089771838, 0.004904460931872243, 0.0, 0.0, 0.0, 0.0, 0.0016052033979087697, 0.007198756213389821, 0.0], [0.0, 0.0, 0.0, 0.0, 0.0, 0.0, 0.0, 0.0, 0.0, 0.0, 0.0, 0.0, 0.0, 0.0, 0.0, 0.0, 0.0, 0.0, 0.0, 0.0, 0.0, 0.0, 0.0, 0.0, 0.0, 0.0, 0.0, 0.0, 0.0, 0.0, 0.0, 0.0, 0.0, 0.0, 0.0, 0.0, 0.0, 1.0, 0.0, 0.0, 0.0, 0.0, 0.0, 0.0, 0.0, 0.0, 0.0, 0.0, 0.0, 0.0, 0.0, 0.0, 0.0, 0.0, 0.0, 0.0, 0.0, 0.0, 0.0, 0.0, 0.0, 0.0, 0.0, 0.0, 0.0, 0.0, 0.0, 0.0, 0.0, 0.0, 0.0, 0.0, 0.0, 0.0, 0.0, 0.0, 0.0, 0.0, 0.0, 0.0, 0.0, 0.0, 0.0, 0.0], [0.0, 0.0, 0.0, 0.0, 0.0, 0.0, 0.0, 0.0, 0.0, 0.0, 0.0, 0.0, 0.0, 0.0, 0.0, 0.0, 0.0, 0.0, 0.0, 0.0, 0.0, 0.0, 0.0, 0.0, 0.0, 0.0, 0.0, 0.0, 0.0, 0.0, 0.0, 0.0, 0.0, 0.0, 0.0, 0.0, 0.0, 0.0, 1.0, 0.0, 0.0, 0.0, 0.0, 0.0, 0.0, 0.0, 0.0, 0.0, 0.0, 0.0, 0.0, 0.0, 0.0, 0.0, 0.0, 0.0, 0.0, 0.0, 0.0, 0.0, 0.0, 0.0, 0.0, 0.0, 0.0, 0.0, 0.0, 0.0, 0.0, 0.0, 0.0, 0.0, 0.0, 0.0, 0.0, 0.0, 0.0, 0.0, 0.0, 0.0, 0.0, 0.0, 0.0, 0.0], [0.0, 2.8742672557808897e-05, 0.0, 0.5500038805755738, 0.0, 0.0, 0.65711922545589, 0.15006126199969522, 6.040441085424605e-05, 0.5040020595763348, 0.0001829493066369531, 0.6515108013758475, 2.4615376186787882e-12, 0.0, 0.006624446159395785, 0.0, 0.0, 0.36752019419249876, 0.2746386114148045, 0.33096155467203936, 0.00020524194658287789, 1.3428817655659494e-06, 0.07469931604518586, 0.0, 6.608433251036383e-07, 3.099499817227097e-07, 4.711394863232589e-05, 0.0025832010362276297, 0.0, 0.4183936488375458, 0.5004433846755553, 1.7978968719197633e-10, 0.49305843228471286, 3.682211085459929e-12, 0.0, 0.0, 0.000532259630569162, 0.0, 0.0, 1.0, 0.00020145862921161874, 0.24210770893948977, 0.0, 0.0008189599123195639, 0.66172301400255, 7.087387350026872e-05, 1.340331568365901e-07, 4.7614864649191253e-07, 0.015583047472435508, 0.0, 7.676202912260878e-06, 0.015466810577755319, 1.184957808789656e-12, 0.5204516857812377, 0.0006194704482707104, 0.2563449245794199, 0.0, 1.6182182500849324e-10, 0.0, 7.45726914842054e-09, 1.0590298436785753e-06, 0.4936029600577378, 0.0, 6.6513010337994875e-12, 0.5041358608709765, 0.01750526610268085, 9.759678570563494e-09, 1.6590034676741285e-12, 0.0, 0.7317049620908997, 0.015586413211999566, 0.0, 5.898413987387458e-13, 8.332874361143942e-09, 0.0, 0.30732284252140274, 0.07953446660273042, 0.008038178936174345, 2.869118060011314e-12, 0.0, 0.00020145857144212144, 0.5623393480002741, 0.36338498773145533, 0.0], [0.0, 0.0, 0.0, 7.75476637138283e-05, 0.0, 0.0, 0.0, 0.0, 0.0, 0.00020274492341962504, 3.0517578125e-05, 9.106186372030519e-05, 0.0, 0.0, 0.00017848059439440055, 0.0, 0.0, 0.00022453548276031322, 0.0002963591637175106, 0.00015267015238027142, 9.1552734375e-05, 0.0, 0.0, 0.0, 0.0, 0.0, 3.0517578124999993e-05, 3.0517578124999993e-05, 0.0, 0.00011409151449463737, 0.0, 2.910383045673371e-11, 0.0, 0.0, 0.0, 0.0, 0.0, 0.0, 0.0, 0.00020145862921161874, 1.0, 0.0, 0.0, 0.0, 0.00013467919135321283, 0.0, 0.0, 5.923634229188134e-11, 0.0, 0.0, 0.0, 0.0, 0.0, 0.0001944642299476864, 0.0, 4.085735388863154e-05, 0.0, 0.0, 0.0, 0.0, 0.0, 3.6209599110347384e-05, 0.0, 0.0, 0.0, 0.0, 0.0, 0.0, 0.0, 0.00012625582581178495, 0.0, 0.0, 0.0, 0.0, 0.0, 9.103162472916127e-05, 0.0, 0.0002441406686557457, 0.0, 0.0, 0.0003662109375, 7.160508316089046e-05, 0.000234115501675271, 0.0], [0.0, 2.1193745878902374e-06, 0.0, 0.11848438897979971, 0.0, 0.0, 0.20246066327204787, 0.08562450575873436, 1.9073486328125e-06, 0.2037131631205204, 1.9287868323186853e-06, 0.4971105979929377, 0.0, 0.0, 0.004922859903241615, 0.0, 0.0, 0.0374707571955914, 0.16751242084100193, 0.1681256890149324, 8.873236525121642e-08, 3.692495882069725e-07, 5.684341886080801e-13, 0.0, 0.0, 3.723035599842228e-09, 1.9073486328124998e-06, 2.585372847786212e-06, 0.0, 0.36335689534036164, 0.18681710347360223, 2.3283064365386963e-10, 0.18681710347360225, 1.1368683772161602e-13, 0.0, 0.0, 0.001507866248012633, 0.0, 0.0, 0.24210770893948977, 0.0, 1.0, 0.0, 2.3283064365386963e-10, 0.23317799992098567, 1.989692564911998e-06, 8.867498201321166e-08, 3.721651028279825e-07, 0.013200401540330624, 0.0, 7.62939453125e-06, 0.01259378702150755, 1.023181539494544e-12, 0.3024424945008719, 0.0, 0.04012533978125957, 0.0, 0.0, 0.0, 1.4901274880685375e-08, 0.0, 0.06063663894678404, 0.0, 1.989519660128281e-12, 0.18681710347360223, 0.015080750787762592, 0.0, 0.0, 0.0, 0.3600182363424838, 0.012896786404859913, 0.0, 7.229503452280519e-13, 0.0, 0.0, 0.10282994177174332, 0.016883603011294934, 2.8067135134700727e-06, 0.0, 0.0, 5.6843418860808e-14, 0.20558877705575257, 0.32266225997528947, 0.0], [0.0, 0.0, 0.0, 0.0, 0.0, 0.0, 0.0, 0.0, 0.0, 0.0, 0.0, 0.0, 0.0, 0.0, 0.0, 0.0, 0.0, 0.0, 0.0, 0.0, 0.0, 0.0, 0.0, 0.0, 0.0, 0.0, 0.0, 0.0, 0.0, 0.0, 0.0, 0.0, 0.0, 0.0, 0.0, 0.0, 0.0, 0.0, 0.0, 0.0, 0.0, 0.0, 1.0, 0.0, 0.0, 0.0, 0.0, 0.0, 0.0, 0.0, 0.0, 0.0, 0.0, 0.0, 0.0, 0.0, 0.0, 0.0, 0.0, 0.0, 0.0, 0.0, 0.0, 0.0, 0.0, 0.0, 0.0, 0.0, 0.0, 0.0, 0.0, 0.0, 0.0, 0.0, 0.0, 0.0, 0.0, 0.0, 0.0, 0.0, 0.0, 0.0, 0.0, 0.0], [0.0, 0.0, 0.0, 0.00026361726283526045, 0.0, 0.0, 0.0, 0.0, 8.231668534018078e-07, 4.769715315212139e-07, 1.9073486328125e-06, 0.00045462358019180186, 0.0, 0.0, 3.492459654808044e-10, 0.0, 0.0, 0.000681738735465431, 2.9438520668633078e-05, 0.0003155814861045723, 1.7462298274040222e-10, 1.9073486328125e-06, 0.0, 0.0, 1.7592067417445704e-06, 4.709326221607093e-10, 4.768371582031251e-07, 0.00032430056451316703, 0.0, 5.941332188033646e-05, 0.0, 2.3283064365386963e-10, 0.0, 0.0, 0.0, 0.0, 0.0, 0.0, 0.0, 0.0008189599123195639, 0.0, 2.3283064365386963e-10, 0.0, 1.0, 0.0004943189576404503, 0.00027475952624057544, 0.0, 3.9707213618459946e-10, 0.0, 0.0, 4.768371582031249e-07, 0.0, 0.0, 0.0001088358557580415, 0.0, 0.0007508463171677534, 0.0, 1.1641532182693479e-10, 0.0, 0.0, 4.784093149238776e-07, 0.0005314252082794221, 0.0, 0.0, 0.0, 0.0, 0.0, 0.0, 0.0, 0.00032