"{\"names\": [\"172.217.10.1\", \"104.88.86.240\", \"38.93.140.48\", \"192.168.10.15\", \"104.88.108.223\", \"195.142.105.15\", \"172.217.12.163\", \"206.217.206.48\", \"172.217.6.228\", \"178.255.83.1\", \"74.119.118.82\", \"192.168.10.9\", \"172.217.7.6\", \"35.186.227.40\", \"31.13.71.36\", \"206.126.112.142\", \"151.101.2.49\", \"192.168.10.25\", \"172.217.3.98\", \"192.168.10.16\", \"72.30.202.150\", \"172.217.12.132\", \"50.31.164.173\", \"162.208.20.178\", \"23.15.4.16\", \"216.58.217.99\", \"172.217.6.198\", \"172.217.12.174\", \"169.46.44.40\", \"192.168.10.17\", \"52.84.143.130\", \"104.19.195.102\", \"216.200.232.61\", \"104.97.73.166\", \"152.163.13.79\", \"192.229.163.25\", \"74.119.118.86\", \"54.225.188.92\", \"188.165.145.88\", \"192.168.10.14\", \"8.43.72.98\", \"199.96.57.6\", \"68.67.178.110\", \"104.88.70.158\", \"192.168.10.19\", \"69.172.216.56\", \"157.240.18.35\", \"172.217.11.34\", \"185.54.150.20\", \"69.169.85.7\", \"198.232.124.194\", \"74.119.118.72\", \"172.217.12.134\", \"192.168.10.5\", \"23.111.9.30\", \"192.168.10.8\", \"151.101.66.2\", \"68.67.178.199\", \"213.239.195.215\", \"138.108.7.20\", \"52.84.145.87\", \"192.168.10.50\", \"52.84.145.198\", \"52.40.24.51\", \"212.77.100.137\", \"185.54.150.115\", \"172.217.10.138\", \"152.163.66.165\", \"52.84.137.78\", \"192.168.10.51\", \"68.67.178.109\", \"129.146.14.96\", \"54.152.24.232\", \"172.217.10.33\", \"52.8.229.108\", \"192.168.10.12\", \"64.147.131.201\", \"172.217.12.206\", \"68.67.180.12\", \"172.217.10.134\", \"38.69.238.16\", \"172.217.10.142\", \"192.168.10.3\", \"172.217.6.202\"], \"funcEdges\": [[1.0, 0.0, 0.0, 0.0, 0.0, 0.0, 0.0, 0.0, 0.0, 0.0, 0.0, 0.0, 0.0, 0.0, 0.0, 0.0, 0.0, 0.0, 0.0, 0.0, 0.0, 0.0, 0.0, 0.0, 0.0, 0.0, 0.0, 0.0, 0.0, 0.0, 0.0, 0.0, 0.0, 0.0, 0.0, 0.0, 0.0, 0.0, 0.0, 0.0, 0.0, 0.0, 0.0, 0.0, 0.0, 0.0, 0.0, 0.0, 0.0, 0.0, 0.0, 0.0, 0.0, 0.0, 0.0, 0.0, 0.0, 0.0, 0.0, 0.0, 0.0, 0.0, 0.0, 0.0, 0.0, 0.0, 0.0, 0.0, 0.0, 0.0, 0.0, 0.0, 0.0, 0.0, 0.0, 0.0, 0.0, 0.0, 0.0, 0.0, 0.0, 0.0, 0.0, 0.0], [0.0, 1.0, 0.0, 0.3928217309345765, 0.0, 0.0, 0.0, 0.0, 0.2836194369388191, 0.09973706999635386, 0.13064704210495698, 0.18439889685865873, 0.0, 0.0, 0.1753557415626334, 0.0, 0.0, 0.09964292294672619, 0.31596877652315053, 0.1504208511118635, 0.0002014494621599205, 0.014872601157399856, 0.0, 0.0, 0.0028553623587945632, 0.002392079826936697, 0.13325326415668035, 0.425632555408853, 0.0, 0.20809049506335214, 0.0, 0.0, 0.0, 0.0, 0.0, 0.0, 0.0, 0.0, 0.0, 0.14811699335828976, 0.0, 0.03472383324799365, 0.0, 0.0, 0.07697756624843792, 0.4943313705068077, 0.0012086967729595234, 0.0036924841929390235, 0.0, 0.0, 0.03125, 0.0009765625, 0.0, 0.3732747419452789, 0.0, 0.17233937858458837, 0.0, 0.0, 0.0, 0.0, 0.006378879538497858, 0.07187947511725634, 0.0, 0.0, 0.0, 0.0, 0.0, 0.0, 0.0, 0.4998384716955607, 0.0, 0.0, 0.0, 0.0, 0.0, 0.207086309479694, 0.0, 0.16938103508776908, 0.0, 0.0, 0.0, 0.011494111118903782, 0.41541073448714905, 0.0], [0.0, 0.0, 1.0, 0.0, 0.0, 0.0, 0.0, 0.0, 0.0, 0.0, 0.0, 0.0, 0.0, 0.0, 0.0, 0.0, 0.0, 0.0, 0.0, 0.0, 0.0, 0.0, 0.0, 0.0, 0.0, 0.0, 0.0, 0.0, 0.0, 0.0, 0.0, 0.0, 0.0, 0.0, 0.0, 0.0, 0.0, 0.0, 0.0, 0.0, 0.0, 0.0, 0.0, 0.0, 0.0, 0.0, 0.0, 0.0, 0.0, 0.0, 0.0, 0.0, 0.0, 0.0, 0.0, 0.0, 0.0, 0.0, 0.0, 0.0, 0.0, 0.0, 0.0, 0.0, 0.0, 0.0, 0.0, 0.0, 0.0, 0.0, 0.0, 0.0, 0.0, 0.0, 0.0, 0.0, 0.0, 0.0, 0.0, 0.0, 0.0, 0.0, 0.0, 0.0], [0.0, 0.3928217309345765, 0.0, 1.0, 0.0, 0.0, 0.0, 0.0, 0.6635360689316347, 0.36638693504741504, 0.12758738699068148, 0.4837797207551011, 5.840575873700642e-08, 0.0, 0.021013412598834852, 0.0, 0.0, 0.46668101553191277, 0.2802227032115048, 0.3982323822001502, 0.0019532569480660866, 0.04276600984283114, 9.531920065565932e-09, 0.0, 0.007762357641467279, 0.006760239891005023, 0.370585649902781, 0.5926004395493865, 0.0, 0.24139839795961554, 0.0, 2.5412543113354133e-06, 0.0, 7.945683552721637e-08, 0.0, 0.0, 0.0, 0.0, 0.0, 0.20282088929019892, 2.168249441171474e-06, 0.00821753904951862, 0.0, 0.004487095044531569, 0.32640285614284426, 0.14641574161762924, 0.0022006031940963095, 0.0030735736325909254, 0.0, 0.0, 0.019530627647777615, 0.0027935644914158604, 5.7644010630529744e-08, 0.11355628717369744, 0.0, 0.47855805440025556, 0.0, 3.093905180900781e-06, 0.0, 0.0010249258639711465, 0.0810449006458561, 0.5435836836869705, 0.0, 1.0691116040995304e-07, 0.0, 0.0, 0.00024182669273723858, 1.762976140190949e-08, 0.0, 0.5538558216377398, 0.00018466404344695233, 0.0, 8.311804752102635e-08, 0.000242778488747626, 0.0, 0.5048953671935726, 0.0, 0.4105706090979565, 1.733224153488107e-08, 0.0, 2.5207454267319643e-10, 0.009935892547753747, 0.7423565494612729, 0.0], [0.0, 0.0, 0.0, 0.0, 1.0, 0.0, 0.0, 0.0, 0.0, 0.0, 0.0, 0.0, 0.0, 0.0, 0.0, 0.0, 0.0, 0.0, 0.0, 0.0, 0.0, 0.0, 0.0, 0.0, 0.0, 0.0, 0.0, 0.0, 0.0, 0.0, 0.0, 0.0, 0.0, 0.0, 0.0, 0.0, 0.0, 0.0, 0.0, 0.0, 0.0, 0.0, 0.0, 0.0, 0.0, 0.0, 0.0, 0.0, 0.0, 0.0, 0.0, 0.0, 0.0, 0.0, 0.0, 0.0, 0.0, 0.0, 0.0, 0.0, 0.0, 0.0, 0.0, 0.0, 0.0, 0.0, 0.0, 0.0, 0.0, 0.0, 0.0, 0.0, 0.0, 0.0, 0.0, 0.0, 0.0, 0.0, 0.0, 0.0, 0.0, 0.0, 0.0, 0.0], [0.0, 0.0, 0.0, 0.0, 0.0, 1.0, 0.0, 0.0, 0.0, 0.0, 0.0, 0.0, 0.0, 0.0, 0.0, 0.0, 0.0, 0.0, 0.0, 0.0, 0.0, 0.0, 0.0, 0.0, 0.0, 0.0, 0.0, 0.0, 0.0, 0.0, 0.0, 0.0, 0.0, 0.0, 0.0, 0.0, 0.0, 0.0, 0.0, 0.0, 0.0, 0.0, 0.0, 0.0, 0.0, 0.0, 0.0, 0.0, 0.0, 0.0, 0.0, 0.0, 0.0, 0.0, 0.0, 0.0, 0.0, 0.0, 0.0, 0.0, 0.0, 0.0, 0.0, 0.0, 0.0, 0.0, 0.0, 0.0, 0.0, 0.0, 0.0, 0.0, 0.0, 0.0, 0.0, 0.0, 0.0, 0.0, 0.0, 0.0, 0.0, 0.0, 0.0, 0.0], [0.0, 0.0, 0.0, 0.0, 0.0, 0.0, 1.0, 0.0, 0.0, 0.0, 0.0, 0.0, 0.0, 0.0, 0.0, 0.0, 0.0, 0.0, 0.0, 0.0, 0.0, 0.0, 0.0, 0.0, 0.0, 0.0, 0.0, 0.0, 0.0, 0.0, 0.0, 0.0, 0.0, 0.0, 0.0, 0.0, 0.0, 0.0, 0.0, 0.0, 0.0, 0.0, 0.0, 0.0, 0.0, 0.0, 0.0, 0.0, 0.0, 0.0, 0.0, 0.0, 0.0, 0.0, 0.0, 0.0, 0.0, 0.0, 0.0, 0.0, 0.0, 0.0, 0.0, 0.0, 0.0, 0.0, 0.0, 0.0, 0.0, 0.0, 0.0, 0.0, 0.0, 0.0, 0.0, 0.0, 0.0, 0.0, 0.0, 0.0, 0.0, 0.0, 0.0, 0.0], [0.0, 0.0, 0.0, 0.0, 0.0, 0.0, 0.0, 1.0, 0.0, 0.0, 0.0, 0.0, 0.0, 0.0, 0.0, 0.0, 0.0, 0.0, 0.0, 0.0, 0.0, 0.0, 0.0, 0.0, 0.0, 0.0, 0.0, 0.0, 0.0, 0.0, 0.0, 0.0, 0.0, 0.0, 0.0, 0.0, 0.0, 0.0, 0.0, 0.0, 0.0, 0.0, 0.0, 0.0, 0.0, 0.0, 0.0, 0.0, 0.0, 0.0, 0.0, 0.0, 0.0, 0.0, 0.0, 0.0, 0.0, 0.0, 0.0, 0.0, 0.0, 0.0, 0.0, 0.0, 0.0, 0.0, 0.0, 0.0, 0.0, 0.0, 0.0, 0.0, 0.0, 0.0, 0.0, 0.0, 0.0, 0.0, 0.0, 0.0, 0.0, 0.0, 0.0, 0.0], [0.0, 0.2836194369388191, 0.0, 0.6635360689316347, 0.0, 0.0, 0.0, 0.0, 1.0, 0.703578377193, 0.14279397513466635, 0.4064096672232208, 0.0, 0.0, 0.026434208557862746, 0.0, 0.0, 0.269316737798473, 0.35935667056038134, 0.3276634087351282, 0.0, 0.03386964430386227, 0.0, 0.0, 0.03429090456594625, 0.015548518875088532, 0.21253170579324554, 0.36891029102189626, 0.0, 0.2887608946268408, 0.0, 0.0, 0.0, 0.0, 0.0, 0.0, 0.0, 0.0, 0.0, 0.5689339276140938, 0.0, 0.03125, 0.0, 0.01348676572613522, 0.4726235903471251, 0.19968038421330378, 0.0, 0.0, 0.0, 0.0, 0.03754382400552977, 0.0, 0.0, 0.11120498251652605, 0.0, 0.5382234773636247, 0.0, 0.0, 0.0, 0.0, 0.021694459744336293, 0.16648960586213843, 0.0, 0.0, 0.0, 0.0, 0.0, 0.0, 0.0, 0.701373418023001, 0.0, 0.0, 0.0, 0.0, 0.0, 0.507722958038793, 0.0, 0.261841047942752, 0.0, 0.0, 0.0, 0.0, 0.549157054759235, 0.0], [0.0, 0.09973706999635386, 0.0, 0.36638693504741504, 0.0, 0.0, 0.0, 0.0, 0.703578377193, 1.0, 0.04067978288270209, 0.38322423626961666, 6.23768351171163e-08, 0.0, 0.03988922319685108, 0.0, 0.0, 0.3305203144079579, 0.2743113385597218, 0.502431291688396, 0.001813763715774294, 0.04026288701124403, 2.1980976805958032e-08, 0.0, 0.02210152200170798, 0.007650792931212203, 0.21879735015658544, 0.2583333757275257, 0.0, 0.49307904528474406, 0.0, 2.1902303293274282e-06, 0.0, 3.763273297551447e-08, 0.0, 0.0, 0.0, 0.0, 0.0, 0.6357925163557717, 8.613896493070536e-07, 0.13267560868761583, 0.0, 0.007814701572443569, 0.38011178138207335, 0.1592069610525725, 0.0010657077621935437, 0.006219045776645255, 0.0, 0.0, 0.1325911956068963, 0.0009765625, 3.055534250226266e-08, 0.2671484861058406, 0.0, 0.6660080242423011, 0.0, 7.680762879033568e-06, 0.0, 0.000497475064243521, 0.06184405167548547, 0.21957929149938696, 0.0, 1.0614152225992491e-07, 0.0, 0.0, 0.00013945519454718774, 2.7205673729636577e-08, 0.0, 0.42574175152631843, 8.402377605089639e-05, 0.0, 2.483019456351312e-08, 7.761446222673355e-05, 0.0, 0.470229485698252, 0.0, 0.33513457167786975, 5.490081471537623e-08, 0.0, 9.313225746154784e-10, 0.005200340258504207, 0.33737450236834815, 0.0], [0.0, 0.13064704210495698, 0.0, 0.12758738699068148, 0.0, 0.0, 0.0, 0.0, 0.14279397513466635, 0.04067978288270209, 1.0, 0.03463436619174044, 0.0, 0.0, 0.00019801799961820861, 0.0, 0.0, 0.05956710000482074, 0.0003582844439342509, 0.0801764846469765, 0.001658318291430996, 0.03875381193032269, 0.0, 0.0, 0.03519313929578684, 0.005003024563901606, 0.03906250000000001, 0.1311199241493601, 0.0, 0.05323642565382313, 0.0, 0.0, 0.0, 0.0, 0.0, 0.0, 0.0, 0.0, 0.0, 0.09149534321721756, 0.0, 0.03160124346070934, 0.0, 0.03125, 0.020387321591365047, 0.032722359951087465, 0.0011101506092866236, 0.0006597518918864712, 0.0, 0.0, 0.0390625, 0.0003349581741064627, 0.0, 0.052316196766615294, 0.0, 0.054281631203040914, 0.0, 0.0, 0.0, 0.00012207031249999999, 0.013519277974444573, 0.05614418299018074, 0.0, 0.0, 0.0, 0.0, 9.013307601410689e-05, 0.0, 0.0, 0.10600523803187754, 0.0004760824555419372, 0.0, 0.0, 0.00011224217251476295, 0.0, 0.04875245405298944, 0.0, 0.06864079770097324, 0.0, 0.0, 0.0, 0.00157930826423941, 0.10032114059763483, 0.0], [0.0, 0.18439889685865873, 0.0, 0.4837797207551011, 0.0, 0.0, 0.0, 0.0, 0.4064096672232208, 0.38322423626961666, 0.03463436619174044, 1.0, 8.64379390517521e-08, 0.0, 0.025017730052733035, 0.0, 0.0, 0.7558702679733114, 0.25268828025995116, 0.4489875781964451, 0.0011259843226247381, 0.06488219572985031, 2.3543230837985075e-08, 0.0, 0.017274158855178145, 0.012115821806070503, 0.6128845124810687, 0.5061664178856813, 0.0, 0.6698347419136057, 0.0, 2.7407094054965023e-06, 0.0, 8.882107209008143e-08, 0.0, 0.0, 0.0, 0.0, 0.0, 0.24805786252765916, 2.3841857910156247e-07, 0.040992630697466115, 0.0, 0.006933411496721001, 0.23255908850323737, 0.27529058335295203, 0.001673700558280847, 0.0039299510395256615, 0.0, 0.0, 0.06309686467516035, 0.003847807541382028, 5.9333525118430444e-08, 0.5746212165738049, 0.0, 0.6480006064214099, 0.0, 7.215256920589211e-06, 0.0, 0.0007890872539932801, 0.0374849056819364, 0.5924204649156555, 0.0, 1.5683584533302737e-07, 0.0, 0.0, 0.00017721058240666515, 1.0140205100683678e-07, 0.0, 0.44052090218212675, 0.0004759418482548597, 0.0, 6.567676802118043e-08, 0.0001207879969788236, 0.0, 0.4282633249077944, 0.0, 0.7812806105812626, 1.1372850502394082e-07, 0.0, 1.5037109727817612e-09, 0.007081063127944691, 0.3457841825505705, 0.0], [0.0, 0.0, 0.0, 5.840575873700642e-08, 0.0, 0.0, 0.0, 0.0, 0.0, 6.23768351171163e-08, 0.0, 8.64379390517521e-08, 1.0, 0.0, 0.0, 0.0, 0.0, 8.434305388213846e-08, 4.470348358154297e-08, 6.049754010281454e-08, 2.980232238769532e-08, 0.0, 0.0, 0.0, 0.0, 0.0, 0.0, 1.3988948196021837e-07, 0.0, 3.9674598190837635e-08, 0.0, 0.0, 0.0, 0.0, 0.0, 0.0, 0.0, 0.0, 0.0, 4.0329832344433266e-08, 0.0, 0.0, 0.0, 0.0, 8.745974020966961e-08, 0.0, 5.960464477539063e-08, 0.0, 0.0, 0.0, 0.0, 0.0, 5.960464477539063e-08, 9.121717712414533e-08, 0.0, 4.844610262093445e-08, 0.0, 3.345855470823118e-08, 0.0, 1.4901161193847653e-08, 2.9802322387695306e-08, 1.048571586484836e-07, 0.0, 2.9802322387695312e-08, 0.0, 0.0, 0.0, 2.980232238769531e-08, 0.0, 5.57438426962074e-08, 0.0, 0.0, 5.960464477539063e-08, 0.0, 0.0, 5.079966004678882e-08, 0.0, 2.980232238769531e-08, 6.708015574659004e-08, 0.0, 0.0, 0.0, 1.1245273039416922e-07, 0.0], [0.0, 0.0, 0.0, 0.0, 0.0, 0.0, 0.0, 0.0, 0.0, 0.0, 0.0, 0.0, 0.0, 1.0, 0.0, 0.0, 0.0, 0.0, 0.0, 0.0, 0.0, 0.0, 0.0, 0.0, 0.0, 0.0, 0.0, 0.0, 0.0, 0.0, 0.0, 0.0, 0.0, 0.0, 0.0, 0.0, 0.0, 0.0, 0.0, 0.0, 0.0, 0.0, 0.0, 0.0, 0.0, 0.0, 0.0, 0.0, 0.0, 0.0, 0.0, 0.0, 0.0, 0.0, 0.0, 0.0, 0.0, 0.0, 0.0, 0.0, 0.0, 0.0, 0.0, 0.0, 0.0, 0.0, 0.0, 0.0, 0.0, 0.0, 0.0, 0.0, 0.0, 0.0, 0.0, 0.0, 0.0, 0.0, 0.0, 0.0, 0.0, 0.0, 0.0, 0.0], [0.0, 0.1753557415626334, 0.0, 0.021013412598834852, 0.0, 0.0, 0.0, 0.0, 0.026434208557862746, 0.03988922319685108, 0.00019801799961820861, 0.025017730052733035, 0.0, 0.0, 1.0, 0.0, 0.0, 0.2604855934775475, 0.1924030325312081, 0.20492935375814034, 1.4162499508681607e-05, 7.554354830997021e-05, 0.0, 0.0, 0.0, 0.0001672114861508261, 0.21593727248287017, 0.2927060816053819, 0.0, 0.21135717462271889, 0.0, 5.7220458984375e-06, 0.0, 0.0, 0.0, 0.0, 0.0, 0.0, 0.0, 0.0391981328528038, 7.152557373046873e-07, 3.814697265625e-06, 0.0, 5.722045898437499e-06, 0.44531139375006795, 0.2505603860058882, 1.5934524801454135e-05, 3.714800888240683e-05, 0.0, 0.0, 0.0, 0.0, 0.0, 0.16531568685053996, 0.0, 0.08503967246628728, 0.0, 1.9073486328124996e-06, 0.0, 0.0, 0.0, 0.22672503591891158, 0.0, 0.0, 0.0, 0.0, 0.00011568476337984088, 0.0, 0.0, 0.06023412105966704, 0.0, 0.0, 0.0, 8.538696695491143e-05, 0.0, 0.06939647520634395, 0.0, 0.1753923500522561, 0.0, 0.0, 0.0, 7.546279238159856e-05, 0.32043747969840997, 0.0], [0.0, 0.0, 0.0, 0.0, 0.0, 0.0, 0.0, 0.0, 0.0, 0.0, 0.0, 0.0, 0.0, 0.0, 0.0, 1.0, 0.0, 0.0, 0.0, 0.0, 0.0, 0.0, 0.0, 0.0, 0.0, 0.0, 0.0, 0.0, 0.0, 0.0, 0.0, 0.0, 0.0, 0.0, 0.0, 0.0, 0.0, 0.0, 0.0, 0.0, 0.0, 0.0, 0.0, 0.0, 0.0, 0.0, 0.0, 0.0, 0.0, 0.0, 0.0, 0.0, 0.0, 0.0, 0.0, 0.0, 0.0, 0.0, 0.0, 0.0, 0.0, 0.0, 0.0, 0.0, 0.0, 0.0, 0.0, 0.0, 0.0, 0.0, 0.0, 0.0, 0.0, 0.0, 0.0, 0.0, 0.0, 0.0, 0.0, 0.0, 0.0, 0.0, 0.0, 0.0], [0.0, 0.0, 0.0, 0.0, 0.0, 0.0, 0.0, 0.0, 0.0, 0.0, 0.0, 0.0, 0.0, 0.0, 0.0, 0.0, 1.0, 0.0, 0.0, 0.0, 0.0, 0.0, 0.0, 0.0, 0.0, 0.0, 0.0, 0.0, 0.0, 0.0, 0.0, 0.0, 0.0, 0.0, 0.0, 0.0, 0.0, 0.0, 0.0, 0.0, 0.0, 0.0, 0.0, 0.0, 0.0, 0.0, 0.0, 0.0, 0.0, 0.0, 0.0, 0.0, 0.0, 0.0, 0.0, 0.0, 0.0, 0.0, 0.0, 0.0, 0.0, 0.0, 0.0, 0.0, 0.0, 0.0, 0.0, 0.0, 0.0, 0.0, 0.0, 0.0, 0.0, 0.0, 0.0, 0.0, 0.0, 0.0, 0.0, 0.0, 0.0, 0.0, 0.0, 0.0], [0.0, 0.09964292294672619, 0.0, 0.46668101553191277, 0.0, 0.0, 0.0, 0.0, 0.269316737798473, 0.3305203144079579, 0.05956710000482074, 0.7558702679733114, 8.434305388213846e-08, 0.0, 0.2604855934775475, 0.0, 0.0, 1.0, 0.4151146599152863, 0.6264084467496966, 0.0017465260997259115, 0.04967264500343496, 2.114395570575244e-08, 0.0, 0.012375417492440224, 0.0039822669855403, 0.5748041178060437, 0.6813322840120518, 0.0, 0.6365537073927909, 0.0, 3.150483730310731e-06, 0.0, 1.1433215557127648e-07, 0.0, 0.0, 0.0, 0.0, 0.0, 0.184736223978083, 9.88821351263502e-07, 0.05152758668264551, 0.0, 0.008642756742928455, 0.36101308414200073, 0.2012712805346049, 0.0018012720049206002, 0.00398346629233942, 0.0, 0.0, 0.05670889726009871, 0.00015303272392253042, 6.578791857486566e-08, 0.6675201255779846, 0.0, 0.6374165866419291, 0.0, 1.8923112229466327e-06, 0.0, 0.0003890358120338269, 0.03555719769058277, 0.4837569877733966, 0.0, 1.8704200356291652e-07, 0.0, 0.0, 0.0001496716216764431, 8.284377443866673e-08, 0.0, 0.37166138610697824, 8.303633782823125e-05, 0.0, 7.984037194658739e-08, 0.00012161547318970889, 0.0, 0.3437052703482748, 0.0, 0.9461039943091534, 9.056616228155115e-08, 0.0, 6.752336690020988e-10, 0.005120586672029217, 0.41164611214166147, 0.0], [0.0, 0.31596877652315053, 0.0, 0.2802227032115048, 0.0, 0.0, 0.0, 0.0, 0.35935667056038134, 0.2743113385597218, 0.0003582844439342509, 0.25268828025995116, 4.470348358154297e-08, 0.0, 0.1924030325312081, 0.0, 0.0, 0.4151146599152863, 1.0, 0.35382762555691627, 0.0017572836295195367, 0.0032526187613980727, 1.1619571871192765e-08, 0.0, 0.0, 0.0, 0.20522659228721285, 0.2945210179864473, 0.0, 0.2797431908879299, 0.0, 0.0, 0.0, 1.8626451492309568e-09, 0.0, 0.0, 0.0, 0.0, 0.0, 0.23862796701875486, 0.0, 0.004838302564433757, 0.0, 0.0, 0.4137865118995477, 0.26935638614623164, 0.0019188266876621, 0.002911068442905756, 0.0, 0.0, 0.0, 0.0039025008389480475, 1.972654333197498e-08, 0.6343724297740801, 0.0, 0.4039861449407105, 0.0, 3.345855470823119e-08, 0.0, 0.0005887499852870027, 2.980232238769532e-08, 0.26434900981551074, 0.0, 4.533106774369565e-08, 0.0, 0.0, 0.0, 2.9802322387695312e-08, 0.0, 0.4957803773045076, 8.402059158859338e-05, 0.0, 2.556015269724325e-08, 0.0, 0.0, 0.3001679065715533, 0.0, 0.42486892537583676, 4.857528519580659e-08, 0.0, 9.313225746154785e-10, 0.0018799840243238965, 0.1538698429951999, 0.0], [0.0, 0.1504208511118635, 0.0, 0.3982323822001502, 0.0, 0.0, 0.0, 0.0, 0.3276634087351282, 0.502431291688396, 0.0801764846469765, 0.4489875781964451, 6.049754010281454e-08, 0.0, 0.20492935375814034, 0.0, 0.0, 0.6264084467496966, 0.35382762555691627, 1.0, 0.003695016133967601, 0.08860301983029628, 9.878670560906572e-09, 0.0, 0.01498997046564126, 0.0025452728789782143, 0.3841199609893521, 0.5672473017394509, 0.0, 0.21898948786990768, 0.0, 1.9682794690924962e-06, 0.0, 2.6305514166019567e-08, 0.0, 0.0, 0.0, 0.0, 0.0, 0.33192909644839524, 1.4862899578003542e-06, 0.0059417074074508145, 0.0, 0.006651860522379678, 0.4141028636414236, 0.11650597146947064, 0.0038463827160538154, 0.0069764663548905845, 0.0, 0.0, 0.006649238615479971, 0.0016655855594009245, 1.5588644807244078e-08, 0.3306673091434006, 0.0, 0.25752035571191473, 0.0, 1.9450668005739792e-06, 0.0, 0.0009657529152758737, 0.04165590937412098, 0.3414027921614874, 0.0, 9.529588168746306e-08, 0.0, 0.0, 5.7068426713313525e-05, 2.1042622644457236e-08, 0.0, 0.3113392090715389, 0.00021259150594842675, 0.0, 1.4909557928253795e-08, 7.149593054078148e-05, 0.0, 0.08309682608058276, 0.0, 0.5375943166061874, 6.492066444524848e-08, 0.0, 2.2812650937430355e-09, 0.007879147476791108, 0.4749875877464307, 0.0], [0.0, 0.0002014494621599205, 0.0, 0.0019532569480660866, 0.0, 0.0, 0.0, 0.0, 0.0, 0.001813763715774294, 0.001658318291430996, 0.0011259843226247381, 2.980232238769532e-08, 0.0, 1.4162499508681607e-05, 0.0, 0.0, 0.0017465260997259115, 0.0017572836295195367, 0.003695016133967601, 1.0, 0.0025139245134562695, 0.0, 0.0, 0.0, 1.0660041220220328e-05, 0.0, 0.0005649991323314807, 0.0, 0.0028000966307370916, 0.0, 9.5367431640625e-07, 0.0, 0.0, 0.0, 0.0, 0.0, 0.0, 0.0, 0.001317830852318712, 0.0, 0.0014537910722759299, 0.0, 2.86102294921875e-06, 0.0011023036201285408, 0.0006578014572487796, 0.0046750332446808505, 0.0019561259762105494, 0.0, 0.0, 0.0, 0.0012086967729595232, 0.0, 0.0015018398696279057, 0.0, 0.0019931571145676615, 0.0, 1.940807187520731e-06, 0.0, 0.00024414062500000005, 2.9802322387695312e-08, 0.00032663972879147323, 0.0, 2.980232238769532e-08, 0.0, 0.0, 0.0, 1.1920928955078125e-07, 0.0, 0.0025204408200501962, 0.0, 0.0, 0.0, 0.0, 0.0, 0.0019212900981055848, 0.0, 0.004475532819682742, 7.864569984082971e-08, 0.0, 0.0, 0.0002091221597555654, 0.0026766142287663885, 0.0], [0.0, 0.014872601157399856, 0.0, 0.04276600984283114, 0.0, 0.0, 0.0, 0.0, 0.03386964430386227, 0.04026288701124403, 0.03875381193032269, 0.06488219572985031, 0.0, 0.0, 7.554354830997021e-05, 0.0, 0.0, 0.04967264500343496, 0.0032526187613980727, 0.08860301983029628, 0.0025139245134562695, 1.0, 0.0, 0.0, 0.036936665518823686, 0.005919103320665567, 0.028877932745638202, 0.019034635024310787, 0.0, 0.05880910725182607, 0.0, 0.0, 0.0, 0.0, 0.0, 0.0, 0.0, 0.0, 0.0, 0.022001774847032515, 0.0, 0.006049785253183037, 0.0, 0.03125, 0.06137533910913062, 0.0027462909682175653, 0.003002214112031662, 0.004029887194647395, 0.0, 0.0, 0.007812500000000002, 0.0018034214090434334, 1.3038516044616698e-08, 0.03907500770970665, 0.0, 0.07390283351334735, 0.0, 0.0, 0.0, 0.00036550998679989334, 0.05394285889740557, 0.034884186315605956, 0.0, 1.1442665904773303e-09, 0.0, 0.0, 7.626136436757566e-05, 0.0, 0.0, 0.030251161493829077, 0.0004760824555419373, 0.0, 0.0, 3.582075113594982e-05, 0.0, 0.03339986118563231, 0.0, 0.06470464763391966, 0.0, 0.0, 1.14426659047733e-09, 0.010228279986887657, 0.061443351783900715, 0.0], [0.0, 0.0, 0.0, 9.531920065565932e-09, 0.0, 0.0, 0.0, 0.0, 0.0, 2.1980976805958032e-08, 0.0, 2.3543230837985075e-08, 0.0, 0.0, 0.0, 0.0, 0.0, 2.114395570575244e-08, 1.1619571871192765e-08, 9.878670560906572e-09, 0.0, 0.0, 1.0, 0.0, 0.0, 0.0, 0.0, 7.04485716001619e-09, 0.0, 2.6206035374722803e-09, 0.0, 0.0, 0.0, 1.862645149230957e-09, 0.0, 0.0, 0.0, 0.0, 0.0, 4.1650011716406594e-09, 0.0, 9.313225746154785e-09, 0.0, 0.0, 8.773826122047668e-10, 2.9152004653197933e-09, 9.727254955626072e-09, 0.0, 0.0, 0.0, 0.0, 0.0, 1.8626451492309568e-09, 2.9802322387695303e-08, 0.0, 0.0, 0.0, 0.0, 0.0, 1.862645149230957e-09, 0.0, 2.0389104540276003e-08, 0.0, 1.4901161193847656e-08, 0.0, 0.0, 0.0, 0.0, 0.0, 5.809495945856028e-09, 8.635303491311689e-09, 0.0, 1.1844818456216402e-08, 0.0, 0.0, 3.6645899849432823e-08, 0.0, 0.0, 0.0, 0.0, 0.0, 0.0, 2.1681168955695616e-08, 0.0], [0.0, 0.0, 0.0, 0.0, 0.0, 0.0, 0.0, 0.0, 0.0, 0.0, 0.0, 0.0, 0.0, 0.0, 0.0, 0.0, 0.0, 0.0, 0.0, 0.0, 0.0, 0.0, 0.0, 1.0, 0.0, 0.0, 0.0, 0.0, 0.0, 0.0, 0.0, 0.0, 0.0, 0.0, 0.0, 0.0, 0.0, 0.0, 0.0, 0.0, 0.0, 0.0, 0.0, 0.0, 0.0, 0.0, 0.0, 0.0, 0.0, 0.0, 0.0, 0.0, 0.0, 0.0, 0.0, 0.0, 0.0, 0.0, 0.0, 0.0, 0.0, 0.0, 0.0, 0.0, 0.0, 0.0, 0.0, 0.0, 0.0, 0.0, 0.0, 0.0, 0.0, 0.0, 0.0, 0.0, 0.0, 0.0, 0.0, 0.0, 0.0, 0.0, 0.0, 0.0], [0.0, 0.0028553623587945632, 0.0, 0.007762357641467279, 0.0, 0.0, 0.0, 0.0, 0.03429090456594625, 0.02210152200170798, 0.03519313929578684, 0.017274158855178145, 0.0, 0.0, 0.0, 0.0, 0.0, 0.012375417492440224, 0.0, 0.01498997046564126, 0.0, 0.036936665518823686, 0.0, 0.0, 1.0, 0.014686013493297371, 0.01235264711003273, 0.01235276815596589, 0.0, 0.043003509996628574, 0.0, 0.0, 0.0, 0.0, 0.0, 0.0, 0.0, 0.0, 0.0, 0.01082725703849801, 0.0, 0.0, 0.0, 0.02882284325674304, 0.03481975398995743, 0.0, 0.0, 0.0, 0.0, 0.0, 0.008235098073355155, 0.0, 0.0, 0.008177705105720457, 0.0, 0.02549866335069188, 0.0, 0.0, 0.0, 0.0, 0.017316102246831035, 0.02425448237221311, 0.0, 0.0, 0.0, 0.0, 0.0, 0.0, 0.0, 0.014547217519739565, 0.0, 0.0, 0.0, 0.0, 0.0, 0.023473747649199204, 0.0, 0.018539761024788753, 0.0, 0.0, 0.0, 0.0, 0.019691981223107207, 0.0], [0.0, 0.002392079826936697, 0.0, 0.006760239891005023, 0.0, 0.0, 0.0, 0.0, 0.015548518875088532, 0.007650792931212203, 0.005003024563901606, 0.012115821806070503, 0.0, 0.0, 0.0001672114861508261, 0.0, 0.0, 0.0039822669855403, 0.0, 0.0025452728789782143, 1.0660041220220328e-05, 0.005919103320665567, 0.0, 0.0, 0.014686013493297371, 1.0, 0.0, 0.00016106639327401927, 0.0, 0.015022896778898053, 0.0, 3.814697265625e-06, 0.0, 0.0, 0.0, 0.0, 0.0, 0.0, 0.0, 0.005078220500544876, 0.0, 6.099821526781506e-05, 0.0, 7.715760081481062e-06, 0.007346447745104479, 0.0, 0.00011961061815745287, 6.650415289310262e-05, 0.0, 0.0, 0.0, 0.0, 0.0, 0.005020155221757522, 0.0, 0.005906008159465175, 0.0, 3.091408269168955e-06, 0.0, 0.0, 0.007161458333333333, 0.010362766004241733, 0.0, 0.0, 0.0, 0.0, 0.00018081757910467697, 0.0, 0.0, 0.009984218064680547, 0.0, 0.0, 0.0, 0.00014190463809512385, 0.0, 0.01347395462902805, 0.0, 8.810700693605487e-05, 0.0, 0.0, 0.0, 0.00022135024149596143, 0.012083800125061214, 0.0], [0.0, 0.13325326415668035, 0.0, 0.370585649902781, 0.0, 0.0, 0.0, 0.0, 0.21253170579324554, 0.21879735015658544, 0.03906250000000001, 0.6128845124810687, 0.0, 0.0, 0.21593727248287017, 0.0, 0.0, 0.5748041178060437, 0.20522659228721285, 0.3841199609893521, 0.0, 0.028877932745638202, 0.0, 0.0, 0.01235264711003273, 0.0, 1.0, 0.40095395330544437, 0.0, 0.5720588031262406, 0.0, 0.0, 0.0, 0.0, 0.0, 0.0, 0.0, 0.0, 0.0, 0.18567593851554434, 0.0, 0.031249999999999997, 0.0, 0.007812500000000002, 0.28513907114637654, 0.17699930374794506, 0.0, 0.0, 0.0, 0.0, 0.03906249999999999, 0.0, 0.0, 0.5041929583822077, 0.0, 0.41350403737595326, 0.0, 0.0, 0.0, 0.0, 0.06204781086222523, 0.30898022807370606, 0.0, 0.0, 0.0, 0.0, 0.0, 0.0, 0.0, 0.3698303909773504, 0.0, 0.0, 0.0, 0.0, 0.0, 0.32009333210905255, 0.0, 0.5530339884887392, 0.0, 0.0, 0.0, 0.0, 0.35080925395811285, 0.0], [0.0, 0.425632555408853, 0.0, 0.5926004395493865, 0.0, 0.0, 0.0, 0.0, 0.36891029102189626, 0.2583333757275257, 0.1311199241493601, 0.5061664178856813, 1.3988948196021837e-07, 0.0, 0.2927060816053819, 0.0, 0.0, 0.6813322840120518, 0.2945210179864473, 0.5672473017394509, 0.0005649991323314807, 0.019034635024310787, 7.04485716001619e-09, 0.0, 0.01235276815596589, 0.00016106639327401927, 0.40095395330544437, 1.0, 0.0, 0.3145176097046656, 0.0, 0.0, 0.0, 9.183472864162703e-08, 0.0, 0.0, 0.0, 0.0, 0.0, 0.1864753741619613, 0.0, 0.042358748738129295, 0.0, 0.007812500000000002, 0.28619421590914307, 0.21929095061007056, 0.0010532776192098531, 0.002650517666730955, 0.0, 0.0, 0.04632308951025778, 0.003848128417245991, 4.2970381486659576e-08, 0.40828251354127465, 0.0, 0.5785372987759403, 0.0, 3.3372476472721725e-08, 0.0, 0.0001221372883254182, 0.04058874787161842, 0.4482847080872274, 0.0, 1.2547673936196493e-07, 0.0, 0.0, 0.0002416433798890801, 3.648148013062033e-08, 0.0, 0.2773836015090517, 0.0004760887920247556, 0.0, 3.6818748212033436e-08, 0.00024180213572544835, 0.0, 0.41283636611654906, 0.0, 0.5800512186471745, 6.11396849980108e-08, 0.0, 2.221475960152275e-09, 0.002052213720162975, 0.6719748197986092, 0.0], [0.0, 0.0, 0.0, 0.0, 0.0, 0.0, 0.0, 0.0, 0.0, 0.0, 0.0, 0.0, 0.0, 0.0, 0.0, 0.0, 0.0, 0.0, 0.0, 0.0, 0.0, 0.0, 0.0, 0.0, 0.0, 0.0, 0.0, 0.0, 1.0, 0.0, 0.0, 0.0, 0.0, 0.0, 0.0, 0.0, 0.0, 0.0, 0.0, 0.0, 0.0, 0.0, 0.0, 0.0, 0.0, 0.0, 0.0, 0.0, 0.0, 0.0, 0.0, 0.0, 0.0, 0.0, 0.0, 0.0, 0.0, 0.0, 0.0, 0.0, 0.0, 0.0, 0.0, 0.0, 0.0, 0.0, 0.0, 0.0, 0.0, 0.0, 0.0, 0.0, 0.0, 0.0, 0.0, 0.0, 0.0, 0.0, 0.0, 0.0, 0.0, 0.0, 0.0, 0.0], [0.0, 0.20809049506335214, 0.0, 0.24139839795961554, 0.0, 0.0, 0.0, 0.0, 0.2887608946268408, 0.49307904528474406, 0.05323642565382313, 0.6698347419136057, 3.9674598190837635e-08, 0.0, 0.21135717462271889, 0.0, 0.0, 0.6365537073927909, 0.2797431908879299, 0.21898948786990768, 0.0028000966307370916, 0.05880910725182607, 2.6206035374722803e-09, 0.0, 0.043003509996628574, 0.015022896778898053, 0.5720588031262406, 0.3145176097046656, 0.0, 1.0, 0.0, 6.6217767576382e-07, 0.0, 2.481148021613308e-08, 0.0, 0.0, 0.0, 0.0, 0.0, 0.343768785215507, 9.005421406661615e-07, 0.12506004819573124, 0.0, 0.02616877109307837, 0.31897467592782763, 0.19416397514452333, 0.002879441991230996, 0.0029625104138947347, 0.0, 0.0, 0.1320529031674876, 0.00010028854721596009, 4.645993863669426e-08, 0.6190669236613777, 0.0, 0.6613412674251071, 0.0, 2.0577059467690373e-06, 0.0, 0.0006184888643690993, 0.03691935324959937, 0.4504276809165365, 0.0, 1.6704757522290897e-07, 0.0, 0.0, 0.00030078051925701857, 4.6689511916449186e-08, 0.0, 0.38663308367977545, 2.3363661083690096e-05, 0.0, 4.519343556293505e-08, 0.00023575216840086724, 0.0, 0.3640505649893624, 0.0, 0.6174423471773086, 3.4920340520054156e-08, 0.0, 1.36224486277177e-09, 0.006197562194886977, 0.41267814175744694, 0.0], [0.0, 0.0, 0.0, 0.0, 0.0, 0.0, 0.0, 0.0, 0.0, 0.0, 0.0, 0.0, 0.0, 0.0, 0.0, 0.0, 0.0, 0.0, 0.0, 0.0, 0.0, 0.0, 0.0, 0.0, 0.0, 0.0, 0.0, 0.0, 0.0, 0.0, 1.0, 0.0, 0.0, 0.0, 0.0, 0.0, 0.0, 0.0, 0.0, 0.0, 0.0, 0.0, 0.0, 0.0, 0.0, 0.0, 0.0, 0.0, 0.0, 0.0, 0.0, 0.0, 0.0, 0.0, 0.0, 0.0, 0.0, 0.0, 0.0, 0.0, 0.0, 0.0, 0.0, 0.0, 0.0, 0.0, 0.0, 0.0, 0.0, 0.0, 0.0, 0.0, 0.0, 0.0, 0.0, 0.0, 0.0, 0.0, 0.0, 0.0, 0.0, 0.0, 0.0, 0.0], [0.0, 0.0, 0.0, 2.5412543113354133e-06, 0.0, 0.0, 0.0, 0.0, 0.0, 2.1902303293274282e-06, 0.0, 2.7407094054965023e-06, 0.0, 0.0, 5.7220458984375e-06, 0.0, 0.0, 3.150483730310731e-06, 0.0, 1.9682794690924962e-06, 9.5367431640625e-07, 0.0, 0.0, 0.0, 0.0, 3.814697265625e-06, 0.0, 0.0, 0.0, 6.6217767576382e-07, 0.0, 1.0, 0.0, 0.0, 0.0, 0.0, 0.0, 0.0, 0.0, 2.94567423495334e-06, 4.768371582031251e-07, 3.814697265625e-06, 0.0, 3.814697265625e-06, 9.139594863677144e-07, 0.0, 0.0, 1.6151825770329483e-06, 0.0, 0.0, 0.0, 0.0, 0.0, 2.670370658709589e-06, 0.0, 1.4850130873665257e-06, 0.0, 0.0, 0.0, 0.0, 0.0, 2.0378086598094242e-06, 0.0, 0.0, 0.0, 0.0, 0.0, 0.0, 0.0, 8.335161157421112e-07, 0.0, 0.0, 0.0, 0.0, 0.0, 2.97748291399802e-06, 0.0, 4.76837158203125e-07, 0.0, 0.0, 0.0, 1.4947775478292358e-06, 4.837615625013684e-06, 0.0], [0.0, 0.0, 0.0, 0.0, 0.0, 0.0, 0.0, 0.0, 0.0, 0.0, 0.0, 0.0, 0.0, 0.0, 0.0, 0.0, 0.0, 0.0, 0.0, 0.0, 0.0, 0.0, 0.0, 0.0, 0.0, 0.0, 0.0, 0.0, 0.0, 0.0, 0.0, 0.0, 1.0, 0.0, 0.0, 0.0, 0.0, 0.0, 0.0, 0.0, 0.0, 0.0, 0.0, 0.0, 0.0, 0.0, 0.0, 0.0, 0.0, 0.0, 0.0, 0.0, 0.0, 0.0, 0.0, 0.0, 0.0, 0.0, 0.0, 0.0, 0.0, 0.0, 0.0, 0.0, 0.0, 0.0, 0.0, 0.0, 0.0, 0.0, 0.0, 0.0, 0.0, 0.0, 0.0, 0.0, 0.0, 0.0, 0.0, 0.0, 0.0, 0.0, 0.0, 0.0], [0.0, 0.0, 0.0, 7.945683552721637e-08, 0.0, 0.0, 0.0, 0.0, 0.0, 3.763273297551447e-08, 0.0, 8.882107209008143e-08, 0.0, 0.0, 0.0, 0.0, 0.0, 1.1433215557127648e-07, 1.8626451492309568e-09, 2.6305514166019567e-08, 0.0, 0.0, 1.862645149230957e-09, 0.0, 0.0, 0.0, 0.0, 9.183472864162703e-08, 0.0, 2.481148021613308e-08, 0.0, 0.0, 0.0, 1.0, 0.0, 0.0, 0.0, 0.0, 0.0, 6.032934642417547e-08, 0.0, 1.8626451492309568e-09, 0.0, 0.0, 1.5429651518604532e-07, 1.8391197566447014e-09, 7.321070486807224e-09, 0.0, 0.0, 0.0, 0.0, 0.0, 1.862645149230957e-09, 1.1053321676915125e-07, 0.0, 0.0, 0.0, 0.0, 0.0, 2.3330968196686926e-07, 6.296783614168395e-08, 5.671905124607505e-08, 0.0, 2.4004532968516594e-07, 0.0, 0.0, 0.0, 0.0, 0.0, 1.1951916478871021e-07, 0.0, 0.0, 0.0, 0.0, 0.0, 6.089055804882499e-08, 0.0, 8.307006252270863e-08, 0.0, 0.0, 0.0, 0.0, 4.514805506635031e-09, 0.0], [0.0, 0.0, 0.0, 0.0, 0.0, 0.0, 0.0, 0.0, 0.0, 0.0, 0.0, 0.0, 0.0, 0.0, 0.0, 0.0, 0.0, 0.0, 0.0, 0.0, 0.0, 0.0, 0.0, 0.0, 0.0, 0.0, 0.0, 0.0, 0.0, 0.0, 0.0, 0.0, 0.0, 0.0, 1.0, 0.0, 0.0, 0.0, 0.0, 0.0, 0.0, 0.0, 0.0, 0.0, 0.0, 0.0, 0.0, 0.0, 0.0, 0.0, 0.0, 0.0, 0.0, 0.0, 0.0, 0.0, 0.0, 0.0, 0.0, 0.0, 0.0, 0.0, 0.0, 0.0, 0.0, 0.0, 0.0, 0.0, 0.0, 0.0, 0.0, 0.0, 0.0, 0.0, 0.0, 0.0, 0.0, 0.0, 0.0, 0.0, 0.0, 0.0, 0.0, 0.0], [0.0, 0.0, 0.0, 0.0, 0.0, 0.0, 0.0, 0.0, 0.0, 0.0, 0.0, 0.0, 0.0, 0.0, 0.0, 0.0, 0.0, 0.0, 0.0, 0.0, 0.0, 0.0, 0.0, 0.0, 0.0, 0.0, 0.0, 0.0, 0.0, 0.0, 0.0, 0.0, 0.0, 0.0, 0.0, 1.0, 0.0, 0.0, 0.0, 0.0, 0.0, 0.0, 0.0, 0.0, 0.0, 0.0, 0.0, 0.0, 0.0, 0.0, 0.0, 0.0, 0.0, 0.0, 0.0, 0.0, 0.0, 0.0, 0.0, 0.0, 0.0, 0.0, 0.0, 0.0, 0.0, 0.0, 0.0, 0.0, 0.0, 0.0, 0.0, 0.0, 0.0, 0.0, 0.0, 0.0, 0.0, 0.0, 0.0, 0.0, 0.0, 0.0, 0.0, 0.0], [0.0, 0.0, 0.0, 0.0, 0.0, 0.0, 0.0, 0.0, 0.0, 0.0, 0.0, 0.0, 0.0, 0.0, 0.0, 0.0, 0.0, 0.0, 0.0, 0.0, 0.0, 0.0, 0.0, 0.0, 0.0, 0.0, 0.0, 0.0, 0.0, 0.0, 0.0, 0.0, 0.0, 0.0, 0.0, 0.0, 1.0, 0.0, 0.0, 0.0, 0.0, 0.0, 0.0, 0.0, 0.0, 0.0, 0.0, 0.0, 0.0, 0.0, 0.0, 0.0, 0.0, 0.0, 0.0, 0.0, 0.0, 0.0, 0.0, 0.0, 0.0, 0.0, 0.0, 0.0, 0.0, 0.0, 0.0, 0.0, 0.0, 0.0, 0.0, 0.0, 0.0, 0.0, 0.0, 0.0, 0.0, 0.0, 0.0, 0.0, 0.0, 0.0, 0.0, 0.0], [0.0, 0.0, 0.0, 0.0, 0.0, 0.0, 0.0, 0.0, 0.0, 0.0, 0.0, 0.0, 0.0, 0.0, 0.0, 0.0, 0.0, 0.0, 0.0, 0.0, 0.0, 0.0, 0.0, 0.0, 0.0, 0.0, 0.0, 0.0, 0.0, 0.0, 0.0, 0.0, 0.0, 0.0, 0.0, 0.0, 0.0, 1.0, 0.0, 0.0, 0.0, 0.0, 0.0, 0.0, 0.0, 0.0, 0.0, 0.0, 0.0, 0.0, 0.0, 0.0, 0.0, 0.0, 0.0, 0.0, 0.0, 0.0, 0.0, 0.0, 0.0, 0.0, 0.0, 0.0, 0.0, 0.0, 0.0, 0.0, 0.0, 0.0, 0.0, 0.0, 0.0, 0.0, 0.0, 0.0, 0.0, 0.0, 0.0, 0.0, 0.0, 0.0, 0.0, 0.0], [0.0, 0.0, 0.0, 0.0, 0.0, 0.0, 0.0, 0.0, 0.0, 0.0, 0.0, 0.0, 0.0, 0.0, 0.0, 0.0, 0.0, 0.0, 0.0, 0.0, 0.0, 0.0, 0.0, 0.0, 0.0, 0.0, 0.0, 0.0, 0.0, 0.0, 0.0, 0.0, 0.0, 0.0, 0.0, 0.0, 0.0, 0.0, 1.0, 0.0, 0.0, 0.0, 0.0, 0.0, 0.0, 0.0, 0.0, 0.0, 0.0, 0.0, 0.0, 0.0, 0.0, 0.0, 0.0, 0.0, 0.0, 0.0, 0.0, 0.0, 0.0, 0.0, 0.0, 0.0, 0.0, 0.0, 0.0, 0.0, 0.0, 0.0, 0.0, 0.0, 0.0, 0.0, 0.0, 0.0, 0.0, 0.0, 0.0, 0.0, 0.0, 0.0, 0.0, 0.0], [0.0, 0.14811699335828976, 0.0, 0.20282088929019892, 0.0, 0.0, 0.0, 0.0, 0.5689339276140938, 0.6357925163557717, 0.09149534321721756, 0.24805786252765916, 4.0329832344433266e-08, 0.0, 0.0391981328528038, 0.0, 0.0, 0.184736223978083, 0.23862796701875486, 0.33192909644839524, 0.001317830852318712, 0.022001774847032515, 4.1650011716406594e-09, 0.0, 0.01082725703849801, 0.005078220500544876, 0.18567593851554434, 0.1864753741619613, 0.0, 0.343768785215507, 0.0, 2.94567423495334e-06, 0.0, 6.032934642417547e-08, 0.0, 0.0, 0.0, 0.0, 0.0, 1.0, 9.474267666279402e-07, 0.12018339043502188, 0.0, 0.010121504720806362, 0.18111629347288288, 0.1410748025270612, 0.002195999241610692, 0.007801219424123495, 0.0, 0.0, 0.12576690851448222, 0.0020097490446387752, 1.9414348739209726e-08, 0.1568149537154862, 0.0, 0.5647049826459822, 0.0, 2.651288780939153e-06, 0.0, 0.00012217989772772214, 0.01735114495882978, 0.06977960569201375, 0.0, 1.089749161377708e-07, 0.0, 0.0, 0.00015990257370011228, 2.718111281437292e-08, 0.0, 0.25998215236603234, 0.00015402667679297968, 0.0, 9.663961476935611e-09, 0.00013652581353298235, 0.0, 0.46081629554325265, 0.0, 0.19753176197107486, 4.700763029522537e-08, 0.0, 9.313225746154784e-10, 0.002471823501125567, 0.2127049942277347, 0.0], [0.0, 0.0, 0.0, 2.168249441171474e-06, 0.0, 0.0, 0.0, 0.0, 0.0, 8.613896493070536e-07, 0.0, 2.3841857910156247e-07, 0.0, 0.0, 7.152557373046873e-07, 0.0, 0.0, 9.88821351263502e-07, 0.0, 1.4862899578003542e-06, 0.0, 0.0, 0.0, 0.0, 0.0, 0.0, 0.0, 0.0, 0.0, 9.005421406661615e-07, 0.0, 4.768371582031251e-07, 0.0, 0.0, 0.0, 0.0, 0.0, 0.0, 0.0, 9.474267666279402e-07, 1.0, 0.0, 0.0, 0.0, 6.365403536247677e-07, 0.0, 0.0, 9.70528232110184e-07, 0.0, 0.0, 0.0, 0.0, 0.0, 1.5066110142878189e-06, 0.0, 1.4522927025883665e-06, 0.0, 0.0, 0.0, 0.0, 0.0, 1.4256872802077477e-06, 0.0, 0.0, 0.0, 0.0, 0.0, 0.0, 0.0, 2.4381807872776346e-06, 0.0, 0.0, 0.0, 0.0, 0.0, 2.0055789111188986e-06, 0.0, 7.152557373046875e-07, 0.0, 0.0, 0.0, 7.62337203086814e-07, 1.836642257717817e-06, 0.0], [0.0, 0.03472383324799365, 0.0, 0.00821753904951862, 0.0, 0.0, 0.0, 0.0, 0.03125, 0.13267560868761583, 0.03160124346070934, 0.040992630697466115, 0.0, 0.0, 3.814697265625e-06, 0.0, 0.0, 0.05152758668264551, 0.004838302564433757, 0.0059417074074508145, 0.0014537910722759299, 0.006049785253183037, 9.313225746154785e-09, 0.0, 0.0, 6.099821526781506e-05, 0.031249999999999997, 0.042358748738129295, 0.0, 0.12506004819573124, 0.0, 3.814697265625e-06, 0.0, 1.8626451492309568e-09, 0.0, 0.0, 0.0, 0.0, 0.0, 0.12018339043502188, 0.0, 1.0, 0.0, 3.814697265625e-06, 0.005231351312380015, 0.03259912298351818, 0.0014528509053044598, 0.006097553044733665, 0.0, 0.0, 0.125, 0.003906250000000001, 1.676380634307861e-08, 0.13050665443119022, 0.0, 0.1317116998647756, 0.0, 0.0, 0.0, 0.0002441424876451492, 0.0, 0.031121789206561248, 0.0, 3.2596290111541755e-08, 0.0, 0.0, 0.0, 0.0, 0.0, 0.011565998023877195, 8.63530349131169e-09, 0.0, 1.1844818456216402e-08, 0.0, 0.0, 0.13090302941216264, 0.0, 0.04598519420469367, 0.0, 0.0, 9.313225746154783e-10, 0.0029531339460434737, 0.10785101512504539, 0.0], [0.0, 0.0, 0.0, 0.0, 0.0, 0.0, 0.0, 0.0, 0.0, 0.0, 0.0, 0.0, 0.0, 0.0, 0.0, 0.0, 0.0, 0.0, 0.0, 0.0, 0.0, 0.0, 0.0, 0.0, 0.0, 0.0, 0.0, 0.0, 0.0, 0.0, 0.0, 0.0, 0.0, 0.0, 0.0, 0.0, 0.0, 0.0, 0.0, 0.0, 0.0, 0.0, 1.0, 0.0, 0.0, 0.0, 0.0, 0.0, 0.0, 0.0, 0.0, 0.0, 0.0, 0.0, 0.0, 0.0, 0.0, 0.0, 0.0, 0.0, 0.0, 0.0, 0.0, 0.0, 0.0, 0.0, 0.0, 0.0, 0.0, 0.0, 0.0, 0.0, 0.0, 0.0, 0.0, 0.0, 0.0, 0.0, 0.0, 0.0, 0.0, 0.0, 0.0, 0.0], [0.0, 0.0, 0.0, 0.004487095044531569, 0.0, 0.0, 0.0, 0.0, 0.01348676572613522, 0.007814701572443569, 0.03125, 0.006933411496721001, 0.0, 0.0, 5.722045898437499e-06, 0.0, 0.0, 0.008642756742928455, 0.0, 0.006651860522379678, 2.86102294921875e-06, 0.03125, 0.0, 0.0, 0.02882284325674304, 7.715760081481062e-06, 0.007812500000000002, 0.007812500000000002, 0.0, 0.02616877109307837, 0.0, 3.814697265625e-06, 0.0, 0.0, 0.0, 0.0, 0.0, 0.0, 0.0, 0.010121504720806362, 0.0, 3.814697265625e-06, 0.0, 1.0, 0.017472294015377216, 0.0, 0.0, 6.505629879248478e-06, 0.0, 0.0, 0.007812499999999998, 0.0, 0.0, 0.01100716650087197, 0.0, 0.027073235878095955, 0.0, 1.9073486328124996e-06, 0.0, 0.0, 0.007838258215712811, 0.011169220428673863, 0.0, 0.0, 0.0, 0.0, 0.0, 0.0, 0.0, 0.0023487362230368456, 0.0, 0.0, 0.0, 0.0, 0.0, 0.010487430455504819, 0.0, 0.02253953650502644, 0.0, 0.0, 0.0, 2.786189220688097e-06, 0.004411763236409264, 0.0], [0.0, 0.07697756624843792, 0.0, 0.32640285614284426, 0.0, 0.0, 0.0, 0.0, 0.4726235903471251, 0.38011178138207335, 0.020387321591365047, 0.23255908850323737, 8.745974020966961e-08, 0.0, 0.44531139375006795, 0.0, 0.0, 0.36101308414200073, 0.4137865118995477, 0.4141028636414236, 0.0011023036201285408, 0.06137533910913062, 8.773826122047668e-10, 0.0, 0.03481975398995743, 0.007346447745104479, 0.28513907114637654, 0.28619421590914307, 0.0, 0.31897467592782763, 0.0, 9.139594863677144e-07, 0.0, 1.5429651518604532e-07, 0.0, 0.0, 0.0, 0.0, 0.0, 0.18111629347288288, 6.365403536247677e-07, 0.005231351312380015, 0.0, 0.017472294015377216, 1.0, 0.09365816885705872, 0.0005775332420589934, 0.0054106584931009685, 0.0, 0.0, 0.017469281074217108, 0.0031518419158589003, 6.423702749806022e-08, 0.35698612056731116, 0.0, 0.11763287913679828, 0.0, 2.370593893884543e-06, 0.0, 0.000551683957922817, 0.05184929715009007, 0.25477485686203166, 0.0, 1.9933535591219288e-07, 0.0, 0.0, 0.0001362778113960755, 2.830615622825879e-08, 0.0, 0.5431700870607656, 9.084773140075922e-05, 0.0, 6.551494253702673e-08, 7.3256226645506e-05, 0.0, 0.2024330041553622, 0.0, 0.30519760881268876, 4.613665987830615e-08, 0.0, 3.663506739440481e-09, 0.004744575229899325, 0.6292714564031687, 0.0], [0.0, 0.4943313705068077, 0.0, 0.14641574161762924, 0.0, 0.0, 0.0, 0.0, 0.19968038421330378, 0.1592069610525725, 0.032722359951087465, 0.27529058335295203, 0.0, 0.0, 0.2505603860058882, 0.0, 0.0, 0.2012712805346049, 0.26935638614623164, 0.11650597146947064, 0.0006578014572487796, 0.0027462909682175653, 2.9152004653197933e-09, 0.0, 0.0, 0.0, 0.17699930374794506, 0.21929095061007056, 0.0, 0.19416397514452333, 0.0, 0.0, 0.0, 1.8391197566447014e-09, 0.0, 0.0, 0.0, 0.0, 0.0, 0.1410748025270612, 0.0, 0.03259912298351818, 0.0, 0.0, 0.09365816885705872, 1.0, 0.00032891575935827563, 0.002175914048038459, 0.0, 0.0, 0.031249999999999997, 0.0013491122930509305, 6.640490763781707e-09, 0.3424714179227192, 0.0, 0.13932680209855586, 0.0, 0.0, 0.0, 7.043437365873327e-10, 0.0, 0.2983325377303109, 0.0, 2.9152004653197933e-09, 0.0, 0.0, 0.0, 0.0, 0.0, 0.4373836751639934, 0.0, 0.0, 0.0, 0.0, 0.0, 0.09306851358935302, 0.0, 0.302173541904668, 0.0, 0.0, 0.0, 0.005755168734961713, 0.25080557628845207, 0.0], [0.0, 0.0012086967729595234, 0.0, 0.0022006031940963095, 0.0, 0.0, 0.0, 0.0, 0.0, 0.0010657077621935437, 0.0011101506092866236, 0.001673700558280847, 5.960464477539063e-08, 0.0, 1.5934524801454135e-05, 0.0, 0.0, 0.0018012720049206002, 0.0019188266876621, 0.0038463827160538154, 0.0046750332446808505, 0.003002214112031662, 9.727254955626072e-09, 0.0, 0.0, 0.00011961061815745287, 0.0, 0.0010532776192098531, 0.0, 0.002879441991230996, 0.0, 0.0, 0.0, 7.321070486807224e-09, 0.0, 0.0, 0.0, 0.0, 0.0, 0.002195999241610692, 0.0, 0.0014528509053044598, 0.0, 0.0, 0.0005775332420589934, 0.00032891575935827563, 1.0, 0.001957233037630887, 0.0, 0.0, 0.0, 0.0012086967729595232, 6.74470360625898e-08, 0.0013093377688952548, 0.0, 0.0022967657866486153, 0.0, 0.0, 0.0, 0.0003662281153355526, 0.0, 0.0004864649999181752, 0.0, 9.727254955626073e-09, 0.0, 0.0, 3.777177415498511e-05, 0.0, 0.0, 0.003364304457921963, 0.00047609054430723283, 0.0, 8.275588084890451e-08, 0.0, 0.0, 0.0020660352853201177, 0.0, 0.004983661583364522, 0.0, 0.0, 0.0, 0.001337916709012476, 0.0029746622161764473, 0.0], [0.0, 0.0036924841929390235, 0.0, 0.0030735736325909254, 0.0, 0.0, 0.0, 0.0, 0.0, 0.006219045776645255, 0.0006597518918864712, 0.0039299510395256615, 0.0, 0.0, 3.714800888240683e-05, 0.0, 0.0, 0.00398346629233942, 0.002911068442905756, 0.0069764663548905845, 0.0019561259762105494, 0.004029887194647395, 0.0, 0.0, 0.0, 6.650415289310262e-05, 0.0, 0.002650517666730955, 0.0, 0.0029625104138947347, 0.0, 1.6151825770329483e-06, 0.0, 0.0, 0.0, 0.0, 0.0, 0.0, 0.0, 0.007801219424123495, 9.70528232110184e-07, 0.006097553044733665, 0.0, 6.505629879248478e-06, 0.0054106584931009685, 0.002175914048038459, 0.001957233037630887, 1.0, 0.0, 0.0, 0.0, 0.002846138623161727, 0.0, 0.004611336089965244, 0.0, 0.00464744459510829, 0.0, 5.331852400319e-07, 0.0, 0.0, 0.0, 0.004926175061768498, 0.0, 0.0, 0.0, 0.0, 0.0, 0.0, 0.0, 0.006975789508077496, 0.0, 0.0, 0.0, 0.0, 0.0, 0.007425698834636324, 0.0, 0.002302746470740188, 0.0, 0.0, 0.0, 0.0048100589914311