"{\"names\": [\"172.217.10.1\", \"104.88.86.240\", \"38.93.140.48\", \"192.168.10.15\", \"104.88.108.223\", \"195.142.105.15\", \"172.217.12.163\", \"206.217.206.48\", \"172.217.6.228\", \"178.255.83.1\", \"74.119.118.82\", \"192.168.10.9\", \"172.217.7.6\", \"35.186.227.40\", \"31.13.71.36\", \"206.126.112.142\", \"151.101.2.49\", \"192.168.10.25\", \"172.217.3.98\", \"192.168.10.16\", \"72.30.202.150\", \"172.217.12.132\", \"50.31.164.173\", \"162.208.20.178\", \"23.15.4.16\", \"216.58.217.99\", \"172.217.6.198\", \"172.217.12.174\", \"169.46.44.40\", \"192.168.10.17\", \"52.84.143.130\", \"104.19.195.102\", \"216.200.232.61\", \"104.97.73.166\", \"152.163.13.79\", \"192.229.163.25\", \"74.119.118.86\", \"54.225.188.92\", \"188.165.145.88\", \"192.168.10.14\", \"8.43.72.98\", \"199.96.57.6\", \"68.67.178.110\", \"104.88.70.158\", \"192.168.10.19\", \"69.172.216.56\", \"157.240.18.35\", \"172.217.11.34\", \"185.54.150.20\", \"69.169.85.7\", \"198.232.124.194\", \"74.119.118.72\", \"172.217.12.134\", \"192.168.10.5\", \"23.111.9.30\", \"192.168.10.8\", \"151.101.66.2\", \"68.67.178.199\", \"213.239.195.215\", \"138.108.7.20\", \"52.84.145.87\", \"192.168.10.50\", \"52.84.145.198\", \"52.40.24.51\", \"212.77.100.137\", \"185.54.150.115\", \"172.217.10.138\", \"152.163.66.165\", \"52.84.137.78\", \"192.168.10.51\", \"68.67.178.109\", \"129.146.14.96\", \"54.152.24.232\", \"172.217.10.33\", \"52.8.229.108\", \"192.168.10.12\", \"64.147.131.201\", \"172.217.12.206\", \"68.67.180.12\", \"172.217.10.134\", \"38.69.238.16\", \"172.217.10.142\", \"192.168.10.3\", \"172.217.6.202\"], \"funcEdges\": [[1.0, 0.0, 0.0, 0.0, 0.0, 0.0, 0.0, 0.0, 0.0, 0.0, 0.0, 0.0, 0.0, 0.0, 0.0, 0.0, 0.0, 0.0, 0.0, 0.0, 0.0, 0.0, 0.0, 0.0, 0.0, 0.0, 0.0, 0.0, 0.0, 0.0, 0.0, 0.0, 0.0, 0.0, 0.0, 0.0, 0.0, 0.0, 0.0, 0.0, 0.0, 0.0, 0.0, 0.0, 0.0, 0.0, 0.0, 0.0, 0.0, 0.0, 0.0, 0.0, 0.0, 0.0, 0.0, 0.0, 0.0, 0.0, 0.0, 0.0, 0.0, 0.0, 0.0, 0.0, 0.0, 0.0, 0.0, 0.0, 0.0, 0.0, 0.0, 0.0, 0.0, 0.0, 0.0, 0.0, 0.0, 0.0, 0.0, 0.0, 0.0, 0.0, 0.0, 0.0], [0.0, 1.0, 0.0, 7.167339196241587e-19, 0.0, 0.0, 0.0, 0.0, 4.628410822476474e-19, 8.006824713567666e-19, 1.1331824550319962e-19, 4.088072762376498e-19, 0.0, 0.0, 2.961246982012219e-19, 0.0, 0.0, 3.0276742144134137e-19, 5.236445105039954e-19, 3.1974313938533386e-19, 1.7472955561585778e-22, 1.2899925188290681e-20, 0.0, 0.0, 2.47663205811072e-21, 2.0747985160988132e-21, 1.155787827915661e-19, 7.9623679119354e-19, 0.0, 4.1286611666032083e-19, 0.0, 0.0, 0.0, 0.0, 0.0, 0.0, 0.0, 0.0, 0.0, 4.084579438456458e-19, 0.0, 3.0118124355599283e-20, 0.0, 0.0, 6.636722964169768e-19, 4.287641166649742e-19, 1.048377333695147e-21, 3.202719507082299e-21, 0.0, 0.0, 2.710505431213761e-20, 8.470329472543003e-22, 0.0, 7.873885794850291e-19, 0.0, 5.253149893031365e-19, 0.0, 0.0, 0.0, 0.0, 5.5327960429301676e-21, 5.6993797745309e-19, 0.0, 0.0, 0.0, 0.0, 0.0, 0.0, 0.0, 5.177863848891052e-19, 0.0, 0.0, 0.0, 0.0, 0.0, 2.955248289449616e-19, 0.0, 4.674500911902204e-19, 0.0, 0.0, 0.0, 9.969552196724218e-21, 9.343423399558523e-19, 0.0], [0.0, 0.0, 1.0, 3.2460857958898365e-08, 0.0, 9.028085767494092e-09, 6.12999375556221e-08, 0.0, 0.0, 3.458185357143628e-08, 0.0, 3.2903453677883276e-08, 0.0, 2.9802322387695312e-08, 0.0, 0.0, 0.0, 8.377151403746602e-08, 0.0, 6.459888027894955e-08, 0.0, 0.0, 0.0, 0.0, 0.0, 0.0, 0.0, 0.0, 0.0, 4.24958781222379e-08, 0.0, 6.969927156784361e-08, 2.384550940988631e-08, 0.0, 0.0, 0.0, 0.0, 0.0, 7.450580596923825e-09, 5.0620205701253033e-08, 2.6951706361229397e-08, 1.5176848391568485e-09, 0.0, 0.0, 3.565538747974258e-08, 0.0, 5.9423290145893506e-08, 1.3426280915988325e-08, 0.0, 0.0, 0.0, 1.4901161193847653e-08, 0.0, 2.4875046232319866e-08, 0.0, 2.699197211974906e-08, 0.0, 1.1643450829891326e-08, 0.0, 1.5176848391568483e-09, 0.0, 6.204271354765266e-08, 0.0, 0.0, 1.4901161193847653e-08, 0.0, 0.0, 0.0, 0.0, 3.3698125362107106e-08, 8.71918494161295e-09, 0.0, 0.0, 0.0, 0.0, 3.330783896112852e-08, 0.0, 3.3653751068597454e-08, 0.0, 1.5176848391568485e-09, 2.0511546874102095e-08, 2.086816653840667e-09, 7.140554653718185e-08, 0.0], [0.0, 7.167339196241587e-19, 3.2460857958898365e-08, 1.0, 0.0, 2.339135361953595e-08, 7.110617391797297e-05, 5.077127835180739e-14, 1.1083298793638587e-18, 0.6054603257290485, 0.002045696582601358, 0.4961014032670693, 3.8783016617026425e-11, 8.337285779428358e-09, 0.31608334606108324, 0.0, 9.597966042745035e-10, 0.3972750835168851, 3.705399831378116e-12, 0.5126540874259935, 0.08185252641765677, 5.187791126745882e-11, 3.033383632749959e-11, 0.0, 0.006253728605174684, 5.863573421080652e-21, 3.801090879395154e-12, 0.0001464425224128023, 1.4050719673046e-08, 0.6049559748416335, 0.0020275557944698787, 1.1196130112249899e-06, 6.693860654747927e-08, 1.9723036274243126e-06, 0.0, 0.07738553299036773, 0.002074777646430246, 1.661074103785151e-09, 1.1483795191251532e-08, 0.37441879524283894, 6.316989295033434e-08, 0.1820007515954161, 0.10891862720700078, 3.746226622571107e-18, 0.6857739603711371, 0.2663996624982599, 0.003616498765043394, 0.0004157190341289421, 0.008933260968060875, 0.12518504092276667, 0.0015475019482973703, 0.01088667604151639, 4.999820924511829e-26, 0.19604864417994441, 1.1286520077005858e-17, 0.5572606702287, 0.14743667091732732, 0.1723825465274319, 0.0, 0.2092114024866591, 0.008127207155491348, 0.5617030491840944, 0.04326010589969458, 3.249858936609415e-11, 4.022493324158319e-08, 0.01434600127841399, 0.12621026561990822, 0.06952221849705312, 0.000398791544322271, 0.42369761947729156, 8.62900666157695e-05, 0.3352325135329519, 0.030019830698029507, 9.655032812028482e-12, 0.0, 0.6024001071706859, 0.48939392415892313, 0.32941903385269633, 0.04479883630857043, 1.2839297565508557e-09, 2.332585920895854e-08, 8.030478601176138e-09, 0.6454132437109159, 0.009979021529209642], [0.0, 0.0, 0.0, 0.0, 1.0, 0.0, 0.0, 0.0, 0.0, 0.0, 0.0, 0.0, 0.0, 0.0, 0.0, 0.0, 0.0, 0.0, 0.0, 0.0, 0.0, 0.0, 0.0, 0.0, 0.0, 0.0, 0.0, 0.0, 0.0, 0.0, 0.0, 0.0, 0.0, 0.0, 0.0, 0.0, 0.0, 0.0, 0.0, 0.0, 0.0, 0.0, 0.0, 0.0, 0.0, 0.0, 0.0, 0.0, 0.0, 0.0, 0.0, 0.0, 0.0, 0.0, 0.0, 0.0, 0.0, 0.0, 0.0, 0.0, 0.0, 0.0, 0.0, 0.0, 0.0, 0.0, 0.0, 0.0, 0.0, 0.0, 0.0, 0.0, 0.0, 0.0, 0.0, 0.0, 0.0, 0.0, 0.0, 0.0, 0.0, 0.0, 0.0, 0.0], [0.0, 0.0, 9.028085767494092e-09, 2.339135361953595e-08, 0.0, 1.0, 4.6611894989918475e-09, 0.0, 0.0, 2.8734196851092317e-08, 5.904237979144964e-10, 8.174873667862777e-09, 3.346819493676584e-11, 7.450580596923826e-09, 5.5060813776059435e-11, 0.0, 4.290844498041377e-10, 2.1477812317951917e-08, 0.0, 1.5788609035649113e-08, 2.9411816075439066e-11, 1.095564902741949e-10, 0.0, 0.0, 1.635222969948112e-09, 0.0, 0.0, 0.0, 4.8093290952436835e-09, 2.5787924933825165e-08, 1.2794109228214558e-10, 7.517151268177651e-09, 8.944348216038657e-09, 6.216803593234957e-10, 0.0, 0.0, 0.0, 1.4524496302716917e-09, 1.0387743182072966e-08, 1.5391245860492794e-08, 2.6892524775905028e-08, 3.1287687043688447e-09, 0.0, 0.0, 1.3990231825206899e-08, 0.0, 4.768623969590891e-09, 1.9336338571176105e-08, 0.0, 0.0, 1.5073966416918943e-08, 1.3035379244657796e-08, 0.0, 3.5042991803120435e-08, 0.0, 2.837140031529593e-08, 0.0, 0.0, 0.0, 4.766730532097647e-09, 0.0, 2.035075705741931e-08, 0.0, 2.195315889572876e-11, 3.6246997968426215e-09, 0.0, 5.1503687930136874e-11, 0.0, 6.098177354480735e-10, 1.847391909290207e-08, 1.352851403685663e-08, 0.0, 0.0, 0.0, 0.0, 1.897346790174006e-08, 0.0, 7.560207539359842e-09, 0.0, 1.4326770188691556e-09, 1.560140883971293e-08, 1.402215779580722e-09, 1.5391312378475545e-08, 0.0], [0.0, 0.0, 6.12999375556221e-08, 7.110617391797297e-05, 0.0, 4.6611894989918475e-09, 1.0, 1.7763568394002505e-15, 0.0, 2.9943137275381466e-05, 4.672458110761596e-06, 8.794275485994264e-05, 4.48426526154163e-12, 0.0, 9.341753758127679e-13, 0.0, 2.453109227486136e-10, 8.31518415864348e-05, 1.2696607527615611e-12, 5.702426287253761e-05, 3.0758519722290004e-05, 3.5994512373509163e-12, 2.8330239141297367e-11, 0.0, 3.053100074402281e-05, 0.0, 1.5044470393731214e-12, 5.006146664166085e-05, 0.0, 4.6882596344296606e-05, 1.0658141036401503e-14, 1.2224870402551329e-05, 1.2882522066359602e-07, 5.022761839309332e-06, 0.0, 4.256552217664926e-06, 1.4756556947875387e-06, 1.2100094166372585e-09, 2.5473308616510838e-09, 0.0001221717746934481, 2.3917790675612387e-08, 3.4214181412277644e-05, 2.7608883409638622e-11, 0.0, 5.185183648744917e-05, 8.842938325473297e-12, 4.195381208515013e-05, 0.00010839297444929398, 2.2110024263008483e-16, 0.0001238131303558857, 1.9818785422959315e-07, 1.4283641449870703e-08, 0.0, 5.6772483522902264e-05, 0.0, 0.00010300753996597362, 0.0, 2.181872257829436e-09, 0.0, 4.0976894994689575e-09, 0.0, 3.904922476547757e-05, 0.0, 0.0, 4.111528498700013e-08, 3.325184225525004e-16, 0.0, 4.2253117087037155e-06, 2.8344600096992826e-10, 0.00012023096592695532, 1.1813758535834891e-05, 3.0517578125e-05, 0.0, 9.982531491114573e-12, 0.0, 6.432619562342215e-05, 4.983499639750742e-05, 8.938820823674537e-07, 3.051757812500001e-05, 4.375605685005335e-09, 4.032599799031131e-09, 3.0958444054112916e-09, 0.00011054316527358196, 0.0], [0.0, 0.0, 0.0, 5.077127835180739e-14, 0.0, 0.0, 1.7763568394002505e-15, 1.0, 0.0, 3.364991121770072e-14, 3.5360659104192535e-14, 4.190985924575192e-14, 0.0, 0.0, 0.0, 0.0, 0.0, 3.352450706862042e-14, 1.0924641951983464e-14, 2.5604669543805794e-14, 0.0, 0.0, 0.0, 0.0, 2.640078141576134e-14, 0.0, 6.75015598972095e-14, 0.0, 0.0, 3.527354444784386e-14, 1.7763568394002503e-15, 0.0, 2.1785894790401155e-14, 0.0, 0.0, 0.0, 0.0, 0.0, 0.0, 8.996087250799507e-14, 0.0, 1.2167974113983513e-15, 0.0, 0.0, 3.355881220185992e-14, 0.0, 6.75015598972095e-14, 0.0, 0.0, 0.0, 0.0, 0.0, 0.0, 3.863270043272966e-14, 0.0, 1.773551907470904e-14, 0.0, 0.0, 0.0, 6.75015598972095e-14, 0.0, 5.2114686196046e-14, 0.0, 0.0, 1.2878713766478639e-14, 0.0, 0.0, 0.0, 0.0, 3.2378703906579093e-14, 0.0, 0.0, 0.0, 0.0, 0.0, 6.88430158740788e-14, 0.0, 0.0, 0.0, 0.0, 0.0, 2.664535259100375e-14, 2.263005994831488e-14, 0.0], [0.0, 4.628410822476474e-19, 0.0, 1.1083298793638587e-18, 0.0, 0.0, 0.0, 0.0, 1.0, 6.10256964053181e-19, 1.2385403044707709e-19, 8.5023765244838e-19, 0.0, 0.0, 8.870950456763613e-19, 0.0, 0.0, 6.41314540234912e-19, 5.018524422197833e-19, 7.100688628800248e-19, 0.0, 2.9377233548447013e-20, 0.0, 0.0, 2.9742618581513624e-20, 1.3486190354642286e-20, 1.843418697144695e-19, 6.936556445985224e-19, 0.0, 4.505620369628017e-19, 0.0, 0.0, 0.0, 0.0, 0.0, 0.0, 0.0, 0.0, 0.0, 8.583983068070616e-19, 0.0, 2.710505431213761e-20, 0.0, 1.1697904560063077e-20, 7.3587711060542e-19, 1.7319512509344335e-19, 0.0, 0.0, 0.0, 0.0, 3.2564076440167046e-20, 0.0, 0.0, 2.1236103454955384e-19, 0.0, 9.321532395915297e-19, 0.0, 0.0, 0.0, 0.0, 1.8816944308566984e-20, 5.721295621228575e-19, 0.0, 0.0, 0.0, 0.0, 0.0, 0.0, 0.0, 7.347128958839616e-19, 0.0, 0.0, 0.0, 0.0, 0.0, 1.1358159931474392e-18, 0.0, 3.290994625793997e-19, 0.0, 0.0, 0.0, 0.0, 5.330534359114506e-19, 0.0], [0.0, 8.006824713567666e-19, 3.458185357143628e-08, 0.6054603257290485, 0.0, 2.8734196851092317e-08, 2.9943137275381466e-05, 3.364991121770072e-14, 6.10256964053181e-19, 1.0, 0.002125644812818401, 0.20965122023598637, 6.075448764370073e-11, 1.2066607626958427e-08, 0.28243552969610364, 0.0, 9.817001907056755e-10, 0.4405210810914884, 1.0420687619851886e-12, 0.5693118483233562, 0.04192437821981495, 3.3786938059159444e-11, 8.531779236299856e-12, 0.0, 0.02025138499575065, 6.636005053805609e-21, 3.19716675149919e-12, 8.501074050416409e-05, 2.38732001227141e-10, 0.2538338558657867, 0.001666090608993163, 1.3278708996473488e-05, 5.915691012357846e-08, 4.549488927253803e-06, 0.0, 0.23696310383654415, 0.0016523012971755317, 8.505696306491549e-10, 1.6349817587731137e-08, 0.5351370852191322, 4.713959349667975e-08, 0.11151626711207882, 1.4960520630530628e-11, 6.778173137735364e-21, 0.3372263183552099, 0.2393928508157261, 0.0006847410223070477, 0.000199753062164766, 0.02935660837241373, 0.07954967857889071, 0.0014060305571237908, 0.027033662368297736, 2.6502534977593476e-26, 0.38176280434082055, 2.9166346539960434e-19, 0.2603422130962617, 0.044362334796670524, 0.34636120886544414, 0.0, 0.08238292919209941, 0.011491505200119585, 0.3730134268499693, 0.02704599271100782, 2.293698929429974e-12, 6.470137437808544e-08, 0.05259365443528992, 0.08544405469455028, 0.09045473826391859, 0.0009898065952489506, 0.2184513999864413, 1.4426728895579298e-06, 0.2957396412441164, 0.0166652549531334, 1.6321767111429976e-11, 0.0, 0.5160450340116322, 0.5954775485572368, 0.27443899985258924, 0.05333242442889102, 2.3133136421772145e-09, 2.7879190766695686e-08, 1.6968359300052854e-08, 0.5656466385604868, 0.001980812007391426], [0.0, 1.1331824550319962e-19, 0.0, 0.002045696582601358, 0.0, 5.904237979144964e-10, 4.672458110761596e-06, 3.5360659104192535e-14, 1.2385403044707709e-19, 0.002125644812818401, 1.0, 0.0010417966877752016, 3.111923152640162e-12, 0.0, 3.63798111188919e-12, 0.0, 2.3183128646530018e-10, 0.0012178372194390288, 1.481552959618692e-14, 0.0014861684078507757, 4.351192308295954e-19, 3.361357366956042e-20, 0.0, 0.0, 4.711676293964013e-10, 4.339432080944372e-21, 3.290145885914323e-14, 1.9073486328130476e-06, 0.0, 0.002158375385863208, 0.0, 2.3283064365386958e-10, 1.3862351268443426e-14, 1.9073486328124996e-06, 0.0, 1.9073486328125e-06, 0.0, 4.846756345280755e-10, 0.0, 0.001580564643716332, 4.336808689942018e-19, 1.9073522707913346e-06, 0.0, 2.710505431213761e-20, 0.0009663298840260158, 2.8382122998257356e-20, 0.0009784702361346324, 5.524086803242946e-10, 0.0, 0.0, 3.3881317890172014e-20, 2.9052990404640376e-22, 0.0, 0.0031444245244737507, 0.0, 0.0003986808875419651, 0.0, 0.0, 0.0, 3.2900991402835465e-14, 1.1726104440262589e-20, 0.0022753390292821127, 0.0, 0.0, 2.3284485450858473e-10, 0.0, 7.817798146183664e-23, 2.641635627722145e-06, 2.3283064365386958e-10, 0.0007056048505994091, 4.129357060646415e-22, 0.0009765624999999998, 0.0009765624999999998, 3.6379788071890674e-12, 0.0, 0.00120837612789584, 0.0023037805649202677, 5.953640159082656e-20, 0.0, 0.0, 4.336808689942019e-19, 2.328944735593053e-10, 0.0014855554009628306, 0.0], [0.0, 4.088072762376498e-19, 3.2903453677883276e-08, 0.4961014032670693, 0.0, 8.174873667862777e-09, 8.794275485994264e-05, 4.190985924575192e-14, 8.5023765244838e-19, 0.20965122023598637, 0.0010417966877752016, 1.0, 3.571246197837031e-11, 7.450580596923826e-09, 0.23785544317291635, 0.0, 0.0, 0.5387258739000984, 2.056847009717116e-12, 0.43316674108532904, 0.06502763967398849, 4.9829164624571575e-11, 7.418420643449258e-12, 0.0, 0.013252906680806776, 1.050880025887111e-20, 3.12913599373565e-12, 0.00010770969081636984, 0.0, 0.7708598538088103, 0.0017497804714804396, 4.550084377498834e-06, 1.004915901939233e-07, 5.148388241980722e-06, 0.0, 0.022401170569816907, 0.0021477539214196173, 0.0, 9.02644545741709e-09, 0.6142149889306113, 3.690990053622802e-08, 0.2258112465549099, 0.03517959468094367, 6.460589648210684e-18, 0.7801309877025191, 0.24072470375580124, 0.004124053801012141, 0.0003712457471957258, 0.028988170849865068, 0.18554476577481718, 0.0017049336395938664, 0.029284110346520755, 5.146362946770043e-26, 0.5576673254326815, 1.7487558828301348e-17, 0.7683224173698049, 0.10267496017026692, 0.22595865725863873, 0.0, 0.15615399769860688, 0.026954698957873943, 0.3479951523661079, 0.03433025159827926, 5.8110653467162234e-11, 9.572496648868114e-08, 0.04024596653672749, 0.0802507781054707, 0.01775627434714626, 7.029513705635425e-05, 0.39711238944043503, 0.002086161607570959, 0.22096492781497626, 0.01533505589954157, 7.486784879864936e-12, 0.0, 0.6325321477060024, 0.5281410738445657, 0.2628944895927105, 0.06157255405816598, 1.131986789089602e-09, 2.791416276964252e-08, 3.7422857137818785e-09, 0.48390232912262826, 0.009940553526584024], [0.0, 0.0, 0.0, 3.8783016617026425e-11, 0.0, 3.346819493676584e-11, 4.48426526154163e-12, 0.0, 0.0, 6.075448764370073e-11, 3.111923152640162e-12, 3.571246197837031e-11, 1.0, 0.0, 1.600468699950077e-11, 0.0, 0.0, 3.9234295558969555e-11, 3.820836651096739e-12, 5.679523359674844e-11, 2.257362283546146e-11, 2.2228466940005678e-13, 7.393482488922837e-12, 0.0, 1.479914736791513e-11, 0.0, 3.1895953552962595e-12, 1.2133478419931243e-25, 0.0, 4.350784389532413e-11, 1.6768636405992783e-11, 1.0519824739703814e-12, 0.0, 0.0, 0.0, 0.0, 0.0, 0.0, 0.0, 3.725218953751779e-11, 0.0, 3.259917505346212e-11, 1.054414157403957e-11, 0.0, 4.729979455648885e-11, 1.8873895924790805e-11, 5.443957430513038e-11, 1.6768636405992783e-11, 0.0, 0.0, 0.0, 0.0, 5.169878828456423e-26, 4.1035364077350144e-11, 0.0, 2.5949586149355804e-11, 0.0, 2.902067016231148e-26, 0.0, 3.761890360003e-12, 2.584939414228211e-26, 5.3805213649791816e-11, 0.0, 1.3548021265929181e-11, 8.67411357660209e-11, 0.0, 0.0, 2.5849394142282112e-26, 0.0, 3.960224597044404e-11, 0.0, 0.0, 5.169878828456423e-26, 1.7681040598697365e-11, 0.0, 9.525895290458523e-11, 0.0, 2.5849394142282112e-26, 5.818276047289513e-26, 1.6768636405992783e-11, 0.0, 2.653929757322606e-11, 3.539582294908494e-11, 0.0], [0.0, 0.0, 2.9802322387695312e-08, 8.337285779428358e-09, 0.0, 7.450580596923826e-09, 0.0, 0.0, 0.0, 1.2066607626958427e-08, 0.0, 7.450580596923826e-09, 0.0, 1.0, 0.0, 0.0, 0.0, 2.29844417357355e-08, 0.0, 2.585433772908774e-08, 0.0, 0.0, 0.0, 0.0, 0.0, 0.0, 0.0, 0.0, 0.0, 2.6077032089233402e-08, 0.0, 1.0094626792452978e-08, 8.944348216038659e-09, 0.0, 0.0, 0.0, 0.0, 0.0, 7.450580596923827e-09, 2.941143361541473e-08, 1.0841084081956027e-08, 0.0, 0.0, 0.0, 2.97313723784678e-08, 0.0, 0.0, 9.745463300949909e-09, 0.0, 0.0, 0.0, 0.0, 0.0, 7.671589081084264e-09, 0.0, 7.291139546617894e-09, 0.0, 0.0, 0.0, 0.0, 0.0, 9.561285549059462e-10, 0.0, 0.0, 0.0, 0.0, 0.0, 0.0, 0.0, 7.450580596923826e-09, 8.71918494161295e-09, 0.0, 0.0, 0.0, 0.0, 2.3378865139267923e-08, 0.0, 7.450580596923826e-09, 0.0, 0.0, 1.8250120749944287e-08, 0.0, 1.1444458025391561e-08, 0.0], [0.0, 2.961246982012219e-19, 0.0, 0.31608334606108324, 0.0, 5.5060813776059435e-11, 9.341753758127679e-13, 0.0, 8.870950456763613e-19, 0.28243552969610364, 3.63798111188919e-12, 0.23785544317291635, 1.600468699950077e-11, 0.0, 1.0, 0.0, 0.0, 0.08560959835149402, 1.6445991858302192e-12, 0.49856445300478475, 1.4372762691368851e-18, 4.086215260552405e-11, 7.814836785010328e-13, 0.0, 1.936063768481015e-12, 1.450328452394044e-22, 1.6520947733403809e-12, 8.105431164248743e-18, 0.0, 0.10647137296430555, 3.45128973294964e-11, 1.8189894035508196e-12, 0.0, 0.0, 0.0, 0.0, 0.0, 0.0, 3.4512897329496396e-11, 0.1368608302808718, 2.5363617964217233e-18, 0.13686083023389747, 1.526109656785473e-12, 4.963083675318165e-24, 0.19617414631680158, 0.11012311202139803, 6.960330512728036e-11, 8.455772863393893e-11, 5.2621407600208333e-17, 0.13686083022601062, 5.176934599424461e-11, 3.451296245389784e-11, 0.0, 0.285069466743448, 6.938893903907228e-18, 0.19551870075971595, 0.0, 0.13686083022601062, 0.0, 9.094947017729281e-13, 0.0, 0.24713054804474988, 0.0, 0.0, 1.2413793811605063e-11, 5.551115123125784e-17, 1.1504299109932475e-11, 0.0, 0.0, 0.12645471446820622, 6.040803275181402e-17, 0.49856445296618157, 0.0, 5.456968210711631e-12, 0.0, 0.20463097814140593, 0.1368608302260107, 0.0879819622881497, 0.0, 1.1504299109832133e-11, 2.536361176036264e-18, 4.94541189557089e-11, 0.48784281757821785, 0.0], [0.0, 0.0, 0.0, 0.0, 0.0, 0.0, 0.0, 0.0, 0.0, 0.0, 0.0, 0.0, 0.0, 0.0, 0.0, 1.0, 0.0, 0.0, 0.0, 0.0, 0.0, 0.0, 0.0, 0.0, 0.0, 0.0, 0.0, 0.0, 0.0, 0.0, 0.0, 0.0, 0.0, 0.0, 0.0, 0.0, 0.0, 0.0, 0.0, 0.0, 0.0, 0.0, 0.0, 0.0, 0.0, 0.0, 0.0, 0.0, 0.0, 0.0, 0.0, 0.0, 0.0, 0.0, 0.0, 0.0, 0.0, 0.0, 0.0, 0.0, 0.0, 0.0, 0.0, 0.0, 0.0, 0.0, 0.0, 0.0, 0.0, 0.0, 0.0, 0.0, 0.0, 0.0, 0.0, 0.0, 0.0, 0.0, 0.0, 0.0, 0.0, 0.0, 0.0, 0.0], [0.0, 0.0, 0.0, 9.597966042745035e-10, 0.0, 4.290844498041377e-10, 2.453109227486136e-10, 0.0, 0.0, 9.817001907056755e-10, 2.3183128646530018e-10, 0.0, 0.0, 0.0, 0.0, 0.0, 1.0, 1.000824404501989e-09, 0.0, 1.448087510596159e-10, 0.0, 0.0, 0.0, 0.0, 1.3721371553115427e-09, 0.0, 0.0, 0.0, 0.0, 7.595979280940288e-10, 0.0, 0.0, 0.0, 1.1406325468715177e-09, 0.0, 0.0, 0.0, 1.2356852591108111e-09, 7.604216979143453e-10, 7.693490430288793e-10, 0.0, 0.0, 0.0, 0.0, 1.0432899624317959e-09, 0.0, 2.7514675266019483e-10, 9.660010266216434e-10, 0.0, 0.0, 7.604216979143451e-10, 0.0, 0.0, 3.475338640396076e-10, 0.0, 3.221455197948383e-10, 0.0, 0.0, 0.0, 1.140632546871518e-09, 0.0, 1.0185536605937328e-09, 0.0, 0.0, 1.140632546871518e-09, 0.0, 0.0, 0.0, 0.0, 8.478146200064188e-10, 0.0, 0.0, 0.0, 0.0, 0.0, 1.293640221880051e-09, 0.0, 0.0, 0.0, 5.86850603867885e-10, 1.140632546871518e-09, 7.604216979143452e-10, 1.5494107029003717e-09, 0.0], [0.0, 3.0276742144134137e-19, 8.377151403746602e-08, 0.3972750835168851, 0.0, 2.1477812317951917e-08, 8.31518415864348e-05, 3.352450706862042e-14, 6.41314540234912e-19, 0.4405210810914884, 0.0012178372194390288, 0.5387258739000984, 3.9234295558969555e-11, 2.29844417357355e-08, 0.08560959835149402, 0.0, 1.000824404501989e-09, 1.0, 3.966306240231988e-12, 0.4181721077750705, 0.05525753331743937, 5.063764172928911e-11, 2.127935556046913e-11, 0.0, 0.029164185299573913, 3.4540660137120756e-21, 2.3293354359909463e-12, 0.0001699274594359564, 1.8485517930456814e-09, 0.7214417414250098, 0.0014515551646745244, 4.76986089072152e-06, 6.272430195604142e-08, 3.767623032797007e-06, 0.0, 0.24798831867719848, 0.0014444404135437866, 1.9574455348948386e-09, 7.23965337243449e-09, 0.8092646204963789, 6.278608624589158e-08, 0.25069867246962285, 0.12498438445758739, 9.688090123424772e-18, 0.6713716633896083, 0.272078914472746, 0.009699708528358778, 0.0004587537290418756, 0.04758450401479777, 0.2132524497486665, 0.0010648972759427719, 0.0447186619055184, 5.706192339373505e-26, 0.5950395442465024, 6.138504544460235e-18, 0.7063160194072102, 0.14743933497793885, 0.03555648021756997, 0.0, 0.22942576594555342, 0.005587061627237937, 0.5391960315887595, 0.06988676651597601, 3.45816267722446e-11, 1.0491299209292788e-07, 0.0791194504738181, 0.08213551002604871, 0.061103341578668965, 0.0012185558245125553, 0.4404616217080767, 0.005415622052051108, 0.07059958240625658, 0.020466923846175385, 2.578780716307274e-11, 0.0, 0.8896050283003123, 0.8771475349077882, 0.24928901994196145, 0.08326008370270102, 3.126111220533872e-09, 2.5193049528095276e-08, 4.653901610377313e-09, 0.3462554204541693, 0.002529353837002724], [0.0, 5.236445105039954e-19, 0.0, 3.705399831378116e-12, 0.0, 0.0, 1.2696607527615611e-12, 1.0924641951983464e-14, 5.018524422197833e-19, 1.0420687619851886e-12, 1.481552959618692e-14, 2.056847009717116e-12, 3.820836651096739e-12, 0.0, 1.6445991858302192e-12, 0.0, 0.0, 3.966306240231988e-12, 1.0, 1.0819099335003991e-12, 1.6533568230787409e-18, 1.0918393846618534e-12, 9.517306244990038e-13, 0.0, 7.229721893713826e-13, 0.0, 1.5870108206485588e-12, 3.110267863676156e-17, 0.0, 3.242557045704492e-12, 2.6645352591003757e-15, 9.143521671790347e-13, 7.125614838514964e-14, 1.615587133892632e-27, 0.0, 0.0, 4.28150033787895e-14, 0.0, 0.0, 3.709338923675148e-12, 4.211517019108308e-18, 3.946132943013198e-12, 1.6971431579110257e-12, 4.18346540252416e-19, 3.9105288591679845e-12, 9.962297852000728e-14, 1.0621923845828691e-12, 2.5249493840419323e-21, 0.0, 0.0, 0.0, 3.3848799101711814e-21, 1.7110048908925373e-26, 5.057711147564861e-12, 6.938893903907228e-18, 1.5626265322780203e-12, 0.0, 4.27758565828531e-14, 0.0, 3.9650958728043724e-12, 2.584939414228212e-26, 2.4506177278071943e-12, 0.0, 3.931843370304192e-26, 9.519341066170954e-13, 1.0802684321711093e-16, 0.0, 2.5849394142282115e-26, 0.0, 2.084251173425806e-12, 7.287624634709619e-23, 0.0, 2.2169898466729887e-26, 0.0, 0.0, 2.397277227753419e-12, 2.273735333052894e-15, 1.0070417572668997e-15, 4.2132343790717176e-26, 0.0, 4.211517019916101e-18, 4.4944056450926395e-12, 4.53940759211278e-12, 0.0], [0.0, 3.1974313938533386e-19, 6.459888027894955e-08, 0.5126540874259935, 0.0, 1.5788609035649113e-08, 5.702426287253761e-05, 2.5604669543805794e-14, 7.100688628800248e-19, 0.5693118483233562, 0.0014861684078507757, 0.43316674108532904, 5.679523359674844e-11, 2.585433772908774e-08, 0.49856445300478475, 0.0, 1.448087510596159e-10, 0.4181721077750705, 1.0819099335003991e-12, 1.0, 0.0003336431881187724, 1.3094064007058825e-11, 1.547839729988697e-11, 0.0, 0.01522295051405589, 2.2076723079652915e-21, 3.1712046122444576e-12, 0.00020411631269576046, 5.597644402947515e-09, 0.38832580006822454, 0.0011523213453546082, 3.6056540832093387e-06, 1.0540964625058014e-07, 3.116663337303708e-06, 0.0, 0.23445896443458006, 0.0011379396717687898, 1.9268566221887947e-09, 5.622342694034548e-09, 0.44625003652793027, 6.27270475768831e-08, 0.1702081367483655, 0.047545022838776776, 4.484682649839617e-18, 0.3945097163629787, 0.14588552946700276, 0.0041870739586859305, 0.00027229068932678295, 0.025222098227562096, 0.1251252666450336, 0.0008914994601364772, 0.02294196065758108, 1.3520994052895125e-26, 0.6262041741539108, 8.574658336322565e-18, 0.4127068347194565, 0.1026892955960005, 0.14548601153474955, 0.0, 0.07213692967121198, 0.0028960953878194415, 0.5688189211524547, 0.03271510778025933, 2.2392775338919936e-11, 9.843765665384913e-08, 0.04196285385168311, 0.13054419825669264, 0.03381731743941525, 0.0018138002173317355, 0.1834559457390528, 0.0036668412439198085, 0.5033302351554909, 0.018295716581398957, 2.334815566799674e-11, 0.0, 0.5490393480337277, 0.46761363529234434, 0.1907154825054827, 0.01795978258931575, 3.5849195173971546e-09, 1.1266021658930742e-08, 8.986733274753325e-09, 0.8191205516340525, 0.007724103856795305], [0.0, 1.7472955561585778e-22, 0.0, 0.08185252641765677, 0.0, 2.9411816075439066e-11, 3.0758519722290004e-05, 0.0, 0.0, 0.04192437821981495, 4.351192308295954e-19, 0.06502763967398849, 2.257362283546146e-11, 0.0, 1.4372762691368851e-18, 0.0, 0.0, 0.05525753331743937, 1.6533568230787409e-18, 0.0003336431881187724, 1.0, 2.1804819351630817e-21, 0.0, 0.0, 4.7366938325228816e-05, 9.246111879798326e-24, 4.336808689942018e-19, 7.344723735520956e-05, 0.0, 0.10059055255292092, 3.0018309080588884e-12, 8.271806125530277e-25, 0.0, 0.0, 0.0, 0.025683274846875704, 0.0, 0.0, 0.0, 0.030901750221502926, 1.3010426069826053e-18, 7.161182051556365e-08, 1.8189894035458563e-12, 2.481541837659083e-24, 0.10684654805146108, 5.70551815210606e-22, 3.0780655061886746e-05, 8.244058180518568e-05, 0.0, 9.777520220900135e-05, 2.4590998798818433e-08, 1.0483773336951469e-21, 0.0, 0.0664639838631943, 0.0, 0.09608704544295701, 0.0, 1.298367704100011e-05, 0.0, 0.24999999999999997, 2.5849394142282115e-26, 0.05551549838451404, 0.0, 4.115047582866604e-12, 1.8010985448353345e-11, 0.0, 0.21175592924902964, 1.0339757656912846e-25, 0.0, 0.15332212460073336, 0.0, 4.6351845060189127e-05, 0.0, 0.0, 0.0, 0.0018780385273245083, 0.0626640327489251, 2.194606117690011e-07, 0.0003612915488149057, 5.7034787253118915e-11, 1.3010426069826053e-18, 1.8010985830123014e-11, 0.08546132960524894, 0.0], [0.0, 1.2899925188290681e-20, 0.0, 5.187791126745882e-11, 0.0, 1.095564902741949e-10, 3.5994512373509163e-12, 0.0, 2.9377233548447013e-20, 3.3786938059159444e-11, 3.361357366956042e-20, 4.9829164624571575e-11, 2.2228466940005678e-13, 0.0, 4.086215260552405e-11, 0.0, 0.0, 5.063764172928911e-11, 1.0918393846618534e-12, 1.3094064007058825e-11, 2.1804819351630817e-21, 1.0, 3.554532198116657e-13, 0.0, 3.203745039990325e-20, 5.134003743545417e-21, 1.0918394068882704e-12, 1.6509914116661142e-20, 0.0, 9.512824593663915e-11, 1.1551727301906141e-10, 0.0, 0.0, 0.0, 0.0, 0.0, 0.0, 0.0, 1.1551727301906141e-10, 9.843244661384998e-11, 0.0, 1.388613991240042e-12, 6.811054415779166e-13, 2.710505431213761e-20, 3.3704019350454264e-11, 2.382027707215043e-21, 5.3928528477056597e-11, 2.2007413343210988e-11, 0.0, 0.0, 1.0806454573428531e-10, 1.1551727302062562e-10, 1.1309109937248424e-26, 3.8526707640024576e-11, 0.0, 1.1580757161985035e-10, 0.0, 0.0, 0.0, 1.0918393821576857e-12, 4.678797184531691e-20, 4.104993240544412e-12, 0.0, 9.92493058638482e-28, 3.712474506660487e-11, 0.0, 3.3537272812051715e-11, 0.0, 0.0, 3.462911222006493e-11, 4.129357060646416e-22, 0.0, 0.0, 3.1069548961327515e-23, 0.0, 5.433275998750621e-11, 0.0, 5.61223356276838e-20, 0.0, 3.3537272811985567e-11, 9.924930586384818e-28, 1.0577721094704415e-10, 9.99791962582569e-12, 0.0], [0.0, 0.0, 0.0, 3.033383632749959e-11, 0.0, 0.0, 2.8330239141297367e-11, 0.0, 0.0, 8.531779236299856e-12, 0.0, 7.418420643449258e-12, 7.393482488922837e-12, 0.0, 7.814836785010328e-13, 0.0, 0.0, 2.127935556046913e-11, 9.517306244990038e-13, 1.547839729988697e-11, 0.0, 3.554532198116657e-13, 1.0, 0.0, 7.275957614183425e-12, 0.0, 9.513714346969093e-13, 6.110439550191691e-27, 0.0, 1.9431743683383663e-11, 0.0, 0.0, 0.0, 1.6155871338926322e-27, 0.0, 0.0, 0.0, 0.0, 0.0, 3.1418770321510984e-11, 0.0, 2.94745430817426e-11, 3.2589773018907176e-11, 0.0, 8.529314988348926e-12, 1.5994000532359028e-11, 7.275957614183434e-12, 0.0, 0.0, 0.0, 0.0, 0.0, 1.615587133892632e-27, 1.128365490985412e-11, 0.0, 1.9866942594672925e-11, 0.0, 0.0, 0.0, 9.51371434696911e-13, 0.0, 1.5370130948067998e-11, 0.0, 1.2924697071141057e-26, 1.2507125403314512e-11, 0.0, 0.0, 0.0, 0.0, 1.3622052682890693e-11, 7.489931844281435e-27, 0.0, 1.0273742322340977e-26, 7.275957614183425e-12, 0.0, 5.654208883381901e-12, 1.6610926565107389e-15, 1.1102230246251563e-16, 0.0, 0.0, 0.0, 2.6053895027064186e-11, 6.941474770613613e-12, 0.0], [0.0, 0.0, 0.0, 0.0, 0.0, 0.0, 0.0, 0.0, 0.0, 0.0, 0.0, 0.0, 0.0, 0.0, 0.0, 0.0, 0.0, 0.0, 0.0, 0.0, 0.0, 0.0, 0.0, 1.0, 0.0, 0.0, 0.0, 0.0, 0.0, 0.0, 0.0, 0.0, 0.0, 0.0, 0.0, 0.0, 0.0, 0.0, 0.0, 0.0, 0.0, 0.0, 0.0, 0.0, 0.0, 0.0, 0.0, 0.0, 0.0, 0.0, 0.0, 0.0, 0.0, 0.0, 0.0, 0.0, 0.0, 0.0, 0.0, 0.0, 0.0, 0.0, 0.0, 0.0, 0.0, 0.0, 0.0, 0.0, 0.0, 0.0, 0.0, 0.0, 0.0, 0.0, 0.0, 0.0, 0.0, 0.0, 0.0, 0.0, 0.0, 0.0, 0.0, 0.0], [0.0, 2.47663205811072e-21, 0.0, 0.006253728605174684, 0.0, 1.635222969948112e-09, 3.053100074402281e-05, 2.640078141576134e-14, 2.9742618581513624e-20, 0.02025138499575065, 4.711676293964013e-10, 0.013252906680806776, 1.479914736791513e-11, 0.0, 1.936063768481015e-12, 0.0, 1.3721371553115427e-09, 0.029164185299573913, 7.229721893713826e-13, 0.01522295051405589, 4.7366938325228816e-05, 3.203745039990325e-20, 7.275957614183425e-12, 0.0, 1.0, 1.2738086187667554e-20, 7.458265385871654e-13, 0.0001221028396307757, 0.0, 0.018158992091526105, 0.0, 3.497219527645717e-10, 2.1311048713126088e-08, 9.313225746154785e-10, 0.0, 0.0, 4.83169060316868e-13, 1.2413752264031517e-09, 4.656612873077392e-10, 0.012027602600262352, 0.0, 0.03126667530155721, 7.275957614183425e-12, 2.499983142093598e-20, 0.014018184930054793, 1.6114061604054085e-11, 0.00013562198714618277, 0.00048416130241619147, 0.0, 0.0002743333318899418, 8.731149137091538e-10, 3.252713077568182e-08, 0.0, 0.027536275912082315, 0.0, 0.00030720924666124456, 0.008614418817062205, 0.008614641994307821, 0.0, 0.009844340181736487, 0.006634659282982138, 0.004905341173498253, 0.031144437261686427, 0.0, 1.1960247501539738e-07, 0.031144437261686437, 0.0, 0.026467586752652546, 6.980707593411945e-10, 0.0003923354067630137, 2.1310878784067402e-08, 0.0001220703125, 0.008614418817062203, 4.28713950325987e-11, 0.0, 0.031632456881502985, 0.005873831887602724, 0.031209399337192252, 0.025604781648118025, 1.5972050385783311e-10, 1.8626451492309568e-09, 8.259776815540705e-10, 0.025149145045355707, 0.0], [0.0, 2.0747985160988132e-21, 0.0, 5.863573421080652e-21, 0.0, 0.0, 0.0, 0.0, 1.3486190354642286e-20, 6.636005053805609e-21, 4.339432080944372e-21, 1.050880025887111e-20, 0.0, 0.0, 1.450328452394044e-22, 0.0, 0.0, 3.4540660137120756e-21, 0.0, 2.2076723079652915e-21, 9.246111879798326e-24, 5.134003743545417e-21, 0.0, 0.0, 1.2738086187667554e-20, 1.0, 0.0, 1.3970282680167707e-22, 0.0, 1.3030285859765405e-20, 0.0, 3.308722450212111e-24, 0.0, 0.0, 0.0, 0.0, 0.0, 0.0, 0.0, 4.404654159240944e-21, 0.0, 5.2907518008882845e-23, 0.0, 6.69235507417496e-24, 6.372027684234809e-21, 0.0, 1.0374567364691562e-22, 5.768315763680801e-23, 0.0, 0.0, 0.0, 0.0, 0.0, 4.354290558115164e-21, 0.0, 5.122645501767407e-21, 0.0, 2.6813692491781073e-24, 0.0, 0.0, 6.2115749465315356e-21, 8.988266731806253e-21, 0.0, 0.0, 0.0, 0.0, 1.5683424967108826e-22, 0.0, 0.0, 8.659928733036534e-21, 0.0, 0.0, 0.0, 1.2308265352680204e-22, 0.0, 1.1686792704610665e-20, 0.0, 7.642064666501288e-23, 0.0, 0.0, 0.0, 1.9199073016808994e-22, 1.0481025877977582e-20, 0.0], [0.0, 1.155787827915661e-19, 0.0, 3.801090879395154e-12, 0.0, 0.0, 1.5044470393731214e-12, 6.75015598972095e-14, 1.843418697144695e-19, 3.19716675149919e-12, 3.290145885914323e-14, 3.12913599373565e-12, 3.1895953552962595e-12, 0.0, 1.6520947733403809e-12, 0.0, 0.0, 2.3293354359909463e-12, 1.5870108206485588e-12, 3.1712046122444576e-12, 4.336808689942018e-19, 1.0918394068882704e-12, 9.513714346969093e-13, 0.0, 7.458265385871654e-13, 0.0, 1.0, 2.0824955937691384e-18, 0.0, 2.4842598808687246e-12, 0.0, 1.4826663351781671e-12, 1.4210854715202e-14, 0.0, 0.0, 0.0, 1.4210854715202e-13, 0.0, 0.0, 4.091188396068908e-12, 4.336808689942017e-19, 2.8389108126315194e-12, 2.2544985338937293e-12, 6.776263578034404e-21, 1.826573298595021e-12, 2.8421862952827727e-14, 1.3022482190260942e-12, 0.0, 0.0, 0.0, 3.388131789017201e-20, 0.0, 0.0, 3.4038682584019036e-12, 0.0, 1.6711237799972826e-12, 0.0, 2.8421709430404e-14, 0.0, 1.4691436064295446e-12, 5.381789706783542e-20, 5.171766439250801e-12, 0.0, 0.0, 9.379164112033322e-13, 0.0, 0.0, 0.0, 0.0, 6.352754596648894e-12, 0.0, 0.0, 0.0, 0.0, 0.0, 5.65380397071305e-12, 0.0, 4.796805214222516e-19, 0.0, 0.0, 4.3368086899420173e-19, 2.170831290997365e-12, 2.3236434888475168e-12, 0.0], [0.0, 7.9623679119354e-19, 0.0, 0.0001464425224128023, 0.0, 0.0, 5.006146664166085e-05, 0.0, 6.936556445985224e-19, 8.501074050416409e-05, 1.9073486328130476e-06, 0.00010770969081636984, 1.2133478419931243e-25, 0.0, 8.105431164248743e-18, 0.0, 0.0, 0.0001699274594359564, 3.110267863676156e-17, 0.00020411631269576046, 7.344723735520956e-05, 1.6509914116661142e-20, 6.110439550191691e-27, 0.0, 0.0001221028396307757, 1.3970282680167707e-22, 2.0824955937691384e-18, 1.0, 0.0, 0.00019105007636918475, 0.0, 4.1096924815811645e-06, 2.980232238769531e-08, 1.9073486328125e-06, 0.0, 2.86102294921875e-06, 3.07521660925941e-06, 0.0, 0.0, 7.382480088972687e-05, 4.336808689942017e-19, 2.5873999188806955e-05, 0.0, 4.608588206354611e-18, 0.00018450013763914302, 3.6596515319998935e-18, 4.243863341510166e-05, 5.819144375645143e-05, 0.0, 6.615978802401175e-05, 3.4517265691791077e-07, 2.980232238769864e-08, 3.727086476829377e-26, 0.00018410684094989627, 6.938893903907228e-18, 4.64554159543947e-05, 0.0, 2.4350928145739927e-05, 0.0, 1.0593721067512548e-22, 3.5205126896700066e-20, 0.0001714327834787076, 0.0, 1.0883372273011183e-25, 2.9802322387695306e-08, 0.0, 2.0959222195398455e-22, 7.978885783807098e-06, 0.0, 9.325418592659192e-05, 4.784719443248771e-06, 0.00014775130070323402, 3.1935173439746747e-26, 2.0972992069213272e-22, 0.0, 0.0001711097673682397, 8.147066531897891e-05, 5.609939578543892e-07, 3.0517578124999997e-05, 0.0, 4.33680870921025e-19, 2.151665750014907e-17, 0.00013422458490286045, 0.0], [0.0, 0.0, 0.0, 1.4050719673046e-08, 0.0, 4.8093290952436835e-09, 0.0, 0.0, 0.0, 2.38732001227141e-10, 0.0, 0.0, 0.0, 0.0, 0.0, 0.0, 0.0, 1.8485517930456814e-09, 0.0, 5.597644402947515e-09, 0.0, 0.0, 0.0, 0.0, 0.0, 0.0, 0.0, 0.0, 1.0, 6.083373583314763e-09, 0.0, 0.0, 3.725290298461914e-09, 0.0, 0.0, 0.0, 0.0, 0.0, 0.0, 5.178754055623322e-09, 2.818852638242088e-09, 0.0, 0.0, 0.0, 0.0, 0.0, 0.0, 4.2316454220344485e-09, 0.0, 0.0, 5.587935447692872e-09, 1.9078981866374012e-09, 0.0, 0.0, 0.0, 2.3998322603015885e-09, 0.0, 0.0, 0.0, 0.0, 0.0, 3.295584533100511e-09, 0.0, 0.0, 0.0, 0.0, 0.0, 0.0, 0.0, 3.725290298461915e-09, 3.7252902984619136e-09, 0.0, 0.0, 0.0, 0.0, 4.289140546232035e-09, 0.0, 0.0, 0.0, 0.0, 0.0, 3.725290298461914e-09, 2.072826776510729e-09, 0.0], [0.0, 4.1286611666032083e-19, 4.24958781222379e-08, 0.6049559748416335, 0.0, 2.5787924933825165e-08, 4.6882596344296606e-05, 3.527354444784386e-14, 4.505620369628017e-19, 0.2538338558657867, 0.002158375385863208, 0.7708598538088103, 4.350784389532413e-11, 2.6077032089233402e-08, 0.10647137296430555, 0.0, 7.595979280940288e-10, 0.7214417414250098, 3.242557045704492e-12, 0.38832580006822454, 0.10059055255292092, 9.512824593663915e-11, 1.9431743683383663e-11, 0.0, 0.018158992091526105, 1.3030285859765405e-20, 2.4842598808687246e-12, 0.00019105007636918475, 6.083373583314763e-09, 1.0, 0.0006342534387299571, 4.492916140700157e-06, 7.895194629709492e-08, 2.3846994016858113e-06, 0.0, 0.11858241094003036, 0.0008926127019394758, 1.2433684686668678e-09, 1.3644161107681818e-08, 0.5538648671761862, 4.7959324980609563e-08, 0.29946276838067554, 0.09175315932063238, 8.443140853889938e-19, 0.7994838234222625, 0.23909445480405273, 0.005983986875059031, 0.00032532126908029336, 0.015593303901637727, 0.26708839168181975, 0.000329712314730551, 0.016997932895267746, 4.029757312275771e-26, 0.5263958527275387, 7.738625336439385e-18, 0.7816035071945535, 0.17347494049497036, 0.12276361382829723, 0.0, 0.2278449871898955, 0.01654540291293891, 0.5082298483241697, 0.0418894828144966, 5.4715311604198944e-11, 1.776396920128752e-07, 0.03150807428403521, 0.1678223084167398, 0.03560436537389934, 0.00088126912869229, 0.6271787289175608, 0.004579514606235363, 0.09429185284950668, 0.031265383907486746, 2.409764880366108e-11, 0.0, 0.8404943522967547, 0.690738414949128, 0.2546204936950159, 0.04489232561545019, 2.7805542415517666e-09, 3.065368558269586e-08, 1.0932069845427501e-08, 0.3300903761099468, 0.00590471229857142], [0.0, 0.0, 0.0, 0.0020275557944698787, 0.0, 1.2794109228214558e-10, 1.0658141036401503e-14, 1.7763568394002503e-15, 0.0, 0.001666090608993163, 0.0, 0.0017497804714804396, 1.6768636405992783e-11, 0.0, 3.45128973294964e-11, 0.0, 0.0, 0.0014515551646745244, 2.6645352591003757e-15, 0.0011523213453546082, 3.0018309080588884e-12, 1.1551727301906141e-10, 0.0, 0.0, 0.0, 0.0, 0.0, 0.0, 0.0, 0.0006342534387299571, 1.0, 0.0, 7.105427357601002e-15, 0.0, 0.0, 0.0, 0.0022140706801464165, 0.0, 1.1641532182693481e-10, 0.0005831151304794152, 0.0, 1.4554570059082634e-11, 0.0, 0.0, 0.0002643461850831627, 0.0, 0.0009751128738554725, 3.40670602742424e-11, 0.0, 0.0, 0.0019531251018634066, 1.1641532182693481e-10, 0.0, 0.0021368360723799003, 0.0, 0.0008689614971377629, 0.0, 0.0, 0.0, 0.0, 0.0, 0.0012518914151667421, 0.0, 5.8110653467162105e-11, 4.3663739290877857e-11, 0.0, 2.9103830456733697e-11, 0.0, 0.0005116226609880613, 0.0007184378041602186, 0.0, 0.0007435419801043757, 0.00048828124999999995, 0.0, 0.0, 0.0009668814936112004, 0.0009144037612963537, 0.0023002655719514707, 0.0, 4.3655745685100555e-11, 0.0, 1.2280314842593614e-10, 0.0012787864264330855, 0.0026008010985310395], [0.0, 0.0, 6.969927156784361e-08, 1.1196130112249899e-06, 0.0, 7.517151268177651e-09, 1.2224870402551329e-05, 0.0, 0.0, 1.3278708996473488e-05, 2.3283064365386958e-10, 4.550084377498834e-06, 1.0519824739703814e-12, 1.0094626792452978e-08, 1.8189894035508196e-12, 0.0, 0.0, 4.76986089072152e-06, 9.143521671790347e-13, 3.6056540832093387e-06, 8.271806125530277e-25, 0.0, 0.0, 0.0, 3.497219527645717e-10, 3.308722450212111e-24, 1.4826663351781671e-12, 4.1096924815811645e-06, 0.0, 4.492916140700157e-06, 0.0, 1.0, 3.759951415394543e-08, 4.769535735249519e-07, 0.0, 0.0, 1.9073486612342094e-06, 6.338065989982527e-10, 1.514194018867947e-08, 3.335832384366363e-06, 2.1909325774476067e-08, 5.875809994606322e-06, 6.034395507386188e-13, 3.308722450212111e-24, 1.5561370928239098e-05, 1.0848030338262648e-13, 3.8723361567426e-06, 1.2319583497811724e-08, 0.0, 4.76837158203125e-07, 1.1641532182693481e-10, 1.4901161193847653e-08, 0.0, 1.5643191487950932e-05, 0.0, 9.208292534679112e-06, 0.0, 1.1643479251600757e-08, 0.0, 2.5579538487363607e-13, 0.0, 4.672792516769802e-06, 0.0, 0.0, 1.5832512190172562e-08, 0.0, 0.0, 5.868429254924316e-06, 1.0540232644670806e-09, 1.2746015174239774e-05, 5.448112343469329e-06, 0.0, 0.0, 0.0, 0.0, 1.2537650108895347e-05, 0.0, 5.133337870511587e-07, 0.0, 0.0, 1.8316062803953944e-09, 3.4972913454112255e-10, 6.210085082467808e-06, 0.0], [0.0, 0.0, 2.384550940