"{\"names\": [\"172.217.10.1\", \"104.88.86.240\", \"38.93.140.48\", \"192.168.10.15\", \"104.88.108.223\", \"195.142.105.15\", \"172.217.12.163\", \"206.217.206.48\", \"172.217.6.228\", \"178.255.83.1\", \"74.119.118.82\", \"192.168.10.9\", \"172.217.7.6\", \"35.186.227.40\", \"31.13.71.36\", \"206.126.112.142\", \"151.101.2.49\", \"192.168.10.25\", \"172.217.3.98\", \"192.168.10.16\", \"72.30.202.150\", \"172.217.12.132\", \"50.31.164.173\", \"162.208.20.178\", \"23.15.4.16\", \"216.58.217.99\", \"172.217.6.198\", \"172.217.12.174\", \"169.46.44.40\", \"192.168.10.17\", \"52.84.143.130\", \"104.19.195.102\", \"216.200.232.61\", \"104.97.73.166\", \"152.163.13.79\", \"192.229.163.25\", \"74.119.118.86\", \"54.225.188.92\", \"188.165.145.88\", \"192.168.10.14\", \"8.43.72.98\", \"199.96.57.6\", \"68.67.178.110\", \"104.88.70.158\", \"192.168.10.19\", \"69.172.216.56\", \"157.240.18.35\", \"172.217.11.34\", \"185.54.150.20\", \"69.169.85.7\", \"198.232.124.194\", \"74.119.118.72\", \"172.217.12.134\", \"192.168.10.5\", \"23.111.9.30\", \"192.168.10.8\", \"151.101.66.2\", \"68.67.178.199\", \"213.239.195.215\", \"138.108.7.20\", \"52.84.145.87\", \"192.168.10.50\", \"52.84.145.198\", \"52.40.24.51\", \"212.77.100.137\", \"185.54.150.115\", \"172.217.10.138\", \"152.163.66.165\", \"52.84.137.78\", \"192.168.10.51\", \"68.67.178.109\", \"129.146.14.96\", \"54.152.24.232\", \"172.217.10.33\", \"52.8.229.108\", \"192.168.10.12\", \"64.147.131.201\", \"172.217.12.206\", \"68.67.180.12\", \"172.217.10.134\", \"38.69.238.16\", \"172.217.10.142\", \"192.168.10.3\", \"172.217.6.202\"], \"funcEdges\": [[1.0, 0.0, 0.0, 0.0, 0.0, 0.0, 0.0, 0.0, 0.0, 0.0, 0.0, 0.0, 0.0, 0.0, 0.0, 0.0, 0.0, 0.0, 0.0, 0.0, 0.0, 0.0, 0.0, 0.0, 0.0, 0.0, 0.0, 0.0, 0.0, 0.0, 0.0, 0.0, 0.0, 0.0, 0.0, 0.0, 0.0, 0.0, 0.0, 0.0, 0.0, 0.0, 0.0, 0.0, 0.0, 0.0, 0.0, 0.0, 0.0, 0.0, 0.0, 0.0, 0.0, 0.0, 0.0, 0.0, 0.0, 0.0, 0.0, 0.0, 0.0, 0.0, 0.0, 0.0, 0.0, 0.0, 0.0, 0.0, 0.0, 0.0, 0.0, 0.0, 0.0, 0.0, 0.0, 0.0, 0.0, 0.0, 0.0, 0.0, 0.0, 0.0, 0.0, 0.0], [0.0, 1.0, 0.0, 2.4626789957757235e-08, 0.0, 0.0, 0.0, 0.0, 1.5903098491991135e-08, 2.7511240231662156e-08, 3.8935852678107315e-09, 1.404651105446035e-08, 0.0, 0.0, 1.0174767154496945e-08, 0.0, 0.0, 1.0403009387078483e-08, 1.799228837875671e-08, 1.0986290614243028e-08, 6.003661816117778e-12, 4.4323805443644095e-10, 0.0, 0.0, 8.509642955048571e-11, 7.128953417946986e-11, 3.971256737610112e-09, 2.735848782438588e-08, 0.0, 1.418597174946079e-08, 0.0, 0.0, 0.0, 0.0, 0.0, 0.0, 0.0, 0.0, 0.0, 1.4034508084867626e-08, 0.0, 1.03485087299328e-09, 0.0, 0.0, 2.2803606466977066e-08, 1.4732222870195141e-08, 3.602197089670668e-11, 1.1004460432943772e-10, 0.0, 0.0, 9.313225746154785e-10, 2.9103830456733704e-11, 0.0, 2.7054465585056772e-08, 0.0, 1.8049685593244487e-08, 0.0, 0.0, 0.0, 0.0, 1.9010542447858625e-10, 1.9582919791275255e-08, 0.0, 0.0, 0.0, 0.0, 0.0, 0.0, 0.0, 1.7791004715302203e-08, 0.0, 0.0, 0.0, 0.0, 0.0, 1.0154155803796835e-08, 0.0, 1.6061462833393714e-08, 0.0, 0.0, 0.0, 3.425512051255638e-10, 3.2103758347028e-08, 0.0], [0.0, 0.0, 1.0, 0.0, 0.0, 0.0, 0.0, 0.0, 0.0, 0.0, 0.0, 0.0, 0.0, 0.0, 0.0, 0.0, 0.0, 0.0, 0.0, 0.0, 0.0, 0.0, 0.0, 0.0, 0.0, 0.0, 0.0, 0.0, 0.0, 0.0, 0.0, 0.0, 0.0, 0.0, 0.0, 0.0, 0.0, 0.0, 0.0, 0.0, 0.0, 0.0, 0.0, 0.0, 0.0, 0.0, 0.0, 0.0, 0.0, 0.0, 0.0, 0.0, 0.0, 0.0, 0.0, 0.0, 0.0, 0.0, 0.0, 0.0, 0.0, 0.0, 0.0, 0.0, 0.0, 0.0, 0.0, 0.0, 0.0, 0.0, 0.0, 0.0, 0.0, 0.0, 0.0, 0.0, 0.0, 0.0, 0.0, 0.0, 0.0, 0.0, 0.0, 0.0], [0.0, 2.4626789957757235e-08, 0.0, 1.0, 0.0, 0.0, 0.026175824062498087, 0.001744487840777004, 3.808192468037919e-08, 0.17149121838365877, 0.0012176168854171323, 0.2342408309657507, 0.25737804751549986, 0.0, 0.04627645368120044, 0.0, 0.0, 0.18477131249047302, 0.12731656875498337, 0.15203669416543752, 0.05968998766258053, 0.03565458318726544, 0.0838899649037887, 0.0, 0.021724059203177756, 2.014708486498899e-10, 0.13060448812900854, 6.4122498245109e-07, 0.0, 0.14676432866229527, 0.00016977422834407225, 0.018049396311663916, 0.009261012521573044, 2.3679982282881846e-15, 0.0, 0.0, 0.011923129090157539, 0.0, 0.0, 0.24034148538335784, 3.7865070172767726e-08, 0.05092590468201537, 0.22838234086740733, 1.2871936661877952e-07, 0.22677569978078826, 0.005071099971768451, 0.06731727840668372, 9.159963228079454e-11, 7.6089098986501505e-06, 0.0, 5.820580615931038e-10, 7.552176961940226e-06, 1.7179253885307832e-15, 0.27709025960210093, 3.878018769311005e-07, 0.17467934846514738, 0.0, 0.0008516238549235535, 0.0, 0.08043787411207684, 2.4153262569265394e-09, 0.22148821883700356, 0.0, 3.186200869380028e-15, 0.02239525899792831, 8.583068847656248e-06, 7.206997058905321e-12, 5.254078329178539e-16, 0.0, 0.14375751599644762, 7.610554239236341e-06, 0.0, 2.4771108484574065e-15, 7.235362790454209e-12, 0.0, 0.30375893378902435, 0.00010874764104699814, 3.8504935840461856e-05, 5.165410499239287e-16, 0.0, 3.7865005561411274e-08, 0.1036507276648484, 0.2629647971591622, 0.0], [0.0, 0.0, 0.0, 0.0, 1.0, 0.0, 0.0, 0.0, 0.0, 0.0, 0.0, 0.0, 0.0, 0.0, 0.0, 0.0, 0.0, 0.0, 0.0, 0.0, 0.0, 0.0, 0.0, 0.0, 0.0, 0.0, 0.0, 0.0, 0.0, 0.0, 0.0, 0.0, 0.0, 0.0, 0.0, 0.0, 0.0, 0.0, 0.0, 0.0, 0.0, 0.0, 0.0, 0.0, 0.0, 0.0, 0.0, 0.0, 0.0, 0.0, 0.0, 0.0, 0.0, 0.0, 0.0, 0.0, 0.0, 0.0, 0.0, 0.0, 0.0, 0.0, 0.0, 0.0, 0.0, 0.0, 0.0, 0.0, 0.0, 0.0, 0.0, 0.0, 0.0, 0.0, 0.0, 0.0, 0.0, 0.0, 0.0, 0.0, 0.0, 0.0, 0.0, 0.0], [0.0, 0.0, 0.0, 0.0, 0.0, 1.0, 0.0, 0.0, 0.0, 0.0, 0.0, 0.0, 0.0, 0.0, 0.0, 0.0, 0.0, 0.0, 0.0, 0.0, 0.0, 0.0, 0.0, 0.0, 0.0, 0.0, 0.0, 0.0, 0.0, 0.0, 0.0, 0.0, 0.0, 0.0, 0.0, 0.0, 0.0, 0.0, 0.0, 0.0, 0.0, 0.0, 0.0, 0.0, 0.0, 0.0, 0.0, 0.0, 0.0, 0.0, 0.0, 0.0, 0.0, 0.0, 0.0, 0.0, 0.0, 0.0, 0.0, 0.0, 0.0, 0.0, 0.0, 0.0, 0.0, 0.0, 0.0, 0.0, 0.0, 0.0, 0.0, 0.0, 0.0, 0.0, 0.0, 0.0, 0.0, 0.0, 0.0, 0.0, 0.0, 0.0, 0.0, 0.0], [0.0, 0.0, 0.0, 0.026175824062498087, 0.0, 0.0, 1.0, 6.103515625e-05, 0.0, 0.035670611072250405, 0.0, 0.05042084496638695, 0.04127784105702511, 0.0, 0.03209802150275478, 0.0, 0.0, 0.10385029851210008, 0.043625211281005175, 0.1251786372326814, 0.0, 0.12367620278375135, 0.03017738651405205, 0.0, 0.03025768239224545, 0.0, 0.05169240666137265, 0.0, 0.0, 0.06290687446800962, 0.0003662109375, 0.01235264711003273, 0.00024414062500000005, 0.0, 0.0, 0.0, 1.4725256328248368e-06, 0.0, 0.0, 0.055721913927019986, 0.0, 0.04932485587454412, 0.005391792304000306, 0.0, 0.028040586489765457, 0.0, 0.02470529422006546, 0.0, 7.596946489871035e-06, 0.0, 0.0, 7.508073742905214e-06, 0.0, 0.09985769272095192, 0.0, 0.03191538886887091, 0.0, 0.0, 0.0, 0.05680193198668645, 0.0, 0.020808257151117858, 0.0, 0.0, 0.12524667333698974, 1.1425246001443984e-05, 0.0, 0.0, 0.0, 0.05345647898580989, 7.579201146175987e-06, 0.0, 0.0, 0.0, 0.0, 0.04732351848078452, 0.00010283514353495537, 0.0001373291015625, 0.0, 0.0, 0.0, 0.03251353294441624, 0.0750207196190135, 0.0], [0.0, 0.0, 0.0, 0.001744487840777004, 0.0, 0.0, 6.103515625e-05, 1.0, 0.0, 0.001156202145546625, 0.0012149829953400928, 0.0014400117987237418, 0.0, 0.0, 0.0, 0.0, 0.0, 0.0011518932917939642, 0.00037536783923422865, 0.000879769746524265, 0.0, 0.0, 0.0, 0.0, 0.0009071239421563163, 0.0, 0.0023193359374999996, 0.0, 0.0, 0.0012119897585399341, 6.103515624999999e-05, 0.0, 0.0007485576451109579, 0.0, 0.0, 0.0, 0.0, 0.0, 0.0, 0.0030910320427317145, 0.0, 4.180884070250701e-05, 0.0, 0.0, 0.001153072007196753, 0.0, 0.0023193359374999996, 0.0, 0.0, 0.0, 0.0, 0.0, 0.0, 0.0013274094793179114, 0.0, 0.0006093877952276761, 0.0, 0.0, 0.0, 0.0023193359374999996, 0.0, 0.0017906469828265618, 0.0, 0.0, 0.0004425092355325659, 0.0, 0.0, 0.0, 0.0, 0.0011125237949249972, 0.0, 0.0, 0.0, 0.0, 0.0, 0.0023654280138974185, 0.0, 0.0, 0.0, 0.0, 0.0, 0.0009155273437499998, 0.0007775629390762549, 0.0], [0.0, 1.5903098491991135e-08, 0.0, 3.808192468037919e-08, 0.0, 0.0, 0.0, 0.0, 1.0, 2.096826962211728e-08, 4.255592081983875e-09, 2.921394328874885e-08, 0.0, 0.0, 3.048035367698878e-08, 0.0, 0.0, 2.2035399814065786e-08, 1.7243518614013592e-08, 2.439778035182092e-08, 0.0, 1.0093940587002716e-09, 0.0, 0.0, 1.0219485928400234e-09, 4.633819721665541e-10, 6.333938413657115e-09, 2.383382646589162e-08, 0.0, 1.548119370859501e-08, 0.0, 0.0, 0.0, 0.0, 0.0, 0.0, 0.0, 0.0, 0.0, 2.949434123742483e-08, 0.0, 9.313225746154785e-10, 0.0, 4.0193694013760147e-10, 2.5284544991402028e-08, 5.950939184823745e-09, 0.0, 0.0, 0.0, 0.0, 1.1188931466796925e-09, 0.0, 0.0, 7.2966695866804785e-09, 0.0, 3.202854143124858e-08, 0.0, 0.0, 0.0, 0.0, 6.465452833275882e-10, 1.9658222067139786e-08, 0.0, 0.0, 0.0, 0.0, 0.0, 0.0, 0.0, 2.5244542878168543e-08, 0.0, 0.0, 0.0, 0.0, 0.0, 3.902634035873609e-08, 0.0, 1.130777143127758e-08, 0.0, 0.0, 0.0, 0.0, 1.8315576594080898e-08, 0.0], [0.0, 2.7511240231662156e-08, 0.0, 0.17149121838365877, 0.0, 0.0, 0.035670611072250405, 0.001156202145546625, 2.096826962211728e-08, 1.0, 0.2027087633670149, 0.27551616229894954, 0.3630799656200813, 0.0, 0.4595717343701422, 0.0, 0.0, 0.1923555603747009, 0.035805210023276746, 0.48872694930667676, 0.09712866102427829, 0.00857843257247656, 0.0032980121349760194, 0.0, 0.14391609289816895, 2.2801139745748648e-10, 0.10985381310038064, 1.4777733589277293e-06, 0.0, 0.5810165705368808, 0.00024781849490230785, 0.06691240689778823, 0.009695213222909829, 1.1215428404663345e-15, 0.0, 0.0, 0.003081603660747053, 0.0, 0.0, 0.21525206838337207, 9.899654463848879e-08, 0.5131386610182376, 0.22418788447627686, 2.328962556255927e-10, 0.3743419029785745, 0.005654600768924159, 0.15688784660683625, 1.8534200717941688e-10, 2.9902843946295898e-06, 0.0, 3.951525557246694e-09, 3.617085293754898e-06, 9.106201679188806e-16, 0.3577897063926726, 1.0021480362634626e-08, 0.33526335393495954, 0.0, 0.001083052705593924, 0.0, 0.03461760536962001, 1.8430963657941064e-09, 0.5140784572377552, 0.0, 3.1632638651110205e-15, 0.009545068243228268, 4.436536013465639e-06, 4.1560886665340584e-12, 8.107922592650824e-16, 0.0, 0.5407276338851733, 3.355108178260843e-06, 0.0, 7.399974633310175e-16, 0.08980265101570058, 0.0, 0.34719760539926137, 9.123982744102329e-05, 3.1546430441178055e-05, 1.6361717794947693e-15, 0.0, 9.899651899483233e-08, 0.026044168293501854, 0.16191559067843708, 0.0], [0.0, 3.8935852678107315e-09, 0.0, 0.0012176168854171323, 0.0, 0.0, 0.0, 0.0012149829953400928, 4.255592081983875e-09, 0.2027087633670149, 1.0, 0.0012471570256028847, 0.10692486534603769, 0.0, 0.1250000791922383, 0.0, 0.0, 0.18442185711423043, 0.0005090577207083433, 0.4813603716680683, 1.4950582930190296e-08, 1.1549535968995897e-09, 0.0, 0.0, 0.19291388827003964, 1.491017509669544e-10, 0.0011304855183256772, 1.8808839444797036e-08, 0.0, 0.16640011745142425, 0.0, 0.0, 0.00047630676274902905, 0.0, 0.0, 0.0, 0.0, 0.0, 0.0, 0.0016967242956818813, 1.4901161193847656e-08, 0.12500000094179045, 0.0, 9.313225746154785e-10, 0.47552531809420123, 9.752023205485185e-10, 0.12613046948609632, 1.966213857789252e-11, 0.0, 0.0, 1.1641532182693481e-09, 9.982531491114578e-12, 0.0, 0.13471313841860427, 0.0, 0.23472473838944014, 0.0, 0.0, 0.0, 0.0011304694566492439, 4.0290588064326564e-10, 0.053401406210040414, 0.0, 0.0, 0.0004882812499999999, 0.0, 2.686174989167061e-12, 0.0, 0.0, 0.09895007478665793, 1.4188362823186433e-11, 0.0, 0.0, 0.12500000000334507, 0.0, 0.039284338319213304, 0.0, 2.0456551820329798e-09, 0.0, 0.0, 1.490116119384766e-08, 0.0021931788508254063, 0.1994587919339208, 0.0], [0.0, 1.404651105446035e-08, 0.0, 0.2342408309657507, 0.0, 0.0, 0.05042084496638695, 0.0014400117987237418, 2.921394328874885e-08, 0.27551616229894954, 0.0012471570256028847, 1.0, 0.2687509230726505, 0.0, 0.15050362545651105, 0.0, 0.0, 0.21543972752774695, 0.07067272511688326, 0.2090587220533643, 0.03340778267018057, 0.03751531743356393, 0.02688329200913555, 0.0, 0.028690902382081683, 3.61079627456382e-10, 0.10751629406264862, 2.1760496509493256e-06, 0.0, 0.17077154180986032, 0.00013109064312623659, 0.04608641882485291, 0.0032663415108846097, 2.647074225249333e-15, 0.0, 0.0, 0.007810225074177977, 0.0, 0.0, 0.10269405302983624, 4.4463800644680266e-08, 0.1172578646578583, 0.17856051830761768, 2.2198417001552825e-07, 0.228199341532513, 0.005853689643044746, 0.0484872984442206, 1.171216678478021e-10, 2.2038165656080835e-06, 0.0, 1.8804331027019127e-09, 2.6944238932012255e-06, 1.7682768439778818e-15, 0.06440846107992154, 6.00867946035443e-07, 0.16893050259898715, 0.0, 0.0007971904897695725, 0.0, 0.04225522428234402, 1.1171372438054205e-09, 0.1710929320109713, 0.0, 4.674072424561601e-15, 0.032933116407875856, 3.1231490727028878e-06, 5.281286907394682e-12, 3.022016614879274e-15, 0.0, 0.09936759895163388, 2.434644476043262e-06, 0.0, 1.9573202139490972e-15, 3.5997628265268684e-12, 0.0, 0.16080458907725337, 6.936578604383129e-05, 3.5313631647604696e-05, 3.3893735713941103e-15, 0.0, 4.446379358406699e-08, 0.0577596516719355, 0.32094587055965673, 0.0], [0.0, 0.0, 0.0, 0.25737804751549986, 0.0, 0.0, 0.04127784105702511, 0.0, 0.0, 0.3630799656200813, 0.10692486534603769, 0.2687509230726505, 1.0, 0.0, 0.5499168579645775, 0.0, 0.0, 0.2785301529401534, 0.13128294767854926, 0.16161865267498304, 0.0625000000000009, 0.007637643083803327, 0.01589328784385805, 0.0, 0.043545389713862445, 0.0, 0.10959366190776748, 4.1690314400261156e-15, 0.0, 0.15032752815216388, 0.0, 0.036145842573343676, 0.0, 0.0, 0.0, 0.0, 0.0, 0.0, 0.0, 0.11783480119813475, 0.0, 0.24047191598692802, 0.12414910969523121, 0.0, 0.41130270978009403, 0.0, 0.1887059912019392, 0.0, 0.0, 0.0, 0.0, 0.0, 1.7763568394002505e-15, 0.32900093295655514, 0.0, 0.21833775968433827, 0.0, 9.971426340410465e-16, 0.0, 0.1292575685388044, 8.88178419700125e-16, 0.23806139565795242, 0.0, 8.881784197001252e-16, 0.010547699071181476, 0.0, 0.0, 8.881784197001251e-16, 0.0, 0.4542414988813377, 0.0, 0.0, 1.7763568394002505e-15, 0.14256648712805026, 0.0, 0.28856830624027, 0.0, 8.881784197001251e-16, 1.9991444273766888e-15, 0.0, 0.0, 0.16322323147891699, 0.48520836702514736, 0.0], [0.0, 0.0, 0.0, 0.0, 0.0, 0.0, 0.0, 0.0, 0.0, 0.0, 0.0, 0.0, 0.0, 1.0, 0.0, 0.0, 0.0, 0.0, 0.0, 0.0, 0.0, 0.0, 0.0, 0.0, 0.0, 0.0, 0.0, 0.0, 0.0, 0.0, 0.0, 0.0, 0.0, 0.0, 0.0, 0.0, 0.0, 0.0, 0.0, 0.0, 0.0, 0.0, 0.0, 0.0, 0.0, 0.0, 0.0, 0.0, 0.0, 0.0, 0.0, 0.0, 0.0, 0.0, 0.0, 0.0, 0.0, 0.0, 0.0, 0.0, 0.0, 0.0, 0.0, 0.0, 0.0, 0.0, 0.0, 0.0, 0.0, 0.0, 0.0, 0.0, 0.0, 0.0, 0.0, 0.0, 0.0, 0.0, 0.0, 0.0, 0.0, 0.0, 0.0, 0.0], [0.0, 1.0174767154496945e-08, 0.0, 0.04627645368120044, 0.0, 0.0, 0.03209802150275478, 0.0, 3.048035367698878e-08, 0.4595717343701422, 0.1250000791922383, 0.15050362545651105, 0.5499168579645775, 0.0, 1.0, 0.0, 0.0, 0.08741500643288488, 0.056507997745352145, 0.317955571520696, 4.9384436570078526e-08, 0.03751531550217518, 0.026851574732157713, 0.0, 0.0665226445487718, 4.983290617192569e-12, 0.05676554417111575, 2.7850049416342045e-07, 0.0, 0.10465790013691399, 0.0, 0.06250000000017053, 0.0, 0.0, 0.0, 0.0, 0.0, 0.0, 0.0, 0.05800862079024598, 8.714872773164089e-08, 0.27098906519988436, 0.05243672852802713, 1.7053025658242402e-13, 0.11717768455821755, 7.467281401332861e-09, 0.2031250000004749, 1.1070969367744574e-12, 1.808057797699045e-06, 0.0, 0.0, 2.2376573947350044e-06, 0.0, 0.2596089373225659, 2.384185791015625e-07, 0.2537824247387458, 0.0, 5.6843418860808e-14, 0.0, 0.031249999999999997, 0.0, 0.04813846862518085, 0.0, 0.0, 0.03125, 1.9073486328125004e-06, 3.4476746135902667e-12, 0.0, 0.0, 0.44538874552614527, 2.0756042006779047e-06, 0.0, 0.0, 0.18750000000254474, 0.0, 0.10574082377161553, 1.9073486328125e-06, 3.9573774385211746e-08, 0.0, 0.0, 8.714870641535882e-08, 0.04687508917717849, 0.4118401820050503, 0.0], [0.0, 0.0, 0.0, 0.0, 0.0, 0.0, 0.0, 0.0, 0.0, 0.0, 0.0, 0.0, 0.0, 0.0, 0.0, 1.0, 0.0, 0.0, 0.0, 0.0, 0.0, 0.0, 0.0, 0.0, 0.0, 0.0, 0.0, 0.0, 0.0, 0.0, 0.0, 0.0, 0.0, 0.0, 0.0, 0.0, 0.0, 0.0, 0.0, 0.0, 0.0, 0.0, 0.0, 0.0, 0.0, 0.0, 0.0, 0.0, 0.0, 0.0, 0.0, 0.0, 0.0, 0.0, 0.0, 0.0, 0.0, 0.0, 0.0, 0.0, 0.0, 0.0, 0.0, 0.0, 0.0, 0.0, 0.0, 0.0, 0.0, 0.0, 0.0, 0.0, 0.0, 0.0, 0.0, 0.0, 0.0, 0.0, 0.0, 0.0, 0.0, 0.0, 0.0, 0.0], [0.0, 0.0, 0.0, 0.0, 0.0, 0.0, 0.0, 0.0, 0.0, 0.0, 0.0, 0.0, 0.0, 0.0, 0.0, 0.0, 1.0, 0.0, 0.0, 0.0, 0.0, 0.0, 0.0, 0.0, 0.0, 0.0, 0.0, 0.0, 0.0, 0.0, 0.0, 0.0, 0.0, 0.0, 0.0, 0.0, 0.0, 0.0, 0.0, 0.0, 0.0, 0.0, 0.0, 0.0, 0.0, 0.0, 0.0, 0.0, 0.0, 0.0, 0.0, 0.0, 0.0, 0.0, 0.0, 0.0, 0.0, 0.0, 0.0, 0.0, 0.0, 0.0, 0.0, 0.0, 0.0, 0.0, 0.0, 0.0, 0.0, 0.0, 0.0, 0.0, 0.0, 0.0, 0.0, 0.0, 0.0, 0.0, 0.0, 0.0, 0.0, 0.0, 0.0, 0.0], [0.0, 1.0403009387078483e-08, 0.0, 0.18477131249047302, 0.0, 0.0, 0.10385029851210008, 0.0011518932917939642, 2.2035399814065786e-08, 0.1923555603747009, 0.18442185711423043, 0.21543972752774695, 0.2785301529401534, 0.0, 0.08741500643288488, 0.0, 0.0, 1.0, 0.13628124470173686, 0.3442378924414047, 0.18042197763116377, 0.08693978130922751, 0.06355856361624022, 0.0, 0.5032100761122229, 1.1868080453694762e-10, 0.08003535615196013, 1.6012996966874363e-06, 0.0, 0.25200812164666175, 0.00010018207354137629, 0.011891682270933821, 0.00278286370324737, 3.4073637596153162e-15, 0.0, 0.0, 0.016513368628819705, 0.0, 0.0, 0.21951623948379523, 1.0963646619155919e-07, 0.0911377475623589, 0.13106719647140033, 3.3288024192648e-07, 0.38418935462933124, 0.0037328309144613403, 0.4616481674103087, 1.1871654666481673e-10, 5.483426464596922e-06, 0.0, 1.690056838396153e-09, 5.328389625009947e-06, 1.960632758583595e-15, 0.6482618628977669, 2.109174101184327e-07, 0.501002246264214, 0.0, 0.0005694822875046723, 0.0, 0.07831431103707008, 1.059687068777763e-09, 0.5759067462259828, 0.0, 5.5742860902224935e-15, 0.0989942019937626, 6.45426727567607e-06, 4.4605619214905235e-12, 2.468936873634658e-15, 0.0, 0.3220894976646558, 5.334648072795491e-06, 0.0, 2.379428504305702e-15, 0.4270910705268423, 0.0, 0.623934044312441, 6.832672955498772e-05, 3.300585831261493e-05, 2.6990819657311188e-15, 0.0, 1.0963643674251003e-07, 0.13013880694529312, 0.4892486828043192, 0.0], [0.0, 1.799228837875671e-08, 0.0, 0.12731656875498337, 0.0, 0.0, 0.043625211281005175, 0.00037536783923422865, 1.7243518614013592e-08, 0.035805210023276746, 0.0005090577207083433, 0.07067272511688326, 0.13128294767854926, 0.0, 0.056507997745352145, 0.0, 0.0, 0.13628124470173686, 1.0, 0.03717414225281399, 5.68089078699332e-08, 0.037515315596859396, 0.03270121525459902, 0.0, 0.024841135274140856, 0.0, 0.05452927658466945, 1.06867990050311e-06, 0.0, 0.11141341173372137, 9.1552734375e-05, 0.03141690124048543, 0.0024483426156251273, 5.551115123125782e-17, 0.0, 0.0, 0.0014711123143202431, 0.0, 0.0, 0.1274519149357168, 1.447066229089407e-07, 0.13558809548727935, 0.05831339487886415, 1.4374277670230995e-08, 0.13436474848152546, 0.003423019477388334, 0.03649665243074942, 8.675660022812355e-11, 0.0, 0.0, 0.0, 1.1630358812058113e-10, 5.878968039743597e-16, 0.17378163177124567, 2.384185791015625e-07, 0.053691438815967885, 0.0, 0.001469767240653923, 0.0, 0.13623965679359484, 8.881784197001254e-16, 0.08420258396743784, 0.0, 1.3509710950760737e-15, 0.03270820684693922, 3.711774069660887e-06, 0.0, 8.881784197001252e-16, 0.0, 0.07161432501210768, 2.504008757728141e-12, 0.0, 7.617519109619633e-16, 0.0, 0.0, 0.08236981834117182, 7.812495116177478e-05, 3.4601691305341635e-05, 1.4476563094796715e-15, 0.0, 1.447066229366963e-07, 0.15442660208504536, 0.15597285721070797, 0.0], [0.0, 1.0986290614243028e-08, 0.0, 0.15203669416543752, 0.0, 0.0, 0.1251786372326814, 0.000879769746524265, 2.439778035182092e-08, 0.48872694930667676, 0.4813603716680683, 0.2090587220533643, 0.16161865267498304, 0.0, 0.317955571520696, 0.0, 0.0, 0.3442378924414047, 0.03717414225281399, 1.0, 0.06250006181360193, 0.12326461071175397, 0.03273472646343851, 0.0, 0.20505975648487612, 7.585504290396614e-11, 0.10896176078811445, 7.731474960232154e-07, 0.0, 0.29041216802755604, 0.00015323330934985637, 0.04127124806348216, 0.0090236664008337, 7.839654137498011e-16, 0.0, 0.0, 0.004576600788585178, 0.0, 0.0, 0.16225239453273382, 7.45459728419294e-08, 0.25015925232083147, 0.2795214788356555, 1.5409252251199819e-07, 0.7321474751794366, 0.002347044621850159, 0.18432878241526207, 2.0791489943535878e-10, 4.344361097249095e-06, 0.0, 1.9816275285124692e-10, 5.221250226032817e-06, 4.645778181327605e-16, 0.39071285544587475, 2.946230170310335e-07, 0.3508376471982215, 0.0, 0.0008416707163510471, 0.0, 0.03293758161733987, 1.2414428405201728e-09, 0.33348025318128444, 0.0, 2.840038588269444e-15, 0.12639227010292828, 6.5241094390918565e-06, 1.7007716510687329e-12, 6.271190239327322e-16, 0.0, 0.29443013552865194, 4.843082803969042e-06, 0.0, 4.443394520358382e-16, 0.17242117200433102, 0.0, 0.21821264232013848, 2.6534267152883393e-05, 0.00010056458135781698, 1.934786571420684e-15, 0.0, 7.454592861502391e-08, 0.06916963833104074, 0.46111536955954574, 0.0], [0.0, 6.003661816117778e-12, 0.0, 0.05968998766258053, 0.0, 0.0, 0.0, 0.0, 0.0, 0.09712866102427829, 1.4950582930190296e-08, 0.03340778267018057, 0.0625000000000009, 0.0, 4.9384436570078526e-08, 0.0, 0.0, 0.18042197763116377, 5.68089078699332e-08, 0.06250006181360193, 1.0, 7.492078880835383e-11, 0.0, 0.0, 0.0, 3.1769398511112714e-13, 1.4901161193847656e-08, 1.4917999480138166e-08, 0.0, 0.0625001484125253, 0.0, 2.842170943040401e-14, 0.0, 0.0, 0.0, 0.0, 0.0, 0.0, 0.0, 0.2480715550857802, 4.470348358154297e-08, 4.332635022032052e-11, 0.06249999999999999, 8.526512829121202e-14, 0.06948627468383954, 1.9604011096023905e-11, 1.3932684793117197e-10, 5.8297096973972e-11, 0.0, 0.0, 0.0, 3.6021970896706676e-11, 0.0, 0.19805355351416176, 0.0, 0.012007385299376443, 0.0, 5.784056149484905e-14, 0.0, 7.275957614183428e-12, 8.881784197001252e-16, 0.03193363897365875, 0.0, 8.881784197001254e-16, 0.0, 0.0, 0.0, 3.552713678800501e-15, 0.0, 2.8517048532360742e-08, 0.0, 0.0, 0.0, 0.0, 0.0, 0.10206217361066942, 0.0, 2.9935703659644204e-08, 2.343824501062325e-15, 0.0, 4.470348358154297e-08, 1.3117506123298864e-08, 0.1484331199464304, 0.0], [0.0, 4.4323805443644095e-10, 0.0, 0.03565458318726544, 0.0, 0.0, 0.12367620278375135, 0.0, 1.0093940587002716e-09, 0.00857843257247656, 1.1549535968995897e-09, 0.03751531743356393, 0.007637643083803327, 0.0, 0.03751531550217518, 0.0, 0.0, 0.08693978130922751, 0.037515315596859396, 0.12326461071175397, 7.492078880835383e-11, 1.0, 0.012213279634792028, 0.0, 1.1007984137184526e-09, 1.764030254085531e-10, 0.03751531636055327, 5.672763295266267e-10, 0.0, 0.02947632107401668, 0.0, 0.0, 0.0, 0.0, 0.0, 0.0, 0.0, 0.0, 0.0, 0.0485462653363311, 0.0, 0.047712413433152086, 0.023402604773638324, 9.313225746154785e-10, 0.005729367435553962, 8.184584880523578e-11, 8.947295284365601e-11, 1.200999973609267e-10, 0.0, 0.0, 2.328306436538697e-10, 5.374614623318414e-11, 3.8857805861880474e-16, 0.08798237418930212, 0.0, 0.00037071486458744684, 0.0, 0.0, 0.0, 0.03751531551081685, 1.6076224713744393e-09, 0.0018342769854512093, 0.0, 3.4101801826874324e-17, 0.12326460807117826, 0.0, 2.2727657666079895e-12, 0.0, 0.0, 0.037515316401478684, 1.4188362823186436e-11, 0.0, 0.0, 1.0675415735229796e-12, 0.0, 0.037035701721277514, 0.0, 1.9283487687683003e-09, 0.0, 0.0, 3.410180182687432e-17, 0.0375153158047503, 0.06023807345578013, 0.0], [0.0, 0.0, 0.0, 0.0838899649037887, 0.0, 0.0, 0.03017738651405205, 0.0, 0.0, 0.0032980121349760194, 0.0, 0.02688329200913555, 0.01589328784385805, 0.0, 0.026851574732157713, 0.0, 0.0, 0.06355856361624022, 0.03270121525459902, 0.03273472646343851, 0.0, 0.012213279634792028, 1.0, 0.0, 0.0, 0.0, 0.0326888735869746, 2.099531042580661e-16, 0.0, 0.108652634620152, 0.0, 0.0, 0.0, 5.551115123125783e-17, 0.0, 0.0, 0.0, 0.0, 0.0, 0.07954072809140093, 0.0, 0.020451769325076426, 0.11977607440215611, 0.0, 0.06992175531735932, 8.687974409221987e-17, 2.8989478813487505e-16, 0.0, 0.0, 0.0, 0.0, 0.0, 5.551115123125782e-17, 0.040333226872534406, 0.0, 0.09905220097855456, 0.0, 0.0, 0.0, 0.03268887358697466, 0.0, 0.08504738567233788, 0.0, 4.440892098500626e-16, 0.0326888735869746, 0.0, 0.0, 0.0, 0.0, 0.03272592128435084, 2.5735209856366183e-16, 0.0, 3.530030982558847e-16, 0.0, 0.0, 0.03546276440433339, 5.707470908271508e-05, 3.814697265624999e-06, 0.0, 0.0, 0.0, 0.032736200339889374, 0.017258589903575917, 0.0], [0.0, 0.0, 0.0, 0.0, 0.0, 0.0, 0.0, 0.0, 0.0, 0.0, 0.0, 0.0, 0.0, 0.0, 0.0, 0.0, 0.0, 0.0, 0.0, 0.0, 0.0, 0.0, 0.0, 1.0, 0.0, 0.0, 0.0, 0.0, 0.0, 0.0, 0.0, 0.0, 0.0, 0.0, 0.0, 0.0, 0.0, 0.0, 0.0, 0.0, 0.0, 0.0, 0.0, 0.0, 0.0, 0.0, 0.0, 0.0, 0.0, 0.0, 0.0, 0.0, 0.0, 0.0, 0.0, 0.0, 0.0, 0.0, 0.0, 0.0, 0.0, 0.0, 0.0, 0.0, 0.0, 0.0, 0.0, 0.0, 0.0, 0.0, 0.0, 0.0, 0.0, 0.0, 0.0, 0.0, 0.0, 0.0, 0.0, 0.0, 0.0, 0.0, 0.0, 0.0], [0.0, 8.509642955048571e-11, 0.0, 0.021724059203177756, 0.0, 0.0, 0.03025768239224545, 0.0009071239421563163, 1.0219485928400234e-09, 0.14391609289816895, 0.19291388827003964, 0.028690902382081683, 0.043545389713862445, 0.0, 0.0665226445487718, 0.0, 0.0, 0.5032100761122229, 0.024841135274140856, 0.20505975648487612, 0.0, 1.1007984137184526e-09, 0.0, 0.0, 1.0, 4.376773087172917e-10, 0.02562640473376606, 3.6814117896455197e-10, 0.0, 0.24931421304915277, 0.0, 0.016354798536739223, 0.005838717997585438, 0.0, 0.0, 0.0, 0.016601562499999997, 0.0, 0.0, 0.028535236558922705, 0.0, 0.12297812830537033, 0.0, 8.58987666867466e-10, 0.3114109658023796, 0.00412526701162424, 0.4936682866829208, 0.0, 0.0, 0.0, 2.4542504767641887e-10, 0.0, 0.0, 0.5087445308867515, 0.0, 0.4808077752830537, 0.0, 0.00390625, 0.0, 0.020618369891654737, 5.160600616583536e-10, 0.45278608713954555, 0.0, 0.0, 0.0013078127564941247, 0.0, 0.0, 0.0, 0.0, 0.12195942233941923, 0.0, 0.0, 0.0, 0.4730499167912662, 0.0, 0.18405195684757192, 0.0, 5.525279350515828e-10, 0.0, 0.0, 0.0, 0.0014134652253285686, 0.4374550108086246, 0.0], [0.0, 7.128953417946986e-11, 0.0, 2.014708486498899e-10, 0.0, 0.0, 0.0, 0.0, 4.633819721665541e-10, 2.2801139745748648e-10, 1.491017509669544e-10, 3.61079627456382e-10, 0.0, 0.0, 4.983290617192569e-12, 0.0, 0.0, 1.1868080453694762e-10, 0.0, 7.585504290396614e-11, 3.1769398511112714e-13, 1.764030254085531e-10, 0.0, 0.0, 4.376773087172917e-10, 1.0, 0.0, 4.800152578175642e-12, 0.0, 4.4771721300178924e-10, 0.0, 1.1368683772161603e-13, 0.0, 0.0, 0.0, 0.0, 0.0, 0.0, 0.0, 1.5134276451304185e-10, 0.0, 1.8178884764854629e-12, 0.0, 2.2994756941440885e-13, 2.1894120410396096e-10, 0.0, 3.564674203319933e-12, 1.9819782046408243e-12, 0.0, 0.0, 0.0, 0.0, 0.0, 1.4961228435508973e-10, 0.0, 1.7601275919274018e-10, 0.0, 9.213114586976037e-14, 0.0, 0.0, 2.1342809001604715e-10, 3.088344932866613e-10, 0.0, 0.0, 0.0, 0.0, 5.388783785840183e-12, 0.0, 0.0, 2.9755288555266103e-10, 0.0, 0.0, 0.0, 4.2290877728201105e-12, 0.0, 4.0155513969147354e-10, 0.0, 2.625793425323214e-12, 0.0, 0.0, 0.0, 6.596751257656855e-12, 3.601253069955472e-10, 0.0], [0.0, 3.971256737610112e-09, 0.0, 0.13060448812900854, 0.0, 0.0, 0.05169240666137265, 0.0023193359374999996, 6.333938413657115e-09, 0.10985381310038064, 0.0011304855183256772, 0.10751629406264862, 0.10959366190776748, 0.0, 0.05676554417111575, 0.0, 0.0, 0.08003535615196013, 0.05452927658466945, 0.10896176078811445, 1.4901161193847656e-08, 0.03751531636055327, 0.0326888735869746, 0.0, 0.02562640473376606, 0.0, 1.0, 7.155400375442041e-08, 0.0, 0.08535851954476822, 0.0, 0.05094402736376322, 0.0004882812499999999, 0.0, 0.0, 0.0, 0.004882812499999999, 0.0, 0.0, 0.14057216290312524, 1.4901161193847653e-08, 0.09754423277210528, 0.07746397977562812, 2.328306436538697e-10, 0.06276058064969967, 0.0009765677749903126, 0.044744908095930555, 0.0, 0.0, 0.0, 1.164153218269348e-09, 0.0, 0.0, 0.11695602279782923, 0.0, 0.05741937586124982, 0.0, 0.0009765624999999998, 0.0, 0.050479389941939116, 1.8491688627667794e-09, 0.1777005417530605, 0.0, 0.0, 0.0322265625, 0.0, 0.0, 0.0, 0.0, 0.21827898585696537, 0.0, 0.0, 0.0, 0.0, 0.0, 0.19426322521765993, 0.0, 1.6481697216294384e-08, 0.0, 0.0, 1.4901161193847655e-08, 0.07458919519973714, 0.0798397823373074, 0.0], [0.0, 2.735848782438588e-08, 0.0, 6.4122498245109e-07, 0.0, 0.0, 0.0, 0.0, 2.383382646589162e-08, 1.4777733589277293e-06, 1.8808839444797036e-08, 2.1760496509493256e-06, 4.1690314400261156e-15, 0.0, 2.7850049416342045e-07, 0.0, 0.0, 1.6012996966874363e-06, 1.06867990050311e-06, 7.731474960232154e-07, 1.4917999480138166e-08, 5.672763295266267e-10, 2.099531042580661e-16, 0.0, 3.6814117896455197e-10, 4.800152578175642e-12, 7.155400375442041e-08, 1.0, 0.0, 1.592501235975948e-06, 0.0, 0.0, 0.0, 2.736888189364285e-15, 0.0, 0.0, 0.0, 0.0, 0.0, 1.2613286309705223e-06, 1.4901161193847653e-08, 1.2623890858331113e-09, 0.0, 1.5834988501619484e-07, 3.2187471833650754e-06, 1.2574466915756672e-07, 3.1390119171436224e-11, 7.899158199819788e-11, 0.0, 0.0, 1.3805356475787693e-09, 1.1468316368001672e-10, 1.2806171621876829e-15, 1.6383928702497507e-06, 2.384185791015625e-07, 9.906616890109114e-07, 0.0, 9.945773027158298e-16, 0.0, 3.639974842233008e-12, 1.209638949382854e-09, 1.4004682420692894e-06, 0.0, 3.739498238622097e-15, 0.0, 0.0, 7.201533910306695e-12, 1.087232832033048e-15, 0.0, 1.4561102187055826e-06, 1.4188551665090192e-11, 0.0, 1.0972842041264008e-15, 7.20626520292307e-12, 0.0, 5.792431508771289e-07, 0.0, 5.07051142969068e-07, 1.8221046029928564e-15, 0.0, 1.4901161260052797e-08, 7.39306722258987e-07, 1.9370785401531983e-06, 0.0], [0.0, 0.0, 0.0, 0.0, 0.0, 0.0, 0.0, 0.0, 0.0, 0.0, 0.0, 0.0, 0.0, 0.0, 0.0, 0.0, 0.0, 0.0, 0.0, 0.0, 0.0, 0.0, 0.0, 0.0, 0.0, 0.0, 0.0, 0.0, 1.0, 0.0, 0.0, 0.0, 0.0, 0.0, 0.0, 0.0, 0.0, 0.0, 0.0, 0.0, 0.0, 0.0, 0.0, 0.0, 0.0, 0.0, 0.0, 0.0, 0.0, 0.0, 0.0, 0.0, 0.0, 0.0, 0.0, 0.0, 0.0, 0.0, 0.0, 0.0, 0.0, 0.0, 0.0, 0.0, 0.0, 0.0, 0.0, 0.0, 0.0, 0.0, 0.0, 0.0, 0.0, 0.0, 0.0, 0.0, 0.0, 0.0, 0.0, 0.0, 0.0, 0.0, 0.0, 0.0], [0.0, 1.418597174946079e-08, 0.0, 0.14676432866229527, 0.0, 0.0, 0.06290687446800962, 0.0012119897585399341, 1.548119370859501e-08, 0.5810165705368808, 0.16640011745142425, 0.17077154180986032, 0.15032752815216388, 0.0, 0.10465790013691399, 0.0, 0.0, 0.25200812164666175, 0.11141341173372137, 0.29041216802755604, 0.0625001484125253, 0.02947632107401668, 0.108652634620152, 0.0, 0.24931421304915277, 4.4771721300178924e-10, 0.08535851954476822, 1.592501235975948e-06, 0.0, 1.0, 0.00017034796253013863, 0.037531388596541565, 0.00442896446339885, 7.394397323171222e-16, 0.0, 0.0, 0.0053727991291272975, 0.0, 0.0, 0.18764746033163887, 5.570874731183465e-08, 0.5636203404158131, 0.17834208703091572, 2.9010411074383037e-08, 0.18560853596536042, 0.0034180005501370453, 0.2984553144441412, 8.828969043179556e-11, 1.808057797699045e-06, 0.0, 3.935483192428577e-09, 2.2376603835666203e-06, 1.3846140693633037e-15, 0.5168277731878584, 2.6589714188803323e-07, 0.7480543434153701, 0.0, 0.0014648437500613244, 0.0, 0.055409910234633986, 1.100282467889767e-09, 0.5848519760863738, 0.0, 4.978405690875917e-15, 0.05061038218063897, 3.946390090274235e-06, 8.963958002836066e-12, 1.3914558862581607e-15, 0.0, 0.3091360504047176, 2.0756048969692645e-06, 0.0, 1.3468693364541247e-15, 0.26897191380279556, 0.0, 0.4419331308776344, 9.252379314888677e-05, 3.964716056213892e-05, 1.0407072460667537e-15, 0.0, 5.570872051418552e-08, 0.050858674070038974, 0.3644243714253963, 0.0], [0.0, 0.0, 0.0, 0.00016977422834407225, 0.0, 0.0, 0.0003662109375, 6.103515624999999e-05, 0.0, 0.00024781849490230785, 0.0, 0.00013109064312623659, 0.0, 0.0, 0.0, 0.0, 0.0, 0.00010018207354137629, 9.1552734375e-05, 0.00015323330934985637, 0.0, 0.0, 0.0, 0.0, 0.0, 0.0, 0.0, 0.0, 0.0, 0.00017034796253013863, 1.0, 0.0, 0.000244140625, 0.0, 0.0, 0.0, 0.0, 0.0, 0.0, 0.00024435712142361097, 0.0, 9.121928880546984e-05, 0.0, 0.0, 0.00033572629186203644, 0.0, 0.0, 0.0, 0.0, 0.0, 0.0, 0.0, 0.0, 0.00020043113045307585, 0.0, 1.3756140208785203e-05, 0.0, 0.0, 0.0, 0.0, 0.0, 0.00013973994522820462, 0.0, 0.0, 0.00027465820312499995, 0.0, 0.0, 0.0, 0.0, 0.00019430262689923766, 0.0, 0.0, 0.0, 0.0, 0.0, 6.1035156249999986e-05, 5.274956906415087e-05, 0.00012207031249999997, 0.0, 0.0, 0.0, 0.0003662109375, 7.809788508595661e-05, 0.0], [0.0, 0.0, 0.0, 0.018049396311663916, 0.0, 0.0, 0.01235264711003273, 0.0, 0.0, 0.06691240689778823, 0.0, 0.04608641882485291, 0.036145842573343676, 0.0, 0.06250000000017053, 0.0, 0.0, 0.011891682270933821, 0.03141690124048543, 0.04127124806348216, 2.842170943040401e-14, 0.0, 0.0, 0.0, 0.016354798536739223, 1.1368683772161603e-13, 0.05094402736376322, 0.0, 0.0, 0.037531388596541565, 0.0, 1.0, 0.007252088902449186, 0.0, 0.0, 0.0, 0.0009765625, 0.0, 0.0, 0.04799677292909827, 1.4210854715202007e-14, 0.03182366148320803, 0.020734025084282404, 1.1368683772161603e-13, 0.028546525084309635, 0.003727354842308311, 0.024414062500000003, 4.8136191875724445e-14, 0.0, 0.0, 0.0, 0.0, 0.0, 0.06538278076401373, 0.0, 0.05184386022070178, 0.0, 0.0009765624999999999, 0.0, 0.0087890625, 0.0, 0.05099258745112113, 0.0, 0.0, 0.0009765625, 0.0, 0.0, 0.0, 0.0, 0.05240097185518665, 0.0, 0.0, 0.0, 0.0, 0.0, 0.05511582436344177, 0.0, 1.4210854715202004e-14, 0.0, 0.0, 0.0, 0.016601562500044548, 0.05390503693197478, 0.0], [0.0, 0.0, 0.0, 0.009261012521573044, 0.0, 0.0, 0.00024414062500000005, 0.0007485576451109579, 0.0, 0.009695213222909829, 0.00047630676274902905, 0.0032663415108846097, 0.0, 0.0, 0.0, 0.0, 0.0, 0.00278286370324737, 0.0024483426156251273, 0.0090236664008337, 0.0, 0.0, 0.0, 0.0, 0.005838717997585438, 0.0, 0.0004882812499999999, 0.0, 0.0, 0.00442896446339885, 0.000244140625, 0.007252088902449186, 1.0, 0.0, 0.0, 0.0, 0.0, 0.0, 0.0, 0.0007506347036943645, 0.0, 0.00790371928880547, 0.0, 0.0, 0.001036581178627138, 0.0019531249999999998, 0.0004882812499999999, 0.0, 0.0, 0.0, 0.0, 0.0, 0.0, 0.008178824194210291, 0.0, 0.009430904195142423, 0.0, 0.0, 0.0, 0.0004882812499999999, 0.0, 0.009026372946917289, 0.0, 0.0, 0.00036621093750000005, 0.0, 0.0, 0.0, 0.0, 0.008605782129613571, 0.0, 0.0, 0.0, 0.0, 0.0, 0.00747574490964825, 0.0, 0.0, 0.0, 0.0, 0.0, 0.000732421875, 0.008003694171557548, 0.0], [0.0, 0.0, 0.0, 2.3679982282881846e-15, 0.0, 0.0, 0.0, 0.0, 0.0, 1.1215428404663345e-15, 0.0, 2.647074225249333e-15, 0.0, 0.0, 0.0, 0.0, 0.0, 3.4073637596153162e-15, 5.551115123125782e-17, 7.839654137498011e-16, 0.0, 0.0, 5.551115123125783e-17, 0.0, 0.0, 0.0, 0.0, 2.736888189364285e-15, 0.0, 7.394397323171222e-16, 0.0, 0.0, 0.0, 1.0, 0.0, 0.0, 0.0, 0.0, 0.0, 1.797954631572231e-15, 0.0, 5.551115123125782e-17, 0.0, 0.0, 4.598394488872448e-15, 5.481003989710514e-17, 2.1818490287087034e-16, 0.0, 0.0, 0.0, 0.0, 0.0, 5.551115123125783e-17, 3.2941465607032552e-15, 0.0, 0.0, 0.0, 0.0, 0.0, 6.953170358147301e-15, 1.8765877527500377e-15, 1.6903594507597401e-15, 0.0, 7.153908302937923e-15, 0.0, 0.0, 0.0, 0.0, 0.0, 3.561948680541224e-15, 0.0, 0.0, 0.0, 0.0, 0.0, 1.814680041337758e-15, 0.0, 2.4756807840677686e-15, 0.0, 0.0, 0.0, 0.0, 1.3455168922647926e-16, 0.0], [0.0, 0.0, 0.0, 0.0, 0.0, 0.0, 0.0, 0.0, 0.0, 0.0, 0.0, 0.0, 0.0, 0.0, 0.0, 0.0, 0.0, 0.0, 0.0, 0.0, 0.0, 0.0, 0.0, 0.0, 0.0, 0.0, 0.0, 0.0, 0.0, 0.0, 0.0, 0.0, 0.0, 0.0, 1.0, 0.0, 0.0, 0.0, 0.0, 0.0, 0.0, 0.0, 0.0, 0.0, 0.0, 0.0, 0.0, 0.0, 0.0, 0.0, 0.0, 0.0, 0.0, 0.0, 0.0, 0.0, 0.0, 0.0, 0.0, 0.0, 0.0, 0.0, 0.0, 0.0, 0.0, 0.0, 0.0, 0.0, 0.0, 0.0, 0.0, 0.0, 0.0, 0.0, 0.0, 0.0, 0.0, 0.0, 0.0, 0.0, 0.0, 0.0, 0.0, 0.0], [0.0, 0.0, 0.0, 0.0, 0.0, 0.0, 0.0, 0.0, 0.0, 0.0, 0.0, 0.0, 0.0, 0.0, 0.0, 0.0, 0.0, 0.0, 0.0, 0.0, 0.0, 0.0, 0.0, 0.0, 0.0, 0.0, 0.0, 0.0, 0.0, 0.0, 0.0, 0.0, 0.0, 0.0, 0.0, 1.0, 0.0, 0.0, 0.0, 0.0, 0.0, 0.0, 0.0, 0.0, 0.0, 0.0, 0.0, 0.0, 0.0, 0.0, 0.0, 0.0, 0.0, 0.0, 0.0, 0.0, 0.0, 0.0, 0.0, 0.0, 0.0, 0.0, 0.0, 0.0, 0.0, 0.0, 0.0, 0.0, 0.0, 0.0, 0.0, 0.0, 0.0, 0.0, 0.0, 0.0, 0.0, 0.0, 0.0, 0.0, 0.0, 0.0, 0.0, 0.0], [0.0, 0.0, 0.0, 0.011923129090157539, 0.0, 0.0, 1.4725256328248368e-06, 0.0, 0.0, 0.003081603660747053, 0.0, 0.007810225074177977, 0.0, 0.0, 0.0, 0.0, 0.0, 0.016513368628819705, 0.0014711123143202431, 0.004576600788585178, 0.0, 0.0, 0.0, 0.0, 0.016601562499999997, 0.0, 0.004882812499999999, 0.0, 0.0, 0.0053727991291272975, 0.0, 0.0009765625, 0.0, 0.0, 0.0, 0.0, 1.0, 0.0, 0.0, 0.006223291920875082, 0.0, 0.0009772987628164124, 0.0, 0.0, 1.227104694020697e-06, 0.0039062499999999996, 0.0009765624999999999, 0.0, 0.0, 0.0, 0.0, 0.0, 0.0, 0.018055054005947632, 0.0, 0.011056870549334165, 0.0, 0.0009765624999999998, 0.0, 0.0009765624999999999, 0.0, 0.006179738852599615, 0.0, 0.0, 0.0009765624999999999, 1.4725256328248368e-06, 0.0, 0.0, 0.0, 0.009757300573725577, 0.0, 0.0, 0.0, 0.0, 0.0, 0.002743537182637058, 2.3947563143907436e-06, 0.0, 0.0, 0.0, 0.0, 0.000977346290721635, 0.01170679267072549, 0.0], [0.0, 0.0, 0.0, 0.0, 0.0, 0.0, 0.0, 0.0, 0.0, 0.0, 0.0, 0.0, 0.0, 0.0, 0.0, 0.0, 0.0, 0.0, 0.0, 0.0, 0.0, 0.0, 0.0, 0.0, 0.0, 0.0, 0.0, 0.0, 0.0, 0.0, 0.0, 0.0, 0.0, 0.0, 0.0, 0.0, 0.0, 1.0, 0.0, 0.0, 0.0, 0.0, 0.0, 0.0, 0.0, 0.0, 0.0, 0.0, 0.0, 0.0, 0.0, 0.0, 0.0, 0.0, 0.0, 0.0, 0.0, 0.0, 0.0, 0.0, 0.0, 0.0, 0.0, 0.0, 0.0, 0.0, 0.0, 0.0, 0.0, 0.0, 0.0, 0.0, 0.0, 0.0, 0.0, 0.0, 0.0, 0.0, 0.0, 0.0, 0.0, 0.0, 0.0, 0.0], [0.0, 0.0, 0.0, 0.0, 0.0, 0.0, 0.0, 0.0, 0.0, 0.0, 0.0, 0.0, 0.0, 0.0, 0.0, 0.0, 0.0, 0.0, 0.0, 0.0, 0.0, 0.0, 0.0, 0.0, 0.0, 0.0, 0.0, 0.0, 0.0, 0.0, 0.0, 0.0, 0.0, 0.0, 0.0, 0.0, 0.0, 0.0, 1.0, 0.0, 0.0, 0.0, 0.0, 0.0, 0.0, 0.0, 0.0, 0.0, 0.0, 0.0, 0.0, 0.0, 0.0, 0.0, 0.0, 0.0, 0.0, 0.0, 0.0, 0.0, 0.0, 0.0, 0.0, 0.0, 0.0, 0.0, 0.0, 0.0, 0.0, 0.0, 0.0, 0.0, 0.0, 0.0, 0.0, 0.0, 0.0, 0.0, 0.0, 0.0, 0.0, 0.0, 0.0, 0.0], [0.0, 1.4034508084867626e-08, 0.0, 0.24034148538335784, 0.0, 0.0, 0.055721913927019986, 0.0030910320427317145, 2.949434123742483e-08, 0.21525206838337207, 0.0016967242956818813, 0.10269405302983624, 0.11783480119813475, 0.0, 0.05800862079024598, 0.0, 0.0, 0.21951623948379523, 0.1274519149357168, 0.16225239453273382, 0.2480715550857802, 0.0485462653363311, 0.07954072809140093, 0.0, 0.028535236558922705, 1.5134276451304185e-10, 0.14057216290312524, 1.2613286309705223e-06, 0.0, 0.18764746033163887, 0.00024435712142361097, 0.04799677292909827, 0.0007506347036943645, 1.797954631572231e-15, 0.0, 0.0, 0.006223291920875082, 0.0, 0.0, 1.0, 9.836847129473571e-08, 0.06578153213424542, 0.1931033798580894, 3.998827696872871e-07, 0.2179752857669019, 0.0019461656902980556, 0.02249453735687773, 2.3249445629487916e-10, 7.6089098986501505e-06, 0.0, 3.748145953252382e-09, 7.552153602419589e-06, 5.785926800730743e-16, 0.3922847163110462, 3.024758048196828e-07, 0.09191877874133643, 0.0, 0.003310659775014044, 0.0, 0.10427358723979785, 5.171044158586794e-10, 0.1452485982008967, 0.0, 3.247705582909906e-15, 0.035970705309117196, 8.547493214199633e-06, 4.765468052032956e-12, 8.100602869502581e-16, 0.0, 0.10367516193288248, 7.610553326171663e-06, 0.0, 2.880084954779032e-16, 4.068786309152316e-12, 0.0, 0.179302155615441, 3.883518877086446e-05, 3.924892058678879e-06, 1.4009365527398994e-15, 0.0, 9.836844308697336e-08, 0.10893490112721171, 0.3285270307431035, 0.0], [0.0, 0.0, 0.0, 3.7865070172767726e-08, 0.0, 0.0, 0.0, 0.0, 0.0, 9.899654463848879e-08, 1.4901161193847656e-08, 4.4463800644680266e-08, 0.0, 0.0, 8.714872773164089e-08, 0.0, 0.0, 1.0963646619155919e-07, 1.447066229089407e-07, 7.45459728419294e-08, 4.470348358154297e-08, 0.0, 0.0, 0.0, 0.0, 0.0, 1.4901161193847653e-08, 1.4901161193847653e-08, 0.0, 5.570874731183465e-08, 0.0, 1.4210854715202007e-14, 0.0, 0.0, 0.0, 0.0, 0.0, 0.0, 0.0, 9.836847129473571e-08, 1.0, 0.0, 0.0, 0.0, 6.576132390293595e-08, 0.0, 0.0, 2.892399525970769e-14, 0.0, 0.0, 0.0, 0.0, 0.0, 9.495323727914375e-08, 0.0, 1.994987982843337e-08, 0.0, 0.0, 0.0, 0.0, 0.0, 1.768046831559931e-08, 0.0, 0.0, 0.0, 0.0, 0.0, 0.0, 0.0, 6.164835244716062e-08, 0.0, 0.0, 0.0, 0.0, 0.0, 4.4449035512285776e-08, 0.0, 1.1920931086706332e-07, 0.0, 0.0, 1.7881393432617188e-07, 3.4963419512153546e-08, 1.1431420980237842e-07, 0.0], [0.0, 1.03485087299328e-09, 0.0, 0.05092590468201537, 0.0, 0.0, 0.04932485587454412, 4.180884070250701e-05, 9.313225746154785e-10, 0.5131386610182376, 0.12500000094179045, 0.1172578646578583, 0.24047191598692802, 0.0, 0.27098906519988436, 0.0, 0.0, 0.0911377475623589, 0.13558809548727935, 0.25015925232083147, 4.332635022032052e-11, 0.047712413433152086, 0.020451769325076426, 0.0, 0.12297812830537033, 1.8178884764854629e-12, 0.09754423277210528, 1.2623890858331113e-09, 0.0, 0.5636203404158131, 9.121928880546984e-05, 0.031823661