"{\"names\": [\"172.217.10.1\", \"104.88.86.240\", \"38.93.140.48\", \"192.168.10.15\", \"104.88.108.223\", \"195.142.105.15\", \"172.217.12.163\", \"206.217.206.48\", \"172.217.6.228\", \"178.255.83.1\", \"74.119.118.82\", \"192.168.10.9\", \"172.217.7.6\", \"35.186.227.40\", \"31.13.71.36\", \"206.126.112.142\", \"151.101.2.49\", \"192.168.10.25\", \"172.217.3.98\", \"192.168.10.16\", \"72.30.202.150\", \"172.217.12.132\", \"50.31.164.173\", \"162.208.20.178\", \"23.15.4.16\", \"216.58.217.99\", \"172.217.6.198\", \"172.217.12.174\", \"169.46.44.40\", \"192.168.10.17\", \"52.84.143.130\", \"104.19.195.102\", \"216.200.232.61\", \"104.97.73.166\", \"152.163.13.79\", \"192.229.163.25\", \"74.119.118.86\", \"54.225.188.92\", \"188.165.145.88\", \"192.168.10.14\", \"8.43.72.98\", \"199.96.57.6\", \"68.67.178.110\", \"104.88.70.158\", \"192.168.10.19\", \"69.172.216.56\", \"157.240.18.35\", \"172.217.11.34\", \"185.54.150.20\", \"69.169.85.7\", \"198.232.124.194\", \"74.119.118.72\", \"172.217.12.134\", \"192.168.10.5\", \"23.111.9.30\", \"192.168.10.8\", \"151.101.66.2\", \"68.67.178.199\", \"213.239.195.215\", \"138.108.7.20\", \"52.84.145.87\", \"192.168.10.50\", \"52.84.145.198\", \"52.40.24.51\", \"212.77.100.137\", \"185.54.150.115\", \"172.217.10.138\", \"152.163.66.165\", \"52.84.137.78\", \"192.168.10.51\", \"68.67.178.109\", \"129.146.14.96\", \"54.152.24.232\", \"172.217.10.33\", \"52.8.229.108\", \"192.168.10.12\", \"64.147.131.201\", \"172.217.12.206\", \"68.67.180.12\", \"172.217.10.134\", \"38.69.238.16\", \"172.217.10.142\", \"192.168.10.3\", \"172.217.6.202\"], \"funcEdges\": [[1.0, 0.0, 0.0, 0.0, 0.0, 0.0, 0.0, 0.0, 0.0, 0.0, 0.0, 0.0, 0.0, 0.0, 0.0, 0.0, 0.0, 0.0, 0.0, 0.0, 0.0, 0.0, 0.0, 0.0, 0.0, 0.0, 0.0, 0.0, 0.0, 0.0, 0.0, 0.0, 0.0, 0.0, 0.0, 0.0, 0.0, 0.0, 0.0, 0.0, 0.0, 0.0, 0.0, 0.0, 0.0, 0.0, 0.0, 0.0, 0.0, 0.0, 0.0, 0.0, 0.0, 0.0, 0.0, 0.0, 0.0, 0.0, 0.0, 0.0, 0.0, 0.0, 0.0, 0.0, 0.0, 0.0, 0.0, 0.0, 0.0, 0.0, 0.0, 0.0, 0.0, 0.0, 0.0, 0.0, 0.0, 0.0, 0.0, 0.0, 0.0, 0.0, 0.0, 0.0], [0.0, 1.0, 0.0, 3.847935930899568e-10, 0.0, 0.0, 0.0, 0.0, 2.484859139373615e-10, 4.298631286197212e-10, 6.083726980954268e-11, 2.1947673522594297e-10, 0.0, 0.0, 1.5898073678901477e-10, 0.0, 0.0, 1.625470216731013e-10, 2.811295059180736e-10, 1.716607908475473e-10, 9.380721587684029e-14, 6.92559460056939e-12, 0.0, 0.0, 1.3296317117263392e-12, 1.1138989715542165e-12, 6.2050886525158e-11, 4.2747637225602936e-10, 0.0, 2.2165580858532484e-10, 0.0, 0.0, 0.0, 0.0, 0.0, 0.0, 0.0, 0.0, 0.0, 2.1928918882605665e-10, 0.0, 1.616954489052e-11, 0.0, 0.0, 3.5630635104651666e-10, 2.3019098234679908e-10, 5.628432952610419e-13, 1.7194469426474643e-12, 0.0, 0.0, 1.4551915228366852e-11, 4.547473508864641e-13, 0.0, 4.2272602476651206e-10, 0.0, 2.820263373944451e-10, 0.0, 0.0, 0.0, 0.0, 2.9703972574779102e-12, 3.0598312173867585e-10, 0.0, 0.0, 0.0, 0.0, 0.0, 0.0, 0.0, 2.779844486765969e-10, 0.0, 0.0, 0.0, 0.0, 0.0, 1.5865868443432554e-10, 0.0, 2.509603567717768e-10, 0.0, 0.0, 0.0, 5.3523625800869345e-12, 5.016212241723125e-10, 0.0], [0.0, 0.0, 1.0, 0.0, 0.0, 0.0, 0.0, 0.0, 0.0, 0.0, 0.0, 0.0, 0.0, 0.0, 0.0, 0.0, 0.0, 0.0, 0.0, 0.0, 0.0, 0.0, 0.0, 0.0, 0.0, 0.0, 0.0, 0.0, 0.0, 0.0, 0.0, 0.0, 0.0, 0.0, 0.0, 0.0, 0.0, 0.0, 0.0, 0.0, 0.0, 0.0, 0.0, 0.0, 0.0, 0.0, 0.0, 0.0, 0.0, 0.0, 0.0, 0.0, 0.0, 0.0, 0.0, 0.0, 0.0, 0.0, 0.0, 0.0, 0.0, 0.0, 0.0, 0.0, 0.0, 0.0, 0.0, 0.0, 0.0, 0.0, 0.0, 0.0, 0.0, 0.0, 0.0, 0.0, 0.0, 0.0, 0.0, 0.0, 0.0, 0.0, 0.0, 0.0], [0.0, 3.847935930899568e-10, 0.0, 1.0, 0.0, 0.31997888972640987, 0.16769912485874156, 2.725762251214069e-05, 5.950300731309248e-10, 0.2655192581456477, 0.5969024597387784, 0.07981687656261664, 0.02082147350129413, 0.0, 0.03377768083702904, 0.0, 0.10703858780749277, 0.4157798560158381, 0.001989321386796615, 0.3699523022461156, 0.00815838768042369, 0.02785174153481569, 0.016285354373603435, 0.0, 0.3369150525951363, 3.14798201015453e-12, 0.0020406951270157585, 1.0019140350798282e-08, 0.0, 0.1992122812132952, 0.03864346344852793, 0.22050533885338094, 0.00014470332064957882, 0.06250000000000003, 0.0, 0.0, 0.00018629889203371154, 0.28240736899871666, 0.022377795105380894, 0.3853147191436106, 5.916417214494957e-10, 0.01922342242568939, 0.018543047748034978, 2.01124010341843e-09, 0.11407524347437782, 0.005426845575408091, 0.28436977926708795, 0.4138109344069706, 1.188892171664086e-07, 0.0, 0.13320558611595043, 0.022377913108145922, 2.6842584195793487e-17, 0.4486836884869023, 6.059404327048445e-09, 0.6169080147429915, 0.0, 1.3306622733180524e-05, 0.0, 0.0012568417830012006, 3.773947276447718e-11, 0.36279286570934954, 0.0, 0.017447547311688467, 0.22700425397417007, 1.3411045074462888e-07, 0.04828892628014507, 8.209497389341467e-18, 0.22359774829967, 0.4794213160464103, 1.1891490998806783e-07, 0.0, 3.870485700714698e-17, 0.0051835062711836554, 0.0, 0.31489494518220035, 1.699181891359346e-06, 6.016396225072165e-07, 8.070953905061386e-18, 0.05204192988483919, 5.916407118970512e-10, 0.11970689534425867, 0.37719414633113607, 0.0], [0.0, 0.0, 0.0, 0.0, 1.0, 0.0, 0.0, 0.0, 0.0, 0.0, 0.0, 0.0, 0.0, 0.0, 0.0, 0.0, 0.0, 0.0, 0.0, 0.0, 0.0, 0.0, 0.0, 0.0, 0.0, 0.0, 0.0, 0.0, 0.0, 0.0, 0.0, 0.0, 0.0, 0.0, 0.0, 0.0, 0.0, 0.0, 0.0, 0.0, 0.0, 0.0, 0.0, 0.0, 0.0, 0.0, 0.0, 0.0, 0.0, 0.0, 0.0, 0.0, 0.0, 0.0, 0.0, 0.0, 0.0, 0.0, 0.0, 0.0, 0.0, 0.0, 0.0, 0.0, 0.0, 0.0, 0.0, 0.0, 0.0, 0.0, 0.0, 0.0, 0.0, 0.0, 0.0, 0.0, 0.0, 0.0, 0.0, 0.0, 0.0, 0.0, 0.0, 0.0], [0.0, 0.0, 0.0, 0.31997888972640987, 0.0, 1.0, 0.28192928718288374, 0.0, 0.0, 0.31790473956513243, 0.3169813628528594, 0.05133320693365184, 0.01796810033869526, 0.0, 0.029560549307415192, 0.0, 0.042270795662406074, 0.6294958079346489, 0.0, 0.603617033487841, 0.015790348519997232, 0.058817692849026146, 0.0, 0.0, 0.3307869776645301, 0.0, 0.0, 0.0, 0.0, 0.09864652878412156, 0.06868785089579166, 0.42273219541258067, 0.0, 0.017010345435994285, 0.0, 0.0, 0.0, 0.391037166126414, 0.05593009181879595, 0.4185550177570784, 0.0, 0.01275775907699572, 0.0, 0.0, 0.31946873457636266, 0.0, 0.10219901360485606, 0.5772389323503241, 0.0, 0.0, 0.12994153954343113, 0.05593009181879595, 0.0, 0.6068102282071542, 0.0, 0.4870634641595903, 0.0, 0.0, 0.0, 0.0, 0.0, 0.5636858447075068, 0.0, 0.011786012437630812, 0.3674575933225245, 0.0, 0.027650831910415976, 0.0, 0.32739340378378196, 0.33474718282380633, 0.0, 0.0, 0.0, 0.0, 0.0, 0.10436393440243626, 0.0, 0.0, 0.0, 0.040408590987411695, 0.0, 0.39559026916079315, 0.6741112086802765, 0.0], [0.0, 0.0, 0.0, 0.16769912485874156, 0.0, 0.28192928718288374, 1.0, 9.5367431640625e-07, 0.0, 0.22772714052149312, 0.22935059640028108, 0.0024798120301782562, 0.002407471580613773, 0.0, 0.0005015315859805434, 0.0, 0.05576272587252804, 0.4993744299218997, 0.0006816439262657059, 0.3970648181340009, 0.0, 0.001932440668496115, 0.015209681324966414, 0.0, 0.23712716657953156, 0.0, 0.0008076938540839476, 0.0, 0.0, 0.05253034622572356, 5.7220458984375e-06, 0.15236692315457254, 3.814697265625001e-06, 0.0, 0.0, 0.0, 2.3008213012888075e-08, 0.03568072992395964, 0.0, 0.3720762135988154, 0.0, 0.01518073271196512, 0.014822406415434357, 0.0, 0.49531864667802, 0.004747516363556602, 0.17038700074476862, 0.18746812858065673, 1.1870228890423492e-07, 0.0, 0.0, 1.1731365223289397e-07, 0.0, 0.3294714121437396, 0.0, 0.30074102362495836, 0.0, 0.0, 0.0, 0.0008875301872919757, 0.0, 0.26610789016625697, 0.0, 0.0, 0.1581604819957238, 1.7851946877256225e-07, 0.0, 0.0, 0.15217391304347827, 0.25258735993156983, 1.184250179089998e-07, 0.0, 0.0, 0.005359330785703401, 0.0, 0.1153290826718773, 1.6067991177336776e-06, 2.1457672119140625e-06, 0.0, 0.0, 0.0, 0.4851698868132701, 0.41868819709696353, 0.0], [0.0, 0.0, 0.0, 2.725762251214069e-05, 0.0, 0.0, 9.5367431640625e-07, 1.0, 0.0, 1.8065658524166015e-05, 1.898410930218895e-05, 2.2500184355058466e-05, 0.0, 0.0, 0.0, 0.0, 0.0, 1.799833268428069e-05, 5.865122488034823e-06, 1.374640228944164e-05, 0.0, 0.0, 0.0, 0.0, 1.4173811596192442e-05, 0.0, 3.623962402343749e-05, 0.0, 0.0, 1.893733997718647e-05, 9.536743164062499e-07, 0.0, 1.1696213204858717e-05, 0.0, 0.0, 0.0, 0.0, 0.0, 0.0, 4.829737566768304e-05, 0.0, 6.53263135976672e-07, 0.0, 0.0, 1.8016750112449265e-05, 0.0, 3.623962402343749e-05, 0.0, 0.0, 0.0, 0.0, 0.0, 0.0, 2.0740773114342366e-05, 0.0, 9.52168430043244e-06, 0.0, 0.0, 0.0, 3.623962402343749e-05, 0.0, 2.7978859106665028e-05, 0.0, 0.0, 6.914206805196342e-06, 0.0, 0.0, 0.0, 0.0, 1.738318429570308e-05, 0.0, 0.0, 0.0, 0.0, 0.0, 3.6959812717147164e-05, 0.0, 0.0, 0.0, 0.0, 0.0, 1.4305114746093747e-05, 1.2149420923066483e-05, 0.0], [0.0, 2.484859139373615e-10, 0.0, 5.950300731309248e-10, 0.0, 0.0, 0.0, 0.0, 1.0, 3.276292128455825e-10, 6.649362628099804e-11, 4.564678638867008e-10, 0.0, 0.0, 4.762555262029497e-10, 0.0, 0.0, 3.443031220947779e-10, 2.6942997834396237e-10, 3.8121531799720186e-10, 0.0, 1.5771782167191744e-11, 0.0, 0.0, 1.5967946763125366e-11, 7.240343315102408e-12, 9.896778771339242e-11, 3.7240353852955657e-10, 0.0, 2.4189365169679704e-10, 0.0, 0.0, 0.0, 0.0, 0.0, 0.0, 0.0, 0.0, 0.0, 4.6084908183476296e-10, 0.0, 1.4551915228366852e-11, 0.0, 6.280264689650023e-12, 3.950710154906567e-10, 9.298342476287101e-11, 0.0, 0.0, 0.0, 0.0, 1.7482705416870195e-11, 0.0, 0.0, 1.1401046229188248e-10, 0.0, 5.00445959863259e-10, 0.0, 0.0, 0.0, 0.0, 1.0102270051993566e-11, 3.0715971979905916e-10, 0.0, 0.0, 0.0, 0.0, 0.0, 0.0, 0.0, 3.944459824713835e-10, 0.0, 0.0, 0.0, 0.0, 0.0, 6.097865681052514e-10, 0.0, 1.7668392861371218e-10, 0.0, 0.0, 0.0, 0.0, 2.8618088428251403e-10, 0.0], [0.0, 4.298631286197212e-10, 0.0, 0.2655192581456477, 0.0, 0.31790473956513243, 0.22772714052149312, 1.8065658524166015e-05, 3.276292128455825e-10, 1.0, 0.17497812279988245, 0.06873162124311058, 0.03261731718936634, 0.0, 0.013357131904549837, 0.0, 0.0, 0.3399765678605652, 0.0005594564066136992, 0.2616555309800449, 0.002913801663801236, 0.01813922424950844, 0.004580464099574967, 0.0, 0.282099180312312, 3.562678085273226e-12, 0.0017164658296934475, 2.309020873324577e-08, 0.0, 0.22542491931074607, 0.015985091501941873, 0.4739824135804296, 0.00015148770660796608, 0.06250000000000001, 0.0, 0.0, 4.8150057199172704e-05, 0.1742410576651574, 0.015624999999999998, 0.5409214258948484, 1.5468210099763873e-09, 0.014903115264790268, 0.008031868354907793, 3.639003994149886e-12, 0.2585130064113149, 0.010625822387391761, 0.27686757255140865, 0.44312498617083196, 4.672319366608734e-08, 0.0, 0.11718750006174257, 0.015625056516957714, 1.422844012373251e-17, 0.360499020370429, 1.5658563066616603e-10, 0.2307173383481773, 0.0, 1.692269852490506e-05, 0.0, 0.0005409000839003127, 2.8798380715532913e-11, 0.18901732220536244, 0.0, 0.0012314202360964937, 0.5031782074428225, 6.932087521040061e-08, 0.06250000000006493, 1.2668629051016912e-17, 0.47631133848631046, 0.329572710528185, 5.242356528532567e-08, 0.0, 1.1562460364547148e-17, 0.008762681994565017, 0.0, 0.2870173642643207, 1.425622303765989e-06, 4.929129756434071e-07, 2.556518405460577e-17, 0.0639248773518361, 1.5468206092942552e-09, 0.4345727392153931, 0.28761287630753646, 0.0], [0.0, 6.083726980954268e-11, 0.0, 0.5969024597387784, 0.0, 0.3169813628528594, 0.22935059640028108, 1.898410930218895e-05, 6.649362628099804e-11, 0.17497812279988245, 1.0, 1.9486828525045073e-05, 0.001670701021031839, 0.0, 0.0019531262373787234, 0.0, 0.12446347419475896, 0.3650562052086122, 7.954026886067864e-06, 0.2849990182240119, 2.336028582842234e-10, 1.804614995155609e-11, 0.0, 0.0, 0.25295619489892396, 2.3297148588586626e-12, 1.7663836223838706e-05, 2.938881163249537e-10, 0.0, 0.13831351019029162, 0.0, 0.12499999999999997, 7.442293167953579e-06, 0.0, 0.0, 0.0, 0.0, 0.2602082499332666, 0.0, 0.14549937737616753, 2.3283064365386963e-10, 0.001953125014715476, 0.0, 1.4551915228366852e-11, 0.17113079107725862, 1.52375362585706e-11, 0.20803845544042937, 0.2965721520024205, 0.0, 0.0, 1.8189894035458565e-11, 1.5597705454866528e-13, 0.0, 0.2813136547928226, 0.0, 0.49198090640390363, 0.0, 0.0, 0.0, 1.7663585260144435e-05, 6.295404385051026e-12, 0.2458426962564252, 0.0, 0.0, 0.1250076293945312, 0.0, 4.197148420573533e-14, 0.0, 0.12499999999999997, 0.2620826442676226, 2.2169316911228802e-13, 0.0, 0.0, 0.001953125000052267, 0.0, 0.22342827504685386, 0.0, 3.196336221926531e-11, 0.0, 0.0, 2.328306436538697e-10, 0.12503426841954413, 0.30241162698577156, 0.0], [0.0, 2.1947673522594297e-10, 0.0, 0.07981687656261664, 0.0, 0.05133320693365184, 0.0024798120301782562, 2.2500184355058466e-05, 4.564678638867008e-10, 0.06873162124311058, 1.9486828525045073e-05, 1.0, 0.019172982032092993, 0.0, 0.018938126975373032, 0.0, 0.0, 0.023874439314398567, 0.001104261329951301, 0.06730648797358084, 0.0021335923015009355, 0.02675182905619188, 0.00398273425644823, 0.0, 0.004467732376064678, 5.641869179005969e-12, 0.0016799420947288847, 3.400077579608321e-08, 0.0, 0.034151625501848616, 0.05395874571143613, 0.0007201002941383268, 5.1036586107572026e-05, 4.136053476952083e-17, 0.0, 0.0, 0.00012203476678403089, 0.0, 0.022706697420137287, 0.07014320284870651, 6.947468850731292e-10, 0.013808528649702079, 0.006352690917362014, 3.468502656492629e-09, 0.07755643470762968, 0.011876155033775234, 0.030136307400388897, 0.021370375701117605, 3.4434633837626305e-08, 0.0, 0.0340600461595877, 0.022706739520510614, 2.7629325687154403e-17, 0.08168809813919146, 9.388561656803796e-09, 0.03391549680763137, 0.0, 1.245610140264957e-05, 0.0, 0.0006602378794116253, 1.7455269434459695e-11, 0.028512050825264833, 0.0, 0.03119791952383135, 0.0733778387928604, 4.879920426098262e-08, 0.058293802148856017, 4.7219009607488654e-17, 0.0, 0.025494973740270196, 3.804131993817597e-08, 0.0, 3.0583128342954644e-17, 0.004019437026400899, 0.0, 0.05872680903842569, 1.0838404069348638e-06, 5.517754944938234e-07, 5.2958962053032974e-17, 0.0661063021487735, 6.947467747510467e-10, 0.019186665813612946, 0.08527037023169581, 0.0], [0.0, 0.0, 0.0, 0.02082147350129413, 0.0, 0.01796810033869526, 0.002407471580613773, 0.0, 0.0, 0.03261731718936634, 0.001670701021031839, 0.019172982032092993, 1.0, 0.0, 0.008592450905696523, 0.0, 0.0, 0.021063752038421535, 0.002051296057477332, 0.030491708858339375, 0.01211912147881822, 0.00011933817318442698, 0.003969345686684033, 0.0, 0.007945231744234995, 0.0, 0.001712400967308867, 6.514111625040806e-17, 0.0, 0.023358095831236297, 0.009002593120281748, 0.0005647787902084949, 0.0, 0.0, 0.0, 0.0, 0.0, 0.0, 0.0, 0.019999616971004035, 0.0, 0.017501548841399858, 0.005660842903111739, 0.0, 0.025393883840954805, 0.010132845718135523, 0.029227023906087113, 0.009002593120281748, 0.0, 0.0, 0.0, 0.0, 2.7755575615628914e-17, 0.02203069333645901, 0.0, 0.013931577982027219, 0.0, 1.558035365689135e-17, 0.0, 0.002019649508418819, 1.3877787807814454e-17, 0.02888645412251858, 0.0, 0.007273538532834794, 0.04656879266661946, 0.0, 0.0, 1.3877787807814455e-17, 0.0, 0.021261293911400615, 0.0, 0.0, 2.7755575615628914e-17, 0.00949243639133168, 0.0, 0.05114176092204972, 0.0, 1.3877787807814455e-17, 3.123663167776076e-17, 0.009002593120281748, 0.0, 0.014248176891977262, 0.01900298774766576, 0.0], [0.0, 0.0, 0.0, 0.0, 0.0, 0.0, 0.0, 0.0, 0.0, 0.0, 0.0, 0.0, 0.0, 1.0, 0.0, 0.0, 0.0, 0.0, 0.0, 0.0, 0.0, 0.0, 0.0, 0.0, 0.0, 0.0, 0.0, 0.0, 0.0, 0.0, 0.0, 0.0, 0.0, 0.0, 0.0, 0.0, 0.0, 0.0, 0.0, 0.0, 0.0, 0.0, 0.0, 0.0, 0.0, 0.0, 0.0, 0.0, 0.0, 0.0, 0.0, 0.0, 0.0, 0.0, 0.0, 0.0, 0.0, 0.0, 0.0, 0.0, 0.0, 0.0, 0.0, 0.0, 0.0, 0.0, 0.0, 0.0, 0.0, 0.0, 0.0, 0.0, 0.0, 0.0, 0.0, 0.0, 0.0, 0.0, 0.0, 0.0, 0.0, 0.0, 0.0, 0.0], [0.0, 1.5898073678901477e-10, 0.0, 0.03377768083702904, 0.0, 0.029560549307415192, 0.0005015315859805434, 0.0, 4.762555262029497e-10, 0.013357131904549837, 0.0019531262373787234, 0.018938126975373032, 0.008592450905696523, 0.0, 1.0, 0.0, 0.0, 0.04597469338228912, 0.0008829374647711273, 0.020724914682811214, 7.71631821407477e-10, 0.021937701135610874, 0.00041955585518996426, 0.0, 0.0010394163210745593, 7.786391589363389e-14, 0.0008869616276736836, 4.3515702213034446e-09, 0.0, 0.0016352796896392811, 0.018528970665049098, 0.0009765625000026645, 0.0, 0.0, 0.0, 0.0, 0.0, 0.0, 0.018528970665049094, 0.029453371248650204, 1.361698870806889e-09, 0.004234204143748193, 0.0008193238832504239, 2.6645352591003753e-15, 0.008007224876238514, 1.1667627189582596e-10, 0.03736798990189728, 0.045396584888351306, 2.825090308904758e-08, 0.0, 0.02779345599757365, 0.01852900562844589, 0.0, 0.01174082440886861, 3.725290298461914e-09, 0.022996315494524577, 0.0, 8.88178419700125e-16, 0.0, 0.00048828124999999995, 0.0, 0.0584370221363977, 0.0, 0.0, 0.006664604805016366, 2.980232238769532e-08, 0.006176323555070236, 0.0, 0.0, 0.06872243469900968, 3.243131563559226e-08, 0.0, 0.0, 0.0029296875000397616, 0.0, 0.05654690352948062, 2.9802322387695312e-08, 6.183402247689335e-10, 0.0, 0.006176323555016365, 1.3616985377399815e-09, 0.026550477945907924, 0.049761788494821706, 0.0], [0.0, 0.0, 0.0, 0.0, 0.0, 0.0, 0.0, 0.0, 0.0, 0.0, 0.0, 0.0, 0.0, 0.0, 0.0, 1.0, 0.0, 0.0, 0.0, 0.0, 0.0, 0.0, 0.0, 0.0, 0.0, 0.0, 0.0, 0.0, 0.0, 0.0, 0.0, 0.0, 0.0, 0.0, 0.0, 0.0, 0.0, 0.0, 0.0, 0.0, 0.0, 0.0, 0.0, 0.0, 0.0, 0.0, 0.0, 0.0, 0.0, 0.0, 0.0, 0.0, 0.0, 0.0, 0.0, 0.0, 0.0, 0.0, 0.0, 0.0, 0.0, 0.0, 0.0, 0.0, 0.0, 0.0, 0.0, 0.0, 0.0, 0.0, 0.0, 0.0, 0.0, 0.0, 0.0, 0.0, 0.0, 0.0, 0.0, 0.0, 0.0, 0.0, 0.0, 0.0], [0.0, 0.0, 0.0, 0.10703858780749277, 0.0, 0.042270795662406074, 0.05576272587252804, 0.0, 0.0, 0.0, 0.12446347419475896, 0.0, 0.0, 0.0, 0.0, 0.0, 1.0, 0.0394479922605679, 0.0, 0.07774360624695695, 0.0, 0.0, 0.0, 0.0, 0.12428809026539903, 0.0, 0.0, 0.0, 0.0, 0.0, 0.0, 0.0, 0.0, 0.0, 0.0, 0.0, 0.0, 0.0, 0.0, 0.0470925301676312, 0.0, 0.0, 0.0, 0.0, 0.0, 0.0, 0.04565621541855148, 0.04407604138050229, 0.0, 0.0, 0.0, 0.0, 0.0, 0.01991415587116144, 0.0, 0.02412719309683298, 0.0, 0.0, 0.0, 0.0, 0.0, 0.061107645713427944, 0.0, 0.0, 0.0, 0.0, 0.0, 0.0, 0.0, 0.01991415587116144, 0.0, 0.0, 0.0, 0.0, 0.0, 0.058545102327406236, 0.0, 0.0, 0.0, 0.0, 0.0, 0.0, 0.07465873674314605, 0.0], [0.0, 1.625470216731013e-10, 0.0, 0.4157798560158381, 0.0, 0.6294958079346489, 0.4993744299218997, 1.799833268428069e-05, 3.443031220947779e-10, 0.3399765678605652, 0.3650562052086122, 0.023874439314398567, 0.021063752038421535, 0.0, 0.04597469338228912, 0.0, 0.0394479922605679, 1.0, 0.0021293944484646384, 0.6700678859294309, 0.017911340127718407, 0.027185876896732703, 0.011424267026521332, 0.0, 0.2802988132317942, 1.8543875708898065e-12, 0.001250552439874377, 2.502030776074119e-08, 0.0, 0.28460629434755474, 0.047363564766965564, 0.10947065790088026, 4.348224536324016e-05, 0.035078297456828125, 0.0, 0.0, 0.0002580213848253079, 0.23540123098598464, 0.02831140727940939, 0.5048452118602027, 1.7130697842431123e-09, 0.029382584815501295, 0.012479089414883206, 5.20125378010125e-09, 0.44148416360150433, 0.010410946479910114, 0.4869197718936814, 0.5507581919140614, 8.567853850932691e-08, 0.0, 0.08203426567432784, 0.028311490535497284, 3.0634886852868673e-17, 0.46148279558948596, 3.2955845331005108e-09, 0.5647660618404657, 0.0, 8.898160742260504e-06, 0.0, 0.00122366110995422, 1.6557610449652546e-11, 0.731094439375968, 0.0, 0.018565869503658575, 0.0857123536138362, 1.0084792618243859e-07, 0.016908201569716976, 3.857713865054153e-17, 0.07175288405438632, 0.530420127803348, 8.335387613742954e-08, 0.0, 3.7178570379776597e-17, 0.013844723550118995, 0.0, 0.3283866829556855, 1.0676051492966831e-06, 5.157165361346083e-07, 4.217315571454873e-17, 0.035350796090730205, 1.7130693241017192e-09, 0.46096926030694285, 0.7357169015699503, 0.0], [0.0, 2.811295059180736e-10, 0.0, 0.001989321386796615, 0.0, 0.0, 0.0006816439262657059, 5.865122488034823e-06, 2.6942997834396237e-10, 0.0005594564066136992, 7.954026886067864e-06, 0.001104261329951301, 0.002051296057477332, 0.0, 0.0008829374647711273, 0.0, 0.0, 0.0021293944484646384, 1.0, 0.0005808459727002186, 8.876391854677063e-10, 0.0005861768062009281, 0.0005109564883531097, 0.0, 0.0003881427386584509, 0.0, 0.0008520199466354602, 1.6698123445361094e-08, 0.0, 0.0017408345583393963, 1.430511474609375e-06, 0.0004908890818825848, 3.8255353369142614e-05, 8.6736173798840345e-19, 0.0, 0.0, 2.29861299112538e-05, 0.0, 0.0, 0.001991436170870575, 2.2610409829521986e-09, 0.00211856399198874, 0.0009111467949822524, 2.245980885973593e-10, 0.0020994491950238354, 5.348467933419272e-05, 0.0005702601942304597, 1.3555718785644304e-12, 0.0, 0.0, 0.0, 1.8172435643840802e-12, 9.18588756209937e-18, 0.0027153379964257136, 3.725290298461914e-09, 0.0008389287314994982, 0.0, 2.2965113135217548e-05, 0.0, 0.0021287446373999194, 1.387778780781446e-17, 0.0013156653744912162, 0.0, 2.1108923360563652e-17, 0.0005110657319834253, 5.799646983845136e-08, 0.0, 1.3877787807814457e-17, 0.0, 0.0011189738283141825, 3.91251368395022e-14, 0.0, 1.1902373608780676e-17, 0.0, 0.0, 0.0012870284115808098, 1.2207023619027309e-06, 5.40651426645963e-07, 2.2619629835619867e-17, 0.0, 2.2610409833858795e-09, 0.0024129156575788337, 0.002437075893917312, 0.0], [0.0, 1.716607908475473e-10, 0.0, 0.3699523022461156, 0.0, 0.603617033487841, 0.3970648181340009, 1.374640228944164e-05, 3.8121531799720186e-10, 0.2616555309800449, 0.2849990182240119, 0.06730648797358084, 0.030491708858339375, 0.0, 0.020724914682811214, 0.0, 0.07774360624695695, 0.6700678859294309, 0.0005808459727002186, 1.0, 0.025649514537899272, 0.007029822085256046, 0.008309901274688655, 0.0, 0.5691743465993534, 1.185235045374471e-12, 0.0017025275123142883, 1.208042962536274e-08, 0.0, 0.37091840061293424, 0.022836336579669204, 0.03353824376898021, 0.00014099478751302655, 0.12862393885688164, 0.0, 0.0, 7.150938732164341e-05, 0.3357020290790533, 0.00996551256473876, 0.47708853226602954, 1.164780825655147e-09, 0.03207340694526498, 0.012165944280504545, 2.4076956642499717e-09, 0.3818609739118135, 0.004942138604092915, 0.43446490759807505, 0.5130070588542202, 6.78806421445171e-08, 0.0, 0.14930811299612345, 0.00996559414677354, 7.259028408324382e-18, 0.5980808348591355, 4.6034846411098984e-09, 0.5012388130299779, 0.0, 1.3151104942985112e-05, 0.0, 0.0005146497127709354, 1.93975443831277e-11, 0.7433451027870728, 0.0, 0.012022029718417055, 0.09075080814262793, 1.0193920998581026e-07, 0.051488481584510165, 9.798734748948941e-18, 0.13290280378211278, 0.7279601531760612, 7.567316881201628e-08, 0.0, 6.942803938059972e-18, 0.01253494562699538, 0.0, 0.441779873604231, 4.14597924263803e-07, 1.5713215837158904e-06, 3.0231040178448186e-17, 0.0728361092225997, 1.1647801346097487e-09, 0.3677153765703539, 0.5672197534289993, 0.0], [0.0, 9.380721587684029e-14, 0.0, 0.00815838768042369, 0.0, 0.015790348519997232, 0.0, 0.0, 0.0, 0.002913801663801236, 2.336028582842234e-10, 0.0021335923015009355, 0.01211912147881822, 0.0, 7.71631821407477e-10, 0.0, 0.0, 0.017911340127718407, 8.876391854677063e-10, 0.025649514537899272, 1.0, 1.1706373251305286e-12, 0.0, 0.0, 0.0, 4.9639685173613616e-15, 2.3283064365386963e-10, 2.3309374187715884e-10, 0.0, 0.0036902943626969014, 0.0016115956972793635, 4.440892098500626e-16, 0.0, 0.0, 0.0, 0.0, 0.0, 0.0, 0.0, 0.019711114026618716, 6.984919309616089e-10, 0.03062031824898491, 0.0009765624999999999, 1.3322676295501878e-15, 0.027409213657651373, 3.063126733753735e-13, 0.030426397058960733, 0.00966957418458708, 0.0, 0.0, 0.0, 5.628432952610418e-13, 0.0, 0.033463871963550676, 0.0, 0.012509730825124054, 0.0, 9.037587733570165e-16, 0.0, 1.1368683772161605e-13, 1.3877787807814457e-17, 0.01940385250327905, 0.0, 0.0022092493487369893, 0.009669574183676189, 0.0, 0.0, 5.551115123125783e-17, 0.0, 0.003275954465386687, 0.0, 0.0, 0.0, 0.0, 0.0, 0.015613626114425303, 0.0, 4.677453696819407e-10, 3.662225782909883e-17, 0.030620318248307927, 6.984919309616089e-10, 0.00966957438863722, 0.012800346419166227, 0.0], [0.0, 6.92559460056939e-12, 0.0, 0.02785174153481569, 0.0, 0.058817692849026146, 0.001932440668496115, 0.0, 1.5771782167191744e-11, 0.01813922424950844, 1.804614995155609e-11, 0.02675182905619188, 0.00011933817318442698, 0.0, 0.021937701135610874, 0.0, 0.0, 0.027185876896732703, 0.0005861768062009281, 0.007029822085256046, 1.1706373251305286e-12, 1.0, 0.00019083249429362544, 0.0, 1.7199975214350822e-11, 2.756297272008642e-12, 0.0005861768181336448, 8.863692648853542e-12, 0.0, 0.051071588152963754, 0.06201786371749649, 0.0, 0.0, 0.0, 0.0, 0.0, 0.0, 0.0, 0.06201786371749649, 0.05284551738396895, 0.0, 0.0007455064598930013, 0.0003656656995880988, 1.4551915228366852e-11, 0.018094707606744028, 1.2788413875818091e-12, 0.028952658266295346, 0.011815140072330652, 0.0, 0.0, 0.05801671122323147, 0.06201786371833627, 6.071532165918824e-18, 0.020683868667057362, 0.0, 0.062173716592054375, 0.0, 0.0, 0.0, 0.0005861768048565132, 2.5119101115225614e-11, 0.002203851464804914, 0.0, 5.328406535449113e-19, 0.019931195741675657, 0.0, 0.01800518624059901, 0.0, 0.0, 0.018591363059336605, 2.2169316911228807e-13, 0.0, 0.0, 1.6680337086296556e-14, 0.0, 0.029169678405969568, 0.0, 3.013044951200469e-11, 0.0, 0.018005186240563496, 5.328406535449112e-19, 0.05678870770995598, 0.005367592227619737, 0.0], [0.0, 0.0, 0.0, 0.016285354373603435, 0.0, 0.0, 0.015209681324966414, 0.0, 0.0, 0.004580464099574967, 0.0, 0.00398273425644823, 0.003969345686684033, 0.0, 0.00041955585518996426, 0.0, 0.0, 0.011424267026521332, 0.0005109564883531097, 0.008309901274688655, 0.0, 0.00019083249429362544, 1.0, 0.0, 0.0039062499999999996, 0.0, 0.0005107636497964781, 3.280517254032283e-18, 0.0, 0.010432337953048426, 0.0, 0.0, 0.0, 8.673617379884035e-19, 0.0, 0.0, 0.0, 0.0, 0.0, 0.016867823876428135, 0.0, 0.01582402482507844, 0.01749650116253369, 0.0, 0.004579141116530157, 0.008586713652336077, 0.003906250000000004, 0.0, 0.0, 0.0, 0.0, 0.0, 8.6736173798840345e-19, 0.0060578661021466595, 0.0, 0.0106659835894537, 0.0, 0.0, 0.0, 0.000510763649796479, 0.0, 0.00825177621964869, 0.0, 6.938893903907228e-18, 0.00671471182177583, 0.0, 0.0, 0.0, 0.0, 0.007313283847175573, 4.021126540057216e-18, 0.0, 5.515673410248198e-18, 0.0039062499999999996, 0.0, 0.003035580279859743, 8.917923294174231e-07, 5.960464477539061e-08, 0.0, 0.0, 0.0, 0.013987578384332214, 0.003726675890724321, 0.0], [0.0, 0.0, 0.0, 0.0, 0.0, 0.0, 0.0, 0.0, 0.0, 0.0, 0.0, 0.0, 0.0, 0.0, 0.0, 0.0, 0.0, 0.0, 0.0, 0.0, 0.0, 0.0, 0.0, 1.0, 0.0, 0.0, 0.0, 0.0, 0.0, 0.0, 0.0, 0.0, 0.0, 0.0, 0.0, 0.0, 0.0, 0.0, 0.0, 0.0, 0.0, 0.0, 0.0, 0.0, 0.0, 0.0, 0.0, 0.0, 0.0, 0.0, 0.0, 0.0, 0.0, 0.0, 0.0, 0.0, 0.0, 0.0, 0.0, 0.0, 0.0, 0.0, 0.0, 0.0, 0.0, 0.0, 0.0, 0.0, 0.0, 0.0, 0.0, 0.0, 0.0, 0.0, 0.0, 0.0, 0.0, 0.0, 0.0, 0.0, 0.0, 0.0, 0.0, 0.0], [0.0, 1.3296317117263392e-12, 0.0, 0.3369150525951363, 0.0, 0.3307869776645301, 0.23712716657953156, 1.4173811596192442e-05, 1.5967946763125366e-11, 0.282099180312312, 0.25295619489892396, 0.004467732376064678, 0.007945231744234995, 0.0, 0.0010394163210745593, 0.0, 0.12428809026539903, 0.2802988132317942, 0.0003881427386584509, 0.5691743465993534, 0.0, 1.7199975214350822e-11, 0.0039062499999999996, 0.0, 1.0, 6.838707948707683e-12, 0.0004004125739650947, 5.7522059213211246e-12, 0.0, 0.14834368347111465, 0.0, 0.18775554372713654, 9.122996871227247e-05, 0.25, 0.0, 0.0, 0.00025939941406249995, 0.2602082499332666, 0.0, 0.3409338262530836, 0.0, 0.006422829814912287, 0.0039062499999999996, 1.3421682294804156e-11, 0.17053719901687514, 0.0086511709493927, 0.21960891870011545, 0.35435851745588187, 0.0, 0.0, 0.21875000000383477, 0.0, 0.0, 0.44689388576678435, 0.0, 0.32761421149020686, 0.0, 6.103515625e-05, 0.0, 0.00032216202955710527, 8.063438463411776e-12, 0.4633494176132625, 0.0, 0.0, 0.1312878177991828, 0.0, 0.0, 0.0, 0.3747738852080396, 0.4310897240200693, 0.0, 0.0, 0.0, 0.023016404949863532, 0.0, 0.1918546946173066, 0.0, 8.633248985180982e-12, 0.0, 0.0, 0.0, 0.19344339118757942, 0.5402143619710607, 0.0], [0.0, 1.1138989715542165e-12, 0.0, 3.14798201015453e-12, 0.0, 0.0, 0.0, 0.0, 7.240343315102408e-12, 3.562678085273226e-12, 2.3297148588586626e-12, 5.641869179005969e-12, 0.0, 0.0, 7.786391589363389e-14, 0.0, 0.0, 1.8543875708898065e-12, 0.0, 1.185235045374471e-12, 4.9639685173613616e-15, 2.756297272008642e-12, 0.0, 0.0, 6.838707948707683e-12, 1.0, 0.0, 7.500238403399441e-14, 0.0, 6.995581453152957e-12, 0.0, 1.7763568394002505e-15, 0.0, 0.0, 0.0, 0.0, 0.0, 0.0, 0.0, 2.364730695516279e-12, 0.0, 2.8404507445085357e-14, 0.0, 3.592930772100138e-15, 3.42095631412439e-12, 0.0, 5.5698034426873953e-14, 3.096840944751288e-14, 0.0, 0.0, 0.0, 0.0, 0.0, 2.337691943048277e-12, 0.0, 2.7501993623865654e-12, 0.0, 1.4395491542150057e-15, 0.0, 0.0, 3.3348139065007367e-12, 4.825538957604083e-12, 0.0, 0.0, 0.0, 0.0, 8.419974665375285e-14, 0.0, 0.0, 4.6492638367603286e-12, 0.0, 0.0, 0.0, 6.607949645031423e-14, 0.0, 6.274299057679274e-12, 0.0, 4.102802227067522e-14, 0.0, 0.0, 0.0, 1.0307423840088836e-13, 5.626957921805425e-12, 0.0], [0.0, 6.2050886525158e-11, 0.0, 0.0020406951270157585, 0.0, 0.0, 0.0008076938540839476, 3.623962402343749e-05, 9.896778771339242e-11, 0.0017164658296934475, 1.7663836223838706e-05, 0.0016799420947288847, 0.001712400967308867, 0.0, 0.0008869616276736836, 0.0, 0.0, 0.001250552439874377, 0.0008520199466354602, 0.0017025275123142883, 2.3283064365386963e-10, 0.0005861768181336448, 0.0005107636497964781, 0.0, 0.0004004125739650947, 0.0, 1.0, 1.1180313086628189e-09, 0.0, 0.0013337268678870035, 0.0, 0.0007960004275588003, 7.629394531249998e-06, 0.0, 0.0, 0.0, 7.629394531249999e-05, 0.0, 0.0, 0.002196440045361332, 2.3283064365386958e-10, 0.001524128637064145, 0.0012103746839941894, 3.637978807091714e-12, 0.0009806340726515573, 1.5258871484223635e-05, 0.0006991391889989149, 0.0, 0.0, 0.0, 1.818989403545856e-11, 0.0, 0.0, 0.0018274378562160817, 0.0, 0.0008971777478320285, 0.0, 1.5258789062499997e-05, 0.0, 0.0007887404678427987, 2.8893263480730928e-11, 0.00277657096489157, 0.0, 0.0, 0.0005035400390625, 0.0, 0.0, 0.0, 0.0, 0.003410609154015084, 0.0, 0.0, 0.0, 0.0, 0.0, 0.0030353628940259364, 0.0, 2.5752651900459975e-10, 0.0, 0.0, 2.328306436538696e-10, 0.0011654561749958928, 0.0012474965990204282, 0.0], [0.0, 4.2747637225602936e-10, 0.0, 1.0019140350798282e-08, 0.0, 0.0, 0.0, 0.0, 3.7240353852955657e-10, 2.309020873324577e-08, 2.938881163249537e-10, 3.400077579608321e-08, 6.514111625040806e-17, 0.0, 4.3515702213034446e-09, 0.0, 0.0, 2.502030776074119e-08, 1.6698123445361094e-08, 1.208042962536274e-08, 2.3309374187715884e-10, 8.863692648853542e-12, 3.280517254032283e-18, 0.0, 5.7522059213211246e-12, 7.500238403399441e-14, 1.1180313086628189e-09, 1.0, 0.0, 2.4882831812124186e-08, 0.0, 0.0, 0.0, 4.2763877958816955e-17, 0.0, 0.0, 0.0, 0.0, 0.0, 1.970825985891441e-08, 2.3283064365386958e-10, 1.9724829466142364e-11, 0.0, 2.4742169533780443e-09, 5.02929247400793e-08, 1.96476045558698e-09, 4.90470612053691e-13, 1.234243468721842e-12, 0.0, 0.0, 2.157086949341827e-11, 1.7919244325002613e-12, 2.0009643159182545e-17, 2.5599888597652354e-08, 3.725290298461914e-09, 1.547908889079549e-08, 0.0, 1.554027035493484e-17, 0.0, 5.687460690989075e-14, 1.8900608584107094e-11, 2.1882316282332647e-08, 0.0, 5.842965997847027e-17, 0.0, 0.0, 1.1252396734854211e-13, 1.6988013000516375e-17, 0.0, 2.2751722167274728e-08, 2.2169611976703425e-13, 0.0, 1.7145065689475013e-17, 1.1259789379567297e-13, 0.0, 9.05067423245514e-09, 0.0, 7.922674108891688e-09, 2.847038442176338e-17, 0.0, 2.3283064468832495e-10, 1.1551667535296672e-08, 3.0266852189893724e-08, 0.0], [0.0, 0.0, 0.0, 0.0, 0.0, 0.0, 0.0, 0.0, 0.0, 0.0, 0.0, 0.0, 0.0, 0.0, 0.0, 0.0, 0.0, 0.0, 0.0, 0.0, 0.0, 0.0, 0.0, 0.0, 0.0, 0.0, 0.0, 0.0, 1.0, 0.0, 0.0, 0.0, 0.0, 0.0, 0.0, 0.0, 0.0, 0.0, 0.0, 0.0, 0.0, 0.0, 0.0, 0.0, 0.0, 0.0, 0.0, 0.0, 0.0, 0.0, 0.0, 0.0, 0.0, 0.0, 0.0, 0.0, 0.0, 0.0, 0.0, 0.0, 0.0, 0.0, 0.0, 0.0, 0.0, 0.0, 0.0, 0.0, 0.0, 0.0, 0.0, 0.0, 0.0, 0.0, 0.0, 0.0, 0.0, 0.0, 0.0, 0.0, 0.0, 0.0, 0.0, 0.0], [0.0, 2.2165580858532484e-10, 0.0, 0.1992122812132952, 0.0, 0.09864652878412156, 0.05253034622572356, 1.893733997718647e-05, 2.4189365169679704e-10, 0.22542491931074607, 0.13831351019029162, 0.034151625501848616, 0.023358095831236297, 0.0, 0.0016352796896392811, 0.0, 0.0, 0.28460629434755474, 0.0017408345583393963, 0.37091840061293424, 0.0036902943626969014, 0.051071588152963754, 0.010432337953048426, 0.0, 0.14834368347111465, 6.995581453152957e-12, 0.0013337268678870035, 2.4882831812124186e-08, 0.0, 1.0, 0.07901265723441155, 0.107424721758293, 6.920256974060703e-05, 1.1553745817455035e-17, 0.0, 0.0, 8.394998639261402e-05, 0.2584667750739869, 0.04941058844013093, 0.39086192000062486, 8.704491767474164e-10, 0.01992388368287406, 0.01152123564696661, 4.5328767303723495e-10, 0.07108601699539875, 0.0009131290390413666, 0.558802147731845, 0.2950400328319472, 2.825090308904758e-08, 0.0, 0.04941058850162286, 0.04941062340357442, 2.163459483380162e-17, 0.09971120330067255, 4.154642842000519e-09, 0.27076106363242886, 0.0, 2.2888183594708194e-05, 0.0, 0.000865779847416156, 1.719191356077761e-11, 0.4926550102515688, 0.0, 0.02937505924131047, 0.12610729011682303, 6.166234516053492e-08, 1.4006184379431353e-13, 2.174149822278376e-17, 0.10683829381147204, 0.47762076125038744, 3.243132651514476e-08, 0.0, 2.10448333820957e-17, 0.012937326690277234, 0.0, 0.5282506727527241, 1.4456842679513558e-06, 6.194868837834206e-07, 1.6261050719793027e-17, 0.0032888230119295665, 8.704487580341487e-10, 0.19438819348006692, 0.33908513176643346, 0.0], [0.0, 0.0, 0.0, 0.03864346344852793, 0.0, 0.06868785089579166, 5.7220458984375e-06, 9.536743164062499e-07, 0.0, 0.015985091501941873, 0.0, 0.05395874571143613, 0.009002593120281748, 0.0, 0.018528970665049098, 0.0, 0.0, 0.047363564766965564, 1.430511474609375e-06, 0.022836336579669204, 0.0016115956972793635, 0.06201786371749649, 0.0, 0.0, 0.0, 0.0, 0.0, 0.0, 0.0, 0.07901265723441155, 1.0, 0.0, 3.814697265625e-06, 0.0, 0.0, 0.0, 0.0, 0.0, 0.0625, 0.061752689639861025, 0.0, 0.007813925301387588, 0.0, 0.0, 0.026215229106833514, 0.0, 0.03709660432439812, 0.018289613718591488, 0.0, 0.0, 0.0546875, 0.0625, 0.0, 0.025453932363728764, 0.0, 0.06868499966199049, 0.0, 0.0, 0.0, 0.0, 0.0, 0.010001947575454907, 0.0, 0.03119791952383128, 0.023441791534423828, 0.0, 0.015624999999999997, 0.0, 0.0, 0.025400821403557206, 0.0, 0.0, 0.0, 0.0, 0.0, 0.03312405932811646, 8.242120166273573e-07, 1.9073486328124996e-06, 0.0, 0.0234375, 0.0, 0.0659294382919037, 0.02727885008368875, 0.0], [0.0, 0.0, 0.0, 0.22050533885338094, 0.0, 0.42273219541258067, 0.15236692315457254, 0.0, 0.0, 0.4739824135804296, 0.12499999999999997, 0.0007201002941383268, 0.0005647787902084949, 0.0, 0.0009765625000026645, 0.0, 0.0, 0.10947065790088026, 0.0004908890818825848, 0.03353824376898021, 4.440892098500626e-16, 0.0, 0.0, 0.0, 0.18775554372713654, 1.7763568394002505e-15, 0.0007960004275588003, 0.0, 0.0, 0.107424721758293, 0.0, 1.0, 0.00011331388910076853, 0.06249999999999999, 0.0, 0.0, 1.52587890625e-05, 0.3402723268358102, 0.0, 0.35218417999463375, 2.2204460492503136e-16, 0.0004972447106751255, 0.00032396914194191256, 1.7763568394002505e-15, 0.10568220887146597, 5.823991941106736e-05, 0.15703854814114068, 0.41583381702425426, 0.0, 0.0, 0.0625, 0.0, 0.0, 0.4142476151991691, 0.0, 0.22809209661579802, 0.0, 1.5258789062499998e-05, 0.0, 0.0001373291015625, 0.0, 0.08566077237415999, 0.0, 0.0, 0.5000152587890625, 0.0, 0.0, 0.0, 0.5658744312636588, 0.13199659009949904, 0.0, 0.0, 0.0, 0.0, 0.0, 0.12900334104131203, 0.0, 2.220446049250313e-16, 0.0, 0.0, 0.0, 0.18775939941406317, 0.1360599814521686, 0.0], [0.0, 0.0, 0.0, 0.00014470332064957882, 0.0, 0.0, 3.814697265625001e-06, 1.1696213204858717e-05, 0.0, 0.00015148770660796608, 7.442293167953579e-06, 5.1036586107572026e-05, 0.0, 0.0, 0.0, 0.0, 0.0, 4.348224536324016e-05, 3.8255353369142614e-05, 0.00014099478751302655, 0.0, 0.0, 0.0, 0.0, 9.122996871227247e-05, 0.0, 7.629394531249998e-06, 0.0, 0.0, 6.920256974060703e-05, 3.814697265625e-06, 0.00011331388910076853, 1.0, 0.0, 0.0, 0.0, 0.0, 0.0, 0.0, 1.1728667245224446e-05, 0.0, 0.00012349561388758546, 0.0, 0.0, 1.619658091604903e-05, 3.0517578124999997e-05, 7.629394531249998e-06, 0.0, 0.0, 0.0, 0.0, 0.0, 0.0, 0.0001277941280345358, 0.0, 0.00014735787804910037, 0.0, 0.0, 0.0, 7.629394531249998e-06, 0.0, 0.00014103707729558264, 0.0, 0.0, 5.722045898437501e-06, 0.0, 0.0, 0.0, 0.0, 0.00013446534577521205, 0.0, 0.0, 0.0, 0.0, 0.0, 0.00011680851421325391, 0.0, 0.0, 0.0, 0.0, 0.0, 1.1444091796875e-05, 0.0001250577214305867, 0.0], [0.0, 0.0, 0.0, 0.06250000000000003, 0.0, 0.017010345435994285, 0.0, 0.0, 0.0, 0.06250000000000001, 0.0, 4.136053476952083e-17, 0.0, 0.0, 0.0, 0.0, 0.0, 0.035078297456828125, 8.6736173798840345e-19, 0.12862393885688164, 0.0, 0.0, 8.673617379884035e-19, 0.0, 0.25, 0.0, 0.0, 4.2763877958816955e-17, 0.0, 1.1553745817455035e-17, 0.0, 0.06249999999999999, 0.0, 1.0, 0.0, 0.0, 0.0, 0.0, 0.0, 0.06771115469022494, 0.0, 8.6736173798840345e-19, 0.0, 0.0, 7.1849913888632e-17, 8.564068733922678e-19, 3.409139107357349e-18, 0.011808461458750932, 0.0, 0.0, 0.21874999999999997, 0.0, 8.673617379884035e-19, 0.15309310892394867, 0.0, 0.2463818641631436, 0.0, 0.0, 0.0, 1.0864328684605158e-16, 2.932168363671934e-17, 0.09510657908632575, 0.0, 1.1177981723340505e-16, 0.0, 0.0, 0.0, 0.0, 0.24977388520803973, 0.15309310892394867, 0.0, 0.0, 0.0, 0.0, 0.0, 2.835437564590247e-17, 0.0, 3.8682512251058885e-17, 0.0, 0.0, 0.0, 0.06249999999999999, 0.08704663240090678, 0.0], [0.0, 0.0, 0.0, 0.0, 0.0, 0.0, 0.0, 0.0, 0.0, 0.0, 0.0, 0.0, 0.0, 0.0, 0.0, 0.0, 0.0, 0.0, 0.0, 0.0, 0.0, 0.0, 0.0, 0.0, 0.0, 0.0, 0.0, 0.0, 0.0, 0.0, 0.0, 0.0, 0.0, 0.0, 1.0, 0.0, 0.0, 0.0, 0.0, 0.0, 0.0, 0.0, 0.0, 0.0, 0.0, 0.0, 0.0, 0.0, 0.0, 0.0, 0.0, 0.0, 0.0, 0.0, 0.0, 0.0, 0.0, 0.0, 0.0, 0.0, 0.0, 0.0, 0.0, 0.0, 0.0, 0.0, 0.0, 0.0, 0.0, 0.0, 0.0, 0.0, 0.0, 0.0, 0.0, 0.0, 0.0, 0.0, 0.0, 0.0, 0.0, 0.0, 0.0, 0.0], [0.0, 0.0, 0.0, 0.0, 0.0, 0.0, 0.0, 0.0, 0.0, 0.0, 0.0, 0.0, 0.0, 0.0, 0.0, 0.0, 0.0, 0.0, 0.0, 0.0, 0.0, 0.0, 0.0, 0.0, 0.0, 0.0, 0.0, 0.0, 0.0, 0.0, 0.0, 0.0, 0.0, 0.0, 0.0, 1.0, 0.0, 0.0, 0.0, 0.0, 0.0, 0.0, 0.0, 0.0, 0.0, 0.0, 0.0, 0.0, 0.0, 0.0, 0.0, 0.0, 0.0, 0.0, 0.0, 0.0, 0.0, 0.0, 0.0, 0.0, 0.0, 0.0, 0.0, 0.0, 0.0, 0.0, 0.0, 0.0, 0.0, 0.0, 0.0, 0.0, 0.0, 0.0, 0.0, 0.0, 0.0, 0.0, 0.0, 0.0, 0.0, 0.0, 0.0, 0.0], [0.0, 0.0, 0.0, 0.00018629889203371154, 0.0, 0.0, 2.3008213012888075e-08, 0.0, 0.0, 4.8150057199172704e-05, 0.0, 0.00012203476678403089, 0.0, 0.0, 0.0, 0.0, 0.0, 0.0002580213848253079, 2.29861299112538e-05, 7.150938732164341e-05, 0.0, 0.0, 0.0, 0.0, 0.00025939941406249995, 0.0, 7.629394531249999e-05, 0.0, 0.0, 8.394998639261402e-05, 0.0, 1.52587890625e-05, 0.0, 0.0, 0.0, 0.0, 1.0, 0.0, 0.0, 9.723893626367315e-05, 0.0, 1.5270293169006444e-05, 0.0, 0.0, 1.917351084407339e-08, 6.103515624999999e-05, 1.5258789062499998e-05, 0.0, 0.0, 0.0, 0.0, 0.0, 0.0, 0.00028211021884293175, 0.0, 0.00017276360233334633, 0.0, 1.5258789062499997e-05, 0.0, 1.5258789062499998e-05, 0.0, 9.655841957186898e-05, 0.0, 0.0, 1.5258789062499998e-05, 2.3008213012888075e-08, 0.0, 0.0, 0.0, 0.00015245782146446215, 0.0, 0.0, 0.0, 0.0, 0.0, 4.2867768478704033e-05, 3.741806741235537e-08, 0.0, 0.0, 0.0, 0.0, 1.5271035792525546e-05, 0.00018291863548008578, 0.0], [0.0, 0.0, 0.0, 0.28240736899871666, 0.0, 0.391037166126414, 0.03568072992395964, 0.0, 0.0, 0.1742410576651574, 0.2602082499332666, 0.0, 0.0, 0.0, 0.0, 0.0, 0.0, 0.23540123098598464, 0.0, 0.3357020290790533, 0.0, 0.0, 0.0, 0.0, 0.2602082499332666, 0.0, 0.0, 0.0, 0.0, 0.2584667750739869, 0.0, 0.3402723268358102, 0.0, 0.0, 0.0, 0.0, 0.0, 1.0, 0.0, 0.025880258005662387, 0.0, 0.0, 0.0, 0.0, 0.007957545829959587, 0.0, 0.23462048181041192, 0.49439799165479636, 0.0, 0.0, 0.0, 0.0, 0.0, 0.30907756814755527, 0.0, 0.37207275346931734, 0.0, 0.0, 0.0, 0.0, 0.0, 0.3661925405478446, 0.0, 0.0, 0.3402723268358102, 0.0, 0.0, 0.0, 0.3402723268358102, 0.34588079518741216, 0.0, 0.0, 0.0, 0.0, 0.0, 0.24399965869804138, 0.0, 0.0, 0.0, 0.0, 0.0, 0.060048057676907685, 0.38484156161364463, 0.0], [0.0, 0.0, 0.0, 0.022377795105380894, 0.0, 0.05593009181879595, 0.0, 0.0, 0.0, 0.015624999999999998, 0.0, 0.022706697420137287, 0.0, 0.0, 0.018528970665049094, 0.0, 0.0, 0.02831140727940939, 0.0, 0.00996551256473876, 0.0, 0.06201786371749649, 0.0, 0.0, 0.0, 0.0, 0.0,