"{\"names\": [\"172.217.10.1\", \"104.88.86.240\", \"38.93.140.48\", \"192.168.10.15\", \"104.88.108.223\", \"195.142.105.15\", \"172.217.12.163\", \"206.217.206.48\", \"172.217.6.228\", \"178.255.83.1\", \"74.119.118.82\", \"192.168.10.9\", \"172.217.7.6\", \"35.186.227.40\", \"31.13.71.36\", \"206.126.112.142\", \"151.101.2.49\", \"192.168.10.25\", \"172.217.3.98\", \"192.168.10.16\", \"72.30.202.150\", \"172.217.12.132\", \"50.31.164.173\", \"162.208.20.178\", \"23.15.4.16\", \"216.58.217.99\", \"172.217.6.198\", \"172.217.12.174\", \"169.46.44.40\", \"192.168.10.17\", \"52.84.143.130\", \"104.19.195.102\", \"216.200.232.61\", \"104.97.73.166\", \"152.163.13.79\", \"192.229.163.25\", \"74.119.118.86\", \"54.225.188.92\", \"188.165.145.88\", \"192.168.10.14\", \"8.43.72.98\", \"199.96.57.6\", \"68.67.178.110\", \"104.88.70.158\", \"192.168.10.19\", \"69.172.216.56\", \"157.240.18.35\", \"172.217.11.34\", \"185.54.150.20\", \"69.169.85.7\", \"198.232.124.194\", \"74.119.118.72\", \"172.217.12.134\", \"192.168.10.5\", \"23.111.9.30\", \"192.168.10.8\", \"151.101.66.2\", \"68.67.178.199\", \"213.239.195.215\", \"138.108.7.20\", \"52.84.145.87\", \"192.168.10.50\", \"52.84.145.198\", \"52.40.24.51\", \"212.77.100.137\", \"185.54.150.115\", \"172.217.10.138\", \"152.163.66.165\", \"52.84.137.78\", \"192.168.10.51\", \"68.67.178.109\", \"129.146.14.96\", \"54.152.24.232\", \"172.217.10.33\", \"52.8.229.108\", \"192.168.10.12\", \"64.147.131.201\", \"172.217.12.206\", \"68.67.180.12\", \"172.217.10.134\", \"38.69.238.16\", \"172.217.10.142\", \"192.168.10.3\", \"172.217.6.202\"], \"funcEdges\": [[1.0, 0.0, 0.0, 0.0, 0.0, 0.0, 0.0, 0.0, 0.0, 0.0, 0.0, 0.0, 0.0, 0.0, 0.0, 0.0, 0.0, 0.0, 0.0, 0.0, 0.0, 0.0, 0.0, 0.0, 0.0, 0.0, 0.0, 0.0, 0.0, 0.0, 0.0, 0.0, 0.0, 0.0, 0.0, 0.0, 0.0, 0.0, 0.0, 0.0, 0.0, 0.0, 0.0, 0.0, 0.0, 0.0, 0.0, 0.0, 0.0, 0.0, 0.0, 0.0, 0.0, 0.0, 0.0, 0.0, 0.0, 0.0, 0.0, 0.0, 0.0, 0.0, 0.0, 0.0, 0.0, 0.0, 0.0, 0.0, 0.0, 0.0, 0.0, 0.0, 0.0, 0.0, 0.0, 0.0, 0.0, 0.0, 0.0, 0.0, 0.0, 0.0, 0.0, 0.0], [0.0, 1.0, 0.0, 0.0064557652266863125, 0.0, 0.0, 0.0, 0.0, 0.004168901851084524, 0.007211906559288844, 0.0010206800164449764, 0.003682208593860454, 0.0, 0.0, 0.0026672541609484473, 0.0, 0.0, 0.002727086492766302, 0.004716570444760799, 0.0028799901667801242, 1.5738239231243789e-06, 0.00011619219654218638, 0.0, 0.0, 2.2307518428082525e-05, 1.8688123647942946e-05, 0.0010410411262240652, 0.007171863432235812, 0.0, 0.0037187673782906492, 0.0, 0.0, 0.0, 0.0, 0.0, 0.0, 0.0, 0.0, 0.0, 0.003679062087399539, 0.0, 0.0002712799472499504, 0.0, 0.0, 0.005977828613679236, 0.003861963832084435, 9.442943538746277e-06, 2.884753275733612e-05, 0.0, 0.0, 0.000244140625, 7.62939453125e-06, 0.0, 0.007092165826329122, 0.0, 0.004731616780155483, 0.0, 0.0, 0.0, 0.0, 4.9834996394514515e-05, 0.00513354492576406, 0.0, 0.0, 0.0, 0.0, 0.0, 0.0, 0.0, 0.004663805140088181, 0.0, 0.0, 0.0, 0.0, 0.0, 0.0026618510190305174, 0.0, 0.004210416112997162, 0.0, 0.0, 0.0, 8.97977431164358e-05, 0.008415807628123308, 0.0], [0.0, 0.0, 1.0, 0.0, 0.0, 0.0, 0.0, 0.0, 0.0, 0.0, 0.0, 0.0, 0.0, 0.0, 0.0, 0.0, 0.0, 0.0, 0.0, 0.0, 0.0, 0.0, 0.0, 0.0, 0.0, 0.0, 0.0, 0.0, 0.0, 0.0, 0.0, 0.0, 0.0, 0.0, 0.0, 0.0, 0.0, 0.0, 0.0, 0.0, 0.0, 0.0, 0.0, 0.0, 0.0, 0.0, 0.0, 0.0, 0.0, 0.0, 0.0, 0.0, 0.0, 0.0, 0.0, 0.0, 0.0, 0.0, 0.0, 0.0, 0.0, 0.0, 0.0, 0.0, 0.0, 0.0, 0.0, 0.0, 0.0, 0.0, 0.0, 0.0, 0.0, 0.0, 0.0, 0.0, 0.0, 0.0, 0.0, 0.0, 0.0, 0.0, 0.0, 0.0], [0.0, 0.0064557652266863125, 0.0, 1.0, 0.0, 0.0, 0.0, 0.0, 0.009982948063413322, 0.30371467283639847, 0.030495429557656214, 0.18182839966507375, 4.5629499013286266e-10, 0.0, 0.14976577287554832, 0.0, 0.0, 0.2002357081226036, 0.1971143620055628, 0.6244362348195878, 0.014997527517114664, 0.00033410945189711827, 7.446812551223384e-11, 0.0, 6.0643419073963115e-05, 5.281437414847674e-05, 0.01851650644905875, 0.16809328179965854, 0.0, 0.49061769214032314, 0.0, 1.9853549307307916e-08, 0.0, 6.207565275563779e-10, 0.0, 0.0, 0.0, 0.0, 0.0, 0.5373575407123299, 0.009926100955370023, 6.419952382436421e-05, 0.0, 0.03374300964291334, 0.33195453697336735, 0.12275994249866636, 1.7192212453877418e-05, 2.4012294004616605e-05, 0.0, 0.0, 0.00015258302849826261, 2.182472258918641e-05, 4.5034383305101363e-10, 0.2337333132806556, 0.1016599352262264, 0.2649438403753214, 0.0, 2.417113422578735e-08, 0.0, 8.007233312274582e-06, 0.0006331632862957507, 0.4666719955106408, 0.0, 8.352434407027581e-10, 0.0, 0.0, 1.8892710370096764e-06, 1.377325109524179e-10, 0.0, 0.5570901411175825, 1.442687839429315e-06, 0.0, 6.493597462580184e-10, 1.8967069433408281e-06, 0.0, 0.24779540712767636, 0.0, 0.01182129596036277, 1.3540813699125836e-10, 0.0, 0.009926084017890597, 0.230707960358285, 0.39572977448368885, 0.0], [0.0, 0.0, 0.0, 0.0, 1.0, 0.0, 0.0, 0.0, 0.0, 0.0, 0.0, 0.0, 0.0, 0.0, 0.0, 0.0, 0.0, 0.0, 0.0, 0.0, 0.0, 0.0, 0.0, 0.0, 0.0, 0.0, 0.0, 0.0, 0.0, 0.0, 0.0, 0.0, 0.0, 0.0, 0.0, 0.0, 0.0, 0.0, 0.0, 0.0, 0.0, 0.0, 0.0, 0.0, 0.0, 0.0, 0.0, 0.0, 0.0, 0.0, 0.0, 0.0, 0.0, 0.0, 0.0, 0.0, 0.0, 0.0, 0.0, 0.0, 0.0, 0.0, 0.0, 0.0, 0.0, 0.0, 0.0, 0.0, 0.0, 0.0, 0.0, 0.0, 0.0, 0.0, 0.0, 0.0, 0.0, 0.0, 0.0, 0.0, 0.0, 0.0, 0.0, 0.0], [0.0, 0.0, 0.0, 0.0, 0.0, 1.0, 0.0, 0.0, 0.0, 0.0, 0.0, 0.0, 0.0, 0.0, 0.0, 0.0, 0.0, 0.0, 0.0, 0.0, 0.0, 0.0, 0.0, 0.0, 0.0, 0.0, 0.0, 0.0, 0.0, 0.0, 0.0, 0.0, 0.0, 0.0, 0.0, 0.0, 0.0, 0.0, 0.0, 0.0, 0.0, 0.0, 0.0, 0.0, 0.0, 0.0, 0.0, 0.0, 0.0, 0.0, 0.0, 0.0, 0.0, 0.0, 0.0, 0.0, 0.0, 0.0, 0.0, 0.0, 0.0, 0.0, 0.0, 0.0, 0.0, 0.0, 0.0, 0.0, 0.0, 0.0, 0.0, 0.0, 0.0, 0.0, 0.0, 0.0, 0.0, 0.0, 0.0, 0.0, 0.0, 0.0, 0.0, 0.0], [0.0, 0.0, 0.0, 0.0, 0.0, 0.0, 1.0, 0.0, 0.0, 0.0, 0.0, 0.0, 0.0, 0.0, 0.0, 0.0, 0.0, 0.0, 0.0, 0.0, 0.0, 0.0, 0.0, 0.0, 0.0, 0.0, 0.0, 0.0, 0.0, 0.0, 0.0, 0.0, 0.0, 0.0, 0.0, 0.0, 0.0, 0.0, 0.0, 0.0, 0.0, 0.0, 0.0, 0.0, 0.0, 0.0, 0.0, 0.0, 0.0, 0.0, 0.0, 0.0, 0.0, 0.0, 0.0, 0.0, 0.0, 0.0, 0.0, 0.0, 0.0, 0.0, 0.0, 0.0, 0.0, 0.0, 0.0, 0.0, 0.0, 0.0, 0.0, 0.0, 0.0, 0.0, 0.0, 0.0, 0.0, 0.0, 0.0, 0.0, 0.0, 0.0, 0.0, 0.0], [0.0, 0.0, 0.0, 0.0, 0.0, 0.0, 0.0, 1.0, 0.0, 0.0, 0.0, 0.0, 0.0, 0.0, 0.0, 0.0, 0.0, 0.0, 0.0, 0.0, 0.0, 0.0, 0.0, 0.0, 0.0, 0.0, 0.0, 0.0, 0.0, 0.0, 0.0, 0.0, 0.0, 0.0, 0.0, 0.0, 0.0, 0.0, 0.0, 0.0, 0.0, 0.0, 0.0, 0.0, 0.0, 0.0, 0.0, 0.0, 0.0, 0.0, 0.0, 0.0, 0.0, 0.0, 0.0, 0.0, 0.0, 0.0, 0.0, 0.0, 0.0, 0.0, 0.0, 0.0, 0.0, 0.0, 0.0, 0.0, 0.0, 0.0, 0.0, 0.0, 0.0, 0.0, 0.0, 0.0, 0.0, 0.0, 0.0, 0.0, 0.0, 0.0, 0.0, 0.0], [0.0, 0.004168901851084524, 0.0, 0.009982948063413322, 0.0, 0.0, 0.0, 0.0, 1.0, 0.005496706071820312, 0.0011155779307395809, 0.007658259949485779, 0.0, 0.0, 0.007990241834300547, 0.0, 0.0, 0.0057764478488584615, 0.004520284943551979, 0.006395731732547743, 0.0, 0.000264606596123924, 0.0, 0.0, 0.0002678976919214551, 0.00012147280371162916, 0.0016604039515097308, 0.006247894605074693, 0.0, 0.0040583020435459305, 0.0, 0.0, 0.0, 0.0, 0.0, 0.0, 0.0, 0.0, 0.0, 0.0077317645893434945, 0.0, 0.000244140625, 0.0, 0.0001053653572354314, 0.006628191762226093, 0.0015600030016664358, 0.0, 0.0, 0.0, 0.0, 0.0002933111250432013, 0.0, 0.0, 0.0019127781521307674, 0.0, 0.008396089964953227, 0.0, 0.0, 0.0, 0.0, 0.0001694879667526273, 0.005153284965568292, 0.0, 0.0, 0.0, 0.0, 0.0, 0.0, 0.0, 0.006617705448254615, 0.0, 0.0, 0.0, 0.0, 0.0, 0.010230520967000514, 0.0, 0.0029642644340808297, 0.0, 0.0, 0.0, 0.0, 0.004801318510678743, 0.0], [0.0, 0.007211906559288844, 0.0, 0.30371467283639847, 0.0, 0.0, 0.0, 0.0, 0.005496706071820312, 1.0, 0.03821523567017434, 0.13635333315324194, 4.87319024352471e-10, 0.0, 0.32030006792785803, 0.0, 0.0, 0.5115737970668064, 0.5231367708465775, 0.5239221468588219, 0.019605370142324607, 0.000314553804775344, 1.7172638129654713e-10, 0.0, 0.0001726681406383436, 5.9771819775095335e-05, 0.007450794450281141, 0.3873894194027507, 0.0, 0.2518059946609683, 0.0, 1.7111174447870533e-08, 0.0, 2.940057263712068e-10, 0.0, 0.0, 0.0, 0.0, 0.0, 0.4646205639565748, 0.025951350197712005, 0.0010365281928719986, 0.0, 6.105235603471538e-05, 0.47461655668801617, 0.0012438043832232227, 8.32584189213706e-06, 4.858629513004106e-05, 0.0, 0.0, 0.0010358687156788774, 7.62939453125e-06, 2.3871361329892703e-10, 0.36472625708882467, 0.0026270709481824913, 0.1556013851414808, 0.0, 6.000595999244975e-08, 0.0, 3.886523939402508e-06, 0.00048315665371473024, 0.5072752040382487, 0.0, 8.292306426556634e-10, 0.0, 0.0, 1.0894937073999042e-06, 2.1254432601278576e-10, 0.0, 0.1927896237156166, 6.56435750397628e-07, 0.0, 1.9398589502744625e-10, 6.063629861463559e-07, 0.0, 0.07300170445320973, 0.0, 0.01970746157218141, 4.289126149638768e-10, 0.0, 0.025951343475381326, 0.273032653181044, 0.6213637058753756, 0.0], [0.0, 0.0010206800164449764, 0.0, 0.030495429557656214, 0.0, 0.0, 0.0, 0.0, 0.0011155779307395809, 0.03821523567017434, 1.0, 0.04255481892038062, 0.0, 0.0, 0.02075977011132127, 0.0, 0.0, 0.030415531392681924, 0.011964233719469976, 0.03015722809345177, 0.003919205611651805, 0.00030276415570564604, 0.0, 0.0, 0.00027494640074833467, 3.90861294054813e-05, 0.004211425781249999, 0.004930624407416874, 0.0, 0.011088081910626487, 0.0, 0.0, 0.0, 0.0, 0.0, 0.0, 0.0, 0.0, 0.0, 0.023417511249529996, 0.00390625, 0.0002468847145367917, 0.0, 0.000244140625, 0.020035113352920887, 0.0002556434371178708, 8.673051635051747e-06, 5.1543116553630565e-06, 0.0, 0.0, 0.00030517578125, 2.61686073520674e-06, 0.0, 0.011177768155937788, 0.0, 0.06834936372149639, 0.0, 0.0, 0.0, 9.536743164062499e-07, 0.00010561935917534823, 0.042560390204282234, 0.0, 0.0, 0.0, 0.0, 7.041646563602101e-07, 0.0, 0.0, 0.03566218479211183, 3.7193941839213843e-06, 0.0, 0.0, 8.768919727715855e-07, 0.0, 0.029918066989736168, 0.0, 0.0005362562320388534, 0.0, 0.0, 0.003906250000000001, 1.2338345814370391e-05, 0.025712846450569024, 0.0], [0.0, 0.003682208593860454, 0.0, 0.18182839966507375, 0.0, 0.0, 0.0, 0.0, 0.007658259949485779, 0.13635333315324194, 0.04255481892038062, 1.0, 6.752963988418133e-10, 0.0, 0.0889778809830818, 0.0, 0.0, 0.4335573022390317, 0.4419867508384959, 0.28883837791868583, 0.033405305491424106, 0.0005068921541394555, 1.839314909217584e-10, 0.0, 0.00013495436605607926, 9.46548578599258e-05, 0.01783098984072952, 0.57043835969846, 0.0, 0.2415652163995569, 0.0, 2.1411792230441424e-08, 0.0, 6.939146257037612e-10, 0.0, 0.0, 0.0, 0.0, 0.0, 0.1489125742360591, 0.011655918556199064, 0.000320254927323954, 0.0, 0.05819181826455064, 0.5712829945476855, 0.006674713156628273, 1.3075785611569118e-05, 3.070274249629423e-05, 0.0, 0.0, 0.0004929442552746902, 3.0060996417047095e-05, 4.6354316498773784e-10, 0.49932042434558177, 0.15751392684551516, 0.7482096425361783, 0.0, 5.636919469210321e-08, 0.0, 6.164744171822501e-06, 0.00029285082564012814, 0.5831671214729883, 0.0, 1.2252800416642763e-09, 0.0, 0.0, 1.3844576750520715e-06, 7.922035234909124e-10, 0.0, 0.5169878690291032, 3.7182956894910915e-06, 0.0, 5.130997501654721e-10, 9.436562263970594e-07, 0.0, 0.36834973904316914, 0.0, 0.05452766751369921, 8.885039454995377e-10, 0.0, 0.011655916705301656, 0.34295003690241416, 0.573268015464778, 0.0], [0.0, 0.0, 0.0, 4.5629499013286266e-10, 0.0, 0.0, 0.0, 0.0, 0.0, 4.87319024352471e-10, 0.0, 6.752963988418133e-10, 1.0, 0.0, 0.0, 0.0, 0.0, 6.589301084542067e-10, 3.4924596548080444e-10, 4.726370320532386e-10, 2.328306436538697e-10, 0.0, 0.0, 0.0, 0.0, 0.0, 0.0, 1.092886577814206e-09, 0.0, 3.09957798365919e-10, 0.0, 0.0, 0.0, 0.0, 0.0, 0.0, 0.0, 0.0, 0.0, 3.150768151908849e-10, 0.0, 0.0, 0.0, 0.0, 6.832792203880438e-10, 0.0, 4.656612873077393e-10, 0.0, 0.0, 0.0, 0.0, 0.0, 4.656612873077393e-10, 7.126341962823854e-10, 0.0, 3.784851767260504e-10, 0.0, 2.613949586580561e-10, 0.0, 1.1641532182693479e-10, 2.3283064365386958e-10, 8.191965519412781e-10, 0.0, 2.3283064365386963e-10, 0.0, 0.0, 0.0, 2.328306436538696e-10, 0.0, 4.354987710641203e-10, 0.0, 0.0, 4.656612873077393e-10, 0.0, 0.0, 3.9687234411553765e-10, 0.0, 2.328306436538696e-10, 5.240637167702347e-10, 0.0, 0.0, 0.0, 8.785369562044471e-10, 0.0], [0.0, 0.0, 0.0, 0.0, 0.0, 0.0, 0.0, 0.0, 0.0, 0.0, 0.0, 0.0, 0.0, 1.0, 0.0, 0.0, 0.0, 0.0, 0.0, 0.0, 0.0, 0.0, 0.0, 0.0, 0.0, 0.0, 0.0, 0.0, 0.0, 0.0, 0.0, 0.0, 0.0, 0.0, 0.0, 0.0, 0.0, 0.0, 0.0, 0.0, 0.0, 0.0, 0.0, 0.0, 0.0, 0.0, 0.0, 0.0, 0.0, 0.0, 0.0, 0.0, 0.0, 0.0, 0.0, 0.0, 0.0, 0.0, 0.0, 0.0, 0.0, 0.0, 0.0, 0.0, 0.0, 0.0, 0.0, 0.0, 0.0, 0.0, 0.0, 0.0, 0.0, 0.0, 0.0, 0.0, 0.0, 0.0, 0.0, 0.0, 0.0, 0.0, 0.0, 0.0], [0.0, 0.0026672541609484473, 0.0, 0.14976577287554832, 0.0, 0.0, 0.0, 0.0, 0.007990241834300547, 0.32030006792785803, 0.02075977011132127, 0.0889778809830818, 0.0, 0.0, 1.0, 0.0, 0.0, 0.2476313938190854, 0.2627070425615629, 0.3107173139468643, 0.012945833740226665, 5.901839711716423e-07, 0.0, 0.0, 0.0, 1.3063397355533289e-06, 0.0068202330369716785, 0.07300723354197569, 0.0, 0.13254168950553624, 0.0, 4.470348358154297e-08, 0.0, 0.0, 0.0, 0.0, 0.0, 0.0, 0.0, 0.34792910840266045, 0.02284551608248327, 2.9802322387695312e-08, 0.0, 4.470348358154296e-08, 0.13305107722505455, 0.0019575030156710016, 1.2448847501136043e-07, 2.9021881939380337e-07, 0.0, 0.0, 0.0, 0.0, 0.0, 0.1477332670987342, 0.0625, 0.13911075531378161, 0.0, 1.4901161193847653e-08, 0.0, 0.0, 0.0, 0.2682646301355565, 0.0, 0.0, 0.0, 0.0, 9.037872139050069e-07, 0.0, 0.0, 0.16866875956973487, 0.0, 0.0, 0.0, 6.670856793352456e-07, 0.0, 0.14189859830887308, 0.0, 0.010374027512436948, 0.0, 0.0, 0.022845510494547822, 0.009166034241900059, 0.33289431717016077, 0.0], [0.0, 0.0, 0.0, 0.0, 0.0, 0.0, 0.0, 0.0, 0.0, 0.0, 0.0, 0.0, 0.0, 0.0, 0.0, 1.0, 0.0, 0.0, 0.0, 0.0, 0.0, 0.0, 0.0, 0.0, 0.0, 0.0, 0.0, 0.0, 0.0, 0.0, 0.0, 0.0, 0.0, 0.0, 0.0, 0.0, 0.0, 0.0, 0.0, 0.0, 0.0, 0.0, 0.0, 0.0, 0.0, 0.0, 0.0, 0.0, 0.0, 0.0, 0.0, 0.0, 0.0, 0.0, 0.0, 0.0, 0.0, 0.0, 0.0, 0.0, 0.0, 0.0, 0.0, 0.0, 0.0, 0.0, 0.0, 0.0, 0.0, 0.0, 0.0, 0.0, 0.0, 0.0, 0.0, 0.0, 0.0, 0.0, 0.0, 0.0, 0.0, 0.0, 0.0, 0.0], [0.0, 0.0, 0.0, 0.0, 0.0, 0.0, 0.0, 0.0, 0.0, 0.0, 0.0, 0.0, 0.0, 0.0, 0.0, 0.0, 1.0, 0.0, 0.0, 0.0, 0.0, 0.0, 0.0, 0.0, 0.0, 0.0, 0.0, 0.0, 0.0, 0.0, 0.0, 0.0, 0.0, 0.0, 0.0, 0.0, 0.0, 0.0, 0.0, 0.0, 0.0, 0.0, 0.0, 0.0, 0.0, 0.0, 0.0, 0.0, 0.0, 0.0, 0.0, 0.0, 0.0, 0.0, 0.0, 0.0, 0.0, 0.0, 0.0, 0.0, 0.0, 0.0, 0.0, 0.0, 0.0, 0.0, 0.0, 0.0, 0.0, 0.0, 0.0, 0.0, 0.0, 0.0, 0.0, 0.0, 0.0, 0.0, 0.0, 0.0, 0.0, 0.0, 0.0, 0.0], [0.0, 0.002727086492766302, 0.0, 0.2002357081226036, 0.0, 0.0, 0.0, 0.0, 0.0057764478488584615, 0.5115737970668064, 0.030415531392681924, 0.4335573022390317, 6.589301084542067e-10, 0.0, 0.2476313938190854, 0.0, 0.0, 1.0, 0.7658898490082072, 0.27202714925108656, 0.004852129655407816, 0.00038806753908933564, 1.6518715395119094e-10, 0.0, 9.668294915968925e-05, 3.1111460824533596e-05, 0.01973542987945325, 0.4197711076884313, 0.0, 0.4913384759305087, 0.0, 2.4613154143052585e-08, 0.0, 8.932199654005975e-10, 0.0, 0.0, 0.0, 0.0, 0.0, 0.4766637973440708, 0.02874054179332009, 0.00040255927095816805, 0.0, 0.08726255813957517, 0.41050058163613756, 0.01933736292489102, 1.4072437538442189e-05, 3.112083040890172e-05, 0.0, 0.0, 0.00044303825984452115, 1.195568155644769e-06, 5.13968113866138e-10, 0.6222677014827416, 0.05529073355808642, 0.4410445386520143, 0.0, 1.4783681429270568e-08, 0.0, 3.0393422815142725e-06, 0.0002777906069576779, 0.7733232723334926, 0.0, 1.4612656528352853e-09, 0.0, 0.0, 1.1693095443472118e-06, 6.472169878020838e-10, 0.0, 0.2598845407154194, 6.487213892830566e-07, 0.0, 6.23752905832714e-10, 9.501208842946007e-07, 0.0, 0.09862735030002234, 0.0, 0.13044955795247865, 7.075481428246184e-10, 0.0, 0.02874053407342855, 0.45266862804481756, 0.30225914886159216, 0.0], [0.0, 0.004716570444760799, 0.0, 0.1971143620055628, 0.0, 0.0, 0.0, 0.0, 0.004520284943551979, 0.5231367708465775, 0.011964233719469976, 0.4419867508384959, 3.4924596548080444e-10, 0.0, 0.2627070425615629, 0.0, 0.0, 0.7658898490082072, 1.0, 0.3197708691900772, 0.014892114344655769, 2.5411084073422443e-05, 9.077790524369348e-11, 0.0, 0.0, 0.0, 0.007479125198262247, 0.28014802383748727, 0.0, 0.4346791473098711, 0.0, 0.0, 0.0, 1.455191522836685e-11, 0.0, 0.0, 0.0, 0.0, 0.0, 0.5133987630032251, 0.037933972955841354, 3.7799238784638724e-05, 0.0, 0.003768130645585034, 0.36113087409649125, 0.033354346766767434, 1.4990833497360156e-05, 2.274272221020122e-05, 0.0, 0.0, 0.0, 3.048828780428162e-05, 1.5411361978105454e-10, 0.4633016496154022, 0.0625, 0.3411732213905218, 0.0, 2.613949586580562e-10, 0.0, 4.599609260054708e-06, 2.328306436538697e-10, 0.6442056841112691, 0.0, 3.541489667476223e-10, 0.0, 0.0, 0.0, 2.3283064365386963e-10, 0.0, 0.2833020732177841, 6.564108717858858e-07, 0.0, 1.996886929472129e-10, 0.0, 0.0, 0.13279593357403696, 0.0, 0.07062576554747713, 3.79494415592239e-10, 0.0, 0.03793397296311731, 0.4811211541845572, 0.4405268607305458, 0.0], [0.0, 0.0028799901667801242, 0.0, 0.6244362348195878, 0.0, 0.0, 0.0, 0.0, 0.006395731732547743, 0.5239221468588219, 0.03015722809345177, 0.28883837791868583, 4.726370320532386e-10, 0.0, 0.3107173139468643, 0.0, 0.0, 0.27202714925108656, 0.3197708691900772, 1.0, 0.0162040648654777, 0.0006922110924241897, 7.717711375708259e-11, 0.0, 0.00011710914426282234, 1.98849443670173e-05, 0.009379816733727172, 0.20267597719750977, 0.0, 0.3941035262921635, 0.0, 1.5377183352285127e-08, 0.0, 2.0551182942202787e-10, 0.0, 0.0, 0.0, 0.0, 0.0, 0.708820405391565, 0.01954177950467474, 4.641958912070949e-05, 0.0, 0.04039443022138525, 0.3066407092673886, 0.025302765847339016, 3.0049864969170433e-05, 5.450364339758269e-05, 0.0, 0.0, 5.194717668343727e-05, 1.3012387182819722e-05, 1.2178628755659436e-10, 0.23878400670997563, 0.07723365617658325, 0.21093533147048155, 0.0, 1.5195834379484213e-08, 0.0, 7.544944650592763e-06, 0.00032543679198532017, 0.6154039285444646, 0.0, 7.444990756833051e-10, 0.0, 0.0, 4.458470836977619e-07, 1.6439548940982216e-10, 0.0, 0.6149236693743351, 1.660871140222084e-06, 0.0, 1.1648092131448278e-10, 5.585619573498553e-07, 0.0, 0.29326998959782935, 0.0, 0.05052167464909314, 5.071926909785038e-10, 0.0, 0.01954176791085683, 0.18603580134096023, 0.3996398980517626, 0.0], [0.0, 1.5738239231243789e-06, 0.0, 0.014997527517114664, 0.0, 0.0, 0.0, 0.0, 0.0, 0.019605370142324607, 0.003919205611651805, 0.033405305491424106, 2.328306436538697e-10, 0.0, 0.012945833740226665, 0.0, 0.0, 0.004852129655407816, 0.014892114344655769, 0.0162040648654777, 1.0, 1.9640035261377106e-05, 0.0, 0.0, 0.0, 8.328157203297131e-08, 0.00390625, 0.003910664055721339, 0.0, 0.038905453034240076, 0.0, 7.450580596923828e-09, 0.0, 0.0, 0.0, 0.0, 0.0, 0.0, 0.0, 0.02627096916260837, 0.01171875, 1.1357742752155702e-05, 0.0, 2.2351741790771484e-08, 0.03053768608492457, 5.139073884756091e-06, 3.6523697224069145e-05, 1.5282234189144917e-05, 0.0, 0.0, 0.0, 9.442943538746275e-06, 0.0, 0.017650918491618033, 0.0, 0.021663232712420547, 0.0, 1.516255615250571e-08, 0.0, 1.9073486328125004e-06, 2.3283064365386963e-10, 0.011137264631056938, 0.0, 2.328306436538697e-10, 0.0, 0.0, 0.0, 9.313225746154785e-10, 0.0, 0.007475573170467174, 0.0, 0.0, 0.0, 0.0, 0.0, 0.02647515559000888, 0.0, 0.00784746510015377, 6.144195300064821e-10, 0.0, 0.01171875, 0.0034386755251860574, 0.015008382453709815, 0.0], [0.0, 0.00011619219654218638, 0.0, 0.00033410945189711827, 0.0, 0.0, 0.0, 0.0, 0.000264606596123924, 0.000314553804775344, 0.00030276415570564604, 0.0005068921541394555, 0.0, 0.0, 5.901839711716423e-07, 0.0, 0.0, 0.00038806753908933564, 2.5411084073422443e-05, 0.0006922110924241897, 1.9640035261377106e-05, 1.0, 0.0, 0.0, 0.00028856769936581005, 4.6242994692699744e-05, 0.00022560884957529846, 0.00014870808612742802, 0.0, 0.0004594461504048912, 0.0, 0.0, 0.0, 0.0, 0.0, 0.0, 0.0, 0.0, 0.0, 0.00017188886599244153, 0.0, 4.726394729049248e-05, 0.0, 0.000244140625, 0.000479494836790083, 2.145539818919973e-05, 2.345479775024736e-05, 3.148349370818277e-05, 0.0, 0.0, 6.103515625000001e-05, 1.4089229758151823e-05, 1.0186340659856795e-10, 0.0003052734977320832, 0.0, 0.0005773658868230262, 0.0, 0.0, 0.0, 2.8555467718741668e-06, 0.000421428585135981, 0.00027253270559067153, 0.0, 8.939582738104143e-12, 0.0, 0.0, 5.957919091216848e-07, 0.0, 0.0, 0.00023633719917053966, 3.719394183921385e-06, 0.0, 0.0, 2.7984961824960796e-07, 0.0, 0.00026093641551275243, 0.0, 0.0005055050596399973, 0.0, 0.0, 8.939582738104141e-12, 7.990843739755982e-05, 0.00048002618581172434, 0.0], [0.0, 0.0, 0.0, 7.446812551223384e-11, 0.0, 0.0, 0.0, 0.0, 0.0, 1.7172638129654713e-10, 0.0, 1.839314909217584e-10, 0.0, 0.0, 0.0, 0.0, 0.0, 1.6518715395119094e-10, 9.077790524369348e-11, 7.717711375708259e-11, 0.0, 0.0, 1.0, 0.0, 0.0, 0.0, 0.0, 5.503794656262648e-11, 0.0, 2.047346513650219e-11, 0.0, 0.0, 0.0, 1.4551915228366852e-11, 0.0, 0.0, 0.0, 0.0, 0.0, 3.253907165344265e-11, 0.0, 7.275957614183426e-11, 0.0, 0.0, 6.85455165784974e-12, 2.2775003635310885e-11, 7.599417934082868e-11, 0.0, 0.0, 0.0, 0.0, 0.0, 1.455191522836685e-11, 2.3283064365386955e-10, 0.0, 0.0, 0.0, 0.0, 0.0, 1.4551915228366852e-11, 0.0, 1.5928987922090627e-10, 0.0, 1.1641532182693481e-10, 0.0, 0.0, 0.0, 0.0, 0.0, 4.538668707700022e-11, 6.746330852587257e-11, 0.0, 9.253764418919064e-11, 0.0, 0.0, 2.8629609257369393e-10, 0.0, 0.0, 0.0, 0.0, 0.0, 0.0, 1.69384132466372e-10, 0.0], [0.0, 0.0, 0.0, 0.0, 0.0, 0.0, 0.0, 0.0, 0.0, 0.0, 0.0, 0.0, 0.0, 0.0, 0.0, 0.0, 0.0, 0.0, 0.0, 0.0, 0.0, 0.0, 0.0, 1.0, 0.0, 0.0, 0.0, 0.0, 0.0, 0.0, 0.0, 0.0, 0.0, 0.0, 0.0, 0.0, 0.0, 0.0, 0.0, 0.0, 0.0, 0.0, 0.0, 0.0, 0.0, 0.0, 0.0, 0.0, 0.0, 0.0, 0.0, 0.0, 0.0, 0.0, 0.0, 0.0, 0.0, 0.0, 0.0, 0.0, 0.0, 0.0, 0.0, 0.0, 0.0, 0.0, 0.0, 0.0, 0.0, 0.0, 0.0, 0.0, 0.0, 0.0, 0.0, 0.0, 0.0, 0.0, 0.0, 0.0, 0.0, 0.0, 0.0, 0.0], [0.0, 2.2307518428082525e-05, 0.0, 6.0643419073963115e-05, 0.0, 0.0, 0.0, 0.0, 0.0002678976919214551, 0.0001726681406383436, 0.00027494640074833467, 0.00013495436605607926, 0.0, 0.0, 0.0, 0.0, 0.0, 9.668294915968925e-05, 0.0, 0.00011710914426282234, 0.0, 0.00028856769936581005, 0.0, 0.0, 1.0, 0.00011473448041638571, 9.650505554713071e-05, 9.650600121848351e-05, 0.0, 0.00033596492184866073, 0.0, 0.0, 0.0, 0.0, 0.0, 0.0, 0.0, 0.0, 0.0, 8.45879456132657e-05, 0.0, 0.0, 0.0, 0.000225178462943305, 0.0002720293280465424, 0.0, 0.0, 0.0, 0.0, 0.0, 6.433670369808715e-05, 0.0, 0.0, 6.388832113844107e-05, 0.0, 0.0001992083074272803, 0.0, 0.0, 0.0, 0.0, 0.00013528204880336746, 0.0001894881435329149, 0.0, 0.0, 0.0, 0.0, 0.0, 0.0, 0.0, 0.00011365013687296535, 0.0, 0.0, 0.0, 0.0, 0.0, 0.00018338865350936878, 0.0, 0.00014484188300616213, 0.0, 0.0, 0.0, 0.0, 0.00015384360330552506, 0.0], [0.0, 1.8688123647942946e-05, 0.0, 5.281437414847674e-05, 0.0, 0.0, 0.0, 0.0, 0.00012147280371162916, 5.9771819775095335e-05, 3.90861294054813e-05, 9.46548578599258e-05, 0.0, 0.0, 1.3063397355533289e-06, 0.0, 0.0, 3.1111460824533596e-05, 0.0, 1.98849443670173e-05, 8.328157203297131e-08, 4.6242994692699744e-05, 0.0, 0.0, 0.00011473448041638571, 1.0, 0.0, 1.2583311974532756e-06, 0.0, 0.00011736638108514104, 0.0, 2.9802322387695312e-08, 0.0, 0.0, 0.0, 0.0, 0.0, 0.0, 0.0, 3.9673597660506844e-05, 0.0, 4.765485567798052e-07, 0.0, 6.02793756365708e-08, 5.739412300862874e-05, 0.0, 9.344579543551005e-07, 5.195636944773642e-07, 0.0, 0.0, 0.0, 0.0, 0.0, 3.921996266998064e-05, 0.0, 4.614068874582168e-05, 0.0, 2.4151627102882462e-08, 0.0, 0.0, 5.5948893229166664e-05, 8.095910940813854e-05, 0.0, 0.0, 0.0, 0.0, 1.4126373367552888e-06, 0.0, 0.0, 7.800170363031677e-05, 0.0, 0.0, 0.0, 1.108629985118155e-06, 0.0, 0.00010526527053928164, 0.0, 6.883359916879287e-07, 0.0, 0.0, 0.0, 1.7292987616871986e-06, 9.440468847704073e-05, 0.0], [0.0, 0.0010410411262240652, 0.0, 0.01851650644905875, 0.0, 0.0, 0.0, 0.0, 0.0016604039515097308, 0.007450794450281141, 0.004211425781249999, 0.01783098984072952, 0.0, 0.0, 0.0068202330369716785, 0.0, 0.0, 0.01973542987945325, 0.007479125198262247, 0.009379816733727172, 0.00390625, 0.00022560884957529846, 0.0, 0.0, 9.650505554713071e-05, 0.0, 1.0, 0.018757452760198783, 0.0, 0.01216242758563205, 0.0, 0.0, 0.0, 0.0, 0.0, 0.0, 0.0, 0.0, 0.0, 0.006030585424937714, 0.003906249999999999, 0.00024414062499999997, 0.0, 6.103515625000001e-05, 0.005061540595323299, 0.0013828070605308208, 0.0, 0.0, 0.0, 0.0, 0.00030517578124999995, 0.0, 0.0, 0.019564007487360997, 0.0, 0.013779816700923181, 0.0, 0.0, 0.0, 0.0, 0.0004847485223611346, 0.004787439929066508, 0.0, 0.0, 0.0, 0.0, 0.0, 0.0, 0.0, 0.017985179047216707, 0.0, 0.0, 0.0, 0.0, 0.0, 0.006406979157101972, 0.0, 0.004320578035068275, 0.0, 0.0, 0.0039062499999999996, 0.0, 0.005681040218311559, 0.0], [0.0, 0.007171863432235812, 0.0, 0.16809328179965854, 0.0, 0.0, 0.0, 0.0, 0.006247894605074693, 0.3873894194027507, 0.004930624407416874, 0.57043835969846, 1.092886577814206e-09, 0.0, 0.07300723354197569, 0.0, 0.0, 0.4197711076884313, 0.28014802383748727, 0.20267597719750977, 0.003910664055721339, 0.00014870808612742802, 5.503794656262648e-11, 0.0, 9.650600121848351e-05, 1.2583311974532756e-06, 0.018757452760198783, 1.0, 0.0, 0.4174646440036789, 0.0, 0.0, 0.0, 7.174588175127112e-10, 0.0, 0.0, 0.0, 0.0, 0.0, 0.3306497326371366, 0.003906249999999999, 0.0003309277245166351, 0.0, 0.04151047225768538, 0.8437752616360543, 0.03296321055164117, 8.228731400076978e-06, 2.0707169271335586e-05, 0.0, 0.0, 0.0003618991367988889, 3.0063503259734304e-05, 3.3570610536452794e-10, 0.42949486057875064, 0.0625, 0.25969601780407636, 0.0, 2.607224724431385e-10, 0.0, 9.541975650423297e-07, 0.0003170995927470189, 0.3671243468490118, 0.0, 9.80287026265351e-10, 0.0, 0.0, 1.8878389053834382e-06, 2.8501156352047133e-10, 0.0, 0.38171055717235625, 3.7194436876934033e-06, 0.0, 2.876464704065112e-10, 1.8890791853550652e-06, 0.0, 0.15184511654353408, 0.0, 0.13292041482248337, 4.776537890469593e-10, 0.0, 0.00390625001735528, 0.19380482139985988, 0.50779351682992, 0.0], [0.0, 0.0, 0.0, 0.0, 0.0, 0.0, 0.0, 0.0, 0.0, 0.0, 0.0, 0.0, 0.0, 0.0, 0.0, 0.0, 0.0, 0.0, 0.0, 0.0, 0.0, 0.0, 0.0, 0.0, 0.0, 0.0, 0.0, 0.0, 1.0, 0.0, 0.0, 0.0, 0.0, 0.0, 0.0, 0.0, 0.0, 0.0, 0.0, 0.0, 0.0, 0.0, 0.0, 0.0, 0.0, 0.0, 0.0, 0.0, 0.0, 0.0, 0.0, 0.0, 0.0, 0.0, 0.0, 0.0, 0.0, 0.0, 0.0, 0.0, 0.0, 0.0, 0.0, 0.0, 0.0, 0.0, 0.0, 0.0, 0.0, 0.0, 0.0, 0.0, 0.0, 0.0, 0.0, 0.0, 0.0, 0.0, 0.0, 0.0, 0.0, 0.0, 0.0, 0.0], [0.0, 0.0037187673782906492, 0.0, 0.49061769214032314, 0.0, 0.0, 0.0, 0.0, 0.0040583020435459305, 0.2518059946609683, 0.011088081910626487, 0.2415652163995569, 3.09957798365919e-10, 0.0, 0.13254168950553624, 0.0, 0.0, 0.4913384759305087, 0.4346791473098711, 0.3941035262921635, 0.038905453034240076, 0.0004594461504048912, 2.047346513650219e-11, 0.0, 0.00033596492184866073, 0.00011736638108514104, 0.01216242758563205, 0.4174646440036789, 0.0, 1.0, 0.0, 5.173263091904844e-09, 0.0, 1.9383968918853969e-10, 0.0, 0.0, 0.0, 0.0, 0.0, 0.21670945678715547, 0.014603713855313583, 0.0009770316265291503, 0.0, 0.007604905200683067, 0.38449525740914997, 0.008336215125691349, 2.2495640556492157e-05, 2.3144612608552615e-05, 0.0, 0.0, 0.001031663305995997, 7.835042751246882e-07, 3.629682705991739e-10, 0.5193469778839586, 0.06970334036309658, 0.5260190445461975, 0.0, 1.6075827709133104e-08, 0.0, 4.831944252883589e-06, 0.0002884324472624951, 0.18969136607263784, 0.0, 1.3050591814289763e-09, 0.0, 0.0, 2.3498478066954576e-06, 3.6476181184725927e-10, 0.0, 0.39627449285218475, 1.8252860221632887e-07, 0.0, 3.5307371533543007e-10, 1.8418138156317753e-06, 0.0, 0.22475978110311684, 0.0, 0.13571236775789547, 2.728151603129231e-10, 0.0, 0.014603706830470648, 0.1765702319071586, 0.22239799728865162, 0.0], [0.0, 0.0, 0.0, 0.0, 0.0, 0.0, 0.0, 0.0, 0.0, 0.0, 0.0, 0.0, 0.0, 0.0, 0.0, 0.0, 0.0, 0.0, 0.0, 0.0, 0.0, 0.0, 0.0, 0.0, 0.0, 0.0, 0.0, 0.0, 0.0, 0.0, 1.0, 0.0, 0.0, 0.0, 0.0, 0.0, 0.0, 0.0, 0.0, 0.0, 0.0, 0.0, 0.0, 0.0, 0.0, 0.0, 0.0, 0.0, 0.0, 0.0, 0.0, 0.0, 0.0, 0.0, 0.0, 0.0, 0.0, 0.0, 0.0, 0.0, 0.0, 0.0, 0.0, 0.0, 0.0, 0.0, 0.0, 0.0, 0.0, 0.0, 0.0, 0.0, 0.0, 0.0, 0.0, 0.0, 0.0, 0.0, 0.0, 0.0, 0.0, 0.0, 0.0, 0.0], [0.0, 0.0, 0.0, 1.9853549307307916e-08, 0.0, 0.0, 0.0, 0.0, 0.0, 1.7111174447870533e-08, 0.0, 2.1411792230441424e-08, 0.0, 0.0, 4.470348358154297e-08, 0.0, 0.0, 2.4613154143052585e-08, 0.0, 1.5377183352285127e-08, 7.450580596923828e-09, 0.0, 0.0, 0.0, 0.0, 2.9802322387695312e-08, 0.0, 0.0, 0.0, 5.173263091904844e-09, 0.0, 1.0, 0.0, 0.0, 0.0, 0.0, 0.0, 0.0, 0.0, 2.301307996057297e-08, 3.725290298461915e-09, 2.9802322387695312e-08, 0.0, 2.9802322387695312e-08, 7.140308487247769e-09, 0.0, 0.0, 1.2618613883069909e-08, 0.0, 0.0, 0.0, 0.0, 0.0, 2.0862270771168665e-08, 0.0, 1.1601664745050982e-08, 0.0, 0.0, 0.0, 0.0, 0.0, 1.5920380154761127e-08, 0.0, 0.0, 0.0, 0.0, 0.0, 0.0, 0.0, 6.511844654235244e-09, 0.0, 0.0, 0.0, 0.0, 0.0, 2.326158526560953e-08, 0.0, 3.725290298461914e-09, 0.0, 0.0, 0.0, 1.1677949592415904e-08, 3.779387207041941e-08, 0.0], [0.0, 0.0, 0.0, 0.0, 0.0, 0.0, 0.0, 0.0, 0.0, 0.0, 0.0, 0.0, 0.0, 0.0, 0.0, 0.0, 0.0, 0.0, 0.0, 0.0, 0.0, 0.0, 0.0, 0.0, 0.0, 0.0, 0.0, 0.0, 0.0, 0.0, 0.0, 0.0, 1.0, 0.0, 0.0, 0.0, 0.0, 0.0, 0.0, 0.0, 0.0, 0.0, 0.0, 0.0, 0.0, 0.0, 0.0, 0.0, 0.0, 0.0, 0.0, 0.0, 0.0, 0.0, 0.0, 0.0, 0.0, 0.0, 0.0, 0.0, 0.0, 0.0, 0.0, 0.0, 0.0, 0.0, 0.0, 0.0, 0.0, 0.0, 0.0, 0.0, 0.0, 0.0, 0.0, 0.0, 0.0, 0.0, 0.0, 0.0, 0.0, 0.0, 0.0, 0.0], [0.0, 0.0, 0.0, 6.207565275563779e-10, 0.0, 0.0, 0.0, 0.0, 0.0, 2.940057263712068e-10, 0.0, 6.939146257037612e-10, 0.0, 0.0, 0.0, 0.0, 0.0, 8.932199654005975e-10, 1.455191522836685e-11, 2.0551182942202787e-10, 0.0, 0.0, 1.4551915228366852e-11, 0.0, 0.0, 0.0, 0.0, 7.174588175127112e-10, 0.0, 1.9383968918853969e-10, 0.0, 0.0, 0.0, 1.0, 0.0, 0.0, 0.0, 0.0, 0.0, 4.713230189388709e-10, 0.0, 1.455191522836685e-11, 0.0, 0.0, 1.205441524890979e-09, 1.436812309878673e-11, 5.7195863178181434e-11, 0.0, 0.0, 0.0, 0.0, 0.0, 1.4551915228366852e-11, 8.635407560089941e-10, 0.0, 0.0, 0.0, 0.0, 0.0, 1.822731890366166e-09, 4.919362198569059e-10, 4.431175878599613e-10, 0.0, 1.875354138165359e-09, 0.0, 0.0, 0.0, 0.0, 0.0, 9.337434749117986e-10, 0.0, 0.0, 0.0, 0.0, 0.0, 4.757074847564452e-10, 0.0, 6.489848634586611e-10, 0.0, 0.0, 0.0, 0.0, 3.527191802058618e-11, 0.0], [0.0, 0.0, 0.0, 0.0, 0.0, 0.0, 0.0, 0.0, 0.0, 0.0, 0.0, 0.0, 0.0, 0.0, 0.0, 0.0, 0.0, 0.0, 0.0, 0.0, 0.0, 0.0, 0.0, 0.0, 0.0, 0.0, 0.0, 0.0, 0.0, 0.0, 0.0, 0.0, 0.0, 0.0, 1.0, 0.0, 0.0, 0.0, 0.0, 0.0, 0.0, 0.0, 0.0, 0.0, 0.0, 0.0, 0.0, 0.0, 0.0, 0.0, 0.0, 0.0, 0.0, 0.0, 0.0, 0.0, 0.0, 0.0, 0.0, 0.0, 0.0, 0.0, 0.0, 0.0, 0.0, 0.0, 0.0, 0.0, 0.0, 0.0, 0.0, 0.0, 0.0, 0.0, 0.0, 0.0, 0.0, 0.0, 0.0, 0.0, 0.0, 0.0, 0.0, 0.0], [0.0, 0.0, 0.0, 0.0, 0.0, 0.0, 0.0, 0.0, 0.0, 0.0, 0.0, 0.0, 0.0, 0.0, 0.0, 0.0, 0.0, 0.0, 0.0, 0.0, 0.0, 0.0, 0.0, 0.0, 0.0, 0.0, 0.0, 0.0, 0.0, 0.0, 0.0, 0.0, 0.0, 0.0, 0.0, 1.0, 0.0, 0.0, 0.0, 0.0, 0.0, 0.0, 0.0, 0.0, 0.0, 0.0, 0.0, 0.0, 0.0, 0.0, 0.0, 0.0, 0.0, 0.0, 0.0, 0.0, 0.0, 0.0, 0.0, 0.0, 0.0, 0.0, 0.0, 0.0, 0.0, 0.0, 0.0, 0.0, 0.0, 0.0, 0.0, 0.0, 0.0, 0.0, 0.0, 0.0, 0.0, 0.0, 0.0, 0.0, 0.0, 0.0, 0.0, 0.0], [0.0, 0.0, 0.0, 0.0, 0.0, 0.0, 0.0, 0.0, 0.0, 0.0, 0.0, 0.0, 0.0, 0.0, 0.0, 0.0, 0.0, 0.0, 0.0, 0.0, 0.0, 0.0, 0.0, 0.0, 0.0, 0.0, 0.0, 0.0, 0.0, 0.0, 0.0, 0.0, 0.0, 0.0, 0.0, 0.0, 1.0, 0.0, 0.0, 0.0, 0.0, 0.0, 0.0, 0.0, 0.0, 0.0, 0.0, 0.0, 0.0, 0.0, 0.0, 0.0, 0.0, 0.0, 0.0, 0.0, 0.0, 0.0, 0.0, 0.0, 0.0, 0.0, 0.0, 0.0, 0.0, 0.0, 0.0, 0.0, 0.0, 0.0, 0.0, 0.0, 0.0, 0.0, 0.0, 0.0, 0.0, 0.0, 0.0, 0.0, 0.0, 0.0, 0.0, 0.0], [0.0, 0.0, 0.0, 0.0, 0.0, 0.0, 0.0, 0.0, 0.0, 0.0, 0.0, 0.0, 0.0, 0.0, 0.0, 0.0, 0.0, 0.0, 0.0, 0.0, 0.0, 0.0, 0.0, 0.0, 0.0, 0.0, 0.0, 0.0, 0.0, 0.0, 0.0, 0.0, 0.0, 0.0, 0.0, 0.0, 0.0, 1.0, 0.0, 0.0, 0.0, 0.0, 0.0, 0.0, 0.0, 0.0, 0.0, 0.0, 0.0, 0.0, 0.0, 0.0, 0.0, 0.0, 0.0, 0.0, 0.0, 0.0, 0.0, 0.0, 0.0, 0.0, 0.0, 0.0, 0.0, 0.0, 0.0, 0.0, 0.0, 0.0, 0.0, 0.0, 0.0, 0.0, 0.0, 0.0, 0.0, 0.0, 0.0, 0.0, 0.0, 0.0, 0.0, 0.0], [0.0, 0.0, 0.0, 0.0, 0.0, 0.0, 0.0, 0.0, 0.0, 0.0, 0.0, 0.0, 0.0, 0.0, 0.0, 0.0, 0.0, 0.0, 0.0, 0.0, 0.0, 0.0, 0.0, 0.0, 0.0, 0.0, 0.0, 0.0, 0.0, 0.0, 0.0, 0.0, 0.0, 0.0, 0.0, 0.0, 0.0, 0.0, 1.0, 0.0, 0.0, 0.0, 0.0, 0.0, 0.0, 0.0, 0.0, 0.0, 0.0, 0.0, 0.0, 0.0, 0.0, 0.0, 0.0, 0.0, 0.0, 0.0, 0.0, 0.0, 0.0, 0.0, 0.0, 0.0, 0.0, 0.0, 0.0, 0.0, 0.0, 0.0, 0.0, 0.0, 0.0, 0.0, 0.0, 0.0, 0.0, 0.0, 0.0, 0.0, 0.0, 0.0, 0.0, 0.0], [0.0, 0.003679062087399539, 0.0, 0.5373575407123299, 0.0, 0.0, 0.0, 0.0, 0.0077317645893434945, 0.4646205639565748, 0.023417511249529996, 0.1489125742360591, 3.150768151908849e-10, 0.0, 0.34792910840266045, 0.0, 0.0, 0.4766637973440708, 0.5133987630032251, 0.708820405391565, 0.02627096916260837, 0.00017188886599244153, 3.253907165344265e-11, 0.0, 8.45879456132657e-05, 3.9673597660506844e-05, 0.006030585424937714, 0.3306497326371366, 0.0, 0.21670945678715547, 0.0, 2.301307996057297e-08, 0.0, 4.713230189388709e-10, 0.0, 0.0, 0.0, 0.0, 0.0, 1.0, 0.0257867045390872, 0.0009389327377736084, 0.0, 0.10482686877690418, 0.38637491876382063, 0.009071855808034397, 1.7156244075083532e-05, 6.0947026750964804e-05, 0.0, 0.0, 0.0009825539727693923, 1.570116441124043e-05, 1.5167459952507598e-10, 0.3028015742584824, 0.07929221737865093, 0.294578259161429, 0.0, 2.0713193601087134e-08, 0.0, 9.545304509978292e-07, 0.00013555581999085764, 0.6381725377306651, 0.0, 8.513665323263344e-10, 0.0, 0.0, 1.2492388570321272e-06, 2.1235244386228845e-10, 0.0, 0.5882479168608705, 1.2033334124451538e-06, 0.0, 7.549969903855946e-11, 1.0666079182264246e-06, 0.0, 0.1992961434946264, 0.0, 0.08361299780249035, 3.672471116814482e-10, 0.0, 0.025786697144591544, 0.3185543372665363, 0.3824747990397977, 0.0], [0.0, 0.0, 0.0, 0.009926100955370023, 0.0, 0.0, 0.0, 0.0, 0.0, 0.025951350197712005, 0.00390625, 0.011655918556199064, 0.0, 0.0, 0.02284551608248327, 0.0, 0.0, 0.02874054179332009, 0.037933972955841354, 0.01954177950467474, 0.01171875, 0.0, 0.0, 0.0, 0.0, 0.0, 0.003906249999999999, 0.003906249999999999, 0.0, 0.014603713855313583, 0.0, 3.725290298461915e-09, 0.0, 0.0, 0.0, 0.0, 0.0, 0.0, 0.0, 0.0257867045390872, 1.0, 0.0, 0.0, 0.0, 0.017238936493211243, 0.0, 0.0, 7.582251813360812e-09, 0.0, 0.0, 0.0, 0.0, 0.0, 0.02489142143330386, 0.0, 0.005229741297744837, 0.0, 0.0, 0.0, 0.0, 0.0, 0.004634828686124465, 0.0, 0.0, 0.0, 0.0, 0.0, 0.0, 0.0, 0.016160745703908474, 0.0, 0.0, 0.0, 0.0, 0.0, 0.011652047965332642, 0.0, 0.03125000558793545, 0.0, 0.0, 0.046875, 0.00916545064459398, 0.02996678421443469, 0.0], [0.0, 0.0002712799472499504, 0.0, 6.419952382436421e-05, 0.0, 0.0, 0.0, 0.0, 0.000244140625, 0.0010365281928719986, 0.0002468847145367917, 0.000320254927323954, 0.0, 0.0, 2.9802322387695312e-08, 0.0, 0.0, 0.00040255927095816805, 3.7799238784638724e-05, 4.641958912070949e-05, 1.1357742752155702e-05, 4.726394729049248e-05, 7.275957614183426e-11, 0.0, 0.0, 4.765485567798052e-07, 0.00024414062499999997, 0.0003309277245166351, 0.0, 0.0009770316265291503, 0.0, 2.9802322387695312e-08, 0.0, 1.455191522836685e-11, 0.0, 0.0, 0.0, 0.0, 0.0, 0.0009389327377736084, 0.0, 1.0, 0.0, 2.9802322387695312e-08, 4.0869932127968864e-05, 0.00025468064830873576, 1.1350397697691092e-05, 4.763713316198176e-05, 0.0, 0.0, 0.0009765625, 3.051757812500001e-05, 1.3096723705530164e-10, 0.0010195832377436736, 0.0, 0.0010289976551935594, 0.0, 0.0, 0.0, 1.907363184727728e-06, 0.0, 0.00024313897817625975, 0.0, 2.5465851649641996e-10, 0.0, 0.0, 0.0, 0.0, 0.0, 9.035935956154058e-05, 6.746330852587258e-11, 0.0, 9.253764418919064e-11, 0.0, 0.0, 0.0010226799172825206, 0.0, 0.0003592593297241693, 0.0, 0.0, 7.275957614183424e-12, 2.307135895346464e-05, 0.0008425860556644171, 0.0], [0.0, 0.0, 0.0, 0.0, 0.0, 0.0, 0.0, 0.0, 0.0, 0.0, 0.0, 0.0, 0.0, 0.0, 0.0, 0.0, 0.0, 0.0, 0.0, 0.0, 0.0, 0.0, 0.0, 0.0, 0.0, 0.0, 0.0, 0.0, 0.0, 0.0, 0.0, 0.0, 0.0, 0.0, 0.0, 0.0, 0.0, 0.0, 0.0, 0.0, 0.0, 0.0, 1.0, 0.0, 0.0, 0.0, 0.0, 0.0, 0.0, 0.0, 0.0, 0.0, 0.0, 0.0, 0.0, 0.0, 0.0, 0.0, 0.0, 0.0, 0.0, 0.0, 0.0, 0.0, 0.0, 0.0, 0.0, 0.0, 0.0, 0.0, 0.0, 0.0, 0.0, 0.0, 0.0, 0.0, 0.0, 0.0, 0.0, 0.0, 0.0, 0.0, 0.0, 0.0], [0.0, 0.0, 0.0, 0.03374300964291334, 0.0, 0.0, 0.0, 0.0, 0.0001053653572354314, 6.105235603471538e-05, 0.000244140625, 0.05819181826455064, 0.0, 0.0, 4.470348358154296e-08, 0.0, 0.0, 0.08726255813957517, 0.003768130645585034, 0.04039443022138525, 2.2351741790771484e-08, 0.000244140625, 0.0, 0.0, 0.000225178462943305, 6.02793756365708e-08, 6.103515625000001e-05, 0.04151047225768538, 0.0, 0.007604905200683067, 0.0, 2.9802322387695312e-08, 0.0, 0.0, 0.0, 0.0, 0.0, 0.0, 0.0, 0.10482686877690418, 0.0, 2.9802322387695312e-08, 0.0, 1.0, 0.06327282657797764, 0.035169219358793656, 0.0, 5.082523343162873e-08, 0.0, 0.0, 6.1035156249999986e-05, 0.0, 0.0, 0.013930989537029311, 0.0, 0.09610832859747244, 0.0, 1.4901161193847653e-08, 0.0, 0.0, 6.123639231025634e-05, 0.06802242665976603, 0.0, 0.0, 0.0, 0.0, 0.0, 0.0, 0.0, 0.041467786603177854, 0.0, 0.0, 0.0, 0.0, 0.0, 0.02352561376630873, 0.0, 0.045067373227909796, 0.0, 0.0, 0.0, 2.1767103286625757e-08, 0.05038974029646072, 0.0], [0.0, 0.005977828613679236, 0.0, 0.33195453697336735, 0.0, 0.0, 0.0, 0.0, 0.006628191762226093, 0.47461655668801617, 0.020035113352920887, 0.5712829945476855, 6.832792203880438e-10, 0.0, 0.13305107722505455, 0.0, 0.0, 0.41050058163613756, 0.36113087409649125, 0.3066407092673886, 0.03053768608492457, 0.000479494836790083, 6.85455165784974e-12, 0.0, 0.0002720293280465424, 5.739412300862874e-05, 0.005061540595323299, 0.8437752616360543, 0.0, 0.38449525740914997, 0.0, 7.140308487247769e-09, 0.0, 1.205441524890979e-09, 0.0, 0.0, 0.0, 0.0, 0.0, 0.38637491876382063, 0.017238936493211243, 4.0869932127968864e-05, 0.0, 0.06327282657797764, 1.0, 0.03534095660362705, 4.511978453585886e-06, 4.2270769477351317e-05, 0.0, 0.0, 0.00013647875839232116, 2.462376496764766e-05, 5.018517773285954e-10, 0.4031772098690618, 0.1014656137604395, 0.2354499356838115, 0.0, 1.8520264795972992e-08, 0.0, 4.310030921272008e-06, 0.00040507263398507866, 0.3990335246892385, 0.0, 1.557307468064007e-09, 0.0, 0.0, 1.0646704015318397e-06, 2.211418455332718e-10, 0.0, 0.3932865636924434, 7.097479015684314e-07, 0.0, 5.118354885705213e-10, 5.723142706680156e-07, 0.0, 0.2373981841519686, 0.0, 0.13183522658584856, 3.604426552992668e-10, 0.0, 0.017238931548860876, 0.20760146690269762, 0.5621246847298553, 0.0], [0.0, 0.003861963832084435, 0.0, 0.12275994249866636, 0.0, 0.0, 0.0, 0.0, 0.0015600030016664358, 0.0012438043832232227, 0.0002556434371178708, 0.006674713156628273, 0.0, 0.0, 0.0019575030156710016, 0.0, 0.0, 0.01933736292489102, 0.033354346766767434, 0.025302765847339016, 5.139073884756091e-06, 2.145539818919973e-05, 2.2775003635310885e-11, 0.0, 0.0, 0.0, 0.0013828070605308208, 0.03296321055164117, 0.0, 0.008336215125691349, 0.0, 0.0, 0.0, 1.436812309878673e-11, 0.0, 0.0, 0.0, 0.0, 0.0, 0.009071855808034397, 0.0, 0.00025468064830873576, 0.0, 0.035169219358793656, 0.03534095660362705, 1.0, 2.5696543699865284e-06, 1.6999328500300463e-05, 0.0, 0.0, 0.00024414062499999997, 1.0539939789460394e-05, 5.1878834092044586e-11, 0.015433317029516967, 0.0, 0.03205203747949786, 0.0, 0.0, 0.0, 5.5026854420885365e-12, 0.0, 0.011492266373744633, 0.0, 2.2775003635310885e-11, 0.0, 0.0, 0.0, 0.0, 0.0, 0.0346670599622187, 0.0, 0.0, 0.0, 0.0, 0.0, 0.033611868814955925, 0.0, 0.02435622136816764, 0.0, 0.0, 0.0, 4.496225574188838e-05, 0.0993171259484977, 0.0], [0.0, 9.442943538746277e-06, 0.0, 1.7192212453877418e-05, 0.0, 0.0, 0.0, 0.0, 0.0, 8.32584189213706e-06, 8.673051635051747e-06, 1.3075785611569118e-05, 4.656612873077393e-10, 0.0, 1.2448847501136043e-07, 0.0, 0.0, 1.4072437538442189e-05, 1.4990833497360156e-05, 3.0049864969170433e-05, 3.6523697224069145e-05, 2.345479775024736e-05, 7.599417934082868e-11, 0.0, 0.0, 9.344579543551005e-07, 0.0, 8.228731400076978e-06, 0.0, 2.2495640556492157e-05, 0.0, 0.0, 0.0, 5.7195863178181434e-11, 0.0, 0.0, 0.0, 0.0, 0.0, 1.7156244075083532e-05, 0.0, 1.1350397697691092e-05, 0.0, 0.0, 4.511978453585886e-06, 2.5696543699865284e-06, 1.0, 1.5290883106491306e-05, 0.0, 0.0, 0.0, 9.442943538746275e-06, 5.269299692389828e-10, 1.0229201319494178e-05, 0.0, 1.7943482708192307e-05, 0.0, 0.0, 0.0, 2.8611571510590047e-06, 0.0, 3.800507811860744e-06, 0.0, 7.59941793408287e-11, 0.0, 0.0, 2.9509198558582115e-07, 0.0, 0.0, 2.6283628577515337e-05, 3.7194573774002565e-06, 0.0, 6.465303191320665e-10, 0.0, 0.0, 1.614090066656342e-05, 0.0, 3