"{\"names\": [\"172.217.10.1\", \"104.88.86.240\", \"38.93.140.48\", \"192.168.10.15\", \"104.88.108.223\", \"195.142.105.15\", \"172.217.12.163\", \"206.217.206.48\", \"172.217.6.228\", \"178.255.83.1\", \"74.119.118.82\", \"192.168.10.9\", \"172.217.7.6\", \"35.186.227.40\", \"31.13.71.36\", \"206.126.112.142\", \"151.101.2.49\", \"192.168.10.25\", \"172.217.3.98\", \"192.168.10.16\", \"72.30.202.150\", \"172.217.12.132\", \"50.31.164.173\", \"162.208.20.178\", \"23.15.4.16\", \"216.58.217.99\", \"172.217.6.198\", \"172.217.12.174\", \"169.46.44.40\", \"192.168.10.17\", \"52.84.143.130\", \"104.19.195.102\", \"216.200.232.61\", \"104.97.73.166\", \"152.163.13.79\", \"192.229.163.25\", \"74.119.118.86\", \"54.225.188.92\", \"188.165.145.88\", \"192.168.10.14\", \"8.43.72.98\", \"199.96.57.6\", \"68.67.178.110\", \"104.88.70.158\", \"192.168.10.19\", \"69.172.216.56\", \"157.240.18.35\", \"172.217.11.34\", \"185.54.150.20\", \"69.169.85.7\", \"198.232.124.194\", \"74.119.118.72\", \"172.217.12.134\", \"192.168.10.5\", \"23.111.9.30\", \"192.168.10.8\", \"151.101.66.2\", \"68.67.178.199\", \"213.239.195.215\", \"138.108.7.20\", \"52.84.145.87\", \"192.168.10.50\", \"52.84.145.198\", \"52.40.24.51\", \"212.77.100.137\", \"185.54.150.115\", \"172.217.10.138\", \"152.163.66.165\", \"52.84.137.78\", \"192.168.10.51\", \"68.67.178.109\", \"129.146.14.96\", \"54.152.24.232\", \"172.217.10.33\", \"52.8.229.108\", \"192.168.10.12\", \"64.147.131.201\", \"172.217.12.206\", \"68.67.180.12\", \"172.217.10.134\", \"38.69.238.16\", \"172.217.10.142\", \"192.168.10.3\", \"172.217.6.202\"], \"funcEdges\": [[1.0, 0.0, 0.0, 0.0, 0.0, 0.0, 0.0, 0.0, 0.0, 0.0, 0.0, 0.0, 0.0, 0.0, 0.0, 0.0, 0.0, 0.0, 0.0, 0.0, 0.0, 0.0, 0.0, 0.0, 0.0, 0.0, 0.0, 0.0, 0.0, 0.0, 0.0, 0.0, 0.0, 0.0, 0.0, 0.0, 0.0, 0.0, 0.0, 0.0, 0.0, 0.0, 0.0, 0.0, 0.0, 0.0, 0.0, 0.0, 0.0, 0.0, 0.0, 0.0, 0.0, 0.0, 0.0, 0.0, 0.0, 0.0, 0.0, 0.0, 0.0, 0.0, 0.0, 0.0, 0.0, 0.0, 0.0, 0.0, 0.0, 0.0, 0.0, 0.0, 0.0, 0.0, 0.0, 0.0, 0.0, 0.0, 0.0, 0.0, 0.0, 0.0, 0.0, 0.0], [0.0, 1.0, 0.0, 1.202479978406115e-11, 0.0, 0.0, 0.0, 0.0, 7.765184810542546e-12, 1.3433222769366287e-11, 1.9011646815482087e-12, 6.858647975810718e-12, 0.0, 0.0, 4.968148024656712e-12, 0.0, 0.0, 5.0795944272844155e-12, 8.7852970599398e-12, 5.364399713985853e-12, 2.931475496151259e-15, 2.1642483126779343e-13, 0.0, 0.0, 4.15509909914481e-14, 3.4809342861069267e-14, 1.9390902039111875e-12, 1.3358636633000918e-11, 0.0, 6.926744018291401e-12, 0.0, 0.0, 0.0, 0.0, 0.0, 0.0, 0.0, 0.0, 0.0, 6.85278715081427e-12, 0.0, 5.0529827782875e-13, 0.0, 0.0, 1.1134573470203646e-11, 7.193468198337471e-12, 1.758885297690756e-14, 5.373271695773326e-14, 0.0, 0.0, 4.547473508864641e-13, 1.4210854715202004e-14, 0.0, 1.3210188273953502e-11, 0.0, 8.81332304357641e-12, 0.0, 0.0, 0.0, 0.0, 9.28249142961847e-14, 9.56197255433362e-12, 0.0, 0.0, 0.0, 0.0, 0.0, 0.0, 0.0, 8.687014021143654e-12, 0.0, 0.0, 0.0, 0.0, 0.0, 4.958083888572673e-12, 0.0, 7.842511149118024e-12, 0.0, 0.0, 0.0, 1.672613306277167e-13, 1.5675663255384765e-11, 0.0], [0.0, 0.0, 1.0, 0.16960282552175698, 0.0, 0.15146614498777417, 0.041214209409511544, 0.0, 0.0, 0.22559346130600882, 0.0, 0.16351400455693643, 0.0, 0.5, 0.0, 0.0, 0.0, 0.4447524132796465, 0.0, 0.4496610447310877, 0.0, 0.0, 0.0, 0.0, 0.0, 0.0, 0.0, 0.0, 0.0, 0.4629625263664596, 0.0, 0.1693597341363708, 0.15006126199969522, 0.0, 0.0, 0.0, 0.0, 0.0, 0.12499999999999994, 0.5127774362280002, 0.20217459919091965, 0.025462526366459706, 0.0, 0.0, 0.5234468942155137, 0.0, 0.03484470255726621, 0.18248403882040173, 0.0, 0.0, 0.0, 0.0, 0.0, 0.16733402364961664, 0.0, 0.1329466864940837, 0.0, 0.0, 0.0, 0.025462526366459702, 0.0, 0.059936165679619166, 0.0, 0.0, 0.0, 0.0, 0.0, 0.0, 0.0, 0.1556624624360535, 0.14628364910938785, 0.0, 0.0, 0.0, 0.0, 0.4181916127199513, 0.0, 0.15929965604391816, 0.0, 0.025462526366459706, 0.34412665240093565, 0.035010973753882096, 0.2147131430174344, 0.0], [0.0, 1.202479978406115e-11, 0.16960282552175698, 1.0, 0.0, 0.39244179220733644, 0.1428504484650247, 8.518007035043965e-07, 1.85946897853414e-11, 0.3956724600820588, 0.018653201866836826, 0.5584465549823099, 0.0006506710469154416, 0.13987644437519792, 0.0010555525261571575, 0.0, 0.016102714945979868, 0.11401376861841675, 6.216629333739422e-05, 0.4684016628469357, 0.0002549496150132403, 0.0008703669229629903, 0.0005089173241751073, 0.0, 0.037872345393598, 9.837443781732906e-14, 6.377172271924245e-05, 3.130981359624463e-10, 0.23573195891014212, 0.38433905995778495, 0.001207608232766498, 0.2176450972626747, 0.13453384224321072, 0.013671875, 0.0, 0.0, 5.821840376053486e-06, 0.027868199031209896, 0.19266611242338827, 0.29205869660001116, 0.18481493872463672, 0.06251128149756001, 0.000579470242126093, 6.285125323182594e-11, 0.23831851307631885, 0.00016958892423150286, 0.09181043631373373, 0.30944641032452225, 3.715288036450269e-09, 0.0, 0.24396995261318907, 0.013634617435768508, 8.388307561185465e-19, 0.23473156894002287, 1.893563852202639e-10, 0.3707646760497122, 0.0, 4.1583196041189137e-07, 0.0, 0.08103056381944262, 1.1793585238899118e-12, 0.5626610874055243, 0.0, 0.0005452358534902646, 0.09535918739866713, 4.1909515857696525e-09, 0.0015090289462545334, 2.5654679341692084e-19, 0.006987429634364687, 0.6075508726026695, 0.14495868482127958, 0.0, 1.209526781473343e-18, 0.00016198457097448923, 0.0, 0.270145706100152, 5.309943410497956e-08, 0.5183745327589966, 2.522173095331683e-19, 0.02154076685448112, 0.39134297833428655, 0.13472907407530993, 0.4903287801023413, 0.0], [0.0, 0.0, 0.0, 0.0, 1.0, 0.0, 0.0, 0.0, 0.0, 0.0, 0.0, 0.0, 0.0, 0.0, 0.0, 0.0, 0.0, 0.0, 0.0, 0.0, 0.0, 0.0, 0.0, 0.0, 0.0, 0.0, 0.0, 0.0, 0.0, 0.0, 0.0, 0.0, 0.0, 0.0, 0.0, 0.0, 0.0, 0.0, 0.0, 0.0, 0.0, 0.0, 0.0, 0.0, 0.0, 0.0, 0.0, 0.0, 0.0, 0.0, 0.0, 0.0, 0.0, 0.0, 0.0, 0.0, 0.0, 0.0, 0.0, 0.0, 0.0, 0.0, 0.0, 0.0, 0.0, 0.0, 0.0, 0.0, 0.0, 0.0, 0.0, 0.0, 0.0, 0.0, 0.0, 0.0, 0.0, 0.0, 0.0, 0.0, 0.0, 0.0, 0.0, 0.0], [0.0, 0.0, 0.15146614498777417, 0.39244179220733644, 0.0, 1.0, 0.07820178304151801, 0.0, 0.0, 0.48207982715729564, 0.009905667589151856, 0.13715162129844607, 0.0005615031355842269, 0.12499999999999996, 0.0009237671658567248, 0.0, 0.007198842496605176, 0.36033789646574, 0.0, 0.26488890413063687, 0.0004934483912499135, 0.001838052901532067, 0.0, 0.0, 0.027434488974980985, 0.0, 0.0, 0.0, 0.08068715304598785, 0.4326495868065705, 0.0021464953404934893, 0.12611687053089038, 0.15006126199969522, 0.010430065671327902, 0.0, 0.0, 0.0, 0.02436806117618831, 0.17427741111816547, 0.2582222563105935, 0.45118169695071025, 0.05249202836723625, 0.0, 0.0, 0.2347171412215704, 0.0, 0.0800042343606038, 0.3244099288577529, 0.0, 0.0, 0.25289919055339516, 0.2186973732295407, 0.0, 0.587923842767181, 0.0, 0.4759931113121879, 0.0, 0.0, 0.0, 0.07997246775079715, 0.0, 0.3414290469158482, 0.0, 0.0003683128886759629, 0.06081237142678478, 0.0, 0.0008640884972004992, 0.0, 0.010231043868243186, 0.30994093098814207, 0.22697080215537566, 0.0, 0.0, 0.0, 0.0, 0.31832196925655976, 0.0, 0.12683923489266857, 0.0, 0.0240363318038039, 0.2617482060081732, 0.023525277012634162, 0.25822337229715797, 0.0], [0.0, 0.0, 0.041214209409511544, 0.1428504484650247, 0.0, 0.07820178304151801, 1.0, 2.9802322387695312e-08, 0.0, 0.15356689271065466, 0.007167206137508784, 0.09659603722204956, 7.523348689418041e-05, 0.0, 1.5672862061891982e-05, 0.0, 0.004115634338112804, 0.11667043927015762, 2.1301372695803308e-05, 0.1323964669899407, 0.0, 6.038877089050359e-05, 0.00047530254140520044, 0.0, 0.01668295944945236, 0.0, 2.5240432940123363e-05, 0.0, 0.0, 0.1789084018817123, 1.7881393432617188e-07, 0.004761466348580392, 1.1920928955078128e-07, 0.01217911527549397, 0.0, 0.0, 7.190066566527523e-10, 0.02030058934495728, 0.04273712008938635, 0.137625875229407, 0.10304879010875889, 0.031870086332708464, 0.00046320020048232365, 0.0, 0.10111139576668217, 0.0001483598863611438, 0.07998658767092698, 0.1357337366576204, 3.7094465282573413e-09, 0.0, 0.059054115275493965, 3.6660516322779365e-09, 0.0, 0.09152184322769959, 0.0, 0.17263742053839454, 0.0, 0.0, 0.0, 0.06874782183352258, 0.0, 0.10493912404437875, 0.0, 0.0, 0.04837163033786033, 5.57873339914257e-09, 0.0, 0.0, 0.004755434782608696, 0.1513715217838501, 3.7007818096562437e-09, 0.0, 0.0, 0.00016747908705323127, 0.0, 0.08994462130154098, 5.0212472429177425e-08, 0.02656491912596395, 0.0, 0.07341048170816247, 0.06765579786990188, 0.05193965029197681, 0.1010383828073411, 0.0], [0.0, 0.0, 0.0, 8.518007035043965e-07, 0.0, 0.0, 2.9802322387695312e-08, 1.0, 0.0, 5.64551828880188e-07, 5.932534156934047e-07, 7.031307610955771e-07, 0.0, 0.0, 0.0, 0.0, 0.0, 5.624478963837716e-07, 1.832850777510882e-07, 4.295750715450513e-07, 0.0, 0.0, 0.0, 0.0, 4.429316123810138e-07, 0.0, 1.1324882507324217e-06, 0.0, 0.0, 5.917918742870772e-07, 2.980232238769531e-08, 0.0, 3.655066626518349e-07, 0.0, 0.0, 0.0, 0.0, 0.0, 0.0, 1.509292989615095e-06, 0.0, 2.0414472999271e-08, 0.0, 0.0, 5.630234410140395e-07, 0.0, 1.1324882507324217e-06, 0.0, 0.0, 0.0, 0.0, 0.0, 0.0, 6.481491598231989e-07, 0.0, 2.975526343885137e-07, 0.0, 0.0, 0.0, 1.1324882507324217e-06, 0.0, 8.743393470832821e-07, 0.0, 0.0, 2.160689626623857e-07, 0.0, 0.0, 0.0, 0.0, 5.432245092407213e-07, 0.0, 0.0, 0.0, 0.0, 0.0, 1.1549941474108489e-06, 0.0, 0.0, 0.0, 0.0, 0.0, 4.470348358154296e-07, 3.796694038458276e-07, 0.0], [0.0, 7.765184810542546e-12, 0.0, 1.85946897853414e-11, 0.0, 0.0, 0.0, 0.0, 1.0, 1.0238412901424453e-11, 2.077925821281189e-12, 1.42646207464594e-11, 0.0, 0.0, 1.488298519384218e-11, 0.0, 0.0, 1.075947256546181e-11, 8.419686823248824e-12, 1.1912978687412558e-11, 0.0, 4.92868192724742e-13, 0.0, 0.0, 4.989983363476677e-13, 2.2626072859695024e-13, 3.0927433660435132e-12, 1.1637610579048643e-11, 0.0, 7.559176615524908e-12, 0.0, 0.0, 0.0, 0.0, 0.0, 0.0, 0.0, 0.0, 0.0, 1.4401533807336343e-11, 0.0, 4.547473508864641e-13, 0.0, 1.9625827155156322e-13, 1.2345969234083022e-11, 2.905732023839719e-12, 0.0, 0.0, 0.0, 0.0, 5.463345442771936e-13, 0.0, 0.0, 3.5628269466213274e-12, 0.0, 1.5638936245726845e-11, 0.0, 0.0, 0.0, 0.0, 3.1569593912479894e-13, 9.598741243720599e-12, 0.0, 0.0, 0.0, 0.0, 0.0, 0.0, 0.0, 1.2326436952230734e-11, 0.0, 0.0, 0.0, 0.0, 0.0, 1.9055830253289108e-11, 0.0, 5.5213727691785055e-12, 0.0, 0.0, 0.0, 0.0, 8.943152633828564e-12, 0.0], [0.0, 1.3433222769366287e-11, 0.22559346130600882, 0.3956724600820588, 0.0, 0.48207982715729564, 0.15356689271065466, 5.64551828880188e-07, 1.0238412901424453e-11, 1.0, 0.005468066337496327, 0.33262420016935546, 0.0010192911621676982, 0.20244408254472895, 0.0004174103720171824, 0.0, 0.01647019614671031, 0.16508353259735742, 1.74830127066781e-05, 0.2989143450893203, 9.105630199378862e-05, 0.0005668507577971388, 0.00014313950311171773, 0.0, 0.01890149351550823, 1.1133369016478832e-13, 5.3639557177920236e-05, 7.215690229139303e-10, 0.004005258350700009, 0.6101841396637304, 0.0004995341094356835, 0.3005275837348618, 0.479347092770392, 0.03221080739224545, 0.0, 0.0, 1.504689287474147e-06, 0.014270190416441092, 0.27430442122996423, 0.5296203673102315, 0.38087210060640037, 0.02517101657209016, 0.00025099588609086854, 1.1371887481718395e-13, 0.3453767407141537, 0.00033205694960599253, 0.16266185885030554, 0.524444836544677, 1.4600998020652294e-09, 0.0, 0.28755945691416324, 0.026642142926144037, 4.446387538666409e-19, 0.4451229056197148, 4.893300958317688e-12, 0.40189838179530246, 0.0, 5.288343289032832e-07, 0.0, 0.15995211597826012, 8.999493973604035e-13, 0.401653621467995, 0.0, 3.848188237801543e-05, 0.05665714404313812, 2.166277350325019e-09, 0.001953125000002029, 3.958946578442785e-19, 0.014884729327697202, 0.43407333968100503, 0.2754438177541621, 0.0, 3.613268863920984e-19, 0.0002738338123301568, 0.0, 0.5913387889461152, 4.4550696992687153e-08, 0.22637172043165607, 7.989120017064303e-19, 0.03881096265055384, 0.46773520539805913, 0.28468182914259554, 0.36255408939093053, 0.0], [0.0, 1.9011646815482087e-12, 0.0, 0.018653201866836826, 0.0, 0.009905667589151856, 0.007167206137508784, 5.932534156934047e-07, 2.077925821281189e-12, 0.005468066337496327, 1.0, 6.089633914076585e-07, 5.220940690724497e-05, 0.0, 6.10351949180851e-05, 0.0, 0.0038894835685862176, 0.011408006412769131, 2.4856334018962076e-07, 0.008906219319500372, 7.30008932138198e-12, 5.639421859861278e-13, 0.0, 0.0, 0.007904881090591374, 7.280358933933321e-14, 5.519948819949596e-07, 9.184003635154803e-12, 0.0, 0.004322297193446613, 0.0, 0.003906249999999999, 2.3257166149854934e-07, 0.0, 0.0, 0.0, 0.0, 0.00813150781041458, 0.0, 0.004546855543005235, 7.275957614183426e-12, 6.103515670985862e-05, 0.0, 4.547473508864641e-13, 0.005347837221164332, 4.761730080803313e-13, 0.006501201732513418, 0.00926787975007564, 0.0, 0.0, 5.684341886080801e-13, 4.87428295464579e-15, 0.0, 0.008791051712275707, 0.0, 0.015374403325121988, 0.0, 0.0, 0.0, 5.519870393795136e-07, 1.9673138703284455e-13, 0.007682584258013288, 0.0, 0.0, 0.0039064884185791, 0.0, 1.311608881429229e-15, 0.0, 0.003906249999999999, 0.008190082633363207, 6.9279115347590005e-15, 0.0, 0.0, 6.103515625163334e-05, 0.0, 0.006982133595214183, 0.0, 9.98855069352041e-13, 0.0, 0.0, 7.275957614183428e-12, 0.003907320888110754, 0.009450363343305361, 0.0], [0.0, 6.858647975810718e-12, 0.16351400455693643, 0.5584465549823099, 0.0, 0.13715162129844607, 0.09659603722204956, 7.031307610955771e-07, 1.42646207464594e-11, 0.33262420016935546, 6.089633914076585e-07, 1.0, 0.000599155688502906, 0.12499999999999996, 0.0005918164679804072, 0.0, 0.0, 0.12588335684319474, 3.4508166560978154e-05, 0.46692730604835303, 6.667475942190423e-05, 0.0008359946580059962, 0.00012446044551400718, 0.0, 0.00013961663675202119, 1.7630841184393652e-13, 5.249819046027765e-05, 1.0625242436276004e-09, 0.0, 0.20611679229721028, 0.001686210803482379, 0.2070177337453117, 0.04287624117894307, 1.292516711547526e-18, 0.0, 0.0, 3.8135864620009652e-06, 0.0, 0.15143862515130532, 0.2639600868329737, 0.23073102889190755, 0.02092743320630521, 0.00019852159116756293, 1.0839070801539465e-10, 0.22568667390194375, 0.00037112984480547605, 0.16225454595366473, 0.1969008603826197, 1.076082307425822e-09, 0.0, 0.05849991209279667, 0.0007095856100159567, 8.634164277235751e-19, 0.20409062864047112, 2.9339255177511863e-10, 0.30324889482384326, 0.0, 3.8925316883279906e-07, 0.0, 0.1133360170369033, 5.454771698268655e-13, 0.5059363685368833, 0.0, 0.0009749349851197297, 0.028022098319202875, 1.524975133155707e-09, 0.0018216813171517505, 1.4755940502340204e-18, 0.0, 0.566192080660297, 0.14628365029817908, 0.0, 9.557227607173326e-19, 0.00012560740707502808, 0.0, 0.19594041978993199, 3.3870012716714495e-08, 0.5622197460653116, 1.6549675641572804e-18, 0.018991586869702697, 0.4683219382454508, 0.06278513575383275, 0.367171624107361, 0.0], [0.0, 0.0, 0.0, 0.0006506710469154416, 0.0, 0.0005615031355842269, 7.523348689418041e-05, 0.0, 0.0, 0.0010192911621676982, 5.220940690724497e-05, 0.000599155688502906, 1.0, 0.0, 0.00026851409080301634, 0.0, 0.0, 0.000658242251200673, 6.410300179616663e-05, 0.0009528659018231055, 0.00037872254621306936, 3.729317912013343e-06, 0.00012404205270887604, 0.0, 0.0002482884920073436, 0.0, 5.351253022840209e-05, 2.0356598828252518e-18, 0.0, 0.0007299404947261343, 0.0002813310350088046, 1.7649337194015467e-05, 0.0, 0.0, 0.0, 0.0, 0.0, 0.0, 0.0, 0.0006249880303438761, 0.0, 0.0005469234012937456, 0.00017690134072224185, 0.0, 0.0007935588700298377, 0.0003166514286917351, 0.0009133444970652223, 0.0002813310350088046, 0.0, 0.0, 0.0, 0.0, 8.673617379884035e-19, 0.0006884591667643441, 0.0, 0.0004353618119383506, 0.0, 4.868860517778547e-19, 0.0, 6.311404713808809e-05, 4.336808689942017e-19, 0.0009027016913287057, 0.0, 0.00022729807915108731, 0.001455274770831858, 0.0, 0.0, 4.3368086899420173e-19, 0.0, 0.0006644154347312692, 0.0, 0.0, 8.673617379884035e-19, 0.000296638637229115, 0.0, 0.0015981800288140538, 0.0, 4.3368086899420173e-19, 9.761447399300238e-19, 0.0002813310350088046, 0.0, 0.00044525552787428945, 0.000593843367114555, 0.0], [0.0, 0.0, 0.5, 0.13987644437519792, 0.0, 0.12499999999999996, 0.0, 0.0, 0.0, 0.20244408254472895, 0.0, 0.12499999999999996, 0.0, 1.0, 0.0, 0.0, 0.0, 0.3856149436398494, 0.0, 0.4337638086178545, 0.0, 0.0, 0.0, 0.0, 0.0, 0.0, 0.0, 0.0, 0.0, 0.43750000000000006, 0.0, 0.1693597341363708, 0.15006126199969524, 0.0, 0.0, 0.0, 0.0, 0.0, 0.12499999999999999, 0.49344197463547385, 0.18188320931713797, 0.0, 0.0, 0.0, 0.49880965636998803, 0.0, 0.0, 0.16350174282010962, 0.0, 0.0, 0.0, 0.0, 0.0, 0.12870790707659222, 0.0, 0.12232502305975047, 0.0, 0.0, 0.0, 0.0, 0.0, 0.01604117528942492, 0.0, 0.0, 0.0, 0.0, 0.0, 0.0, 0.0, 0.12499999999999996, 0.14628364910938785, 0.0, 0.0, 0.0, 0.0, 0.39223227027636803, 0.0, 0.12499999999999996, 0.0, 0.0, 0.3061862178478973, 0.0, 0.1920061442949277, 0.0], [0.0, 4.968148024656712e-12, 0.0, 0.0010555525261571575, 0.0, 0.0009237671658567248, 1.5672862061891982e-05, 0.0, 1.488298519384218e-11, 0.0004174103720171824, 6.10351949180851e-05, 0.0005918164679804072, 0.00026851409080301634, 0.0, 1.0, 0.0, 0.0, 0.001436709168196535, 2.7591795774097727e-05, 0.0006476535838378504, 2.4113494418983655e-11, 0.0006855531604878398, 1.3111120474686383e-05, 0.0, 3.248176003357998e-05, 2.433247371676059e-15, 2.771755086480261e-05, 1.3598656941573264e-10, 0.0, 5.1102490301227535e-05, 0.0005790303332827843, 3.051757812508327e-05, 0.0, 0.0, 0.0, 0.0, 0.0, 0.0, 0.0005790303332827842, 0.0009204178515203189, 4.255308971271528e-11, 0.00013231887949213104, 2.5603871351575747e-05, 8.326672684688673e-17, 0.00025022577738245357, 3.646133496744561e-12, 0.00116774968443429, 0.0014186432777609783, 8.828407215327369e-10, 0.0, 0.0008685454999241766, 0.0005790314258889341, 0.0, 0.00036690076277714405, 1.1641532182693481e-10, 0.000718634859203893, 0.0, 2.7755575615628907e-17, 0.0, 1.5258789062499998e-05, 0.0, 0.001826156941762428, 0.0, 0.0, 0.00020826890015676145, 9.313225746154787e-10, 0.00019301011109594489, 0.0, 0.0, 0.0021475760843440526, 1.0134786136122581e-09, 0.0, 0.0, 9.155273437624255e-05, 0.0, 0.0017670907352962694, 9.313225746154785e-10, 1.9323132024029173e-11, 0.0, 0.00019301011109426142, 4.2553079304374423e-11, 0.0008297024358096226, 0.0015550558904631783, 0.0], [0.0, 0.0, 0.0, 0.0, 0.0, 0.0, 0.0, 0.0, 0.0, 0.0, 0.0, 0.0, 0.0, 0.0, 0.0, 1.0, 0.0, 0.0, 0.0, 0.0, 0.0, 0.0, 0.0, 0.0, 0.0, 0.0, 0.0, 0.0, 0.0, 0.0, 0.0, 0.0, 0.0, 0.0, 0.0, 0.0, 0.0, 0.0, 0.0, 0.0, 0.0, 0.0, 0.0, 0.0, 0.0, 0.0, 0.0, 0.0, 0.0, 0.0, 0.0, 0.0, 0.0, 0.0, 0.0, 0.0, 0.0, 0.0, 0.0, 0.0, 0.0, 0.0, 0.0, 0.0, 0.0, 0.0, 0.0, 0.0, 0.0, 0.0, 0.0, 0.0, 0.0, 0.0, 0.0, 0.0, 0.0, 0.0, 0.0, 0.0, 0.0, 0.0, 0.0, 0.0], [0.0, 0.0, 0.0, 0.016102714945979868, 0.0, 0.007198842496605176, 0.004115634338112804, 0.0, 0.0, 0.01647019614671031, 0.0038894835685862176, 0.0, 0.0, 0.0, 0.0, 0.0, 1.0, 0.016791047212401242, 0.0, 0.0024294876952174046, 0.0, 0.0, 0.0, 0.0, 0.0230206414362873, 0.0, 0.0, 0.0, 0.0, 0.012743938512785989, 0.0, 0.0, 0.0, 0.019136638615493577, 0.0, 0.0, 0.0, 0.020731358500118046, 0.012757759076995721, 0.012907535074288802, 0.0, 0.0, 0.0, 0.0, 0.017503501050350125, 0.0, 0.004616196501078663, 0.016206807879853062, 0.0, 0.0, 0.012757759076995718, 0.0, 0.0, 0.005830650704307129, 0.0, 0.005404704969030278, 0.0, 0.0, 0.0, 0.01913663861549358, 0.0, 0.017088494771371743, 0.0, 0.0, 0.01913663861549358, 0.0, 0.0, 0.0, 0.0, 0.01422396900780561, 0.0, 0.0, 0.0, 0.0, 0.0, 0.021703681428769543, 0.0, 0.0, 0.0, 0.009845719340821943, 0.01913663861549358, 0.01275775907699572, 0.025994798035271362, 0.0], [0.0, 5.0795944272844155e-12, 0.4447524132796465, 0.11401376861841675, 0.0, 0.36033789646574, 0.11667043927015762, 5.624478963837716e-07, 1.075947256546181e-11, 0.16508353259735742, 0.011408006412769131, 0.12588335684319474, 0.000658242251200673, 0.3856149436398494, 0.001436709168196535, 0.0, 0.016791047212401242, 1.0, 6.654357651451995e-05, 0.6684975596095009, 0.0005597293789912002, 0.000849558653022897, 0.00035700834457879163, 0.0, 0.028673904507791455, 5.794961159030645e-14, 3.907976374607428e-05, 7.818846175231622e-10, 0.031013552719114695, 0.5956344485071611, 0.0014801113989676739, 0.13040804426412353, 0.4236761389257845, 0.0019558183751358597, 0.0, 0.0, 8.063168275790872e-06, 0.032840486547166245, 0.12146122839446188, 0.7289194943702841, 0.5792638586613003, 0.0295511386142857, 0.0003899715442151002, 1.6253918062816407e-10, 0.4979720722814076, 0.00032534207749719107, 0.10111862897726803, 0.31387413586719476, 2.677454328416466e-09, 0.0, 0.1899812075154132, 0.15801807002834603, 9.57340214152146e-19, 0.27061613188794154, 1.0298701665939096e-10, 0.7059729955735228, 0.0, 2.7806752319564075e-07, 0.0, 0.050751873357685884, 5.174253265516421e-13, 0.3874135064396177, 0.0, 0.0005801834219893305, 0.0189714075776922, 3.151497693201206e-09, 0.0005283812990536555, 1.2055355828294229e-18, 0.0022422776266995724, 0.16045960549386373, 0.4406308482836942, 0.0, 1.1618303243680186e-18, 0.0004326476109412186, 0.0, 0.6599467119020939, 3.336266091552135e-08, 0.04789210533900137, 1.3179111160796478e-18, 0.052447443186920406, 0.4226692336315525, 0.07807951256004803, 0.6495474635236507, 0.0], [0.0, 8.7852970599398e-12, 0.0, 6.216629333739422e-05, 0.0, 0.0, 2.1301372695803308e-05, 1.832850777510882e-07, 8.419686823248824e-12, 1.74830127066781e-05, 2.4856334018962076e-07, 3.4508166560978154e-05, 6.410300179616663e-05, 0.0, 2.7591795774097727e-05, 0.0, 0.0, 6.654357651451995e-05, 1.0, 1.8151436646881832e-05, 2.773872454586582e-11, 1.8318025193779002e-05, 1.596739026103468e-05, 0.0, 1.212946058307659e-05, 0.0, 2.662562333235813e-05, 5.218163576675342e-10, 0.0, 5.4401079948106135e-05, 4.470348358154297e-08, 1.5340283808830775e-05, 1.1954797927857067e-06, 2.7105054312137608e-20, 0.0, 0.0, 7.183165597266812e-07, 0.0, 0.0, 6.223238033970547e-05, 7.065753071725621e-11, 6.620512474964812e-05, 2.8473337343195387e-05, 7.018690268667478e-12, 6.560778734449486e-05, 1.6713962291935224e-06, 1.7820631069701865e-05, 4.236162120513845e-14, 0.0, 0.0, 0.0, 5.678886138700251e-14, 2.870589863156053e-19, 8.485431238830355e-05, 1.1641532182693481e-10, 2.621652285935932e-05, 0.0, 7.176597854755484e-07, 0.0, 6.652326991874748e-05, 4.336808689942019e-19, 4.1114542952850506e-05, 0.0, 6.596538550176141e-19, 1.597080412448204e-05, 1.812389682451605e-09, 0.0, 4.336808689942018e-19, 0.0, 3.4967932134818204e-05, 1.2226605262344438e-15, 0.0, 3.7194917527439613e-19, 0.0, 0.0, 4.0219637861900305e-05, 3.814694880946034e-08, 1.6895357082686345e-08, 7.0686343236312085e-19, 0.0, 7.065753073080873e-11, 7.540361429933855e-05, 7.6158621684916e-05, 0.0], [0.0, 5.364399713985853e-12, 0.4496610447310877, 0.4684016628469357, 0.0, 0.26488890413063687, 0.1323964669899407, 4.295750715450513e-07, 1.1912978687412558e-11, 0.2989143450893203, 0.008906219319500372, 0.46692730604835303, 0.0009528659018231055, 0.4337638086178545, 0.0006476535838378504, 0.0, 0.0024294876952174046, 0.6684975596095009, 1.8151436646881832e-05, 1.0, 0.0008015473293093522, 0.00021968194016425144, 0.0002596844148340205, 0.0, 0.026521338868338344, 3.7038595167952216e-14, 5.320398475982151e-05, 3.775134257925856e-10, 0.0939128892394415, 0.5763271813919196, 0.0007136355181146626, 0.20078822237325628, 0.23456479491567114, 0.012754138626386104, 0.0, 0.0, 2.2346683538013565e-06, 0.0323272897514918, 0.09432725780383952, 0.8541028897317697, 0.5229753418442682, 0.0026988660414495524, 0.000380185758765767, 7.524048950781161e-11, 0.5343793127056019, 0.0001544418313779036, 0.12624401028875828, 0.275480529767882, 2.1212700670161595e-09, 0.0, 0.26298834371884233, 0.13769560045172133, 2.2684463776013695e-19, 0.18946861260398662, 1.4385889503468433e-10, 0.4217875281760718, 0.0, 4.1097202946828474e-07, 0.0, 0.12894186512200523, 6.061732619727406e-13, 0.42747688480973506, 0.0, 0.00037568842870053297, 0.011570603291565677, 3.1856003120565705e-09, 0.0016090150495159427, 3.062104609046544e-19, 0.004153212618191024, 0.5407474899778848, 0.17550037979356242, 0.0, 2.1696262306437413e-19, 0.0003917170508436056, 0.0, 0.6088115895353086, 1.2956185133243844e-08, 0.35662701579360506, 9.447200055765058e-19, 0.06014496908598782, 0.1890124788325594, 0.15077236528492388, 0.3396484447889676, 0.0], [0.0, 2.931475496151259e-15, 0.0, 0.0002549496150132403, 0.0, 0.0004934483912499135, 0.0, 0.0, 0.0, 9.105630199378862e-05, 7.30008932138198e-12, 6.667475942190423e-05, 0.00037872254621306936, 0.0, 2.4113494418983655e-11, 0.0, 0.0, 0.0005597293789912002, 2.773872454586582e-11, 0.0008015473293093522, 1.0, 3.658241641032902e-14, 0.0, 0.0, 0.0, 1.5512401616754255e-16, 7.275957614183426e-12, 7.284179433661214e-12, 0.0, 0.00011532169883427817, 5.036236553998011e-05, 1.3877787807814457e-17, 0.0, 0.0, 0.0, 0.0, 0.0, 0.0, 0.0, 0.0006159723133318349, 2.1827872842550278e-11, 0.0009568849452807784, 3.0517578124999997e-05, 4.163336342344337e-17, 0.0008565379268016054, 9.572271042980422e-15, 0.0009508249080925229, 0.00030217419326834626, 0.0, 0.0, 0.0, 1.7588852976907557e-14, 0.0, 0.0010457459988609586, 0.0, 0.0003909290882851267, 0.0, 2.8242461667406764e-17, 0.0, 3.552713678800502e-15, 4.336808689942018e-19, 0.0006063703907274703, 0.0, 6.903904214803092e-05, 0.0003021741932398809, 0.0, 0.0, 1.734723475976807e-18, 0.0, 0.00010237357704333396, 0.0, 0.0, 0.0, 0.0, 0.0, 0.0004879258160757907, 0.0, 1.4617042802560647e-11, 1.1444455571593383e-18, 0.0009568849452596227, 2.1827872842550278e-11, 0.0003021741996449131, 0.0004000108255989446, 0.0], [0.0, 2.1642483126779343e-13, 0.0, 0.0008703669229629903, 0.0, 0.001838052901532067, 6.038877089050359e-05, 0.0, 4.92868192724742e-13, 0.0005668507577971388, 5.639421859861278e-13, 0.0008359946580059962, 3.729317912013343e-06, 0.0, 0.0006855531604878398, 0.0, 0.0, 0.000849558653022897, 1.8318025193779002e-05, 0.00021968194016425144, 3.658241641032902e-14, 1.0, 5.963515446675795e-06, 0.0, 5.374992254484632e-13, 8.613428975027007e-14, 1.83180255666764e-05, 2.769903952766732e-13, 0.0, 0.0015959871297801173, 0.0019380582411717654, 0.0, 0.0, 0.0, 0.0, 0.0, 0.0, 0.0, 0.0019380582411717654, 0.0016514224182490296, 0.0, 2.3297076871656292e-05, 1.1427053112128088e-05, 4.547473508864641e-13, 0.0005654596127107509, 3.9963793361931535e-14, 0.0009047705708217296, 0.00036922312726033287, 0.0, 0.0, 0.0018130222257259833, 0.0019380582411980085, 1.8973538018496325e-19, 0.0006463708958455426, 0.0, 0.0019429286435016992, 0.0, 0.0, 0.0, 1.831802515176604e-05, 7.849719098508004e-13, 6.887035827515356e-05, 0.0, 1.665127042327848e-20, 0.0006228498669273643, 0.0, 0.000562662070018719, 0.0, 0.0, 0.0005809800956042689, 6.927911534759002e-15, 0.0, 0.0, 5.212605339467674e-16, 0.0, 0.000911552450186549, 0.0, 9.415765472501466e-13, 0.0, 0.0005626620700176092, 1.6651270423278476e-20, 0.0017746471159361243, 0.0001677372571131168, 0.0], [0.0, 0.0, 0.0, 0.0005089173241751073, 0.0, 0.0, 0.00047530254140520044, 0.0, 0.0, 0.00014313950311171773, 0.0, 0.00012446044551400718, 0.00012404205270887604, 0.0, 1.3111120474686383e-05, 0.0, 0.0, 0.00035700834457879163, 1.596739026103468e-05, 0.0002596844148340205, 0.0, 5.963515446675795e-06, 1.0, 0.0, 0.00012207031249999999, 0.0, 1.5961364056139942e-05, 1.0251616418850884e-19, 0.0, 0.00032601056103276333, 0.0, 0.0, 0.0, 2.710505431213761e-20, 0.0, 0.0, 0.0, 0.0, 0.0, 0.0005271194961383792, 0.0, 0.0004945007757837012, 0.0005467656613291778, 0.0, 0.0001430981598915674, 0.0002683348016355024, 0.00012207031250000014, 0.0, 0.0, 0.0, 0.0, 0.0, 2.7105054312137608e-20, 0.0001893083156920831, 0.0, 0.0003333119871704281, 0.0, 0.0, 0.0, 1.596136405613997e-05, 0.0, 0.0002578680068640216, 0.0, 2.168404344971009e-19, 0.00020983474443049468, 0.0, 0.0, 0.0, 0.0, 0.00022854012022423666, 1.25660204376788e-19, 0.0, 1.723647940702562e-19, 0.00012207031249999999, 0.0, 9.486188374561697e-05, 2.7868510294294473e-08, 1.8626451492309566e-09, 0.0, 0.0, 0.0, 0.0004371118245103817, 0.00011645862158513504, 0.0], [0.0, 0.0, 0.0, 0.0, 0.0, 0.0, 0.0, 0.0, 0.0, 0.0, 0.0, 0.0, 0.0, 0.0, 0.0, 0.0, 0.0, 0.0, 0.0, 0.0, 0.0, 0.0, 0.0, 1.0, 0.0, 0.0, 0.0, 0.0, 0.0, 0.0, 0.0, 0.0, 0.0, 0.0, 0.0, 0.0, 0.0, 0.0, 0.0, 0.0, 0.0, 0.0, 0.0, 0.0, 0.0, 0.0, 0.0, 0.0, 0.0, 0.0, 0.0, 0.0, 0.0, 0.0, 0.0, 0.0, 0.0, 0.0, 0.0, 0.0, 0.0, 0.0, 0.0, 0.0, 0.0, 0.0, 0.0, 0.0, 0.0, 0.0, 0.0, 0.0, 0.0, 0.0, 0.0, 0.0, 0.0, 0.0, 0.0, 0.0, 0.0, 0.0, 0.0, 0.0], [0.0, 4.15509909914481e-14, 0.0, 0.037872345393598, 0.0, 0.027434488974980985, 0.01668295944945236, 4.429316123810138e-07, 4.989983363476677e-13, 0.01890149351550823, 0.007904881090591374, 0.00013961663675202119, 0.0002482884920073436, 0.0, 3.248176003357998e-05, 0.0, 0.0230206414362873, 0.028673904507791455, 1.212946058307659e-05, 0.026521338868338344, 0.0, 5.374992254484632e-13, 0.00012207031249999999, 0.0, 1.0, 2.1370962339711508e-13, 1.2512892936409209e-05, 1.7975643504128514e-13, 0.0, 0.011626856289713675, 0.0, 0.005867360741473017, 2.8509365222585147e-06, 0.015625, 0.0, 0.0, 8.106231689453123e-06, 0.02082682031041458, 0.007812499999999999, 0.02203409925697527, 0.0, 0.00020071343171600896, 0.00012207031249999999, 4.194275717126299e-13, 0.01604794904068415, 0.00027034909216852186, 0.01955809120937861, 0.019915231023880917, 0.0, 0.0, 0.014648437500119835, 0.0, 0.0, 0.01715487369946094, 0.0, 0.0344457653625852, 0.0, 1.9073486328125e-06, 0.0, 0.007822567563423657, 2.51982451981618e-13, 0.024501577107035308, 0.0, 0.0, 0.011915244306224463, 0.0, 0.0, 0.0, 0.011711683912751238, 0.021470303571041603, 0.0, 0.0, 0.0, 0.0007192626546832354, 0.0, 0.024054732449729797, 0.0, 2.697890307869057e-13, 0.0, 0.0026796653928516994, 0.031249999999999997, 0.013857605974611857, 0.01808653832998074, 0.0], [0.0, 3.4809342861069267e-14, 0.0, 9.837443781732906e-14, 0.0, 0.0, 0.0, 0.0, 2.2626072859695024e-13, 1.1133369016478832e-13, 7.280358933933321e-14, 1.7630841184393652e-13, 0.0, 0.0, 2.433247371676059e-15, 0.0, 0.0, 5.794961159030645e-14, 0.0, 3.7038595167952216e-14, 1.5512401616754255e-16, 8.613428975027007e-14, 0.0, 0.0, 2.1370962339711508e-13, 1.0, 0.0, 2.3438245010623253e-15, 0.0, 2.186119204110299e-13, 0.0, 5.551115123125783e-17, 0.0, 0.0, 0.0, 0.0, 0.0, 0.0, 0.0, 7.389783423488372e-14, 0.0, 8.876408576589174e-16, 0.0, 1.1227908662812932e-16, 1.0690488481638719e-13, 0.0, 1.740563575839811e-15, 9.677627952347775e-16, 0.0, 0.0, 0.0, 0.0, 0.0, 7.305287322025866e-14, 0.0, 8.594373007458017e-14, 0.0, 4.498591106921893e-17, 0.0, 0.0, 1.0421293457814802e-13, 1.5079809242512758e-13, 0.0, 0.0, 0.0, 0.0, 2.6312420829297767e-15, 0.0, 0.0, 1.4528949489876027e-13, 0.0, 0.0, 0.0, 2.0649842640723196e-15, 0.0, 1.9607184555247732e-13, 0.0, 1.2821256959586007e-15, 0.0, 0.0, 0.0, 3.2210699500277613e-15, 1.7584243505641954e-13, 0.0], [0.0, 1.9390902039111875e-12, 0.0, 6.377172271924245e-05, 0.0, 0.0, 2.5240432940123363e-05, 1.1324882507324217e-06, 3.0927433660435132e-12, 5.3639557177920236e-05, 5.519948819949596e-07, 5.249819046027765e-05, 5.351253022840209e-05, 0.0, 2.771755086480261e-05, 0.0, 0.0, 3.907976374607428e-05, 2.662562333235813e-05, 5.320398475982151e-05, 7.275957614183426e-12, 1.83180255666764e-05, 1.5961364056139942e-05, 0.0, 1.2512892936409209e-05, 0.0, 1.0, 3.493847839571309e-11, 0.0, 4.167896462146886e-05, 0.0, 2.4875013361212508e-05, 2.3841857910156245e-07, 0.0, 0.0, 0.0, 2.3841857910156246e-06, 0.0, 0.0, 6.863875141754162e-05, 7.275957614183424e-12, 4.762901990825453e-05, 3.782420887481842e-05, 1.1368683772161605e-13, 3.0644814770361165e-05, 4.768397338819886e-07, 2.184809965621609e-05, 0.0, 0.0, 0.0, 5.6843418860808e-13, 0.0, 0.0, 5.710743300675255e-05, 0.0, 2.803680461975089e-05, 0.0, 4.768371582031249e-07, 0.0, 2.464813962008746e-05, 9.029144837728415e-13, 8.676784265286157e-05, 0.0, 0.0, 1.5735626220703125e-05, 0.0, 0.0, 0.0, 0.0, 0.00010658153606297137, 0.0, 0.0, 0.0, 0.0, 0.0, 9.485509043831051e-05, 0.0, 8.047703718893742e-12, 0.0, 0.0, 7.275957614183425e-12, 3.642050546862165e-05, 3.898426871938838e-05, 0.0], [0.0, 1.3358636633000918e-11, 0.0, 3.130981359624463e-10, 0.0, 0.0, 0.0, 0.0, 1.1637610579048643e-11, 7.215690229139303e-10, 9.184003635154803e-12, 1.0625242436276004e-09, 2.0356598828252518e-18, 0.0, 1.3598656941573264e-10, 0.0, 0.0, 7.818846175231622e-10, 5.218163576675342e-10, 3.775134257925856e-10, 7.284179433661214e-12, 2.769903952766732e-13, 1.0251616418850884e-19, 0.0, 1.7975643504128514e-13, 2.3438245010623253e-15, 3.493847839571309e-11, 1.0, 0.0, 7.775884941288808e-10, 0.0, 0.0, 0.0, 1.3363711862130298e-18, 0.0, 0.0, 0.0, 0.0, 0.0, 6.158831205910753e-10, 7.275957614183424e-12, 6.164009208169489e-13, 0.0, 7.731927979306389e-11, 1.5716538981274782e-09, 6.139876423709312e-11, 1.5327206626677844e-14, 3.857010839755756e-14, 0.0, 0.0, 6.740896716693209e-13, 5.5997638515633166e-14, 6.253013487244545e-19, 7.999965186766361e-10, 1.1641532182693481e-10, 4.837215278373591e-10, 0.0, 4.856334485917137e-19, 0.0, 1.777331465934086e-15, 5.906440182533467e-13, 6.838223838228952e-10, 0.0, 1.825926874327196e-18, 0.0, 0.0, 3.516373979641941e-15, 5.308754062661367e-19, 0.0, 7.109913177273353e-10, 6.92800374271982e-15, 0.0, 5.357833027960942e-19, 3.5186841811147802e-15, 0.0, 2.828335697642231e-10, 0.0, 2.4758356590286526e-10, 8.896995131801056e-19, 0.0, 7.275957646510155e-12, 3.60989610478021e-10, 9.458391309341789e-10, 0.0], [0.0, 0.0, 0.0, 0.23573195891014212, 0.0, 0.08068715304598785, 0.0, 0.0, 0.0, 0.004005258350700009, 0.0, 0.0, 0.0, 0.0, 0.0, 0.0, 0.0, 0.031013552719114695, 0.0, 0.0939128892394415, 0.0, 0.0, 0.0, 0.0, 0.0, 0.0, 0.0, 0.0, 1.0, 0.10206207261596577, 0.0, 0.0, 0.0625, 0.0, 0.0, 0.0, 0.0, 0.0, 0.0, 0.08688507540206848, 0.04729249958395737, 0.0, 0.0, 0.0, 0.0, 0.0, 0.0, 0.0709952292808831, 0.0, 0.0, 0.09375000000000001, 0.032009219983223994, 0.0, 0.0, 0.0, 0.040262504194847976, 0.0, 0.0, 0.0, 0.0, 0.0, 0.055290733558086426, 0.0, 0.0, 0.0, 0.0, 0.0, 0.0, 0.0, 0.06250000000000001, 0.06249999999999999, 0.0, 0.0, 0.0, 0.0, 0.07195983739849283, 0.0, 0.0, 0.0, 0.0, 0.0, 0.0625, 0.03477626256010423, 0.0], [0.0, 6.926744018291401e-12, 0.4629625263664596, 0.38433905995778495, 0.0, 0.4326495868065705, 0.1789084018817123, 5.917918742870772e-07, 7.559176615524908e-12, 0.6101841396637304, 0.004322297193446613, 0.20611679229721028, 0.0007299404947261343, 0.43750000000000006, 5.1102490301227535e-05, 0.0, 0.012743938512785989, 0.5956344485071611, 5.4401079948106135e-05, 0.5763271813919196, 0.00011532169883427817, 0.0015959871297801173, 0.00032601056103276333, 0.0, 0.011626856289713675, 2.186119204110299e-13, 4.167896462146886e-05, 7.775884941288808e-10, 0.10206207261596577, 1.0, 0.002469145538575361, 0.06921914138575752, 0.3245938566467619, 0.008616957153623048, 0.0, 0.0, 2.6234370747691883e-06, 0.020860261366413273, 0.2289110380423771, 0.7192787047228877, 0.5546239544138825, 0.016247621365089813, 0.00036003861396770656, 1.4165239782413592e-11, 0.526228372019121, 2.8535282470042708e-05, 0.07962023438161761, 0.5239729586300782, 8.828407215327369e-10, 0.0, 0.28504986045784, 0.11915346601645796, 6.760810885563007e-19, 0.23442949870028965, 1.2983258881251623e-10, 0.5731537716331006, 0.0, 7.152557373346311e-07, 0.0, 0.1023940127738548, 5.372472987743003e-13, 0.4383210635245609, 0.0, 0.0009179706012909522, 0.04380780996977376, 1.9269482862667162e-09, 4.376932618572298e-15, 6.794218194619925e-19, 0.0033386966816085013, 0.4298451145467522, 0.32148754729352647, 0.0, 6.576510431904906e-19, 0.00040429145907116355, 0.0, 0.705548897946769, 4.517763337347987e-08, 0.13821488903358947, 5.081578349935321e-19, 0.04664995911023016, 0.5142835042169743, 0.1834096971238238, 0.5295578848880964, 0.0], [0.0, 0.0, 0.0, 0.001207608232766498, 0.0, 0.0021464953404934893, 1.7881393432617188e-07, 2.980232238769531e-08, 0.0, 0.0004995341094356835, 0.0, 0.001686210803482379, 0.0002813310350088046, 0.0, 0.0005790303332827843, 0.0, 0.0, 0.0014801113989676739, 4.470348358154297e-08, 0.0007136355181146626, 5.036236553998011e-05, 0.0019380582411717654, 0.0, 0.0, 0.0, 0.0, 0.0, 0.0, 0.0, 0.002469145538575361, 1.0, 0.0, 1.1920928955078125e-07, 0.0, 0.0, 0.0, 0.0, 0.0, 0.001953125, 0.001929771551245657, 0.0, 0.0002441851656683621, 0.0, 0.0, 0.0008192259095885473, 0.0, 0.0011592688851374412, 0.000571550428705984, 0.0, 0.0, 0.001708984375, 0.001953125, 0.0, 0.0007954353863665239, 0.0, 0.0021464062394372027, 0.0, 0.0, 0.0, 0.0, 0.0, 0.00031256086173296583, 0.0, 0.0009749349851197275, 0.0007325559854507446, 0.0, 0.0004882812499999999, 0.0, 0.0, 0.0007937756688611627, 0.0, 0.0, 0.0, 0.0, 0.0, 0.0010351268540036394, 2.5756625519604917e-08, 5.960464477539061e-08, 0.0, 0.000732421875, 0.0, 0.0020602949466219907, 0.0008524640651152735, 0.0], [0.0, 0.0, 0.1693597341363708, 0.2176450972626747, 0.0, 0.12611687053089038, 0.004761466348580392, 0.0, 0.0, 0.3005275837348618, 0.003906249999999999, 0.2070177337453117, 1.7649337194015467e-05, 0.1693597341363708, 3.051757812508327e-05, 0.0, 0.0, 0.13040804426412353, 1.5340283808830775e-05, 0.20078822237325628, 1.3877787807814457e-17, 0.0, 0.0, 0.0, 0.005867360741473017, 5.551115123125783e-17, 2.4875013361212508e-05, 0.0, 0.0, 0.06921914138575752, 0.0, 1.0, 0.38081517045579977, 0.0019531249999999998, 0.0, 0.0, 4.76837158203125e-07, 0.01063351021361907, 0.2540396012045562, 0.15072992343950287, 0.1175774909327523, 1.5538897208597672e-05, 1.0124035685684767e-05, 5.551115123125783e-17, 0.14230227698960457, 1.819997481595855e-06, 0.004907454629410646, 0.16391673718901056, 0.0, 0.0, 0.001953125, 0.0, 0.0, 0.13145391830455996, 0.0, 0.3416679874733326, 0.0, 4.7683715820312495e-07, 0.0, 4.291534423828125e-06, 0.0, 0.1298600727058197, 0.0, 0.0, 0.015625476837158203, 0.0, 0.0, 0.0, 0.017683575976989337, 0.21112012405172922, 0.3786060952131229, 0.0, 0.0, 0.0, 0.0, 0.155340380716549, 0.0, 0.20699523061111988, 0.0, 0.0, 0.030729254193150098, 0.005867481231689474, 0.20116709336409744, 0.0], [0.0, 0.0, 0.15006126199969522, 0.13453384224321072, 0.0, 0.15006126199969522, 1.1920928955078128e-07, 3.655066626518349e-07, 0.0, 0.479347092770392, 2.3257166149854934e-07, 0.04287624117894307, 0.0, 0.15006126199969524, 0.0, 0.0, 0.0, 0.4236761389257845, 1.1954797927857067e-06, 0.23456479491567114, 0.0, 0.0, 0.0, 0.0, 2.8509365222585147e-06, 0.0, 2.3841857910156245e-07, 0.0, 0.0625, 0.3245938566467619, 1.1920928955078125e-07, 0.38081517045579977, 1.0, 0.0, 0.0, 0.0, 0.0, 0.0, 0.15006126199969522, 0.3443336820836357, 0.49117317881761524, 3.8592379339870455e-06, 0.0, 0.0, 0.17776454192047328, 9.536743164062499e-07, 2.3841857910156245e-07, 0.2676687829202372, 0.0, 0.0, 0.21874999999999997, 0.08802535495386597, 0.0, 0.1519499073396537, 0.0, 0.5140355155419564, 0.0, 0.0, 0.0, 2.3841857910156245e-07, 0.0, 0.13415825512998658, 0.0, 0.0, 1.788139343261719e-07, 0.0, 0.0, 0.0, 0.0, 0.10537884832768268, 0.546880550137504, 0.0, 0.0, 0.0, 0.0, 0.15854218265558545, 0.0, 0.04287464628562721, 0.0, 0.0, 0.15753150945315111, 0.2500003576278686, 0.44563220716943275, 0.0], [0.0, 0.0, 0.0, 0.013671875, 0.0, 0.010430065671327902, 0.01217911527549397, 0.0, 0.0, 0.03221080739224545, 0.0, 1.292516711547526e-18, 0.0, 0.0, 0.0, 0.0, 0.019136638615493577, 0.0019558183751358597, 2.7105054312137608e-20, 0.012754138626386104, 0.0, 0.0, 2.710505431213761e-20, 0.0, 0.015625, 0.0, 0.0, 1.3363711862130298e-18, 0.0, 0.008616957153623048, 0.0, 0.0019531249999999998, 0.0, 1.0, 0.0, 0.0, 0.0, 0.012695312500000002, 0.007812499999999999, 0.0047421083194310095, 0.0, 2.7105054312137608e-20, 0.0, 0.0, 0.010718661571406803, 2.676271479350837e-20, 0.0166015625, 0.009689757348679764, 0.0, 0.0, 0.014648437499999997, 0.0, 2.710505431213761e-20, 0.007973599423122327, 0.0, 0.026211296566610656, 0.0, 0.0, 0.0, 0.03125, 9.163026136474794e-19, 0.03158424486878508, 0.0, 3.493119288543908e-18, 0.03125, 0.0, 0.0, 0.0, 0.007805433912751241, 0.013443963043123737, 0.0, 0.0, 0.0, 0.0, 0.0, 0.006281486345370076, 0.0, 1.2088285078455902e-18, 0.0, 0.00937882887498095, 0.007812499999999999, 0.009765624999999998, 0.03290460782838646, 0.0], [0.0, 0.0, 0.0, 0.0, 0.0, 0.0, 0.0, 0.0, 0.0, 0.0, 0.0, 0.0, 0.0, 0.0, 0.0, 0.0, 0.0, 0.0, 0.0, 0.0, 0.0, 0.0, 0.0, 0.0, 0.0, 0.0, 0.0, 0.0, 0.0, 0.0, 0.0, 0.0, 0.0, 0.0, 1.0, 0.0, 0.0, 0.0, 0.0, 0.0, 0.0, 0.0, 0.0, 0.0, 0.0, 0.0, 0